PANEL	FILE	ID	CHR	P0	P1	HSQ	BEST.GWAS.ID	BEST.GWAS.Z	EQTL.ID	EQTL.R2	EQTL.Z	EQTL.GWAS.Z	NSNP	NWGT	MODEL	MODELCV.R2	MODELCV.PV	TWAS.Z	TWAS.P
NA	/data/songy4/tes/output/weights_control//ENST00000409884.5.wgt.RDat	ENST00000409884.5	2	76748553	77522273	0.0337	rs11896649	 2.331	rs985812	 2.96e-02	  4.14	-0.1250	28	 1	top1	0.03	4.3e-05	-0.1250	9.01e-01
NA	/data/songy4/tes/output/weights_control//ENST00000631330.2.wgt.RDat	ENST00000631330.2	2	39917563	40251732	0.0423	rs720796	-2.039	rs7570435	 1.45e-02	 -3.53	-0.6885	19	 1	top1	0.015	0.0033	 0.6885	4.91e-01
NA	/data/songy4/tes/output/weights_control//ENST00000409845.1.wgt.RDat	ENST00000409845.1	2	197693106	197774823	0.0601	rs11674328	-1.750	rs9283513	 8.43e-03	  3.43	-1.2072	15	12	enet	0.038	3.9e-06	-1.3509	1.77e-01
NA	/data/songy4/tes/output/weights_control//ENST00000445418.1.wgt.RDat	ENST00000445418.1	2	677186	682802	0.0828	rs13415540	 2.669	rs4854379	 5.39e-02	  5.58	-0.8505	15	10	enet	0.058	1.5e-08	-0.7722	4.40e-01
NA	/data/songy4/tes/output/weights_control//ENST00000409876.5.wgt.RDat	ENST00000409876.5	2	149038718	149215256	0.0252	rs1446842	-1.594	rs2121344	 1.03e-02	  3.40	-0.4909	11	 4	enet	0.013	0.0047	 0.0323	9.74e-01
NA	/data/songy4/tes/output/weights_control//ENST00000445102.1.wgt.RDat	ENST00000445102.1	2	20622188	20624892	0.0552	rs342132	 2.232	rs1344836	 4.13e-02	  5.02	-1.4800	31	 1	top1	0.041	1.6e-06	-1.4800	1.39e-01
NA	/data/songy4/tes/output/weights_control//ENST00000625132.1.wgt.RDat	ENST00000625132.1	2	242001209	242006013	0.0341	rs11683405	 2.301	rs2953161	-4.42e-04	 -3.50	-0.1959	25	 3	lasso	0.0078	0.024	 1.1516	2.49e-01
NA	/data/songy4/tes/output/weights_control//ENST00000398823.6.wgt.RDat	ENST00000398823.6	2	43774064	43795183	0.0475	rs2011896	-1.929	rs4073237	 5.40e-02	 -5.47	 0.4286	23	 1	top1	0.054	4.2e-08	-0.4286	6.68e-01
NA	/data/songy4/tes/output/weights_control//ENST00000435984.1.wgt.RDat	ENST00000435984.1	2	74918148	74932794	0.1854	rs680545	-2.560	rs17010664	 7.19e-02	 -6.30	 0.8284	26	14	enet	0.099	8.9e-14	-0.7310	4.65e-01
NA	/data/songy4/tes/output/weights_control//ENST00000409862.1.wgt.RDat	ENST00000409862.1	2	68315921	68319887	0.0861	rs4362542	-2.838	rs11126151	 7.87e-03	 -3.84	-1.1789	20	 9	enet	0.062	4e-09	 1.1109	2.67e-01
NA	/data/songy4/tes/output/weights_control//ENST00000453565.1.wgt.RDat	ENST00000453565.1	2	42826322	42827617	0.0433	rs17029230	-1.614	rs11896488	 1.29e-02	  3.69	-0.9286	17	 8	enet	0.017	0.0017	-0.4005	6.89e-01
NA	/data/songy4/tes/output/weights_control//ENST00000453231.6.wgt.RDat	ENST00000453231.6	2	86216794	86338083	0.0479	rs6734709	-2.657	rs4832027	 4.06e-02	  4.89	 0.7500	11	 1	top1	0.041	1.9e-06	 0.7500	4.53e-01
NA	/data/songy4/tes/output/weights_control//ENST00000413828.3.wgt.RDat	ENST00000413828.3	2	38108073	38181855	0.0747	rs6544074	-2.365	rs2116232	 8.01e-03	 -4.04	 1.5833	21	 7	enet	0.047	3.5e-07	-1.2062	2.28e-01
NA	/data/songy4/tes/output/weights_control//ENST00000445520.6.wgt.RDat	ENST00000445520.6	2	39437425	39475339	0.0528	rs17508058	-1.887	rs11124667	 4.07e-02	 -4.96	 1.2157	 6	 1	top1	0.041	1.9e-06	-1.2157	2.24e-01
NA	/data/songy4/tes/output/weights_control//ENST00000395826.7.wgt.RDat	ENST00000395826.7	2	25160860	25168580	0.0555	rs511777	 1.972	rs7583475	 1.25e-03	 -3.64	 0.2750	 8	 6	enet	0.038	3.5e-06	-1.4845	1.38e-01
NA	/data/songy4/tes/output/weights_control//ENST00000445505.5.wgt.RDat	ENST00000445505.5	2	206159607	206162077	0.0398	rs849565	 1.674	rs17596517	 9.53e-03	 -3.60	-0.7611	26	 6	enet	0.025	0.00016	 0.5530	5.80e-01
NA	/data/songy4/tes/output/weights_control//ENST00000442026.1.wgt.RDat	ENST00000442026.1	2	33706908	34061047	0.0930	rs17013129	-2.627	rs4670818	 5.07e-02	 -5.38	 1.8400	35	 3	lasso	0.053	5.6e-08	-1.7558	7.91e-02
NA	/data/songy4/tes/output/weights_control//ENST00000624944.1.wgt.RDat	ENST00000624944.1	2	687799	688348	0.1352	rs13415540	 2.669	rs4854379	 7.18e-02	  6.49	-0.8505	15	15	enet	0.087	3.2e-12	-0.5024	6.15e-01
NA	/data/songy4/tes/output/weights_control//ENST00000435880.6.wgt.RDat	ENST00000435880.6	2	69962263	70087015	0.0261	rs7420531	 4.211	rs14234	 4.01e-03	 -2.76	 0.5564	 6	 6	enet	0.017	0.0016	-2.3798	1.73e-02
NA	/data/songy4/tes/output/weights_control//ENST00000409911.5.wgt.RDat	ENST00000409911.5	2	76747719	77522339	0.0318	rs11896649	 2.331	rs985812	 2.58e-02	  3.87	-0.1250	28	 1	top1	0.026	0.00013	-0.1250	9.01e-01
NA	/data/songy4/tes/output/weights_control//ENST00000453951.1.wgt.RDat	ENST00000453951.1	2	74940258	74942670	0.1718	rs680545	-2.560	rs17010664	 6.64e-02	 -6.09	 0.8284	26	16	enet	0.093	5.4e-13	-0.8587	3.91e-01
NA	/data/songy4/tes/output/weights_control//ENST00000456741.1.wgt.RDat	ENST00000456741.1	2	71055527	71056003	0.0398	rs1861074	-1.592	rs2080643	 2.19e-02	  4.17	 1.0916	21	 1	top1	0.022	0.00039	 1.0916	2.75e-01
NA	/data/songy4/tes/output/weights_control//ENST00000443543.1.wgt.RDat	ENST00000443543.1	2	108694750	108694893	0.0594	rs11685873	-1.392	rs12477830	 3.15e-02	  4.20	 0.8966	14	 8	enet	0.04	2.3e-06	 0.2575	7.97e-01
NA	/data/songy4/tes/output/weights_control//ENST00000411980.1.wgt.RDat	ENST00000411980.1	2	98206151	98207724	0.0198	NA	    NA	NA	       NA	    NA	     NA	 3	 0	enet	0.015	0.0025	     NA	      NA
NA	/data/songy4/tes/output/weights_control//ENST00000411991.5.wgt.RDat	ENST00000411991.5	2	102718814	102736878	0.0376	rs4851507	 2.742	rs3755285	 4.91e-03	 -3.05	-0.7477	17	13	enet	0.015	0.0025	 1.2033	2.29e-01
NA	/data/songy4/tes/output/weights_control//ENST00000533041.5.wgt.RDat	ENST00000533041.5	2	85694380	85696797	0.0366	rs6720075	 1.738	rs6720075	 1.90e-03	 -3.39	 1.7382	22	 1	top1	0.0019	0.16	-1.7382	8.22e-02
NA	/data/songy4/tes/output/weights_control//ENST00000626098.2.wgt.RDat	ENST00000626098.2	2	39917841	40251721	0.0385	rs720796	-2.039	rs11686356	 2.23e-02	 -3.70	-0.9800	19	 1	top1	0.022	0.00035	 0.9800	3.27e-01
NA	/data/songy4/tes/output/weights_control//ENST00000614456.1.wgt.RDat	ENST00000614456.1	2	222945930	222946388	0.0455	rs2276630	 2.664	rs825272	 1.97e-03	  3.10	 1.0842	30	 9	enet	0.0076	0.025	 0.9716	3.31e-01
NA	/data/songy4/tes/output/weights_control//ENST00000412570.5.wgt.RDat	ENST00000412570.5	2	130151408	130181593	0.0373	rs4662999	-2.291	rs4622658	 3.17e-02	  4.29	-0.7059	11	 1	top1	0.032	2.4e-05	-0.7059	4.80e-01
NA	/data/songy4/tes/output/weights_control//ENST00000626166.2.wgt.RDat	ENST00000626166.2	2	38083076	38131567	0.0502	rs6544074	-2.365	rs10211237	 2.93e-02	  4.31	-0.1250	23	 1	top1	0.029	4.7e-05	-0.1250	9.01e-01
NA	/data/songy4/tes/output/weights_control//ENST00000444078.5.wgt.RDat	ENST00000444078.5	2	230907318	230925226	0.0318	rs16826860	 1.894	rs2303608	-2.69e-04	  2.64	 0.8080	15	 4	enet	0.0034	0.096	 1.9961	4.59e-02
NA	/data/songy4/tes/output/weights_control//ENST00000534351.5.wgt.RDat	ENST00000534351.5	2	85694426	85697101	0.0357	rs6720075	 1.738	rs6720075	 8.68e-04	 -3.11	 1.7382	22	 1	top1	0.00087	0.23	-1.7382	8.22e-02
NA	/data/songy4/tes/output/weights_control//ENST00000443948.1.wgt.RDat	ENST00000443948.1	2	85686053	85687047	0.0585	rs6720075	 1.738	rs12991467	 8.40e-04	 -3.91	-0.9391	22	11	enet	0.012	0.0065	-0.2799	7.80e-01
NA	/data/songy4/tes/output/weights_control//ENST00000397345.7.wgt.RDat	ENST00000397345.7	2	151485339	151734487	0.0587	rs991000	-2.455	rs2139425	 1.33e-02	  3.70	-0.1442	30	14	enet	0.019	0.001	 0.0564	9.55e-01
NA	/data/songy4/tes/output/weights_control//ENST00000614681.1.wgt.RDat	ENST00000614681.1	2	118096418	118108853	0.0325	rs11901019	-1.157	rs7596167	 9.34e-03	 -2.81	-0.5630	 8	 1	top1	0.0093	0.015	 0.5630	5.73e-01
NA	/data/songy4/tes/output/weights_control//ENST00000625324.2.wgt.RDat	ENST00000625324.2	2	40066090	40251732	0.0409	rs720796	-2.039	rs11686356	 9.00e-03	 -3.03	-0.9800	18	 1	top1	0.009	0.017	 0.9800	3.27e-01
NA	/data/songy4/tes/output/weights_control//ENST00000626865.2.wgt.RDat	ENST00000626865.2	2	38083018	38131567	0.0445	rs6544074	-2.365	rs10211237	-1.25e-03	  3.39	-0.1250	23	 2	enet	-2.6e-06	0.32	-0.6638	5.07e-01
NA	/data/songy4/tes/output/weights_control//ENST00000454468.5.wgt.RDat	ENST00000454468.5	2	130151405	130181579	0.0325	rs4662999	-2.291	rs4622658	 2.94e-02	  4.13	-0.7059	11	 1	top1	0.029	4.5e-05	-0.7059	4.80e-01
NA	/data/songy4/tes/output/weights_control//ENST00000625348.2.wgt.RDat	ENST00000625348.2	2	38105166	38131590	0.0491	rs6544074	-2.365	rs10211237	 7.99e-03	  4.03	-0.1250	20	 4	enet	0.011	0.008	-0.8806	3.79e-01
NA	/data/songy4/tes/output/weights_control//ENST00000454583.6.wgt.RDat	ENST00000454583.6	2	151464700	151508013	0.0360	rs991000	-2.455	rs10497071	-1.65e-03	 -3.08	-0.6147	29	12	enet	-0.0011	0.52	-1.1449	2.52e-01
NA	/data/songy4/tes/output/weights_control//ENST00000538924.6.wgt.RDat	ENST00000538924.6	2	86216308	86337626	0.0626	rs6734709	-2.657	rs4832027	 3.74e-02	  4.90	 0.7500	11	 1	top1	0.037	4.8e-06	 0.7500	4.53e-01
NA	/data/songy4/tes/output/weights_control//ENST00000625234.2.wgt.RDat	ENST00000625234.2	2	40065358	40251729	0.0495	rs720796	-2.039	rs7570435	 2.19e-02	 -3.71	-0.6885	18	10	enet	0.022	0.00033	 0.8772	3.80e-01
NA	/data/songy4/tes/output/weights_control//ENST00000435573.1.wgt.RDat	ENST00000435573.1	2	680081	697371	0.0904	rs13415540	 2.669	rs4854379	 5.52e-02	  5.63	-0.8505	15	 8	enet	0.061	6.4e-09	-0.5672	5.71e-01
NA	/data/songy4/tes/output/weights_control//ENST00000433589.5.wgt.RDat	ENST00000433589.5	2	241137007	241139595	0.0454	rs10196581	 2.129	rs10204130	-1.84e-03	  3.30	-0.6899	34	11	enet	0.0031	0.11	 1.3326	1.83e-01
NA	/data/songy4/tes/output/weights_control//ENST00000444932.1.wgt.RDat	ENST00000444932.1	2	48582296	48595854	0.0787	rs4256003	 1.682	rs7587289	 4.74e-02	 -5.24	 0.6824	15	 1	top1	0.047	2.7e-07	-0.6824	4.95e-01
NA	/data/songy4/tes/output/weights_control//ENST00000413693.5.wgt.RDat	ENST00000413693.5	2	151485341	151583619	0.0546	rs991000	-2.455	rs2139425	 3.58e-03	  3.43	-0.1442	30	 1	top1	0.0036	0.09	-0.1442	8.85e-01
NA	/data/songy4/tes/output/weights_control//ENST00000455212.1.wgt.RDat	ENST00000455212.1	2	64960053	64960634	0.0453	rs11678307	-3.546	rs6728107	 3.34e-02	 -4.92	-1.5203	27	 1	top1	0.033	1.5e-05	 1.5203	1.28e-01
NA	/data/songy4/tes/output/weights_control//ENST00000411884.2.wgt.RDat	ENST00000411884.2	2	55175861	55209652	0.1157	rs11682238	 1.741	rs2589096	 3.52e-02	  5.62	 1.0762	 7	 3	enet	0.096	2.3e-13	 1.1411	2.54e-01
NA	/data/songy4/tes/output/weights_control//ENST00000432179.1.wgt.RDat	ENST00000432179.1	2	111119378	111124112	0.0301	rs1588327	 2.133	rs906816	 4.27e-03	 -3.08	-1.1315	10	 2	lasso	0.0076	0.025	 1.7991	7.20e-02
NA	/data/songy4/tes/output/weights_control//ENST00000434990.1.wgt.RDat	ENST00000434990.1	2	71002531	71064743	0.0505	rs1861074	-1.592	rs2080643	 1.08e-04	  3.65	 1.0916	22	10	enet	0.015	0.003	 0.1434	8.86e-01
NA	/data/songy4/tes/output/weights_control//ENST00000414795.1.wgt.RDat	ENST00000414795.1	2	6828880	6840464	0.0933	rs10495541	 2.015	rs4143153	 5.73e-02	  5.82	-0.3721	36	 1	top1	0.057	1.6e-08	-0.3721	7.10e-01
NA	/data/songy4/tes/output/weights_control//ENST00000435123.1.wgt.RDat	ENST00000435123.1	2	206159934	206161454	0.0387	rs849565	 1.674	rs17596517	 9.56e-03	 -3.62	-0.7611	26	 6	enet	0.025	0.00015	 0.6064	5.44e-01
NA	/data/songy4/tes/output/weights_control//ENST00000544142.5.wgt.RDat	ENST00000544142.5	2	241106100	241149979	0.0498	rs10196581	 2.129	rs10165759	-1.77e-03	 -3.00	-1.8922	36	17	enet	-6e-04	0.41	 1.1644	2.44e-01
NA	/data/songy4/tes/output/weights_control//ENST00000405379.6.wgt.RDat	ENST00000405379.6	2	9961165	10001205	0.0816	rs908295	-2.456	rs6708858	 7.65e-02	 -6.63	-0.3333	31	 1	top1	0.076	6.5e-11	 0.3333	7.39e-01
NA	/data/songy4/tes/output/weights_control//ENST00000630006.2.wgt.RDat	ENST00000630006.2	2	39917845	40251731	0.0462	rs720796	-2.039	rs985059	-1.88e-03	  2.70	-0.3627	19	10	enet	0.0029	0.11	 0.9585	3.38e-01
NA	/data/songy4/tes/output/weights_control//ENST00000450962.5.wgt.RDat	ENST00000450962.5	2	950868	1165635	0.0632	rs13415540	 2.669	rs13415540	 5.28e-03	  3.74	 2.6693	18	12	enet	0.025	0.00017	 2.2828	2.24e-02
NA	/data/songy4/tes/output/weights_control//ENST00000437780.5.wgt.RDat	ENST00000437780.5	2	241135876	241149483	0.0397	rs10196581	 2.129	rs10165759	 1.09e-04	 -2.62	-1.8922	34	 4	lasso	0.001	0.22	 1.1522	2.49e-01
NA	/data/songy4/tes/output/weights_control//ENST00000391616.3.wgt.RDat	ENST00000391616.3	2	113611684	113627090	0.0407	rs6542097	 1.787	rs11690399	 2.82e-02	 -4.10	 0.8936	17	 1	top1	0.028	6.4e-05	-0.8936	3.72e-01
NA	/data/songy4/tes/output/weights_control//ENST00000405581.3.wgt.RDat	ENST00000405581.3	2	50916822	51032120	0.0385	rs9309189	 1.667	rs13419090	-1.04e-03	  2.52	-0.2313	13	 7	enet	0.0093	0.015	 0.2495	8.03e-01
NA	/data/songy4/tes/output/weights_control//ENST00000405623.5.wgt.RDat	ENST00000405623.5	2	25160915	25168903	0.0584	rs511777	 1.972	rs7565877	 2.51e-03	  3.61	-1.2716	 8	 6	enet	0.042	1.4e-06	-1.5234	1.28e-01
NA	/data/songy4/tes/output/weights_control//ENST00000404858.5.wgt.RDat	ENST00000404858.5	2	28496119	28643152	0.0663	rs3768666	 3.958	rs11689469	-1.75e-03	  2.74	 0.1188	23	15	enet	0.0085	0.019	 1.8312	6.71e-02
NA	/data/songy4/tes/output/weights_control//ENST00000541910.6.wgt.RDat	ENST00000541910.6	2	86216581	86337589	0.0864	rs6734709	-2.657	rs4832027	 6.62e-02	  6.25	 0.7500	11	 1	top1	0.066	1.3e-09	 0.7500	4.53e-01
NA	/data/songy4/tes/output/weights_control//ENST00000437999.5.wgt.RDat	ENST00000437999.5	2	117920305	117948179	0.0309	rs11901019	-1.157	rs4848429	-1.62e-03	  2.27	-0.0189	 8	 8	enet	0.0027	0.12	 0.1130	9.10e-01
NA	/data/songy4/tes/output/weights_control//ENST00000524600.5.wgt.RDat	ENST00000524600.5	2	85694358	85698744	0.0369	rs6720075	 1.738	rs6720075	 1.88e-03	 -3.09	 1.7382	22	 1	top1	0.0019	0.16	-1.7382	8.22e-02
NA	/data/songy4/tes/output/weights_control//ENST00000405223.6.wgt.RDat	ENST00000405223.6	2	43637300	43741365	0.0556	rs2011896	-1.929	rs2011896	 1.27e-02	 -3.89	-1.9286	29	10	enet	0.026	0.00011	 1.2302	2.19e-01
NA	/data/songy4/tes/output/weights_control//ENST00000401851.2.wgt.RDat	ENST00000401851.2	2	74134472	74135395	0.0314	rs6546891	-1.475	rs6546891	 1.81e-02	  3.62	-1.4754	 9	 1	enet	0.019	0.00084	-1.4754	1.40e-01
NA	/data/songy4/tes/output/weights_control//ENST00000405260.5.wgt.RDat	ENST00000405260.5	2	241106295	241150264	0.0530	rs10196581	 2.129	rs10165759	-1.69e-03	 -3.07	-1.8922	36	16	enet	0.00032	0.28	 1.1311	2.58e-01
NA	/data/songy4/tes/output/weights_control//ENST00000405000.6.wgt.RDat	ENST00000405000.6	2	43637308	43765792	0.0569	rs2011896	-1.929	rs2011896	 2.65e-02	 -3.89	-1.9286	29	11	enet	0.032	2.1e-05	 1.2736	2.03e-01
NA	/data/songy4/tes/output/weights_control//ENST00000405074.7.wgt.RDat	ENST00000405074.7	2	26970658	27027196	0.0671	NA	    NA	NA	       NA	    NA	     NA	11	 0	enet	0.044	8.3e-07	     NA	      NA
NA	/data/songy4/tes/output/weights_control//ENST00000437876.1.wgt.RDat	ENST00000437876.1	2	11102142	11102997	0.0513	rs13425611	-2.467	rs6752604	 2.19e-02	  4.16	 0.5390	39	 1	top1	0.022	0.00038	 0.5390	5.90e-01
NA	/data/songy4/tes/output/weights_control//ENST00000406593.1.wgt.RDat	ENST00000406593.1	2	241095869	241102299	0.0354	rs10196581	 2.129	rs10165759	-1.13e-03	 -3.00	-1.8922	36	 2	lasso	-0.00026	0.35	 1.2635	2.06e-01
NA	/data/songy4/tes/output/weights_control//ENST00000628580.2.wgt.RDat	ENST00000628580.2	2	38075700	38095392	0.0406	rs6544074	-2.365	rs10211237	 2.31e-02	  3.95	-0.1250	23	 1	top1	0.023	0.00028	-0.1250	9.01e-01
NA	/data/songy4/tes/output/weights_control//ENST00000521705.1.wgt.RDat	ENST00000521705.1	2	89045995	89046466	0.0213	NA	    NA	NA	       NA	    NA	     NA	 3	 0	enet	0.011	0.0086	     NA	      NA
NA	/data/songy4/tes/output/weights_control//ENST00000628471.2.wgt.RDat	ENST00000628471.2	2	39792359	40251732	0.0315	rs720796	-2.039	rs387103	 9.53e-04	  3.31	 1.0667	20	 7	enet	0.0083	0.02	 1.2179	2.23e-01
NA	/data/songy4/tes/output/weights_control//ENST00000526018.1.wgt.RDat	ENST00000526018.1	2	85695368	85698747	0.0447	rs6720075	 1.738	rs6720075	 4.18e-03	 -3.26	 1.7382	22	13	enet	0.011	0.0097	-0.3942	6.93e-01
NA	/data/songy4/tes/output/weights_control//ENST00000406852.7.wgt.RDat	ENST00000406852.7	2	43774049	43795179	0.0368	rs2011896	-1.929	rs4073237	 2.92e-02	 -4.38	 0.4286	23	 1	top1	0.029	4.8e-05	-0.4286	6.68e-01
NA	/data/songy4/tes/output/weights_control//ENST00000406226.1.wgt.RDat	ENST00000406226.1	2	48530186	48598513	0.1598	rs4256003	 1.682	rs7587289	 5.86e-02	 -5.84	 0.6824	16	16	enet	0.096	2.5e-13	-1.0372	3.00e-01
NA	/data/songy4/tes/output/weights_control//ENST00000437627.5.wgt.RDat	ENST00000437627.5	2	149118181	149200708	0.0394	rs1446842	-1.594	rs4972300	-1.82e-03	 -2.56	-1.1979	11	 9	enet	0.0069	0.031	 1.1306	2.58e-01
NA	/data/songy4/tes/output/weights_control//ENST00000439966.5.wgt.RDat	ENST00000439966.5	2	111898664	112029000	0.0354	NA	    NA	NA	       NA	    NA	     NA	21	 0	top1	0.031	2.9e-05	     NA	      NA
NA	/data/songy4/tes/output/weights_control//ENST00000622578.1.wgt.RDat	ENST00000622578.1	2	70900155	70900351	0.0453	rs1861074	-1.592	rs13394815	-1.61e-03	 -2.80	-0.3810	22	12	enet	0.0033	0.097	-0.2894	7.72e-01
NA	/data/songy4/tes/output/weights_control//ENST00000612189.1.wgt.RDat	ENST00000612189.1	2	217900513	217900628	0.0564	rs6734010	-1.816	rs12466929	-5.79e-04	  2.78	-0.7584	23	15	enet	0.015	0.0028	 1.0227	3.06e-01
NA	/data/songy4/tes/output/weights_control//ENST00000406076.5.wgt.RDat	ENST00000406076.5	2	55175669	55232563	0.1376	rs11682238	 1.741	rs2589096	 4.54e-02	  6.07	 1.0762	 7	 4	enet	0.12	3.6e-16	 1.0710	2.84e-01
NA	/data/songy4/tes/output/weights_control//ENST00000448204.2.wgt.RDat	ENST00000448204.2	2	64330484	64332801	0.0433	rs6730262	 3.198	rs1370388	 8.57e-03	 -3.67	-0.3617	13	12	enet	0.019	0.00091	 1.8355	6.64e-02
NA	/data/songy4/tes/output/weights_control//ENST00000401408.6.wgt.RDat	ENST00000401408.6	2	55172547	55232293	0.1689	rs11682238	 1.741	rs11692696	 4.94e-02	  6.25	 0.6531	 7	 5	enet	0.15	8e-20	 1.0624	2.88e-01
NA	/data/songy4/tes/output/weights_control//ENST00000451333.1.wgt.RDat	ENST00000451333.1	2	70810798	70811474	0.1685	rs1861074	-1.592	rs17719042	 1.25e-01	  8.22	 0.5664	21	 3	lasso	0.17	5e-23	 0.6137	5.39e-01
NA	/data/songy4/tes/output/weights_control//ENST00000629419.1.wgt.RDat	ENST00000629419.1	2	241138775	241143032	0.0388	rs10196581	 2.129	rs10204130	-1.80e-03	  2.50	-0.6899	34	 5	lasso	-0.0018	0.8	 0.4083	6.83e-01
NA	/data/songy4/tes/output/weights_control//ENST00000449349.5.wgt.RDat	ENST00000449349.5	2	88170353	88186626	0.0783	NA	    NA	NA	       NA	    NA	     NA	 4	 0	lasso	0.063	3.3e-09	     NA	      NA
NA	/data/songy4/tes/output/weights_control//ENST00000403506.1.wgt.RDat	ENST00000403506.1	2	55222272	55224398	0.0874	rs11682238	 1.741	rs2589096	 1.83e-02	  4.65	 1.0762	 6	 3	enet	0.062	4.2e-09	 1.1779	2.39e-01
NA	/data/songy4/tes/output/weights_control//ENST00000449344.2.wgt.RDat	ENST00000449344.2	2	112019413	112028663	0.0491	NA	    NA	NA	       NA	    NA	     NA	20	 0	top1	0.04	2.1e-06	     NA	      NA
NA	/data/songy4/tes/output/weights_control//ENST00000438611.4.wgt.RDat	ENST00000438611.4	2	85342971	85349481	0.0476	rs6720075	 1.738	rs7574856	-1.49e-04	  3.28	-1.0300	18	 8	enet	0.025	0.00015	 0.1801	8.57e-01
NA	/data/songy4/tes/output/weights_control//ENST00000622008.4.wgt.RDat	ENST00000622008.4	2	230907319	230925226	0.0319	rs16826860	 1.894	rs2303608	-2.96e-04	  2.62	 0.8080	15	 4	enet	0.0036	0.09	 2.0100	4.44e-02
NA	/data/songy4/tes/output/weights_control//ENST00000438943.5.wgt.RDat	ENST00000438943.5	2	102717038	102736878	0.0372	rs4851507	 2.742	rs3755285	 1.47e-02	 -3.15	-0.7477	17	 1	top1	0.015	0.0031	 0.7477	4.55e-01
NA	/data/songy4/tes/output/weights_control//ENST00000629184.2.wgt.RDat	ENST00000629184.2	2	69963302	70085575	0.0275	rs7420531	 4.211	rs14234	 1.93e-03	 -2.46	 0.5564	 6	 4	enet	0.011	0.0096	-2.8341	4.60e-03
NA	/data/songy4/tes/output/weights_control//ENST00000449569.6.wgt.RDat	ENST00000449569.6	2	39437433	39601315	0.0255	rs17508058	-1.887	rs11124667	 1.24e-02	 -3.58	 1.2157	 6	 3	enet	0.016	0.0021	-1.4822	1.38e-01
NA	/data/songy4/tes/output/weights_control//ENST00000438824.1.wgt.RDat	ENST00000438824.1	2	207260445	207270690	0.0269	rs11694535	 2.574	rs2042135	 1.70e-02	  3.33	 0.3711	16	 1	top1	0.017	0.0016	 0.3711	7.11e-01
NA	/data/songy4/tes/output/weights_control//ENST00000402739.8.wgt.RDat	ENST00000402739.8	2	79651552	80648689	0.0515	rs1448213	-2.037	rs13400937	 6.99e-03	  3.81	-0.4732	58	18	enet	0.011	0.01	-0.8517	3.94e-01
NA	/data/songy4/tes/output/weights_control//ENST00000439144.5.wgt.RDat	ENST00000439144.5	2	241096140	241102293	0.0398	NA	    NA	NA	       NA	    NA	     NA	 0	 0	enet	-0.00036	0.37	     NA	      NA
NA	/data/songy4/tes/output/weights_control//ENST00000449021.1.wgt.RDat	ENST00000449021.1	2	113611779	113612247	0.0388	rs6542097	 1.787	rs11690399	 2.70e-02	 -4.01	 0.8936	16	 1	top1	0.027	8.9e-05	-0.8936	3.72e-01
NA	/data/songy4/tes/output/weights_control//ENST00000404568.4.wgt.RDat	ENST00000404568.4	2	74518131	74526231	0.0369	rs6546891	-1.475	rs205651	 3.07e-02	  4.34	-1.0400	15	 2	enet	0.036	7.9e-06	-0.6532	5.14e-01
NA	/data/songy4/tes/output/weights_control//ENST00000535845.6.wgt.RDat	ENST00000535845.6	2	86216554	86337627	0.0648	rs6734709	-2.657	rs4832027	 4.74e-02	  5.49	 0.7500	11	 1	top1	0.047	2.7e-07	 0.7500	4.53e-01
NA	/data/songy4/tes/output/weights_control//ENST00000524249.5.wgt.RDat	ENST00000524249.5	2	46490750	46542178	0.0870	rs6756452	-2.213	rs1376406	 1.36e-02	  4.05	 0.1270	38	13	enet	0.042	1.2e-06	-0.8341	4.04e-01
NA	/data/songy4/tes/output/weights_control//ENST00000404752.5.wgt.RDat	ENST00000404752.5	2	48530171	48598512	0.1656	rs4256003	 1.682	rs7587289	 6.39e-02	 -6.05	 0.6824	16	16	enet	0.11	3.5e-15	-0.9662	3.34e-01
NA	/data/songy4/tes/output/weights_control//ENST00000524188.5.wgt.RDat	ENST00000524188.5	2	46527878	46541583	0.0631	rs6756452	-2.213	rs1376406	 2.96e-02	  4.45	 0.1270	33	 1	top1	0.03	4.3e-05	 0.1270	8.99e-01
NA	/data/songy4/tes/output/weights_control//ENST00000392056.8.wgt.RDat	ENST00000392056.8	2	227979955	228181687	0.0482	rs4972941	-1.637	rs6725330	 5.34e-03	  3.08	 0.4886	35	 3	lasso	0.0078	0.024	 0.9686	3.33e-01
NA	/data/songy4/tes/output/weights_control//ENST00000413096.1.wgt.RDat	ENST00000413096.1	2	227616998	227617790	0.0362	rs6723547	-1.568	rs13419630	-1.16e-03	 -2.82	 0.3765	23	15	enet	-0.00038	0.37	-0.3235	7.46e-01
NA	/data/songy4/tes/output/weights_control//ENST00000629547.2.wgt.RDat	ENST00000629547.2	2	38076266	38131567	0.0587	rs6544074	-2.365	rs10211237	 3.44e-02	  4.43	-0.1250	23	 4	lasso	0.045	6.2e-07	-0.9186	3.58e-01
NA	/data/songy4/tes/output/weights_control//ENST00000449210.1.wgt.RDat	ENST00000449210.1	2	28810908	28822413	0.0463	rs3768666	 3.958	rs3768666	-1.68e-03	 -3.15	 3.9579	25	13	enet	0.004	0.077	-0.7951	4.27e-01
NA	/data/songy4/tes/output/weights_control//ENST00000449220.1.wgt.RDat	ENST00000449220.1	2	25161146	25168571	0.0539	rs511777	 1.972	rs7581217	 2.12e-03	 -3.45	 1.1154	 8	 7	enet	0.04	2.4e-06	-1.5102	1.31e-01
NA	/data/songy4/tes/output/weights_control//ENST00000621134.4.wgt.RDat	ENST00000621134.4	2	779840	868426	0.0815	rs13415540	 2.669	rs6728479	 1.05e-02	  3.66	 0.7892	15	11	enet	0.031	2.9e-05	 1.7271	8.42e-02
NA	/data/songy4/tes/output/weights_control//ENST00000438398.1.wgt.RDat	ENST00000438398.1	2	230910237	230925226	0.0327	rs16826860	 1.894	rs4613264	 9.08e-03	  3.17	 0.9216	15	 1	top1	0.0091	0.016	 0.9216	3.57e-01
NA	/data/songy4/tes/output/weights_control//ENST00000389757.7.wgt.RDat	ENST00000389757.7	2	158457099	158682879	0.0426	rs10933443	 3.092	rs13429339	 3.03e-03	  3.32	 0.6563	24	10	enet	0.0091	0.016	-0.1713	8.64e-01
NA	/data/songy4/tes/output/weights_control//ENST00000409198.5.wgt.RDat	ENST00000409198.5	2	151485336	151734487	0.0553	rs991000	-2.455	rs2139425	 1.36e-02	  3.65	-0.1442	30	13	enet	0.016	0.0022	 0.2335	8.15e-01
NA	/data/songy4/tes/output/weights_control//ENST00000623854.1.wgt.RDat	ENST00000623854.1	2	38121935	38123881	0.0392	rs6544074	-2.365	rs10211237	 1.87e-02	  3.90	-0.1250	20	 1	top1	0.019	0.00097	-0.1250	9.01e-01
NA	/data/songy4/tes/output/weights_control//ENST00000409310.6.wgt.RDat	ENST00000409310.6	2	87002559	87021852	0.0328	rs6734709	-2.657	rs6734709	 2.59e-02	  3.96	-2.6566	 2	 1	top1	0.026	0.00012	-2.6566	7.89e-03
NA	/data/songy4/tes/output/weights_control//ENST00000409680.7.wgt.RDat	ENST00000409680.7	2	157533742	157597560	0.0232	rs12474475	 1.252	rs1494077	 1.23e-03	  2.97	-0.3121	 5	 3	enet	0.015	0.0028	-0.8741	3.82e-01
NA	/data/songy4/tes/output/weights_control//ENST00000409696.7.wgt.RDat	ENST00000409696.7	2	85694426	85698757	0.0368	rs6720075	 1.738	rs6720075	 1.91e-03	 -3.08	 1.7382	22	 1	top1	0.0019	0.16	-1.7382	8.22e-02
NA	/data/songy4/tes/output/weights_control//ENST00000409818.7.wgt.RDat	ENST00000409818.7	2	201654837	201698669	0.0292	rs7598349	-3.600	rs10497863	-7.88e-04	  3.24	-2.0000	18	 2	lasso	0.013	0.0049	-2.2549	2.41e-02
NA	/data/songy4/tes/output/weights_control//ENST00000409780.5.wgt.RDat	ENST00000409780.5	2	111898629	112029367	0.0373	NA	    NA	NA	       NA	    NA	     NA	21	 0	top1	0.033	1.8e-05	     NA	      NA
NA	/data/songy4/tes/output/weights_control//ENST00000389394.7.wgt.RDat	ENST00000389394.7	2	84516455	84819589	0.0648	rs17024618	 2.252	rs1454998	 1.28e-02	  5.29	 1.1770	17	 3	lasso	0.039	3.3e-06	 1.1145	2.65e-01
NA	/data/songy4/tes/output/weights_control//ENST00000433157.1.wgt.RDat	ENST00000433157.1	2	197728534	197785010	0.0358	NA	    NA	NA	       NA	    NA	     NA	 0	 0	enet	0.007	0.031	     NA	      NA
NA	/data/songy4/tes/output/weights_control//ENST00000631142.2.wgt.RDat	ENST00000631142.2	2	39851307	40251729	0.0470	rs720796	-2.039	rs7570435	-1.55e-03	 -2.89	-0.6885	20	 3	lasso	0.0031	0.11	 0.9339	3.50e-01
NA	/data/songy4/tes/output/weights_control//ENST00000441630.1.wgt.RDat	ENST00000441630.1	2	64395220	64453798	0.0502	rs6730262	 3.198	rs1370388	 2.34e-02	 -3.85	-0.3617	15	 1	top1	0.023	0.00025	 0.3617	7.18e-01
NA	/data/songy4/tes/output/weights_control//ENST00000409174.1.wgt.RDat	ENST00000409174.1	2	74835170	74893359	0.0378	rs680545	-2.560	rs3771781	-8.85e-05	  2.88	-1.4455	26	10	enet	0.0046	0.064	-1.2141	2.25e-01
NA	/data/songy4/tes/output/weights_control//ENST00000618972.4.wgt.RDat	ENST00000618972.4	2	151485339	151734487	0.0595	rs991000	-2.455	rs2139425	 7.94e-03	  3.70	-0.1442	30	14	enet	0.019	0.00092	 0.0536	9.57e-01
NA	/data/songy4/tes/output/weights_control//ENST00000408328.1.wgt.RDat	ENST00000408328.1	2	7576841	7576971	0.0441	rs2043075	 1.891	rs6431885	 2.50e-02	 -3.97	-1.3810	29	 1	top1	0.025	0.00016	 1.3810	1.67e-01
NA	/data/songy4/tes/output/weights_control//ENST00000618878.1.wgt.RDat	ENST00000618878.1	2	74499275	74499542	0.1116	rs6546891	-1.475	rs205651	 7.27e-02	  6.34	-1.0400	15	 1	top1	0.073	2e-10	-1.0400	2.98e-01
NA	/data/songy4/tes/output/weights_control//ENST00000447321.1.wgt.RDat	ENST00000447321.1	2	17284292	17284895	0.0498	rs16982572	-1.583	rs287305	 2.95e-02	  4.17	-0.4017	14	 6	enet	0.03	3.6e-05	-0.0620	9.51e-01
NA	/data/songy4/tes/output/weights_control//ENST00000407292.1.wgt.RDat	ENST00000407292.1	2	950939	1367613	0.0390	rs13415540	 2.669	rs13415540	-1.87e-03	  3.14	 2.6693	23	 6	enet	0.005	0.057	 2.1753	2.96e-02
NA	/data/songy4/tes/output/weights_control//ENST00000437075.6.wgt.RDat	ENST00000437075.6	2	102717571	102736878	0.0337	rs4851507	 2.742	rs3755285	 1.46e-02	 -3.13	-0.7477	17	 1	top1	0.015	0.0032	 0.7477	4.55e-01
NA	/data/songy4/tes/output/weights_control//ENST00000630280.2.wgt.RDat	ENST00000630280.2	2	69964272	70053737	0.0232	NA	    NA	NA	       NA	    NA	     NA	 5	 0	top1	0.015	0.0029	     NA	      NA
NA	/data/songy4/tes/output/weights_control//ENST00000447762.5.wgt.RDat	ENST00000447762.5	2	203328282	203380306	0.0218	rs2177083	 1.490	rs2177083	 2.01e-02	  3.65	 1.4900	11	 4	enet	0.022	0.00036	 1.1373	2.55e-01
NA	/data/songy4/tes/output/weights_control//ENST00000407122.5.wgt.RDat	ENST00000407122.5	2	55175649	55232158	0.1541	rs11682238	 1.741	rs2589096	 4.88e-02	  6.18	 1.0762	 7	 4	enet	0.13	6.6e-18	 1.1054	2.69e-01
NA	/data/songy4/tes/output/weights_control//ENST00000437132.1.wgt.RDat	ENST00000437132.1	2	1059133	1068341	0.0793	rs13415540	 2.669	rs17042441	 1.75e-03	  3.65	 0.0741	13	12	enet	0.041	1.8e-06	 2.0281	4.26e-02
NA	/data/songy4/tes/output/weights_control//ENST00000623048.1.wgt.RDat	ENST00000623048.1	2	230410700	230412529	0.0372	rs13035964	-1.734	rs1014174	 1.97e-02	  3.54	 0.0600	21	 1	top1	0.02	0.00073	 0.0600	9.52e-01
NA	/data/songy4/tes/output/weights_control//ENST00000407595.3.wgt.RDat	ENST00000407595.3	2	56183990	56386172	0.0646	rs6545508	 2.333	rs6714635	 6.14e-02	 -5.80	-1.0388	19	 1	top1	0.061	5e-09	 1.0388	2.99e-01
NA	/data/songy4/tes/output/weights_control//ENST00000622979.1.wgt.RDat	ENST00000622979.1	2	46668870	46670778	0.2085	rs2594494	-2.080	rs2305350	 1.92e-01	-10.18	 1.0400	30	 2	lasso	0.2	1.3e-27	-1.1385	2.55e-01
NA	/data/songy4/tes/output/weights_control//ENST00000409093.1.wgt.RDat	ENST00000409093.1	2	76748558	77522368	0.0336	rs11896649	 2.331	rs985812	 2.86e-02	  4.08	-0.1250	28	 1	top1	0.029	5.7e-05	-0.1250	9.01e-01
NA	/data/songy4/tes/output/weights_control//ENST00000400027.3.wgt.RDat	ENST00000400027.3	2	71029028	71029893	0.1176	rs1861074	-1.592	rs4852244	 9.19e-03	  4.57	 0.7984	21	16	enet	0.073	1.8e-10	 0.4763	6.34e-01
NA	/data/songy4/tes/output/weights_control//ENST00000627992.3.wgt.RDat	ENST00000627992.3	2	38075548	38203684	0.0388	rs6544074	-2.365	rs10211237	-8.84e-04	  2.87	-0.1250	24	15	enet	0.0067	0.034	-1.0577	2.90e-01
NA	/data/songy4/tes/output/weights_control//ENST00000452177.5.wgt.RDat	ENST00000452177.5	2	950868	1161671	0.0530	rs13415540	 2.669	rs13415540	-1.66e-03	  3.15	 2.6693	18	15	enet	0.0082	0.021	 2.5794	9.90e-03
NA	/data/songy4/tes/output/weights_control//ENST00000630783.2.wgt.RDat	ENST00000630783.2	2	39917829	40251732	0.0611	rs720796	-2.039	rs985059	-1.15e-03	  3.06	-0.3627	19	11	enet	0.03	4.1e-05	 0.8664	3.86e-01
NA	/data/songy4/tes/output/weights_control//ENST00000612742.4.wgt.RDat	ENST00000612742.4	2	171317405	171434802	0.0570	rs1011203	-2.037	rs7578592	-6.45e-04	 -3.26	-0.8212	33	12	enet	0.0038	0.085	 1.2695	2.04e-01
NA	/data/songy4/tes/output/weights_control//ENST00000436544.1.wgt.RDat	ENST00000436544.1	2	28548500	28596063	0.0691	rs3768666	 3.958	rs3768666	 6.55e-03	  3.47	 3.9579	23	11	enet	0.011	0.0087	 3.0749	2.11e-03
NA	/data/songy4/tes/output/weights_control//ENST00000451916.1.wgt.RDat	ENST00000451916.1	2	55217934	55232354	0.1361	rs11682238	 1.741	rs2589096	 2.93e-02	  5.56	 1.0762	 7	 4	enet	0.1	2.8e-14	 1.1205	2.62e-01
NA	/data/songy4/tes/output/weights_control//ENST00000628135.3.wgt.RDat	ENST00000628135.3	2	38074873	38181828	0.0434	rs6544074	-2.365	rs13420861	-1.73e-03	  3.14	-0.9596	24	 5	enet	0.0054	0.051	-1.5520	1.21e-01
NA	/data/songy4/tes/output/weights_control//ENST00000394754.5.wgt.RDat	ENST00000394754.5	2	48569020	48679603	0.0417	rs4256003	 1.682	rs7587289	 2.06e-02	 -4.24	 0.6824	20	 1	top1	0.021	0.00056	-0.6824	4.95e-01
NA	/data/songy4/tes/output/weights_control//ENST00000394751.5.wgt.RDat	ENST00000394751.5	2	48580607	48679541	0.0559	rs4256003	 1.682	rs7587289	 3.93e-02	 -5.10	 0.6824	20	 1	top1	0.039	2.8e-06	-0.6824	4.95e-01
NA	/data/songy4/tes/output/weights_control//ENST00000446896.7.wgt.RDat	ENST00000446896.7	2	151789078	151828441	0.0331	rs991000	-2.455	rs10497071	-4.92e-04	 -2.86	-0.6147	23	 1	top1	-0.00049	0.39	 0.6147	5.39e-01
NA	/data/songy4/tes/output/weights_control//ENST00000483063.2.wgt.RDat	ENST00000483063.2	2	74958643	74970128	0.0690	rs680545	-2.560	rs17010664	 2.35e-02	 -3.82	 0.8284	26	 8	enet	0.038	4.4e-06	-2.2241	2.61e-02
NA	/data/songy4/tes/output/weights_control//ENST00000425841.1.wgt.RDat	ENST00000425841.1	2	55222360	55224360	0.0593	rs11682238	 1.741	rs11692696	 7.25e-03	  4.07	 0.6531	 6	 6	enet	0.032	2.2e-05	 0.6248	5.32e-01
NA	/data/songy4/tes/output/weights_control//ENST00000661667.1.wgt.RDat	ENST00000661667.1	2	48242804	48314185	0.0370	rs4953521	-1.907	rs4953589	 8.79e-04	  3.14	-0.2376	21	12	enet	0.0023	0.14	-0.2756	7.83e-01
NA	/data/songy4/tes/output/weights_control//ENST00000585225.1.wgt.RDat	ENST00000585225.1	2	151368334	151368411	0.0580	rs991000	-2.455	rs16828372	 3.56e-03	 -3.17	-0.4342	31	 1	top1	0.0036	0.091	 0.4342	6.64e-01
NA	/data/songy4/tes/output/weights_control//ENST00000483555.5.wgt.RDat	ENST00000483555.5	2	74519586	74523302	0.0457	rs6546891	-1.475	rs6705417	 1.68e-03	  3.62	 0.8256	15	10	enet	0.023	0.00025	-0.3679	7.13e-01
NA	/data/songy4/tes/output/weights_control//ENST00000483418.1.wgt.RDat	ENST00000483418.1	2	151516459	151519985	0.0441	rs991000	-2.455	rs2139425	 3.03e-03	  2.45	-0.1442	27	 1	top1	0.003	0.11	-0.1442	8.85e-01
NA	/data/songy4/tes/output/weights_control//ENST00000308624.10.wgt.RDat	ENST00000308624.10	2	950849	1367613	0.0455	rs13415540	 2.669	rs13415540	 7.27e-03	  3.46	 2.6693	23	 5	enet	0.012	0.0073	 2.1033	3.54e-02
NA	/data/songy4/tes/output/weights_control//ENST00000426110.1.wgt.RDat	ENST00000426110.1	2	87118534	87120980	0.0219	rs6734709	-2.657	rs13001400	 1.23e-02	 -2.91	-0.4791	 2	 2	enet	0.015	0.0026	-0.9318	3.51e-01
NA	/data/songy4/tes/output/weights_control//ENST00000420753.2.wgt.RDat	ENST00000420753.2	2	110012265	110012601	0.0352	rs260620	 1.901	rs13422589	 6.76e-03	 -3.05	 0.6119	14	 8	enet	0.024	0.00019	-1.2479	2.12e-01
NA	/data/songy4/tes/output/weights_control//ENST00000309415.8.wgt.RDat	ENST00000309415.8	2	109129205	109504634	0.0545	rs260620	 1.901	rs6719748	 2.51e-02	 -3.98	 0.8317	19	10	enet	0.037	5.2e-06	 0.1350	8.93e-01
NA	/data/songy4/tes/output/weights_control//ENST00000309052.8.wgt.RDat	ENST00000309052.8	2	30447257	30644225	0.1514	rs17009486	-2.256	rs2602788	 7.41e-02	 -6.41	 0.9208	31	15	enet	0.082	1.4e-11	-0.5909	5.55e-01
NA	/data/songy4/tes/output/weights_control//ENST00000482738.1.wgt.RDat	ENST00000482738.1	2	43801271	43805177	0.0381	rs2011896	-1.929	rs4073237	 3.28e-02	 -4.68	 0.4286	22	 1	top1	0.033	1.7e-05	-0.4286	6.68e-01
NA	/data/songy4/tes/output/weights_control//ENST00000496844.5.wgt.RDat	ENST00000496844.5	2	88174808	88186318	0.0590	rs1914732	-3.064	rs1914732	 1.33e-02	 -4.02	-3.0642	 4	 4	enet	0.042	1.2e-06	 2.1813	2.92e-02
NA	/data/songy4/tes/output/weights_control//ENST00000420924.1.wgt.RDat	ENST00000420924.1	2	151531827	151540747	0.0328	rs991000	-2.455	rs2139425	 5.74e-03	  3.28	-0.1442	27	 1	top1	0.0057	0.045	-0.1442	8.85e-01
NA	/data/songy4/tes/output/weights_control//ENST00000662477.1.wgt.RDat	ENST00000662477.1	2	64330481	64332778	0.0464	rs6730262	 3.198	rs1370388	 7.20e-03	 -3.56	-0.3617	13	 2	lasso	0.016	0.0022	 1.8229	6.83e-02
NA	/data/songy4/tes/output/weights_control//ENST00000604864.5.wgt.RDat	ENST00000604864.5	2	151485760	151733156	0.0601	rs991000	-2.455	rs2139425	 1.23e-02	  3.61	-0.1442	30	13	enet	0.024	2e-04	 0.0764	9.39e-01
NA	/data/songy4/tes/output/weights_control//ENST00000306279.4.wgt.RDat	ENST00000306279.4	2	85753991	85791383	0.0374	rs6720075	 1.738	rs11676464	 6.57e-03	  3.52	 0.3014	21	 1	top1	0.0066	0.035	 0.3014	7.63e-01
NA	/data/songy4/tes/output/weights_control//ENST00000306448.4.wgt.RDat	ENST00000306448.4	2	46511847	46519957	0.1203	rs6756452	-2.213	rs1376406	-1.85e-03	  3.44	 0.1270	35	18	enet	0.047	3.3e-07	-1.0844	2.78e-01
NA	/data/songy4/tes/output/weights_control//ENST00000484779.1.wgt.RDat	ENST00000484779.1	2	68528241	68529452	0.0385	rs17523693	-1.878	rs4854455	 1.79e-03	  3.23	 0.5182	14	 1	top1	0.0018	0.16	 0.5182	6.04e-01
NA	/data/songy4/tes/output/weights_control//ENST00000425381.1.wgt.RDat	ENST00000425381.1	2	64450096	64450524	0.0807	rs6730262	 3.198	rs1370388	-9.99e-04	 -3.04	-0.3617	15	15	enet	0.029	5e-05	 0.6428	5.20e-01
NA	/data/songy4/tes/output/weights_control//ENST00000495597.1.wgt.RDat	ENST00000495597.1	2	74523339	74524256	0.0355	rs6546891	-1.475	rs6705417	 1.83e-02	  3.89	 0.8256	15	 1	top1	0.018	0.0011	 0.8256	4.09e-01
NA	/data/songy4/tes/output/weights_control//ENST00000421575.6.wgt.RDat	ENST00000421575.6	2	52722671	52961452	0.3111	rs6735211	-2.053	rs7561602	 2.84e-01	 12.25	-0.5484	14	 1	top1	0.28	4.3e-40	-0.5484	5.83e-01
NA	/data/songy4/tes/output/weights_control//ENST00000290573.6.wgt.RDat	ENST00000290573.6	2	74833981	74893359	0.0369	rs680545	-2.560	rs3771836	 6.48e-04	  2.88	-0.9100	28	11	enet	0.0036	0.088	-1.2365	2.16e-01
NA	/data/songy4/tes/output/weights_control//ENST00000294947.2.wgt.RDat	ENST00000294947.2	2	47128875	47155287	0.0414	rs1374274	 1.523	rs10865222	 1.77e-02	 -4.11	-1.4479	22	 2	lasso	0.02	6e-04	 1.3936	1.63e-01
NA	/data/songy4/tes/output/weights_control//ENST00000286186.10.wgt.RDat	ENST00000286186.10	2	201182881	201221665	0.0310	rs7598349	-3.600	rs10497863	 1.87e-03	 -3.12	-2.0000	21	 1	top1	0.0019	0.16	 2.0000	4.55e-02
NA	/data/songy4/tes/output/weights_control//ENST00000664233.1.wgt.RDat	ENST00000664233.1	2	21317709	21320242	0.0433	rs4665662	 1.663	rs1877059	 2.04e-02	 -3.60	 1.4729	19	 1	top1	0.02	6e-04	-1.4729	1.41e-01
NA	/data/songy4/tes/output/weights_control//ENST00000295087.13.wgt.RDat	ENST00000295087.13	2	151798797	151828421	0.0330	rs991000	-2.455	rs10497071	-1.48e-03	 -2.84	-0.6147	23	13	enet	0.0016	0.18	-1.1782	2.39e-01
NA	/data/songy4/tes/output/weights_control//ENST00000662953.1.wgt.RDat	ENST00000662953.1	2	6819463	6840430	0.1199	rs10495541	 2.015	rs4143153	 6.50e-02	  6.03	-0.3721	35	 1	top1	0.065	1.8e-09	-0.3721	7.10e-01
NA	/data/songy4/tes/output/weights_control//ENST00000662935.1.wgt.RDat	ENST00000662935.1	2	88016780	88021451	0.0271	rs10180746	 2.237	rs1441642	 1.41e-02	  3.32	-1.5096	 3	 1	top1	0.014	0.0037	-1.5096	1.31e-01
NA	/data/songy4/tes/output/weights_control//ENST00000662952.1.wgt.RDat	ENST00000662952.1	2	88017017	88021359	0.0419	rs10180746	 2.237	rs1441642	 1.73e-02	  3.63	-1.5096	 3	 1	top1	0.017	0.0014	-1.5096	1.31e-01
NA	/data/songy4/tes/output/weights_control//ENST00000663151.1.wgt.RDat	ENST00000663151.1	2	827412	868415	0.0458	rs13415540	 2.669	rs6728479	-6.53e-04	  3.17	 0.7892	14	10	enet	0.011	0.0097	 1.4344	1.51e-01
NA	/data/songy4/tes/output/weights_control//ENST00000662538.1.wgt.RDat	ENST00000662538.1	2	28748846	28750388	0.0451	rs3768666	 3.958	rs3768666	 2.98e-02	 -4.35	 3.9579	23	 2	lasso	0.038	3.8e-06	-3.2744	1.06e-03
NA	/data/songy4/tes/output/weights_control//ENST00000421462.5.wgt.RDat	ENST00000421462.5	2	158457455	158663003	0.0485	rs10933443	 3.092	rs4664236	 2.77e-02	  4.33	-0.5743	24	 7	enet	0.037	4.9e-06	-0.4311	6.66e-01
NA	/data/songy4/tes/output/weights_control//ENST00000295408.9.wgt.RDat	ENST00000295408.9	2	111898607	112029561	0.0358	NA	    NA	NA	       NA	    NA	     NA	21	 0	top1	0.031	3e-05	     NA	      NA
NA	/data/songy4/tes/output/weights_control//ENST00000484351.1.wgt.RDat	ENST00000484351.1	2	169811758	169813175	0.0360	rs2042549	 2.248	rs16856843	-8.62e-04	  2.89	 1.6107	31	 1	top1	-0.00086	0.46	 1.6107	1.07e-01
NA	/data/songy4/tes/output/weights_control//ENST00000606100.5.wgt.RDat	ENST00000606100.5	2	38121174	38131590	0.0374	rs6544074	-2.365	rs10211237	 2.59e-02	  4.02	-0.1250	20	 1	top1	0.026	0.00012	-0.1250	9.01e-01
NA	/data/songy4/tes/output/weights_control//ENST00000324907.14.wgt.RDat	ENST00000324907.14	2	9951693	10002277	0.0747	rs908295	-2.456	rs6708858	 6.99e-02	 -6.35	-0.3333	31	 1	top1	0.07	4.4e-10	 0.3333	7.39e-01
NA	/data/songy4/tes/output/weights_control//ENST00000581329.2.wgt.RDat	ENST00000581329.2	2	64340747	64340848	0.0675	rs6730262	 3.198	rs1370388	 8.49e-03	 -3.88	-0.3617	13	 2	lasso	0.02	0.00067	 1.7526	7.97e-02
NA	/data/songy4/tes/output/weights_control//ENST00000325926.4.wgt.RDat	ENST00000325926.4	2	153477338	153478762	0.0507	rs1437679	-1.142	rs10931434	 2.37e-02	 -3.72	 0.3617	11	 1	top1	0.024	0.00023	-0.3617	7.18e-01
NA	/data/songy4/tes/output/weights_control//ENST00000480103.5.wgt.RDat	ENST00000480103.5	2	43731541	43743870	0.0543	rs2011896	-1.929	rs4608575	-7.07e-04	 -2.81	 0.3723	27	14	enet	0.0062	0.039	 0.6661	5.05e-01
NA	/data/songy4/tes/output/weights_control//ENST00000321801.11.wgt.RDat	ENST00000321801.11	2	197726879	197786574	0.0348	rs11674328	-1.750	rs12693795	 3.97e-04	  2.89	-0.9236	14	 7	enet	0.021	0.00045	-1.3618	1.73e-01
NA	/data/songy4/tes/output/weights_control//ENST00000321679.4.wgt.RDat	ENST00000321679.4	2	241584420	241602170	0.0340	rs3275	-2.265	rs2279687	 8.02e-03	  3.30	 1.3602	30	 1	top1	0.008	0.022	 1.3602	1.74e-01
NA	/data/songy4/tes/output/weights_control//ENST00000322054.10.wgt.RDat	ENST00000322054.10	2	31234152	31269451	0.0584	rs13377	 3.295	rs605832	 1.71e-02	 -4.14	 1.4074	43	 1	top1	0.017	0.0016	-1.4074	1.59e-01
NA	/data/songy4/tes/output/weights_control//ENST00000480171.7.wgt.RDat	ENST00000480171.7	2	158662242	158681426	0.0443	rs10933443	 3.092	rs13429339	-6.90e-04	  3.45	 0.6563	23	11	enet	0.012	0.0066	-0.0451	9.64e-01
NA	/data/songy4/tes/output/weights_control//ENST00000657397.1.wgt.RDat	ENST00000657397.1	2	38076194	38202696	0.0643	rs6544074	-2.365	rs10211237	 2.24e-02	  4.34	-0.1250	24	 8	enet	0.043	9.4e-07	-1.3773	1.68e-01
NA	/data/songy4/tes/output/weights_control//ENST00000324166.6.wgt.RDat	ENST00000324166.6	2	88171460	88186626	0.0856	NA	    NA	NA	       NA	    NA	     NA	 4	 0	lasso	0.058	1.5e-08	     NA	      NA
NA	/data/songy4/tes/output/weights_control//ENST00000427231.6.wgt.RDat	ENST00000427231.6	2	151485339	151734487	0.0599	rs991000	-2.455	rs2139425	 7.96e-03	  3.71	-0.1442	30	14	enet	0.026	0.00011	 0.0166	9.87e-01
NA	/data/songy4/tes/output/weights_control//ENST00000655894.1.wgt.RDat	ENST00000655894.1	2	791495	868242	0.0423	rs13415540	 2.669	rs6728479	-1.74e-03	  2.75	 0.7892	15	11	enet	0.0021	0.15	 0.5074	6.12e-01
NA	/data/songy4/tes/output/weights_control//ENST00000478015.5.wgt.RDat	ENST00000478015.5	2	30447273	30640830	0.1383	rs17009486	-2.256	rs2602788	 6.66e-02	 -6.17	 0.9208	31	 1	top1	0.067	1.1e-09	-0.9208	3.57e-01
NA	/data/songy4/tes/output/weights_control//ENST00000419542.3.wgt.RDat	ENST00000419542.3	2	69962770	70086220	0.0338	rs7420531	 4.211	rs14234	 1.65e-02	 -3.47	 0.5564	 6	 6	enet	0.02	0.00071	-1.5956	1.11e-01
NA	/data/songy4/tes/output/weights_control//ENST00000327757.10.wgt.RDat	ENST00000327757.10	2	28496060	28644142	0.0601	rs3768666	 3.958	rs11689469	-1.65e-03	  2.71	 0.1188	23	13	enet	0.0049	0.059	 1.9736	4.84e-02
NA	/data/songy4/tes/output/weights_control//ENST00000479098.1.wgt.RDat	ENST00000479098.1	2	74498688	74499367	0.0970	rs6546891	-1.475	rs205651	 5.28e-02	  5.53	-1.0400	15	14	enet	0.055	3e-08	-0.0994	9.21e-01
NA	/data/songy4/tes/output/weights_control//ENST00000419810.6.wgt.RDat	ENST00000419810.6	2	10324347	10427352	0.0664	rs908295	-2.456	rs1042953	 3.89e-02	 -4.84	-0.3121	44	 1	top1	0.039	3.1e-06	 0.3121	7.55e-01
NA	/data/songy4/tes/output/weights_control//ENST00000419759.5.wgt.RDat	ENST00000419759.5	2	88170353	88174795	0.0754	NA	    NA	NA	       NA	    NA	     NA	 4	 0	lasso	0.058	1.4e-08	     NA	      NA
NA	/data/songy4/tes/output/weights_control//ENST00000606287.1.wgt.RDat	ENST00000606287.1	2	74501717	74502365	0.0620	rs6546891	-1.475	rs205651	 8.67e-03	  3.58	-1.0400	15	12	enet	0.026	0.00012	 0.5139	6.07e-01
NA	/data/songy4/tes/output/weights_control//ENST00000481449.1.wgt.RDat	ENST00000481449.1	2	28585580	28591158	0.0624	rs3768666	 3.958	rs3768666	-1.43e-03	  3.11	 3.9579	23	11	enet	0.0061	0.041	 2.3535	1.86e-02
NA	/data/songy4/tes/output/weights_control//ENST00000420535.1.wgt.RDat	ENST00000420535.1	2	74535644	74549459	0.0471	rs6546891	-1.475	rs828902	 9.37e-03	 -3.45	-0.9549	15	10	enet	0.024	0.00022	 0.4701	6.38e-01
NA	/data/songy4/tes/output/weights_control//ENST00000659656.1.wgt.RDat	ENST00000659656.1	2	827248	868206	0.0394	rs13415540	 2.669	rs6728479	 9.19e-05	  3.18	 0.7892	14	 9	enet	0.0041	0.075	 1.6221	1.05e-01
NA	/data/songy4/tes/output/weights_control//ENST00000660098.1.wgt.RDat	ENST00000660098.1	2	38075723	38181836	0.0603	rs6544074	-2.365	rs2116232	 5.12e-04	 -3.42	 1.5833	24	 9	enet	0.036	7.9e-06	-1.3195	1.87e-01
NA	/data/songy4/tes/output/weights_control//ENST00000660157.1.wgt.RDat	ENST00000660157.1	2	84926113	84927384	0.0365	rs6720075	 1.738	rs6720075	-1.67e-03	 -2.64	 1.7382	14	 9	enet	0.012	0.0065	-1.6864	9.17e-02
NA	/data/songy4/tes/output/weights_control//ENST00000497423.1.wgt.RDat	ENST00000497423.1	2	30447388	30533297	0.0980	rs17009486	-2.256	rs2602788	 5.25e-02	 -5.48	 0.9208	29	 1	top1	0.053	6.4e-08	-0.9208	3.57e-01
NA	/data/songy4/tes/output/weights_control//ENST00000481714.1.wgt.RDat	ENST00000481714.1	2	68293066	68320051	0.0526	rs4362542	-2.838	rs7419739	 5.11e-04	 -3.23	-1.8571	20	 9	enet	0.0095	0.014	 0.9179	3.59e-01
NA	/data/songy4/tes/output/weights_control//ENST00000480545.5.wgt.RDat	ENST00000480545.5	2	149118174	149131588	0.0259	rs1446842	-1.594	rs769079	 4.72e-03	 -3.33	-0.2952	11	 3	enet	0.012	0.0068	-0.0581	9.54e-01
NA	/data/songy4/tes/output/weights_control//ENST00000319406.8.wgt.RDat	ENST00000319406.8	2	30447243	30607845	0.1855	rs17009486	-2.256	rs2602788	 9.66e-02	 -7.27	 0.9208	30	20	enet	0.12	2.8e-16	-0.6294	5.29e-01
NA	/data/songy4/tes/output/weights_control//ENST00000658302.1.wgt.RDat	ENST00000658302.1	2	2697490	2701812	0.0673	rs2037147	 1.881	rs4853777	 4.30e-02	  4.95	-0.4696	51	 1	top1	0.043	9.5e-07	-0.4696	6.39e-01
NA	/data/songy4/tes/output/weights_control//ENST00000426626.1.wgt.RDat	ENST00000426626.1	2	70808813	70820547	0.2851	rs1861074	-1.592	rs17719042	 2.05e-01	 10.43	 0.5664	21	10	enet	0.28	9.3e-40	 0.3576	7.21e-01
NA	/data/songy4/tes/output/weights_control//ENST00000657946.1.wgt.RDat	ENST00000657946.1	2	63106879	63197037	0.0352	NA	    NA	NA	       NA	    NA	     NA	12	 0	top1	0.028	7.7e-05	     NA	      NA
NA	/data/songy4/tes/output/weights_control//ENST00000480298.5.wgt.RDat	ENST00000480298.5	2	241088905	241102311	0.0431	rs10196581	 2.129	rs4676354	 1.13e-03	 -3.03	-0.4953	36	 5	lasso	0.01	0.011	 0.6619	5.08e-01
NA	/data/songy4/tes/output/weights_control//ENST00000480736.1.wgt.RDat	ENST00000480736.1	2	9995306	10000866	0.0856	rs908295	-2.456	rs6708858	 7.38e-02	 -6.47	-0.3333	31	 1	top1	0.074	1.4e-10	 0.3333	7.39e-01
NA	/data/songy4/tes/output/weights_control//ENST00000498022.1.wgt.RDat	ENST00000498022.1	2	71077531	71078635	0.0384	rs1861074	-1.592	rs454305	-1.85e-03	  2.26	 0.5100	20	12	enet	0.007	0.03	 1.4790	1.39e-01
NA	/data/songy4/tes/output/weights_control//ENST00000489682.1.wgt.RDat	ENST00000489682.1	2	85781034	85788039	0.0338	rs6720075	 1.738	rs11676464	 1.16e-02	  3.70	 0.3014	21	 1	top1	0.012	0.0076	 0.3014	7.63e-01
NA	/data/songy4/tes/output/weights_control//ENST00000669208.1.wgt.RDat	ENST00000669208.1	2	64446320	64453967	0.0730	rs6730262	 3.198	rs1370388	 2.17e-02	 -3.71	-0.3617	15	 1	top1	0.022	0.00041	 0.3617	7.18e-01
NA	/data/songy4/tes/output/weights_control//ENST00000489980.5.wgt.RDat	ENST00000489980.5	2	85694342	85698747	0.0393	rs6720075	 1.738	rs6720075	 3.39e-03	 -3.26	 1.7382	22	 1	top1	0.0034	0.096	-1.7382	8.22e-02
NA	/data/songy4/tes/output/weights_control//ENST00000237449.10.wgt.RDat	ENST00000237449.10	2	84517819	84819589	0.0643	rs17024618	 2.252	rs1454998	 1.26e-02	  5.27	 1.1770	17	 3	lasso	0.038	4.1e-06	 1.1249	2.61e-01
NA	/data/songy4/tes/output/weights_control//ENST00000234040.8.wgt.RDat	ENST00000234040.8	2	241106099	241149504	0.0479	rs10196581	 2.129	rs10165759	-1.84e-03	 -2.99	-1.8922	36	16	enet	-0.00089	0.46	 1.2453	2.13e-01
NA	/data/songy4/tes/output/weights_control//ENST00000489914.1.wgt.RDat	ENST00000489914.1	2	74505046	74505610	0.0451	rs6546891	-1.475	rs17726725	-1.47e-03	 -2.72	 0.1741	15	12	enet	0.004	0.077	-0.4745	6.35e-01
NA	/data/songy4/tes/output/weights_control//ENST00000493398.5.wgt.RDat	ENST00000493398.5	2	240574554	240576966	0.0478	rs10196581	 2.129	rs12615371	 6.09e-03	 -3.31	-0.0417	27	17	enet	0.0089	0.017	 0.0688	9.45e-01
NA	/data/songy4/tes/output/weights_control//ENST00000493408.2.wgt.RDat	ENST00000493408.2	2	43740985	43744134	0.0592	rs2011896	-1.929	rs2011896	-1.82e-03	 -2.54	-1.9286	26	13	enet	0.0094	0.015	 1.1463	2.52e-01
NA	/data/songy4/tes/output/weights_control//ENST00000667874.1.wgt.RDat	ENST00000667874.1	2	69962569	70086266	0.0344	rs7420531	 4.211	rs14234	 1.59e-02	 -3.34	 0.5564	 6	 5	enet	0.022	0.00034	-1.7792	7.52e-02
NA	/data/songy4/tes/output/weights_control//ENST00000489256.5.wgt.RDat	ENST00000489256.5	2	241107460	241112786	0.0458	rs10196581	 2.129	rs10165759	-1.12e-03	 -2.66	-1.8922	36	17	enet	0.0011	0.21	 1.6286	1.03e-01
NA	/data/songy4/tes/output/weights_control//ENST00000668945.1.wgt.RDat	ENST00000668945.1	2	52722671	52934500	0.0559	rs6735211	-2.053	rs7594954	 3.21e-03	 -3.70	 1.1643	13	 7	enet	0.032	1.9e-05	-1.8497	6.44e-02
NA	/data/songy4/tes/output/weights_control//ENST00000601679.5.wgt.RDat	ENST00000601679.5	2	40072753	40251749	0.0517	rs720796	-2.039	rs11686356	 6.53e-03	 -3.19	-0.9800	18	12	enet	0.019	0.00082	 0.8013	4.23e-01
NA	/data/songy4/tes/output/weights_control//ENST00000488945.5.wgt.RDat	ENST00000488945.5	2	85685175	85696730	0.0352	rs6720075	 1.738	rs6720075	 2.12e-03	 -3.43	 1.7382	22	 1	top1	0.0021	0.15	-1.7382	8.22e-02
NA	/data/songy4/tes/output/weights_control//ENST00000491234.1.wgt.RDat	ENST00000491234.1	2	85694904	85696532	0.0336	rs6720075	 1.738	rs6720075	 1.37e-03	 -3.25	 1.7382	22	 1	top1	0.0014	0.19	-1.7382	8.22e-02
NA	/data/songy4/tes/output/weights_control//ENST00000491128.5.wgt.RDat	ENST00000491128.5	2	130151409	130156263	0.0320	rs4662999	-2.291	rs4622658	 2.22e-02	  3.69	-0.7059	11	 1	top1	0.022	0.00036	-0.7059	4.80e-01
NA	/data/songy4/tes/output/weights_control//ENST00000423593.1.wgt.RDat	ENST00000423593.1	2	34067226	34069550	0.0730	rs17013129	-2.627	rs4670818	 1.83e-02	 -5.11	 1.8400	28	 2	lasso	0.052	7.9e-08	-1.5462	1.22e-01
NA	/data/songy4/tes/output/weights_control//ENST00000671333.1.wgt.RDat	ENST00000671333.1	2	33727566	33954012	0.0551	rs17013129	-2.627	rs4670818	 2.72e-02	 -4.30	 1.8400	34	 1	top1	0.027	8.6e-05	-1.8400	6.58e-02
NA	/data/songy4/tes/output/weights_control//ENST00000673264.1.wgt.RDat	ENST00000673264.1	2	10001757	10003693	0.0663	rs908295	-2.456	rs6708858	 5.96e-02	 -5.86	-0.3333	32	 1	top1	0.06	8.4e-09	 0.3333	7.39e-01
NA	/data/songy4/tes/output/weights_control//ENST00000491680.6.wgt.RDat	ENST00000491680.6	2	30447246	30640947	0.1267	rs17009486	-2.256	rs2602788	 5.66e-02	 -5.74	 0.9208	31	13	enet	0.069	6.2e-10	-0.4059	6.85e-01
NA	/data/songy4/tes/output/weights_control//ENST00000001146.6.wgt.RDat	ENST00000001146.6	2	72129238	72148038	0.0454	rs2192015	-4.040	rs2192015	 4.93e-02	  5.36	-4.0400	21	 1	top1	0.049	1.6e-07	-4.0400	5.35e-05
NA	/data/songy4/tes/output/weights_control//ENST00000172853.14.wgt.RDat	ENST00000172853.14	2	151485339	151734487	0.0561	rs991000	-2.455	rs2139425	 1.36e-02	  3.65	-0.1442	30	13	enet	0.017	0.0018	 0.2283	8.19e-01
NA	/data/songy4/tes/output/weights_control//ENST00000492496.1.wgt.RDat	ENST00000492496.1	2	158642520	158661764	0.0354	rs10933443	 3.092	rs1357183	 3.31e-03	  3.31	-0.8494	24	13	enet	0.0034	0.095	-0.7476	4.55e-01
NA	/data/songy4/tes/output/weights_control//ENST00000490394.1.wgt.RDat	ENST00000490394.1	2	33722721	33727564	0.0687	rs17013129	-2.627	rs4670818	 2.34e-02	 -5.04	 1.8400	28	 3	lasso	0.057	1.7e-08	-1.5753	1.15e-01
NA	/data/songy4/tes/output/weights_control//ENST00000233121.7.wgt.RDat	ENST00000233121.7	2	26970637	27027219	0.0600	NA	    NA	NA	       NA	    NA	     NA	11	 0	enet	0.035	9.9e-06	     NA	      NA
NA	/data/songy4/tes/output/weights_control//ENST00000490038.1.wgt.RDat	ENST00000490038.1	2	43745899	43765482	0.0646	rs2011896	-1.929	rs4608575	 1.19e-02	 -3.83	 0.3723	26	10	enet	0.037	5.1e-06	 0.3140	7.54e-01
NA	/data/songy4/tes/output/weights_control//ENST00000272224.5.wgt.RDat	ENST00000272224.5	2	20667144	20679243	0.1425	rs342132	 2.232	rs11678116	 8.64e-02	 -6.91	-0.7500	31	 3	lasso	0.1	2.9e-14	 0.5446	5.86e-01
NA	/data/songy4/tes/output/weights_control//ENST00000272367.7.wgt.RDat	ENST00000272367.7	2	70808643	70820599	0.2774	rs1861074	-1.592	rs17719042	 2.01e-01	 10.35	 0.5664	21	10	enet	0.28	9.2e-39	 0.3630	7.17e-01
NA	/data/songy4/tes/output/weights_control//ENST00000272321.12.wgt.RDat	ENST00000272321.12	2	63119559	63588477	0.0290	NA	    NA	NA	       NA	    NA	     NA	12	 0	top1	0.017	0.0014	     NA	      NA
NA	/data/songy4/tes/output/weights_control//ENST00000603175.1.wgt.RDat	ENST00000603175.1	2	74502595	74504677	0.0492	rs6546891	-1.475	rs205651	 2.11e-02	  3.67	-1.0400	15	 1	top1	0.021	0.00048	-1.0400	2.98e-01
NA	/data/songy4/tes/output/weights_control//ENST00000486254.3.wgt.RDat	ENST00000486254.3	2	158669170	158677355	0.0415	rs10933443	 3.092	rs13429339	-1.89e-03	  3.26	 0.6563	23	11	enet	0.012	0.0073	 0.0799	9.36e-01
NA	/data/songy4/tes/output/weights_control//ENST00000272895.12.wgt.RDat	ENST00000272895.12	2	214931542	215138626	0.0420	rs11895074	 1.939	rs13405209	 6.47e-03	  3.32	 0.3839	12	 5	enet	0.024	0.00021	-0.6156	5.38e-01
NA	/data/songy4/tes/output/weights_control//ENST00000494539.5.wgt.RDat	ENST00000494539.5	2	55175639	55232303	0.1239	rs11682238	 1.741	rs2589096	 3.97e-02	  5.64	 1.0762	 7	 3	enet	0.11	6.1e-15	 1.1051	2.69e-01
NA	/data/songy4/tes/output/weights_control//ENST00000424798.5.wgt.RDat	ENST00000424798.5	2	241096601	241099894	0.0393	rs10196581	 2.129	rs10165759	-1.77e-03	 -2.82	-1.8922	36	11	enet	-0.0013	0.57	 0.8117	4.17e-01
NA	/data/songy4/tes/output/weights_control//ENST00000485527.5.wgt.RDat	ENST00000485527.5	2	74958705	74960236	0.0526	rs680545	-2.560	rs17010664	 4.76e-03	 -3.32	 0.8284	25	 8	enet	0.027	8.3e-05	-2.0592	3.95e-02
NA	/data/songy4/tes/output/weights_control//ENST00000485642.1.wgt.RDat	ENST00000485642.1	2	28566443	28578147	0.0518	rs3768666	 3.958	rs11689469	-1.73e-03	  3.15	 0.1188	23	 7	enet	0.0046	0.065	 2.0807	3.75e-02
NA	/data/songy4/tes/output/weights_control//ENST00000603639.5.wgt.RDat	ENST00000603639.5	2	151485760	151733156	0.0590	rs991000	-2.455	rs2139425	 1.24e-02	  3.63	-0.1442	30	13	enet	0.018	0.0012	 0.1142	9.09e-01
NA	/data/songy4/tes/output/weights_control//ENST00000282406.9.wgt.RDat	ENST00000282406.9	2	43637260	43767987	0.0668	rs2011896	-1.929	rs2011896	 1.50e-02	 -3.75	-1.9286	29	12	enet	0.045	5.9e-07	 0.6576	5.11e-01
NA	/data/songy4/tes/output/weights_control//ENST00000282278.12.wgt.RDat	ENST00000282278.12	2	197726879	197786312	0.0357	rs11674328	-1.750	rs12693795	 5.84e-03	  3.09	-0.9236	14	 7	enet	0.027	9e-05	-1.1760	2.40e-01
NA	/data/songy4/tes/output/weights_control//ENST00000421804.6.wgt.RDat	ENST00000421804.6	2	111898608	112029366	0.0359	NA	    NA	NA	       NA	    NA	     NA	21	 0	top1	0.032	2.2e-05	     NA	      NA
NA	/data/songy4/tes/output/weights_control//ENST00000485408.1.wgt.RDat	ENST00000485408.1	2	201187746	201193403	0.0351	rs7598349	-3.600	rs10497863	 2.60e-03	 -3.55	-2.0000	21	 2	lasso	0.016	0.0024	 2.2135	2.69e-02
NA	/data/songy4/tes/output/weights_control//ENST00000589303.5.wgt.RDat	ENST00000589303.5	2	38076280	38131567	0.0559	rs6544074	-2.365	rs10211237	 3.27e-02	  4.38	-0.1250	23	 5	lasso	0.041	1.8e-06	-0.9832	3.26e-01
NA	/data/songy4/tes/output/weights_control//ENST00000485940.1.wgt.RDat	ENST00000485940.1	2	241138752	241140867	0.0491	rs10196581	 2.129	rs10204130	-9.93e-04	  2.87	-0.6899	34	14	enet	-8.3e-05	0.33	 0.8031	4.22e-01
NA	/data/songy4/tes/output/weights_control//ENST00000421966.1.wgt.RDat	ENST00000421966.1	2	102726918	102736888	0.0385	rs4851507	 2.742	rs3755285	 1.70e-02	 -3.35	-0.7477	17	11	enet	0.022	0.00038	 1.8155	6.94e-02
NA	/data/songy4/tes/output/weights_control//ENST00000664764.1.wgt.RDat	ENST00000664764.1	2	197640441	197641574	0.0399	rs11674328	-1.750	rs2697246	 2.32e-02	  3.81	-0.2157	13	 1	top1	0.023	0.00027	-0.2157	8.29e-01
NA	/data/songy4/tes/output/weights_control//ENST00000424585.1.wgt.RDat	ENST00000424585.1	2	151496305	151513606	0.0387	rs991000	-2.455	rs2139425	-1.54e-03	  2.81	-0.1442	28	 2	lasso	0.0038	0.085	-0.1273	8.99e-01
NA	/data/songy4/tes/output/weights_control//ENST00000422492.1.wgt.RDat	ENST00000422492.1	2	110125399	110129259	0.0454	rs260620	 1.901	rs260620	 4.78e-03	 -2.97	 1.9008	12	 9	enet	0.016	0.002	-1.4015	1.61e-01
NA	/data/songy4/tes/output/weights_control//ENST00000602588.1.wgt.RDat	ENST00000602588.1	2	84658307	84697842	0.1072	rs17024618	 2.252	rs1454998	 3.31e-02	  6.28	 1.1770	12	 2	lasso	0.09	1.3e-12	 1.0255	3.05e-01
NA	/data/songy4/tes/output/weights_control//ENST00000488144.5.wgt.RDat	ENST00000488144.5	2	30447249	30533266	0.1089	rs17009486	-2.256	rs2602788	 5.41e-02	 -5.62	 0.9208	29	 1	top1	0.054	4e-08	-0.9208	3.57e-01
NA	/data/songy4/tes/output/weights_control//ENST00000493544.1.wgt.RDat	ENST00000493544.1	2	241113635	241134769	0.0465	rs10196581	 2.129	rs10165759	-1.71e-03	 -2.71	-1.8922	36	 3	lasso	-0.001	0.49	 1.4832	1.38e-01
NA	/data/songy4/tes/output/weights_control//ENST00000667658.1.wgt.RDat	ENST00000667658.1	2	33855684	33954012	0.0554	rs17013129	-2.627	rs4670818	 7.74e-03	 -3.78	 1.8400	32	13	enet	0.02	0.00073	-1.3789	1.68e-01
NA	/data/songy4/tes/output/weights_control//ENST00000264708.7.wgt.RDat	ENST00000264708.7	2	25160985	25168571	0.0567	rs511777	 1.972	rs7583475	 1.03e-03	 -3.49	 0.2750	 8	 6	enet	0.04	2.1e-06	-1.5329	1.25e-01
NA	/data/songy4/tes/output/weights_control//ENST00000487320.5.wgt.RDat	ENST00000487320.5	2	55177744	55232345	0.1425	rs11682238	 1.741	rs2589096	 4.37e-02	  5.79	 1.0762	 7	 7	enet	0.11	1.4e-15	 0.8397	4.01e-01
NA	/data/songy4/tes/output/weights_control//ENST00000494178.1.wgt.RDat	ENST00000494178.1	2	1163563	1242785	0.0581	rs13415540	 2.669	rs13415540	 1.72e-03	  3.49	 2.6693	13	10	enet	0.025	0.00016	 2.0904	3.66e-02
NA	/data/songy4/tes/output/weights_control//ENST00000486908.1.wgt.RDat	ENST00000486908.1	2	85389548	85390654	0.0737	rs6720075	 1.738	rs1135604	 5.48e-02	 -5.79	 0.7526	18	 1	top1	0.055	3.3e-08	-0.7526	4.52e-01
NA	/data/songy4/tes/output/weights_control//ENST00000424780.1.wgt.RDat	ENST00000424780.1	2	233647926	233649026	0.0394	rs1850593	-2.491	rs6431586	 7.69e-03	 -2.98	-1.7299	15	 1	top1	0.0077	0.025	 1.7299	8.37e-02
NA	/data/songy4/tes/output/weights_control//ENST00000494025.1.wgt.RDat	ENST00000494025.1	2	84517823	84584791	0.1351	rs17024618	 2.252	rs13002679	 8.78e-02	  7.78	 0.4388	10	 3	lasso	0.15	4.2e-21	 1.0783	2.81e-01
NA	/data/songy4/tes/output/weights_control//ENST00000422425.6.wgt.RDat	ENST00000422425.6	2	28496071	28643788	0.0612	rs3768666	 3.958	rs11689469	-1.73e-03	  2.69	 0.1188	23	14	enet	0.0054	0.051	 1.8528	6.39e-02
NA	/data/songy4/tes/output/weights_control//ENST00000602736.1.wgt.RDat	ENST00000602736.1	2	20586248	20586686	0.0459	rs342132	 2.232	rs1344836	 2.40e-02	 -3.85	-1.4800	31	 1	top1	0.024	0.00021	 1.4800	1.39e-01
NA	/data/songy4/tes/output/weights_control//ENST00000666343.1.wgt.RDat	ENST00000666343.1	2	6912311	6918589	0.0498	rs10495541	 2.015	rs4669077	 2.47e-02	  4.13	 1.1905	35	 1	top1	0.025	0.00018	 1.1905	2.34e-01
NA	/data/songy4/tes/output/weights_control//ENST00000263655.3.wgt.RDat	ENST00000263655.3	2	68293010	68320006	0.0550	rs4362542	-2.838	rs7419739	-5.38e-04	 -2.87	-1.8571	20	12	enet	0.011	0.01	 1.0704	2.84e-01
NA	/data/songy4/tes/output/weights_control//ENST00000263863.8.wgt.RDat	ENST00000263863.8	2	85694291	85698854	0.0393	rs6720075	 1.738	rs6720075	-9.91e-04	 -3.01	 1.7382	22	12	enet	-0.00041	0.38	-0.5138	6.07e-01
NA	/data/songy4/tes/output/weights_control//ENST00000465200.5.wgt.RDat	ENST00000465200.5	2	30447236	30562190	0.0772	rs17009486	-2.256	rs2602788	 3.91e-02	 -4.86	 0.9208	29	 1	top1	0.039	2.9e-06	-0.9208	3.57e-01
NA	/data/songy4/tes/output/weights_control//ENST00000642796.1.wgt.RDat	ENST00000642796.1	2	87454781	87630751	0.0313	NA	    NA	NA	       NA	    NA	     NA	 2	 0	top1	0.021	0.00054	     NA	      NA
NA	/data/songy4/tes/output/weights_control//ENST00000465306.1.wgt.RDat	ENST00000465306.1	2	217986740	217991029	0.0535	rs6734010	-1.816	rs12466929	 1.02e-02	  3.56	-0.7584	24	 3	enet	0.021	0.00049	-0.1755	8.61e-01
NA	/data/songy4/tes/output/weights_control//ENST00000642243.1.wgt.RDat	ENST00000642243.1	2	86216517	86282232	0.0621	rs6734709	-2.657	rs4832027	 4.20e-02	  5.08	 0.7500	11	 1	top1	0.042	1.3e-06	 0.7500	4.53e-01
NA	/data/songy4/tes/output/weights_control//ENST00000642451.1.wgt.RDat	ENST00000642451.1	2	87455368	87590491	0.0332	NA	    NA	NA	       NA	    NA	     NA	 2	 0	top1	0.025	0.00017	     NA	      NA
NA	/data/songy4/tes/output/weights_control//ENST00000466020.1.wgt.RDat	ENST00000466020.1	2	55205712	55232264	0.0994	rs11682238	 1.741	rs2589096	 2.77e-02	  4.66	 1.0762	 7	 4	enet	0.08	2.7e-11	 1.0106	3.12e-01
NA	/data/songy4/tes/output/weights_control//ENST00000430004.5.wgt.RDat	ENST00000430004.5	2	197726879	197785010	0.0445	rs11674328	-1.750	rs12693795	 7.12e-03	  3.46	-0.9236	14	 8	enet	0.029	4.6e-05	-1.1638	2.44e-01
NA	/data/songy4/tes/output/weights_control//ENST00000430010.1.wgt.RDat	ENST00000430010.1	2	55224280	55225908	0.0983	rs11682238	 1.741	rs11692696	 5.33e-02	  5.85	 0.6531	 6	 6	enet	0.073	1.9e-10	 0.9127	3.61e-01
NA	/data/songy4/tes/output/weights_control//ENST00000416845.1.wgt.RDat	ENST00000416845.1	2	62463127	62464070	0.0376	rs921320	 2.490	rs12620241	 8.81e-03	 -3.42	-2.0966	19	10	enet	0.026	0.00011	-0.6183	5.36e-01
NA	/data/songy4/tes/output/weights_control//ENST00000416673.6.wgt.RDat	ENST00000416673.6	2	113610502	113627040	0.0339	rs6542097	 1.787	rs11690399	 2.42e-02	 -3.91	 0.8936	17	 1	top1	0.024	2e-04	-0.8936	3.72e-01
NA	/data/songy4/tes/output/weights_control//ENST00000465538.5.wgt.RDat	ENST00000465538.5	2	30447256	30533319	0.0963	rs17009486	-2.256	rs2602788	 4.64e-02	 -5.24	 0.9208	29	 1	top1	0.046	3.6e-07	-0.9208	3.57e-01
NA	/data/songy4/tes/output/weights_control//ENST00000416713.5.wgt.RDat	ENST00000416713.5	2	28457145	28539165	0.0519	rs3768666	 3.958	rs3768666	 5.69e-03	  3.20	 3.9579	23	 1	top1	0.0057	0.046	 3.9579	7.56e-05
NA	/data/songy4/tes/output/weights_control//ENST00000463744.1.wgt.RDat	ENST00000463744.1	2	74505368	74505726	0.0350	rs6546891	-1.475	rs17726725	-1.84e-03	 -2.41	 0.1741	15	10	enet	-0.0018	0.8	-0.5680	5.70e-01
NA	/data/songy4/tes/output/weights_control//ENST00000463442.5.wgt.RDat	ENST00000463442.5	2	1102546	1209230	0.0414	rs13415540	 2.669	rs17042441	-1.91e-03	  3.34	 0.0741	16	 6	enet	0.017	0.0017	 1.7457	8.09e-02
NA	/data/songy4/tes/output/weights_control//ENST00000642062.1.wgt.RDat	ENST00000642062.1	2	71024127	71029893	0.1194	rs1861074	-1.592	rs4852244	 9.71e-03	  4.27	 0.7984	22	15	enet	0.073	1.9e-10	 0.4187	6.75e-01
NA	/data/songy4/tes/output/weights_control//ENST00000609765.1.wgt.RDat	ENST00000609765.1	2	36513255	36513732	0.0344	rs10170712	 2.917	rs848504	 1.49e-02	 -3.27	 0.2941	30	 4	lasso	0.02	0.00063	 0.3438	7.31e-01
NA	/data/songy4/tes/output/weights_control//ENST00000641801.1.wgt.RDat	ENST00000641801.1	2	227616998	227618655	0.0381	rs6723547	-1.568	rs13419630	 7.45e-04	 -2.89	 0.3765	23	14	enet	0.0016	0.18	 0.1115	9.11e-01
NA	/data/songy4/tes/output/weights_control//ENST00000464243.1.wgt.RDat	ENST00000464243.1	2	55218120	55232263	0.1101	rs11682238	 1.741	rs11692696	 3.05e-02	  5.28	 0.6531	 7	 4	enet	0.094	4.4e-13	 1.0173	3.09e-01
NA	/data/songy4/tes/output/weights_control//ENST00000363216.1.wgt.RDat	ENST00000363216.1	2	55014418	55014521	0.0411	rs11682238	 1.741	rs11692696	-9.74e-04	  2.95	 0.6531	 9	 6	enet	0.0036	0.089	 0.5328	5.94e-01
NA	/data/songy4/tes/output/weights_control//ENST00000469030.1.wgt.RDat	ENST00000469030.1	2	112584872	112589040	0.0253	rs2139376	-1.222	rs10183121	 1.35e-02	  3.63	 0.6289	 9	 1	top1	0.014	0.0044	 0.6289	5.29e-01
NA	/data/songy4/tes/output/weights_control//ENST00000468827.2.wgt.RDat	ENST00000468827.2	2	197728252	197756445	0.0349	rs11674328	-1.750	rs10931777	-1.68e-03	 -2.97	 0.6356	14	 6	enet	0.00078	0.24	-0.4552	6.49e-01
NA	/data/songy4/tes/output/weights_control//ENST00000468661.1.wgt.RDat	ENST00000468661.1	2	84516537	84544329	0.0856	rs17024618	 2.252	rs13002679	 3.38e-02	  6.19	 0.4388	 9	 2	lasso	0.089	1.5e-12	 1.0000	3.17e-01
NA	/data/songy4/tes/output/weights_control//ENST00000466372.1.wgt.RDat	ENST00000466372.1	2	131736552	131750763	0.0270	rs13399132	-0.602	rs1134119	 4.47e-03	 -3.22	-0.1065	 4	 4	enet	0.012	0.0068	 0.2972	7.66e-01
NA	/data/songy4/tes/output/weights_control//ENST00000643817.1.wgt.RDat	ENST00000643817.1	2	86215618	86282232	0.0504	rs6734709	-2.657	rs4832027	 3.43e-02	  4.66	 0.7500	11	 1	top1	0.034	1.1e-05	 0.7500	4.53e-01
NA	/data/songy4/tes/output/weights_control//ENST00000466477.5.wgt.RDat	ENST00000466477.5	2	30447226	30552549	0.0738	rs17009486	-2.256	rs2602788	 3.76e-02	 -4.76	 0.9208	29	 9	enet	0.041	1.8e-06	-0.3206	7.49e-01
NA	/data/songy4/tes/output/weights_control//ENST00000366209.6.wgt.RDat	ENST00000366209.6	2	33706886	34297753	0.0785	rs17013129	-2.627	rs4670818	 2.12e-02	 -4.47	 1.8400	36	12	enet	0.051	8.8e-08	-1.4027	1.61e-01
NA	/data/songy4/tes/output/weights_control//ENST00000366153.2.wgt.RDat	ENST00000366153.2	2	55214387	55216126	0.1226	rs11682238	 1.741	rs11692696	 3.39e-02	  5.10	 0.6531	 7	 7	enet	0.096	2e-13	 1.1057	2.69e-01
NA	/data/songy4/tes/output/weights_control//ENST00000366140.6.wgt.RDat	ENST00000366140.6	2	6828514	6833531	0.0774	rs10495541	 2.015	rs4143153	 5.75e-02	  5.71	-0.3721	35	 1	top1	0.058	1.5e-08	-0.3721	7.10e-01
NA	/data/songy4/tes/output/weights_control//ENST00000467759.5.wgt.RDat	ENST00000467759.5	2	1163247	1220057	0.0693	rs13415540	 2.669	rs13415540	 4.30e-04	  3.46	 2.6693	13	12	enet	0.03	3.4e-05	 1.9283	5.38e-02
NA	/data/songy4/tes/output/weights_control//ENST00000467762.2.wgt.RDat	ENST00000467762.2	2	151505948	151507112	0.0500	rs991000	-2.455	rs16828266	 6.66e-03	  3.11	-1.0222	28	 3	lasso	0.0082	0.021	-0.9318	3.51e-01
NA	/data/songy4/tes/output/weights_control//ENST00000467745.1.wgt.RDat	ENST00000467745.1	2	87015652	87017985	0.0252	rs6734709	-2.657	rs6734709	 2.20e-02	  3.60	-2.6566	 2	 1	top1	0.022	0.00037	-2.6566	7.89e-03
NA	/data/songy4/tes/output/weights_control//ENST00000379509.7.wgt.RDat	ENST00000379509.7	2	30447236	30644224	0.1480	rs17009486	-2.256	rs2602788	 7.31e-02	 -6.37	 0.9208	31	14	enet	0.08	2.4e-11	-0.6123	5.40e-01
NA	/data/songy4/tes/output/weights_control//ENST00000460356.1.wgt.RDat	ENST00000460356.1	2	43692230	43695204	0.0529	rs2011896	-1.929	rs4245786	 1.00e-03	  3.16	-0.2353	27	 7	enet	0.013	0.0053	-0.6201	5.35e-01
NA	/data/songy4/tes/output/weights_control//ENST00000546307.5.wgt.RDat	ENST00000546307.5	2	72129238	72147862	0.0482	rs2192015	-4.040	rs2192015	 4.67e-02	  5.25	-4.0400	21	 1	top1	0.047	3.3e-07	-4.0400	5.35e-05
NA	/data/songy4/tes/output/weights_control//ENST00000460096.1.wgt.RDat	ENST00000460096.1	2	11782364	11784313	0.0484	rs892868	-1.961	rs2358126	 4.74e-02	  5.33	-0.6733	26	 1	top1	0.047	2.8e-07	-0.6733	5.01e-01
NA	/data/songy4/tes/output/weights_control//ENST00000637652.1.wgt.RDat	ENST00000637652.1	2	64340759	64340839	0.0636	rs6730262	 3.198	rs1370388	 9.32e-03	 -4.05	-0.3617	13	 2	lasso	0.024	0.00019	 1.9295	5.37e-02
NA	/data/songy4/tes/output/weights_control//ENST00000460508.3.wgt.RDat	ENST00000460508.3	2	74497517	74503316	0.0435	rs6546891	-1.475	rs205651	 2.21e-02	  3.58	-1.0400	15	 1	top1	0.022	0.00037	-1.0400	2.98e-01
NA	/data/songy4/tes/output/weights_control//ENST00000637203.1.wgt.RDat	ENST00000637203.1	2	151368334	151368411	0.0580	rs991000	-2.455	rs16828372	 3.56e-03	 -3.17	-0.4342	31	 1	top1	0.0036	0.091	 0.4342	6.64e-01
NA	/data/songy4/tes/output/weights_control//ENST00000637224.1.wgt.RDat	ENST00000637224.1	2	151802827	151973923	0.0366	rs991000	-2.455	rs10497071	-3.71e-04	 -3.00	-0.6147	23	10	enet	0.003	0.11	-0.9749	3.30e-01
NA	/data/songy4/tes/output/weights_control//ENST00000635743.1.wgt.RDat	ENST00000635743.1	2	151870842	152048789	0.0291	rs10210872	 1.500	rs929388	 1.88e-03	  3.33	-0.6387	16	 5	enet	0.01	0.011	-0.1515	8.80e-01
NA	/data/songy4/tes/output/weights_control//ENST00000458140.6.wgt.RDat	ENST00000458140.6	2	151802982	151828492	0.0354	rs991000	-2.455	rs10497071	 1.02e-03	 -3.10	-0.6147	23	 1	top1	0.001	0.22	 0.6147	5.39e-01
NA	/data/songy4/tes/output/weights_control//ENST00000381585.7.wgt.RDat	ENST00000381585.7	2	11133053	11146024	0.0394	rs13425611	-2.467	rs13004435	 6.78e-03	 -2.96	-0.5444	38	 1	top1	0.0068	0.033	 0.5444	5.86e-01
NA	/data/songy4/tes/output/weights_control//ENST00000459710.1.wgt.RDat	ENST00000459710.1	2	241126986	241127759	0.0457	rs10196581	 2.129	rs2368498	-1.85e-03	 -3.13	-0.2796	34	10	enet	0.00041	0.27	-0.0597	9.52e-01
NA	/data/songy4/tes/output/weights_control//ENST00000459636.5.wgt.RDat	ENST00000459636.5	2	74958706	74961504	0.0582	rs680545	-2.560	rs6705417	 1.58e-02	 -3.98	 0.8256	25	 3	lasso	0.028	7.5e-05	-1.2936	1.96e-01
NA	/data/songy4/tes/output/weights_control//ENST00000415234.1.wgt.RDat	ENST00000415234.1	2	241137071	241149481	0.0496	rs10196581	 2.129	rs10204130	-1.08e-03	  3.29	-0.6899	34	16	enet	0.0016	0.18	 0.7675	4.43e-01
NA	/data/songy4/tes/output/weights_control//ENST00000636024.1.wgt.RDat	ENST00000636024.1	2	151802651	151842014	0.0343	rs991000	-2.455	rs10497071	 3.07e-03	 -3.01	-0.6147	23	 1	top1	0.0031	0.11	 0.6147	5.39e-01
NA	/data/songy4/tes/output/weights_control//ENST00000459273.1.wgt.RDat	ENST00000459273.1	2	20246326	20246387	0.0430	rs10177060	-2.393	rs343161	 1.55e-04	 -3.16	 0.0000	26	 1	top1	0.00016	0.3	 0.0000	1.00e+00
NA	/data/songy4/tes/output/weights_control//ENST00000636066.1.wgt.RDat	ENST00000636066.1	2	50916826	51027830	0.0408	rs9309189	 1.667	rs2048979	 1.51e-04	 -2.88	-1.0891	13	 6	enet	0.016	0.0023	 0.3138	7.54e-01
NA	/data/songy4/tes/output/weights_control//ENST00000380794.5.wgt.RDat	ENST00000380794.5	2	25160853	25168690	0.0583	rs511777	 1.972	rs7583475	 2.26e-03	 -3.57	 0.2750	 8	 6	enet	0.043	8.5e-07	-1.5355	1.25e-01
NA	/data/songy4/tes/output/weights_control//ENST00000462609.2.wgt.RDat	ENST00000462609.2	2	71109814	71118384	0.0334	rs1861074	-1.592	rs17721027	 4.25e-03	 -3.48	 0.7664	20	 7	enet	0.015	0.0025	 0.6325	5.27e-01
NA	/data/songy4/tes/output/weights_control//ENST00000551203.1.wgt.RDat	ENST00000551203.1	2	74120680	74123218	0.0561	rs6546891	-1.475	rs6546891	 5.91e-02	  5.71	-1.4754	 9	 1	top1	0.059	9.8e-09	-1.4754	1.40e-01
NA	/data/songy4/tes/output/weights_control//ENST00000462739.1.wgt.RDat	ENST00000462739.1	2	170843802	170845543	0.0501	rs1011203	-2.037	rs6730459	 1.66e-02	 -3.18	-0.0407	18	 8	enet	0.023	0.00031	-0.4190	6.75e-01
NA	/data/songy4/tes/output/weights_control//ENST00000550249.2.wgt.RDat	ENST00000550249.2	2	74497582	74503216	0.0496	rs6546891	-1.475	rs205651	 2.89e-02	  4.08	-1.0400	15	 1	top1	0.029	5.3e-05	-1.0400	2.98e-01
NA	/data/songy4/tes/output/weights_control//ENST00000375258.8.wgt.RDat	ENST00000375258.8	2	171317409	171434086	0.0573	rs1011203	-2.037	rs7578592	-5.97e-04	 -3.28	-0.8212	33	12	enet	0.0041	0.076	 1.3000	1.94e-01
NA	/data/songy4/tes/output/weights_control//ENST00000640669.1.wgt.RDat	ENST00000640669.1	2	109898432	109968557	0.0372	rs260620	 1.901	rs11689995	 1.53e-02	  3.30	-0.7767	14	 1	top1	0.015	0.0026	-0.7767	4.37e-01
NA	/data/songy4/tes/output/weights_control//ENST00000463300.1.wgt.RDat	ENST00000463300.1	2	55218345	55232292	0.1095	rs11682238	 1.741	rs2589096	 3.03e-02	  5.32	 1.0762	 7	 4	enet	0.092	8.1e-13	 0.9677	3.33e-01
NA	/data/songy4/tes/output/weights_control//ENST00000638236.1.wgt.RDat	ENST00000638236.1	2	1795610	1801948	0.0409	rs751150	 1.930	rs17247253	 1.90e-02	 -3.58	 0.3214	24	 1	top1	0.019	0.00088	-0.3214	7.48e-01
NA	/data/songy4/tes/output/weights_control//ENST00000377566.9.wgt.RDat	ENST00000377566.9	2	74497517	74499603	0.0926	rs6546891	-1.475	rs205651	 5.33e-02	  5.43	-1.0400	15	 9	enet	0.061	5e-09	-0.9283	3.53e-01
NA	/data/songy4/tes/output/weights_control//ENST00000377469.1.wgt.RDat	ENST00000377469.1	2	74928239	74933024	0.1716	rs680545	-2.560	rs17010664	 7.04e-02	 -6.18	 0.8284	26	16	enet	0.098	1.4e-13	-0.5539	5.80e-01
NA	/data/songy4/tes/output/weights_control//ENST00000431088.1.wgt.RDat	ENST00000431088.1	2	222726457	222726834	0.0551	rs2276630	 2.664	rs13405641	-5.54e-04	 -2.89	-0.5038	29	11	enet	0.033	1.5e-05	 1.8289	6.74e-02
NA	/data/songy4/tes/output/weights_control//ENST00000462099.1.wgt.RDat	ENST00000462099.1	2	102732286	102736839	0.0445	rs4851507	 2.742	rs3755285	 1.78e-02	 -3.51	-0.7477	17	14	enet	0.023	0.00032	 1.4579	1.45e-01
NA	/data/songy4/tes/output/weights_control//ENST00000548978.2.wgt.RDat	ENST00000548978.2	2	74502595	74504678	0.0373	rs6546891	-1.475	rs205651	 1.94e-02	  3.57	-1.0400	15	 1	top1	0.019	0.00079	-1.0400	2.98e-01
NA	/data/songy4/tes/output/weights_control//ENST00000377254.7.wgt.RDat	ENST00000377254.7	2	88170295	88186636	0.0655	rs1914732	-3.064	rs1914732	 2.86e-02	 -4.45	-3.0642	 4	 2	lasso	0.052	6.6e-08	 3.0783	2.08e-03
NA	/data/songy4/tes/output/weights_control//ENST00000474610.1.wgt.RDat	ENST00000474610.1	2	33726061	33728207	0.0437	rs17013129	-2.627	rs4670818	 3.73e-02	 -4.66	 1.8400	28	 1	top1	0.037	4.8e-06	-1.8400	6.58e-02
NA	/data/songy4/tes/output/weights_control//ENST00000474667.1.wgt.RDat	ENST00000474667.1	2	9757496	9770341	0.0459	rs12615983	-2.616	rs6734784	 3.82e-03	 -3.05	-0.1833	25	 3	lasso	0.0077	0.025	 1.0436	2.97e-01
NA	/data/songy4/tes/output/weights_control//ENST00000343544.8.wgt.RDat	ENST00000343544.8	2	88170398	88186627	0.0749	NA	    NA	NA	       NA	    NA	     NA	 4	 0	lasso	0.061	6.2e-09	     NA	      NA
NA	/data/songy4/tes/output/weights_control//ENST00000474788.1.wgt.RDat	ENST00000474788.1	2	68387942	68395717	0.0505	rs17523693	-1.878	rs17035342	 2.79e-03	  3.09	-1.0224	18	 5	enet	0.016	0.0024	 0.4555	6.49e-01
NA	/data/songy4/tes/output/weights_control//ENST00000344657.5.wgt.RDat	ENST00000344657.5	2	227979957	228181626	0.0513	rs4972941	-1.637	rs6725330	 4.98e-03	  3.05	 0.4886	35	 6	lasso	0.0067	0.034	 0.8738	3.82e-01
NA	/data/songy4/tes/output/weights_control//ENST00000475201.5.wgt.RDat	ENST00000475201.5	2	1163247	1220057	0.0569	rs13415540	 2.669	rs17042441	 2.48e-02	  3.95	 0.0741	13	 7	enet	0.033	1.5e-05	 1.6314	1.03e-01
NA	/data/songy4/tes/output/weights_control//ENST00000475320.5.wgt.RDat	ENST00000475320.5	2	30910599	30924823	0.0477	rs17009486	-2.256	rs17324662	 7.98e-03	 -3.03	 2.0129	32	10	enet	0.023	0.00027	-1.7103	8.72e-02
NA	/data/songy4/tes/output/weights_control//ENST00000503990.2.wgt.RDat	ENST00000503990.2	2	71037685	71038703	0.0756	rs1861074	-1.592	rs2080643	 3.38e-02	  4.60	 1.0916	21	 9	enet	0.048	2.3e-07	 1.1177	2.64e-01
NA	/data/songy4/tes/output/weights_control//ENST00000342892.4.wgt.RDat	ENST00000342892.4	2	158658337	158735002	0.0433	rs10933443	 3.092	rs4664236	 2.40e-02	  4.13	-0.5743	23	 1	top1	0.024	0.00021	-0.5743	5.66e-01
NA	/data/songy4/tes/output/weights_control//ENST00000428085.1.wgt.RDat	ENST00000428085.1	2	102719004	102732340	0.0347	rs4851507	 2.742	rs3755285	 1.46e-02	 -3.02	-0.7477	17	 1	top1	0.015	0.0032	 0.7477	4.55e-01
NA	/data/songy4/tes/output/weights_control//ENST00000473274.5.wgt.RDat	ENST00000473274.5	2	238163992	238168900	0.0340	rs2573727	-1.736	rs10929236	 4.92e-03	 -3.04	-0.5043	22	 1	enet	0.0088	0.018	 0.5043	6.14e-01
NA	/data/songy4/tes/output/weights_control//ENST00000607540.1.wgt.RDat	ENST00000607540.1	2	56147630	56386171	0.1019	rs6545508	 2.333	rs6714635	 9.00e-02	 -7.09	-1.0388	19	 1	top1	0.09	1.3e-12	 1.0388	2.99e-01
NA	/data/songy4/tes/output/weights_control//ENST00000473432.1.wgt.RDat	ENST00000473432.1	2	8858859	8861142	0.0454	rs12615983	-2.616	rs345901	-1.76e-03	 -3.11	-1.2995	28	 9	enet	0.012	0.0064	 0.9014	3.67e-01
NA	/data/songy4/tes/output/weights_control//ENST00000473116.1.wgt.RDat	ENST00000473116.1	2	85760749	85781167	0.0335	rs6720075	 1.738	rs11676464	 8.34e-03	  3.40	 0.3014	21	13	enet	0.0085	0.019	-0.8600	3.90e-01
NA	/data/songy4/tes/output/weights_control//ENST00000351288.10.wgt.RDat	ENST00000351288.10	2	130151408	130181601	0.0355	rs4662999	-2.291	rs4622658	 3.14e-02	  4.27	-0.7059	11	 1	top1	0.031	2.6e-05	-0.7059	4.80e-01
NA	/data/songy4/tes/output/weights_control//ENST00000418451.1.wgt.RDat	ENST00000418451.1	2	52864235	52866631	0.0540	rs6735211	-2.053	rs7594954	 1.08e-02	 -3.97	 1.1643	13	 8	enet	0.03	3.7e-05	-1.6672	9.55e-02
NA	/data/songy4/tes/output/weights_control//ENST00000428335.1.wgt.RDat	ENST00000428335.1	2	1158310	1160424	0.0402	rs13415540	 2.669	rs4854379	 1.56e-02	 -3.14	-0.8505	12	 1	top1	0.016	0.0024	 0.8505	3.95e-01
NA	/data/songy4/tes/output/weights_control//ENST00000651711.1.wgt.RDat	ENST00000651711.1	2	76691007	76692489	0.0424	rs7568302	 1.777	rs985812	 3.44e-02	  4.50	-0.1250	13	 1	top1	0.034	1.1e-05	-0.1250	9.01e-01
NA	/data/songy4/tes/output/weights_control//ENST00000607419.1.wgt.RDat	ENST00000607419.1	2	10878269	10885118	0.0618	rs7559979	 2.977	rs4669654	 6.56e-03	 -3.54	-0.9950	48	10	enet	0.026	0.00012	-0.0103	9.92e-01
NA	/data/songy4/tes/output/weights_control//ENST00000651479.1.wgt.RDat	ENST00000651479.1	2	121790447	121809959	0.0434	rs1133080	-2.313	rs4849909	 2.17e-03	  2.97	 0.4786	23	12	enet	0.0092	0.015	-1.0700	2.85e-01
NA	/data/songy4/tes/output/weights_control//ENST00000428379.1.wgt.RDat	ENST00000428379.1	2	7074504	7077880	0.0488	NA	    NA	NA	       NA	    NA	     NA	40	 0	lasso	0.0071	0.029	     NA	      NA
NA	/data/songy4/tes/output/weights_control//ENST00000473800.1.wgt.RDat	ENST00000473800.1	2	149038107	149101583	0.0255	rs1446842	-1.594	rs2121344	 2.17e-02	  3.92	-0.4909	11	 1	top1	0.022	0.00041	-0.4909	6.23e-01
NA	/data/songy4/tes/output/weights_control//ENST00000419363.1.wgt.RDat	ENST00000419363.1	2	42797225	42798712	0.0337	rs17029230	-1.614	rs12613026	 1.13e-02	  3.84	 0.4949	17	 1	top1	0.011	0.0083	 0.4949	6.21e-01
NA	/data/songy4/tes/output/weights_control//ENST00000606986.1.wgt.RDat	ENST00000606986.1	2	195451778	195515699	0.0254	rs1430701	 1.126	rs17774667	 2.17e-02	  3.64	-1.0984	10	 8	enet	0.023	0.00025	-0.6076	5.43e-01
NA	/data/songy4/tes/output/weights_control//ENST00000475910.1.wgt.RDat	ENST00000475910.1	2	88173273	88177141	0.0707	rs1914732	-3.064	rs1914732	 3.40e-02	 -4.52	-3.0642	 4	 4	enet	0.04	2.2e-06	 2.7430	6.09e-03
NA	/data/songy4/tes/output/weights_control//ENST00000475860.1.wgt.RDat	ENST00000475860.1	2	241099168	241102314	0.0390	rs10196581	 2.129	rs10165759	-1.77e-03	 -2.84	-1.8922	36	 2	lasso	0.0025	0.13	 1.6008	1.09e-01
NA	/data/songy4/tes/output/weights_control//ENST00000419002.6.wgt.RDat	ENST00000419002.6	2	3594836	3605040	0.0396	rs11684944	 3.833	rs1864480	 2.90e-02	  4.16	 0.0551	41	 1	top1	0.029	5.1e-05	 0.0551	9.56e-01
NA	/data/songy4/tes/output/weights_control//ENST00000475666.1.wgt.RDat	ENST00000475666.1	2	241107465	241112425	0.0429	rs10196581	 2.129	rs10165759	-1.91e-03	 -2.94	-1.8922	36	14	enet	-0.0013	0.57	 1.4710	1.41e-01
NA	/data/songy4/tes/output/weights_control//ENST00000653077.1.wgt.RDat	ENST00000653077.1	2	38075901	38181710	0.0611	rs6544074	-2.365	rs2116232	 1.06e-03	 -3.46	 1.5833	24	 7	enet	0.034	1.3e-05	-1.1706	2.42e-01
NA	/data/songy4/tes/output/weights_control//ENST00000476535.1.wgt.RDat	ENST00000476535.1	2	30447403	30562193	0.0916	rs17009486	-2.256	rs2602788	 5.02e-02	 -5.38	 0.9208	29	 1	top1	0.05	1.2e-07	-0.9208	3.57e-01
NA	/data/songy4/tes/output/weights_control//ENST00000476564.5.wgt.RDat	ENST00000476564.5	2	241089041	241102320	0.0383	rs10196581	 2.129	rs4853981	-1.74e-03	  2.81	 0.0396	36	 2	lasso	0.006	0.041	 0.2719	7.86e-01
NA	/data/songy4/tes/output/weights_control//ENST00000476689.5.wgt.RDat	ENST00000476689.5	2	84516455	84584854	0.1173	rs17024618	 2.252	rs13002679	 5.96e-02	  7.19	 0.4388	10	 3	lasso	0.13	6.1e-18	 1.0777	2.81e-01
NA	/data/songy4/tes/output/weights_control//ENST00000653994.1.wgt.RDat	ENST00000653994.1	2	38075634	38148245	0.0411	rs6544074	-2.365	rs2008077	 1.87e-02	 -3.57	 1.0714	23	 1	top1	0.019	0.00096	-1.0714	2.84e-01
NA	/data/songy4/tes/output/weights_control//ENST00000427710.5.wgt.RDat	ENST00000427710.5	2	55027207	55112621	0.0497	rs11682238	 1.741	rs2589096	-6.06e-04	  2.75	 1.0762	 9	 7	enet	0.01	0.011	 0.6506	5.15e-01
NA	/data/songy4/tes/output/weights_control//ENST00000476038.5.wgt.RDat	ENST00000476038.5	2	30447276	30568167	0.0743	rs17009486	-2.256	rs2602788	 4.05e-02	 -4.93	 0.9208	29	 1	top1	0.04	2e-06	-0.9208	3.57e-01
NA	/data/songy4/tes/output/weights_control//ENST00000653521.1.wgt.RDat	ENST00000653521.1	2	77210587	77327103	0.0364	rs11896649	 2.331	rs985812	 1.18e-02	  3.82	-0.1250	20	 4	lasso	0.013	0.0056	 0.2128	8.32e-01
NA	/data/songy4/tes/output/weights_control//ENST00000476349.1.wgt.RDat	ENST00000476349.1	2	88178950	88183457	0.0499	rs1914732	-3.064	rs1914732	 2.94e-02	 -4.11	-3.0642	 4	 1	top1	0.029	4.6e-05	 3.0642	2.18e-03
NA	/data/songy4/tes/output/weights_control//ENST00000428992.2.wgt.RDat	ENST00000428992.2	2	151803103	151828468	0.0335	rs991000	-2.455	rs10497071	-1.69e-04	 -2.96	-0.6147	23	 1	top1	-0.00017	0.34	 0.6147	5.39e-01
NA	/data/songy4/tes/output/weights_control//ENST00000358649.8.wgt.RDat	ENST00000358649.8	2	241106297	241149435	0.0476	rs10196581	 2.129	rs10165759	-1.86e-03	 -2.92	-1.8922	36	16	enet	-0.00099	0.49	 1.1405	2.54e-01
NA	/data/songy4/tes/output/weights_control//ENST00000418001.1.wgt.RDat	ENST00000418001.1	2	74919555	74924846	0.2014	rs680545	-2.560	rs17010664	 8.21e-02	 -6.68	 0.8284	26	20	enet	0.12	5.7e-16	-0.5193	6.04e-01
NA	/data/songy4/tes/output/weights_control//ENST00000470636.1.wgt.RDat	ENST00000470636.1	2	24084749	24085861	0.0195	rs1653780	 2.283	rs7600852	 1.49e-02	 -3.17	 0.2284	 8	 4	enet	0.016	0.002	-0.3317	7.40e-01
NA	/data/songy4/tes/output/weights_control//ENST00000648115.1.wgt.RDat	ENST00000648115.1	2	791614	868608	0.0370	rs13415540	 2.669	rs6728479	-1.35e-03	  3.10	 0.7892	15	10	enet	0.0013	0.2	 0.2853	7.75e-01
NA	/data/songy4/tes/output/weights_control//ENST00000647983.1.wgt.RDat	ENST00000647983.1	2	64395516	64453897	0.0521	rs6730262	 3.198	rs1370388	 1.70e-02	 -3.24	-0.3617	15	14	enet	0.022	0.00039	 0.3064	7.59e-01
NA	/data/songy4/tes/output/weights_control//ENST00000357303.3.wgt.RDat	ENST00000357303.3	2	238165593	238168875	0.0444	rs2573727	-1.736	rs10929236	-1.70e-03	 -2.94	-0.5043	22	 7	enet	0.017	0.0018	-0.4813	6.30e-01
NA	/data/songy4/tes/output/weights_control//ENST00000418066.2.wgt.RDat	ENST00000418066.2	2	69644425	69781560	0.0327	rs7420531	 4.211	rs7420531	 3.48e-02	 -4.44	 4.2105	15	 1	top1	0.035	9.8e-06	-4.2105	2.55e-05
NA	/data/songy4/tes/output/weights_control//ENST00000567549.2.wgt.RDat	ENST00000567549.2	2	242087351	242088457	0.0451	rs11683405	 2.301	rs4675971	 1.12e-03	 -3.60	-1.9259	15	 4	lasso	0.01	0.012	 1.4144	1.57e-01
NA	/data/songy4/tes/output/weights_control//ENST00000429081.1.wgt.RDat	ENST00000429081.1	2	197644247	197676045	0.0475	rs11674328	-1.750	rs2697246	 4.26e-03	  2.95	-0.2157	15	 9	enet	0.023	0.00026	-1.2645	2.06e-01
NA	/data/songy4/tes/output/weights_control//ENST00000649748.1.wgt.RDat	ENST00000649748.1	2	48529546	48598502	0.1547	rs4256003	 1.682	rs7587289	 4.03e-02	 -5.46	 0.6824	16	13	enet	0.1	3.3e-14	-0.6997	4.84e-01
NA	/data/songy4/tes/output/weights_control//ENST00000472167.5.wgt.RDat	ENST00000472167.5	2	9951782	10000832	0.0546	rs908295	-2.456	rs6708858	 5.06e-02	 -5.66	-0.3333	31	 1	top1	0.051	1.1e-07	 0.3333	7.39e-01
NA	/data/songy4/tes/output/weights_control//ENST00000472302.1.wgt.RDat	ENST00000472302.1	2	74854333	74867907	0.0453	rs680545	-2.560	rs680545	 7.58e-03	  2.91	-2.5600	23	14	enet	0.016	0.002	-0.8464	3.97e-01
NA	/data/songy4/tes/output/weights_control//ENST00000472377.1.wgt.RDat	ENST00000472377.1	2	112151299	112178020	0.0402	rs11691193	-3.108	rs3789109	 1.14e-02	 -3.35	 0.0204	18	 1	top1	0.011	0.0082	-0.0204	9.84e-01
NA	/data/songy4/tes/output/weights_control//ENST00000418204.1.wgt.RDat	ENST00000418204.1	2	74931428	74938418	0.1866	rs680545	-2.560	rs17010664	 6.37e-02	 -5.94	 0.8284	26	20	enet	0.11	1e-14	-0.5605	5.75e-01
NA	/data/songy4/tes/output/weights_control//ENST00000649638.1.wgt.RDat	ENST00000649638.1	2	34134371	34220575	0.0955	rs17013129	-2.627	rs4670818	 3.53e-02	 -5.72	 1.8400	26	 3	lasso	0.083	9.9e-12	-1.4897	1.36e-01
NA	/data/songy4/tes/output/weights_control//ENST00000472072.5.wgt.RDat	ENST00000472072.5	2	241106295	241109780	0.0461	rs10196581	 2.129	rs4676354	-1.91e-03	 -2.92	-0.4953	36	17	enet	0.00051	0.26	 1.5395	1.24e-01
NA	/data/songy4/tes/output/weights_control//ENST00000505245.6.wgt.RDat	ENST00000505245.6	2	46534300	46542002	0.0681	rs6756452	-2.213	rs1376406	 3.43e-02	  4.59	 0.1270	33	 1	top1	0.034	1.1e-05	 0.1270	8.99e-01
NA	/data/songy4/tes/output/weights_control//ENST00000428621.5.wgt.RDat	ENST00000428621.5	2	55174791	55232274	0.1597	rs11682238	 1.741	rs2589096	 4.36e-02	  5.99	 1.0762	 7	 4	enet	0.14	9.3e-19	 1.0807	2.80e-01
NA	/data/songy4/tes/output/weights_control//ENST00000471657.1.wgt.RDat	ENST00000471657.1	2	240575298	240577642	0.0477	rs10196581	 2.129	rs12615371	 5.10e-03	 -3.24	-0.0417	27	 1	top1	0.0051	0.055	 0.0417	9.67e-01
NA	/data/songy4/tes/output/weights_control//ENST00000428774.1.wgt.RDat	ENST00000428774.1	2	36356471	36378903	0.0409	rs11883493	 1.940	rs7601836	 6.08e-03	 -3.00	-0.9901	21	 1	top1	0.0061	0.041	 0.9901	3.22e-01
NA	/data/songy4/tes/output/weights_control//ENST00000649302.1.wgt.RDat	ENST00000649302.1	2	30887626	30897387	0.0536	rs17009486	-2.256	rs12617790	-1.66e-03	 -2.75	 1.1308	31	17	enet	0.0019	0.16	-0.3046	7.61e-01
NA	/data/songy4/tes/output/weights_control//ENST00000471947.2.wgt.RDat	ENST00000471947.2	2	55403387	55419850	0.0333	rs6545508	 2.333	rs11692696	-1.82e-03	  2.78	 0.6531	 8	 6	enet	0.003	0.11	 0.5447	5.86e-01
