PANEL	FILE	ID	CHR	P0	P1	HSQ	BEST.GWAS.ID	BEST.GWAS.Z	EQTL.ID	EQTL.R2	EQTL.Z	EQTL.GWAS.Z	NSNP	NWGT	MODEL	MODELCV.R2	MODELCV.PV	TWAS.Z	TWAS.P
NA	/data/songy4/tes/output/weights_control//ENST00000513267.2.wgt.RDat	ENST00000513267.2	15	64911928	64932320	0.0912	rs832878	 1.16	rs1471834	 8.55e-02	 6.88	 0.79508	 4	 1	top1	0.085	4.8e-12	 0.79508	4.27e-01
NA	/data/songy4/tes/output/weights_control//ENST00000664681.1.wgt.RDat	ENST00000664681.1	15	39188541	39273880	0.0804	rs954431	-2.06	rs10852029	-1.70e-03	 2.88	 0.65347	47	 8	enet	-0.00082	0.45	 0.27930	7.80e-01
NA	/data/songy4/tes/output/weights_control//ENST00000565683.5.wgt.RDat	ENST00000565683.5	15	75355792	75368595	0.0188	rs2290573	-3.36	rs17421513	 5.92e-03	 3.32	-1.59596	 4	 2	enet	0.012	0.0069	-1.42102	1.55e-01
NA	/data/songy4/tes/output/weights_control//ENST00000564963.1.wgt.RDat	ENST00000564963.1	15	73919203	73927695	0.0685	rs1036673	-2.62	rs1550437	-4.85e-04	-2.78	-0.14062	15	10	enet	0.021	0.00052	 0.08450	9.33e-01
NA	/data/songy4/tes/output/weights_control//ENST00000619738.1.wgt.RDat	ENST00000619738.1	15	82477093	82513904	0.0492	rs12443185	 1.45	rs1948815	 1.70e-02	-4.28	-0.84496	13	 7	enet	0.033	1.6e-05	 0.56622	5.71e-01
NA	/data/songy4/tes/output/weights_control//ENST00000514049.5.wgt.RDat	ENST00000514049.5	15	67254801	67501804	0.0391	rs12906576	-2.88	rs8024414	 2.19e-02	-3.95	-1.40092	25	 1	top1	0.022	0.00039	 1.40092	1.61e-01
NA	/data/songy4/tes/output/weights_control//ENST00000664621.1.wgt.RDat	ENST00000664621.1	15	81862838	81871034	0.0485	rs1564641	-2.59	rs7168047	-1.75e-03	-2.55	 1.16346	16	16	enet	0.0074	0.027	 0.23399	8.15e-01
NA	/data/songy4/tes/output/weights_control//ENST00000619556.4.wgt.RDat	ENST00000619556.4	15	82339998	82349475	0.1125	rs12443185	 1.45	rs7175143	 5.31e-03	 3.74	 1.26804	13	12	enet	0.074	1.5e-10	-0.46861	6.39e-01
NA	/data/songy4/tes/output/weights_control//ENST00000450592.6.wgt.RDat	ENST00000450592.6	15	41332871	41380263	0.0249	rs16971844	-1.88	rs316617	 2.67e-02	 3.97	-1.69000	 4	 1	top1	0.027	9.9e-05	-1.69000	9.10e-02
NA	/data/songy4/tes/output/weights_control//ENST00000564929.5.wgt.RDat	ENST00000564929.5	15	75355792	75356957	0.0244	rs2290573	-3.36	rs17421513	 7.48e-03	 3.49	-1.59596	 4	 4	enet	0.016	0.0022	-0.15666	8.76e-01
NA	/data/songy4/tes/output/weights_control//ENST00000614347.4.wgt.RDat	ENST00000614347.4	15	82473420	82513844	0.0488	rs12443185	 1.45	rs1948815	 8.32e-03	-3.44	-0.84496	13	 9	enet	0.025	0.00014	 0.29663	7.67e-01
NA	/data/songy4/tes/output/weights_control//ENST00000565689.5.wgt.RDat	ENST00000565689.5	15	73908071	73919870	0.0664	rs1036673	-2.62	rs1550437	 2.42e-02	-3.82	-0.14062	15	14	enet	0.028	6.1e-05	-0.78794	4.31e-01
NA	/data/songy4/tes/output/weights_control//ENST00000555396.1.wgt.RDat	ENST00000555396.1	15	91643017	91649114	0.0851	rs9920813	-1.92	rs12906857	 3.33e-02	-4.47	 0.06944	26	 1	top1	0.033	1.5e-05	-0.06944	9.45e-01
NA	/data/songy4/tes/output/weights_control//ENST00000316623.9.wgt.RDat	ENST00000316623.9	15	48408306	48645849	0.0588	rs12907018	 2.26	rs17352842	 8.91e-05	-3.03	-0.71329	17	13	enet	0.017	0.0017	 0.17839	8.58e-01
NA	/data/songy4/tes/output/weights_control//ENST00000565432.1.wgt.RDat	ENST00000565432.1	15	82262844	82272094	0.1061	rs1564641	-2.59	rs2654210	-2.86e-04	-2.76	-0.20792	17	17	enet	0.025	0.00014	 0.34345	7.31e-01
NA	/data/songy4/tes/output/weights_control//ENST00000565501.1.wgt.RDat	ENST00000565501.1	15	82262845	82283579	0.0864	rs1564641	-2.59	rs1564641	-1.90e-03	-2.63	-2.59406	17	16	enet	0.018	0.0011	 0.73156	4.64e-01
NA	/data/songy4/tes/output/weights_control//ENST00000671164.1.wgt.RDat	ENST00000671164.1	15	39473253	39479767	0.0407	rs12594730	-2.04	rs973214	-1.74e-03	 2.72	 0.00926	36	 2	lasso	-0.00096	0.48	 0.04126	9.67e-01
NA	/data/songy4/tes/output/weights_control//ENST00000380993.7.wgt.RDat	ENST00000380993.7	15	48206301	48304076	0.1009	rs12907018	 2.26	rs17352842	 7.92e-05	 4.15	-0.71329	12	 9	enet	0.057	2e-08	 0.42331	6.72e-01
NA	/data/songy4/tes/output/weights_control//ENST00000494364.5.wgt.RDat	ENST00000494364.5	15	32641699	32697088	0.0638	rs11634255	 2.58	rs11635997	-1.72e-03	 3.83	 0.41509	19	 5	enet	0.022	4e-04	-0.32525	7.45e-01
NA	/data/songy4/tes/output/weights_control//ENST00000347644.8.wgt.RDat	ENST00000347644.8	15	45252234	45277846	0.0552	rs10518980	-1.57	rs1365242	 1.37e-02	-3.88	 0.51961	 6	 5	enet	0.024	0.00019	 0.49931	6.18e-01
NA	/data/songy4/tes/output/weights_control//ENST00000613592.4.wgt.RDat	ENST00000613592.4	15	82391844	82420075	0.0301	rs12443185	 1.45	rs2654210	 7.54e-03	-3.20	-0.20792	13	 6	enet	0.02	0.00068	 0.15207	8.79e-01
NA	/data/songy4/tes/output/weights_control//ENST00000565492.1.wgt.RDat	ENST00000565492.1	15	30899480	30900327	0.0427	rs10400821	 1.88	rs2241495	 2.83e-02	 4.17	 0.20800	 6	 5	enet	0.039	2.7e-06	-0.00304	9.98e-01
NA	/data/songy4/tes/output/weights_control//ENST00000346495.6.wgt.RDat	ENST00000346495.6	15	77046030	77071109	0.0528	rs12904384	 2.27	rs12904384	 3.30e-02	 4.50	 2.27368	 2	 2	enet	0.04	2.5e-06	 1.91148	5.59e-02
NA	/data/songy4/tes/output/weights_control//ENST00000380569.6.wgt.RDat	ENST00000380569.6	15	57591908	57714745	0.0417	rs1972284	 2.03	rs11636335	 9.36e-03	 3.77	-0.25743	36	 8	enet	0.041	1.8e-06	-0.55868	5.76e-01
NA	/data/songy4/tes/output/weights_control//ENST00000380568.7.wgt.RDat	ENST00000380568.7	15	57592033	57714745	0.0513	rs1972284	 2.03	rs11636335	 3.58e-02	 4.52	-0.25743	36	 8	enet	0.052	7.2e-08	-0.57954	5.62e-01
NA	/data/songy4/tes/output/weights_control//ENST00000380565.8.wgt.RDat	ENST00000380565.8	15	57592033	57685360	0.1593	rs1972284	 2.03	rs11636335	 1.42e-01	 8.86	-0.25743	36	13	enet	0.17	1.4e-22	-0.41628	6.77e-01
NA	/data/songy4/tes/output/weights_control//ENST00000569659.5.wgt.RDat	ENST00000569659.5	15	32593554	32603978	0.1045	rs11634255	 2.58	rs11635997	 9.78e-03	-4.38	 0.41509	17	12	enet	0.051	1.1e-07	 0.30515	7.60e-01
NA	/data/songy4/tes/output/weights_control//ENST00000636288.2.wgt.RDat	ENST00000636288.2	15	101732201	101745983	0.0583	rs8043067	 2.68	rs11247274	 4.76e-03	 3.54	-0.64646	51	 4	enet	0.0079	0.023	-0.36308	7.17e-01
NA	/data/songy4/tes/output/weights_control//ENST00000569691.2.wgt.RDat	ENST00000569691.2	15	55408495	55418798	0.0354	rs2414407	 2.25	rs2439048	 7.96e-03	 3.43	 0.64646	16	 2	lasso	0.013	0.0045	 0.53608	5.92e-01
NA	/data/songy4/tes/output/weights_control//ENST00000565160.5.wgt.RDat	ENST00000565160.5	15	72686194	72727994	0.0186	rs11632652	 1.91	rs11632652	 7.19e-03	 2.86	 1.91195	 4	 1	top1	0.0072	0.029	 1.91195	5.59e-02
NA	/data/songy4/tes/output/weights_control//ENST00000330289.10.wgt.RDat	ENST00000330289.10	15	48207534	48237349	0.1009	rs12907018	 2.26	rs17352842	 6.40e-04	 4.19	-0.71329	12	10	enet	0.06	7.5e-09	 0.64134	5.21e-01
NA	/data/songy4/tes/output/weights_control//ENST00000615568.1.wgt.RDat	ENST00000615568.1	15	58456188	58456348	0.0650	rs6494006	-2.09	rs7162855	 4.67e-02	 5.27	 1.36158	37	 1	top1	0.047	3.4e-07	 1.36158	1.73e-01
NA	/data/songy4/tes/output/weights_control//ENST00000563790.5.wgt.RDat	ENST00000563790.5	15	83139132	83207541	0.0219	rs7182320	 1.12	rs7174089	 1.04e-02	 3.08	 0.03158	 3	 1	top1	0.01	0.011	 0.03158	9.75e-01
NA	/data/songy4/tes/output/weights_control//ENST00000563794.1.wgt.RDat	ENST00000563794.1	15	75359117	75360061	0.0209	rs2290573	-3.36	rs17421513	 6.29e-03	 3.18	-1.59596	 4	 3	enet	0.015	0.0033	-1.18208	2.37e-01
NA	/data/songy4/tes/output/weights_control//ENST00000623627.1.wgt.RDat	ENST00000623627.1	15	80014157	80015707	0.1470	rs6495469	-2.72	rs12914081	 9.80e-02	 7.30	-0.06667	19	12	enet	0.14	1.5e-18	 1.36890	1.71e-01
NA	/data/songy4/tes/output/weights_control//ENST00000568861.1.wgt.RDat	ENST00000568861.1	15	41894985	41895943	0.0438	rs11070349	-3.28	rs11070349	 1.11e-02	-3.93	-3.27957	12	 2	lasso	0.024	2e-04	 1.96277	4.97e-02
NA	/data/songy4/tes/output/weights_control//ENST00000510439.7.wgt.RDat	ENST00000510439.7	15	84235773	84245358	0.0701	rs6602982	 3.01	rs2292188	 4.26e-03	-3.58	 1.70635	14	 9	enet	0.023	0.00032	-0.44815	6.54e-01
NA	/data/songy4/tes/output/weights_control//ENST00000563663.5.wgt.RDat	ENST00000563663.5	15	74843764	74873355	0.0250	rs2290573	-3.36	rs17421513	-1.44e-03	 2.89	-1.59596	10	 6	enet	0.0044	0.069	-0.38772	6.98e-01
NA	/data/songy4/tes/output/weights_control//ENST00000488175.5.wgt.RDat	ENST00000488175.5	15	57592033	57706955	0.0643	rs1972284	 2.03	rs11636335	 3.03e-02	 4.70	-0.25743	36	 3	lasso	0.059	1.1e-08	-0.55633	5.78e-01
NA	/data/songy4/tes/output/weights_control//ENST00000656405.1.wgt.RDat	ENST00000656405.1	15	90811528	90815544	0.0291	rs11547962	-2.06	rs28745020	 2.91e-03	 2.56	 0.03086	12	 8	enet	0.014	0.004	-1.07351	2.83e-01
NA	/data/songy4/tes/output/weights_control//ENST00000267853.10.wgt.RDat	ENST00000267853.10	15	57591904	57685364	0.1634	rs1972284	 2.03	rs11636335	 1.44e-01	 8.94	-0.25743	36	12	enet	0.17	1.8e-23	-0.41388	6.79e-01
NA	/data/songy4/tes/output/weights_control//ENST00000556708.1.wgt.RDat	ENST00000556708.1	15	93416850	93422576	0.0860	rs1439618	-2.52	rs285705	-1.33e-03	-3.08	 0.46875	56	33	enet	0.00094	0.22	 0.79146	4.29e-01
NA	/data/songy4/tes/output/weights_control//ENST00000649429.1.wgt.RDat	ENST00000649429.1	15	57592033	57650062	0.1979	rs1972284	 2.03	rs11636335	 1.58e-01	 9.22	-0.25743	34	 9	enet	0.19	2.8e-26	-0.37671	7.06e-01
NA	/data/songy4/tes/output/weights_control//ENST00000356113.10.wgt.RDat	ENST00000356113.10	15	58410569	58568873	0.0826	rs6494006	-2.09	rs7162855	 7.00e-02	 6.20	 1.36158	37	 9	enet	0.071	3.6e-10	 1.20505	2.28e-01
NA	/data/songy4/tes/output/weights_control//ENST00000319580.13.wgt.RDat	ENST00000319580.13	15	64911902	64958691	0.0344	rs832878	 1.16	rs1471834	 3.19e-02	 4.34	 0.79508	 4	 3	enet	0.034	1.1e-05	 0.41164	6.81e-01
NA	/data/songy4/tes/output/weights_control//ENST00000478845.2.wgt.RDat	ENST00000478845.2	15	39586561	39587293	0.1006	rs12594730	-2.04	rs997752	 5.76e-02	-5.68	 0.93000	34	 1	top1	0.058	1.5e-08	-0.93000	3.52e-01
NA	/data/songy4/tes/output/weights_control//ENST00000638607.1.wgt.RDat	ENST00000638607.1	15	45402430	45415805	0.0610	rs17594910	-1.16	rs950027	 4.74e-02	 5.35	-0.70408	 5	 1	top1	0.047	2.7e-07	-0.70408	4.81e-01
NA	/data/songy4/tes/output/weights_control//ENST00000563864.5.wgt.RDat	ENST00000563864.5	15	32615565	32636148	0.0457	rs11634255	 2.58	rs11635997	 4.50e-02	 5.17	 0.41509	18	 1	top1	0.045	5.4e-07	 0.41509	6.78e-01
NA	/data/songy4/tes/output/weights_control//ENST00000563404.1.wgt.RDat	ENST00000563404.1	15	83164039	83207528	0.0271	rs7182320	 1.12	rs7174089	 6.85e-03	 3.03	 0.03158	 3	 2	enet	0.011	0.0099	-0.67511	5.00e-01
NA	/data/songy4/tes/output/weights_control//ENST00000563368.5.wgt.RDat	ENST00000563368.5	15	75358460	75359959	0.0272	rs2290573	-3.36	rs17421513	 9.22e-03	 3.53	-1.59596	 4	 3	enet	0.021	5e-04	-1.16690	2.43e-01
NA	/data/songy4/tes/output/weights_control//ENST00000570209.1.wgt.RDat	ENST00000570209.1	15	30815271	30844153	0.0362	rs12904035	-1.48	rs2949568	-2.21e-04	 2.80	 0.76636	 4	 4	enet	0.012	0.0072	-0.59705	5.50e-01
NA	/data/songy4/tes/output/weights_control//ENST00000461709.1.wgt.RDat	ENST00000461709.1	15	57633664	57684791	0.1390	rs1972284	 2.03	rs11636335	 1.32e-01	 8.44	-0.25743	36	 8	enet	0.14	9.9e-20	-0.50787	6.12e-01
NA	/data/songy4/tes/output/weights_control//ENST00000568944.5.wgt.RDat	ENST00000568944.5	15	75361296	75362637	0.0237	rs2290573	-3.36	rs17421513	 7.30e-03	 3.47	-1.59596	 4	 3	enet	0.015	0.0031	-1.08741	2.77e-01
NA	/data/songy4/tes/output/weights_control//ENST00000563441.5.wgt.RDat	ENST00000563441.5	15	75358315	75368605	0.0180	rs2290573	-3.36	rs17421513	 5.67e-03	 3.26	-1.59596	 4	 2	enet	0.012	0.0061	-1.41047	1.58e-01
NA	/data/songy4/tes/output/weights_control//ENST00000666311.1.wgt.RDat	ENST00000666311.1	15	24420176	24513059	0.0340	rs4778255	 2.20	rs850819	 2.01e-03	-3.27	 0.66184	20	 9	enet	0.014	0.0037	-0.20515	8.37e-01
NA	/data/songy4/tes/output/weights_control//ENST00000563330.1.wgt.RDat	ENST00000563330.1	15	32615152	32616250	0.0308	rs11634255	 2.58	rs11635997	 3.67e-02	 4.58	 0.41509	17	 1	top1	0.037	5.8e-06	 0.41509	6.78e-01
NA	/data/songy4/tes/output/weights_control//ENST00000460684.1.wgt.RDat	ENST00000460684.1	15	32665702	32673065	0.0464	rs11634255	 2.58	rs11635997	 3.78e-02	 4.65	 0.41509	19	 1	top1	0.038	4.1e-06	 0.41509	6.78e-01
NA	/data/songy4/tes/output/weights_control//ENST00000557145.1.wgt.RDat	ENST00000557145.1	15	93430659	93431217	0.0799	rs1439618	-2.52	rs8039670	 8.95e-03	-3.68	 0.20455	55	 1	top1	0.009	0.017	-0.20455	8.38e-01
NA	/data/songy4/tes/output/weights_control//ENST00000563622.5.wgt.RDat	ENST00000563622.5	15	75355792	75368604	0.0196	rs2290573	-3.36	rs17421513	 6.10e-03	 3.32	-1.59596	 4	 3	enet	0.013	0.0058	-1.36057	1.74e-01
NA	/data/songy4/tes/output/weights_control//ENST00000623516.1.wgt.RDat	ENST00000623516.1	15	33105758	33106236	0.0736	rs11634255	 2.58	rs11637274	 5.52e-02	 5.78	-0.83168	35	 1	top1	0.055	3e-08	-0.83168	4.06e-01
NA	/data/songy4/tes/output/weights_control//ENST00000424443.7.wgt.RDat	ENST00000424443.7	15	77046030	77071109	0.0539	rs12904384	 2.27	rs12904384	 3.38e-02	 4.54	 2.27368	 2	 2	enet	0.04	2e-06	 1.90725	5.65e-02
NA	/data/songy4/tes/output/weights_control//ENST00000563519.1.wgt.RDat	ENST00000563519.1	15	82633182	82648378	0.0305	rs12443185	 1.45	rs1948815	 2.96e-03	 3.66	-0.84496	12	 1	enet	0.0097	0.014	-0.84496	3.98e-01
NA	/data/songy4/tes/output/weights_control//ENST00000623483.2.wgt.RDat	ENST00000623483.2	15	55171378	55176739	0.0427	rs2414407	 2.25	rs2289059	 3.74e-02	 4.53	 0.64574	13	 1	top1	0.037	4.7e-06	 0.64574	5.18e-01
NA	/data/songy4/tes/output/weights_control//ENST00000563528.5.wgt.RDat	ENST00000563528.5	15	75356190	75356819	0.0237	rs2290573	-3.36	rs17421513	 7.72e-03	 3.46	-1.59596	 4	 2	enet	0.017	0.0017	-1.29689	1.95e-01
NA	/data/songy4/tes/output/weights_control//ENST00000499624.3.wgt.RDat	ENST00000499624.3	15	50355467	50372202	0.1031	rs2278167	-2.57	rs2278167	 6.30e-02	 6.00	-2.57000	16	15	enet	0.066	1.3e-09	-0.43578	6.63e-01
NA	/data/songy4/tes/output/weights_control//ENST00000555947.6.wgt.RDat	ENST00000555947.6	15	91408708	91605873	0.2060	rs9920813	-1.92	rs12906857	 9.20e-02	-7.09	 0.06944	29	16	enet	0.12	6.5e-16	-0.26587	7.90e-01
NA	/data/songy4/tes/output/weights_control//ENST00000328649.11.wgt.RDat	ENST00000328649.11	15	90229975	90233941	0.0288	rs875640	-1.82	rs8024587	 2.44e-02	-4.10	-0.11538	15	 3	enet	0.027	9.3e-05	-0.23362	8.15e-01
NA	/data/songy4/tes/output/weights_control//ENST00000664984.1.wgt.RDat	ENST00000664984.1	15	91408716	91605869	0.2293	rs9920813	-1.92	rs12906857	 1.04e-01	-7.50	 0.06944	29	19	enet	0.13	3.5e-18	-0.14752	8.83e-01
NA	/data/songy4/tes/output/weights_control//ENST00000637120.1.wgt.RDat	ENST00000637120.1	15	98968523	99005462	0.0648	rs10438491	 2.42	rs10438491	 1.26e-03	 3.58	 2.42202	54	 3	lasso	0.0089	0.017	 1.66661	9.56e-02
NA	/data/songy4/tes/output/weights_control//ENST00000499326.1.wgt.RDat	ENST00000499326.1	15	50355553	50356436	0.0262	rs2278167	-2.57	rs2278167	 9.88e-03	 3.39	-2.57000	16	 1	top1	0.0099	0.013	-2.57000	1.02e-02
NA	/data/songy4/tes/output/weights_control//ENST00000453952.3.wgt.RDat	ENST00000453952.3	15	32593456	32594840	0.0703	rs11634255	 2.58	rs11071882	 1.59e-02	-3.67	-0.71654	17	 9	enet	0.025	0.00017	-0.06913	9.45e-01
NA	/data/songy4/tes/output/weights_control//ENST00000564575.5.wgt.RDat	ENST00000564575.5	15	34545388	34583651	0.1800	rs1429751	 2.57	rs1836974	 6.00e-02	 6.12	 0.61606	28	22	enet	0.096	2.2e-13	 0.89400	3.71e-01
NA	/data/songy4/tes/output/weights_control//ENST00000378919.6.wgt.RDat	ENST00000378919.6	15	98968280	99005562	0.0828	rs10438491	 2.42	rs10438491	 3.23e-02	 4.44	 2.42202	54	 1	top1	0.032	2e-05	 2.42202	1.54e-02
NA	/data/songy4/tes/output/weights_control//ENST00000564570.1.wgt.RDat	ENST00000564570.1	15	75356606	75359180	0.0294	rs2290573	-3.36	rs17421513	 6.08e-03	 3.76	-1.59596	 4	 3	enet	0.024	0.00023	-1.26989	2.04e-01
NA	/data/songy4/tes/output/weights_control//ENST00000650306.1.wgt.RDat	ENST00000650306.1	15	90230250	90233960	0.0294	rs875640	-1.82	rs8024587	 2.43e-02	-4.11	-0.11538	15	 3	enet	0.028	7.2e-05	-0.23586	8.14e-01
NA	/data/songy4/tes/output/weights_control//ENST00000671351.1.wgt.RDat	ENST00000671351.1	15	39472944	39479812	0.0406	rs12594730	-2.04	rs973214	 7.44e-03	 3.45	 0.00926	36	 4	lasso	0.0095	0.014	-0.20732	8.36e-01
NA	/data/songy4/tes/output/weights_control//ENST00000650285.1.wgt.RDat	ENST00000650285.1	15	98648539	98964530	0.0523	rs11634680	-2.22	rs11855766	-1.48e-03	-2.67	 0.14599	57	10	enet	0.0023	0.14	-0.95516	3.39e-01
NA	/data/songy4/tes/output/weights_control//ENST00000564604.5.wgt.RDat	ENST00000564604.5	15	28832331	28851557	0.0335	rs1873283	 2.04	rs17802701	-1.42e-03	-2.49	-0.43295	 6	 6	enet	0.0025	0.13	 0.21596	8.29e-01
NA	/data/songy4/tes/output/weights_control//ENST00000564116.1.wgt.RDat	ENST00000564116.1	15	32489267	32491586	0.0384	rs2611605	-1.56	rs11071882	 1.39e-02	 3.96	-0.71654	10	 2	lasso	0.029	4.6e-05	-0.90669	3.65e-01
NA	/data/songy4/tes/output/weights_control//ENST00000583750.1.wgt.RDat	ENST00000583750.1	15	50360329	50360410	0.0469	rs2278167	-2.57	rs2278167	 3.64e-02	 4.60	-2.57000	16	 1	top1	0.036	6.3e-06	-2.57000	1.02e-02
NA	/data/songy4/tes/output/weights_control//ENST00000267978.10.wgt.RDat	ENST00000267978.10	15	75355792	75368607	0.0187	rs2290573	-3.36	rs17421513	 5.94e-03	 3.32	-1.59596	 4	 2	enet	0.012	0.0069	-1.41799	1.56e-01
NA	/data/songy4/tes/output/weights_control//ENST00000267970.9.wgt.RDat	ENST00000267970.9	15	77041404	77071109	0.2083	rs12904384	 2.27	rs12904384	 1.66e-01	 9.43	 2.27368	 2	 2	enet	0.18	3.1e-24	 2.08356	3.72e-02
NA	/data/songy4/tes/output/weights_control//ENST00000564239.1.wgt.RDat	ENST00000564239.1	15	72686750	72722848	0.0288	rs11632652	 1.91	rs11637927	 1.86e-02	 3.28	 1.12255	 4	 1	top1	0.019	0.001	 1.12255	2.62e-01
NA	/data/songy4/tes/output/weights_control//ENST00000456932.6.wgt.RDat	ENST00000456932.6	15	82459472	82470008	0.0383	rs12443185	 1.45	rs7175143	-1.09e-03	-3.15	 1.26804	13	 9	enet	0.015	0.003	-0.01473	9.88e-01
NA	/data/songy4/tes/output/weights_control//ENST00000649865.1.wgt.RDat	ENST00000649865.1	15	98648539	98964530	0.0523	rs11634680	-2.22	rs11855766	-1.48e-03	-2.67	 0.14599	57	10	enet	0.0023	0.14	-0.95797	3.38e-01
NA	/data/songy4/tes/output/weights_control//ENST00000397591.2.wgt.RDat	ENST00000397591.2	15	39581079	39582407	0.0744	rs12594730	-2.04	rs997752	-1.97e-04	-2.87	 0.93000	34	19	enet	0.013	0.005	-0.78806	4.31e-01
NA	/data/songy4/tes/output/weights_control//ENST00000564194.5.wgt.RDat	ENST00000564194.5	15	73917468	73928248	0.0556	rs1036673	-2.62	rs1550437	-1.91e-03	-2.96	-0.14062	15	 7	enet	0.013	0.0048	-0.27181	7.86e-01
NA	/data/songy4/tes/output/weights_control//ENST00000567163.5.wgt.RDat	ENST00000567163.5	15	75356299	75359988	0.0261	rs2290573	-3.36	rs17421513	 8.94e-03	 3.56	-1.59596	 4	 3	enet	0.019	0.00081	-1.24864	2.12e-01
NA	/data/songy4/tes/output/weights_control//ENST00000620154.4.wgt.RDat	ENST00000620154.4	15	64921927	64958691	0.0209	rs832878	 1.16	rs1471834	 1.77e-02	 3.39	 0.79508	 4	 1	top1	0.018	0.0013	 0.79508	4.27e-01
NA	/data/songy4/tes/output/weights_control//ENST00000542200.2.wgt.RDat	ENST00000542200.2	15	82685091	82709859	0.0316	rs12443185	 1.45	rs2654210	 6.28e-03	 3.18	-0.20792	11	 3	enet	0.015	0.0031	-0.09918	9.21e-01
NA	/data/songy4/tes/output/weights_control//ENST00000605665.1.wgt.RDat	ENST00000605665.1	15	32602012	32603287	0.0396	rs11634255	 2.58	rs11071882	 2.75e-03	-3.03	-0.71654	17	 7	enet	0.016	0.0019	 1.21142	2.26e-01
NA	/data/songy4/tes/output/weights_control//ENST00000610657.2.wgt.RDat	ENST00000610657.2	15	82339993	82349475	0.1125	rs12443185	 1.45	rs2654210	 3.11e-03	-3.74	-0.20792	13	12	enet	0.074	1.5e-10	-0.47056	6.38e-01
NA	/data/songy4/tes/output/weights_control//ENST00000661955.1.wgt.RDat	ENST00000661955.1	15	40039305	40057003	0.0403	rs8041057	 2.20	rs8041057	 4.51e-02	-5.51	 2.19811	16	 1	top1	0.045	5.3e-07	-2.19811	2.79e-02
NA	/data/songy4/tes/output/weights_control//ENST00000543286.5.wgt.RDat	ENST00000543286.5	15	93312557	93554870	0.0547	rs1439618	-2.52	rs11074160	 2.66e-03	-3.19	 0.93264	62	14	enet	0.0031	0.11	-0.70158	4.83e-01
NA	/data/songy4/tes/output/weights_control//ENST00000567257.5.wgt.RDat	ENST00000567257.5	15	73917596	73927786	0.0965	rs1036673	-2.62	rs1550437	 1.83e-02	-3.60	-0.14062	15	 7	enet	0.044	6.3e-07	-0.02060	9.84e-01
NA	/data/songy4/tes/output/weights_control//ENST00000660446.1.wgt.RDat	ENST00000660446.1	15	40039305	40057003	0.0954	rs8041057	 2.20	rs8041057	 8.99e-02	-7.24	 2.19811	16	 1	top1	0.09	1.3e-12	-2.19811	2.79e-02
NA	/data/songy4/tes/output/weights_control//ENST00000527933.2.wgt.RDat	ENST00000527933.2	15	45380500	45397346	0.0473	rs17594910	-1.16	rs950027	 4.19e-02	-4.80	-0.70408	 5	 1	top1	0.042	1.3e-06	 0.70408	4.81e-01
NA	/data/songy4/tes/output/weights_control//ENST00000569811.1.wgt.RDat	ENST00000569811.1	15	34565890	34582860	0.0815	rs1429751	 2.57	rs1836974	 2.50e-02	 4.23	 0.61606	28	 8	enet	0.031	2.6e-05	 0.32724	7.43e-01
NA	/data/songy4/tes/output/weights_control//ENST00000528049.2.wgt.RDat	ENST00000528049.2	15	32494003	32500346	0.0452	rs2611605	-1.56	rs11071882	 9.46e-03	 3.80	-0.71654	10	 5	enet	0.027	9.3e-05	-0.93584	3.49e-01
NA	/data/songy4/tes/output/weights_control//ENST00000334528.13.wgt.RDat	ENST00000334528.13	15	32765546	33067884	0.3000	rs11634255	 2.58	rs2444961	 1.58e-01	 9.14	 0.07576	36	20	enet	0.27	1.8e-38	-0.42317	6.72e-01
NA	/data/songy4/tes/output/weights_control//ENST00000309874.2.wgt.RDat	ENST00000309874.2	15	41892793	41895935	0.0350	rs11070349	-3.28	rs11070349	 2.14e-02	-3.70	-3.27957	12	 1	top1	0.021	0.00045	 3.27957	1.04e-03
NA	/data/songy4/tes/output/weights_control//ENST00000567237.1.wgt.RDat	ENST00000567237.1	15	32526650	32528641	0.0257	rs3812934	-1.93	rs11071882	 1.97e-02	-3.66	-0.71654	12	 4	enet	0.022	0.00041	 0.72423	4.69e-01
NA	/data/songy4/tes/output/weights_control//ENST00000524160.5.wgt.RDat	ENST00000524160.5	15	55410525	55498341	0.0456	rs2414407	 2.25	rs2414385	-1.85e-03	-2.52	-1.33663	16	14	enet	0.008	0.023	 0.33806	7.35e-01
NA	/data/songy4/tes/output/weights_control//ENST00000631115.1.wgt.RDat	ENST00000631115.1	15	74842651	74843105	0.0335	rs2290573	-3.36	rs12442054	-1.32e-03	-2.68	 1.98870	10	 7	enet	0.0034	0.096	-4.29783	1.72e-05
NA	/data/songy4/tes/output/weights_control//ENST00000657769.1.wgt.RDat	ENST00000657769.1	15	81915347	82013579	0.0450	rs1564641	-2.59	rs7168047	-1.69e-03	-2.94	 1.16346	21	13	enet	0.0016	0.18	-0.60377	5.46e-01
NA	/data/songy4/tes/output/weights_control//ENST00000312493.5.wgt.RDat	ENST00000312493.5	15	77108164	77252531	0.0289	rs12904384	 2.27	rs12904384	 2.73e-02	 4.02	 2.27368	 2	 1	top1	0.027	8.3e-05	 2.27368	2.30e-02
NA	/data/songy4/tes/output/weights_control//ENST00000300175.8.wgt.RDat	ENST00000300175.8	15	32641676	32697098	0.0761	rs11634255	 2.58	rs11635997	-1.49e-03	 3.47	 0.41509	19	17	enet	0.02	0.00073	-0.71728	4.73e-01
NA	/data/songy4/tes/output/weights_control//ENST00000569781.1.wgt.RDat	ENST00000569781.1	15	34404970	34437466	0.1224	rs1429751	 2.57	rs1836974	 1.02e-01	 7.40	 0.91358	35	10	enet	0.1	2e-14	 0.93802	3.48e-01
NA	/data/songy4/tes/output/weights_control//ENST00000388942.8.wgt.RDat	ENST00000388942.8	15	76059985	76204963	0.0419	rs16967626	-2.66	rs2955732	 1.21e-02	 3.67	 0.92929	 7	 2	enet	0.033	1.6e-05	 0.50236	6.15e-01
NA	/data/songy4/tes/output/weights_control//ENST00000567075.1.wgt.RDat	ENST00000567075.1	15	32593460	32596780	0.1077	rs11634255	 2.58	rs11071882	 1.89e-02	-3.77	-0.71654	17	 4	lasso	0.057	1.6e-08	 0.09575	9.24e-01
NA	/data/songy4/tes/output/weights_control//ENST00000525552.1.wgt.RDat	ENST00000525552.1	15	45405459	45410491	0.0445	rs17594910	-1.16	rs950027	 3.81e-02	 4.76	-0.70408	 5	 1	top1	0.038	3.9e-06	-0.70408	4.81e-01
NA	/data/songy4/tes/output/weights_control//ENST00000610733.1.wgt.RDat	ENST00000610733.1	15	63042687	63047726	0.0411	rs4775609	 2.64	rs11071708	 4.18e-02	 4.87	-0.03883	27	 3	enet	0.046	4.7e-07	 1.05079	2.93e-01
NA	/data/songy4/tes/output/weights_control//ENST00000604846.1.wgt.RDat	ENST00000604846.1	15	32528603	32529896	0.0428	rs3812934	-1.93	rs11071882	 1.41e-02	-4.17	-0.71654	12	 4	enet	0.04	2.1e-06	 0.73304	4.64e-01
NA	/data/songy4/tes/output/weights_control//ENST00000320930.7.wgt.RDat	ENST00000320930.7	15	33149784	33194696	0.1069	rs11634255	 2.58	rs11637274	 8.58e-02	 7.03	-0.83168	41	 3	lasso	0.1	5.7e-14	-0.40755	6.84e-01
NA	/data/songy4/tes/output/weights_control//ENST00000535513.2.wgt.RDat	ENST00000535513.2	15	82685914	82709919	0.0319	rs12443185	 1.45	rs2654210	 1.13e-02	 3.12	-0.20792	11	 5	enet	0.014	0.0043	-0.26580	7.90e-01
NA	/data/songy4/tes/output/weights_control//ENST00000531624.1.wgt.RDat	ENST00000531624.1	15	45410373	45421378	0.0605	rs17594910	-1.16	rs950027	 5.14e-02	 5.47	-0.70408	 5	 1	top1	0.051	8.9e-08	-0.70408	4.81e-01
NA	/data/songy4/tes/output/weights_control//ENST00000625124.1.wgt.RDat	ENST00000625124.1	15	65226472	65226697	0.0305	rs602192	-2.49	rs832878	 2.40e-02	-3.82	 1.15707	 7	 1	top1	0.024	0.00021	-1.15707	2.47e-01
NA	/data/songy4/tes/output/weights_control//ENST00000567644.5.wgt.RDat	ENST00000567644.5	15	73916304	73926298	0.0868	rs1036673	-2.62	rs1550437	 3.26e-02	-4.48	-0.14062	15	11	enet	0.035	1e-05	 0.60995	5.42e-01
NA	/data/songy4/tes/output/weights_control//ENST00000535714.2.wgt.RDat	ENST00000535714.2	15	98968229	99007792	0.0485	rs10438491	 2.42	rs10438491	 2.13e-02	 3.74	 2.42202	54	 1	top1	0.021	0.00046	 2.42202	1.54e-02
NA	/data/songy4/tes/output/weights_control//ENST00000303521.10.wgt.RDat	ENST00000303521.10	15	76379709	76905403	0.0310	rs16967626	-2.66	rs8029854	 1.45e-02	 3.24	 0.45865	 8	 1	top1	0.015	0.0033	 0.45865	6.46e-01
NA	/data/songy4/tes/output/weights_control//ENST00000670332.1.wgt.RDat	ENST00000670332.1	15	50354971	50358020	0.0384	rs2278167	-2.57	rs2278167	 2.85e-02	 4.19	-2.57000	16	 1	top1	0.029	5.9e-05	-2.57000	1.02e-02
NA	/data/songy4/tes/output/weights_control//ENST00000496660.5.wgt.RDat	ENST00000496660.5	15	64911918	64932514	0.0836	rs832878	 1.16	rs1471834	 7.80e-02	 6.60	 0.79508	 4	 1	top1	0.078	4.2e-11	 0.79508	4.27e-01
NA	/data/songy4/tes/output/weights_control//ENST00000496627.5.wgt.RDat	ENST00000496627.5	15	57592033	57714745	0.0622	rs1972284	 2.03	rs11636335	 4.79e-02	 5.17	-0.25743	36	 4	lasso	0.066	1.5e-09	-0.55082	5.82e-01
NA	/data/songy4/tes/output/weights_control//ENST00000417307.3.wgt.RDat	ENST00000417307.3	15	48191665	48203758	0.1031	rs12907018	 2.26	rs17352842	 3.88e-04	 4.33	-0.71329	14	 9	enet	0.063	2.9e-09	 0.82511	4.09e-01
NA	/data/songy4/tes/output/weights_control//ENST00000533199.1.wgt.RDat	ENST00000533199.1	15	45416854	45418593	0.0742	rs17594910	-1.16	rs950027	 6.21e-02	 5.96	-0.70408	 5	 1	top1	0.062	4.1e-09	-0.70408	4.81e-01
NA	/data/songy4/tes/output/weights_control//ENST00000483400.5.wgt.RDat	ENST00000483400.5	15	64915865	64932514	0.0778	rs832878	 1.16	rs1471834	 7.55e-02	 6.49	 0.79508	 4	 1	top1	0.075	8.8e-11	 0.79508	4.27e-01
NA	/data/songy4/tes/output/weights_control//ENST00000305560.11.wgt.RDat	ENST00000305560.11	15	45402336	45421415	0.0638	rs17594910	-1.16	rs950027	 5.07e-02	 5.50	-0.70408	 5	 1	top1	0.051	1.1e-07	-0.70408	4.81e-01
NA	/data/songy4/tes/output/weights_control//ENST00000435126.6.wgt.RDat	ENST00000435126.6	15	51751667	51808881	0.0350	rs882299	 1.73	rs2622774	 2.65e-03	-3.67	 0.18548	14	 1	top1	0.0027	0.12	-0.18548	8.53e-01
NA	/data/songy4/tes/output/weights_control//ENST00000496480.5.wgt.RDat	ENST00000496480.5	15	64911902	64931967	0.0824	rs832878	 1.16	rs1471834	 7.29e-02	 6.37	 0.79508	 4	 4	enet	0.077	6.5e-11	 0.20041	8.41e-01
NA	/data/songy4/tes/output/weights_control//ENST00000531970.5.wgt.RDat	ENST00000531970.5	15	45402375	45421327	0.0628	rs17594910	-1.16	rs950027	 4.94e-02	 5.45	-0.70408	 5	 1	top1	0.049	1.6e-07	-0.70408	4.81e-01
NA	/data/songy4/tes/output/weights_control//ENST00000533841.1.wgt.RDat	ENST00000533841.1	15	45417695	45421337	0.0562	rs17594910	-1.16	rs950027	 4.64e-02	 5.32	-0.70408	 5	 1	top1	0.046	3.7e-07	-0.70408	4.81e-01
NA	/data/songy4/tes/output/weights_control//ENST00000305428.7.wgt.RDat	ENST00000305428.7	15	79432516	79472290	0.0376	rs10519218	-2.34	rs7183867	 8.33e-03	 3.58	-1.96465	24	 1	top1	0.0083	0.02	-1.96465	4.95e-02
NA	/data/songy4/tes/output/weights_control//ENST00000433326.2.wgt.RDat	ENST00000433326.2	15	58431991	58568952	0.1159	rs6494006	-2.09	rs7162855	 6.86e-02	 6.18	 1.36158	37	 8	enet	0.08	2.1e-11	 0.63575	5.25e-01
NA	/data/songy4/tes/output/weights_control//ENST00000418824.3.wgt.RDat	ENST00000418824.3	15	82372196	82372912	0.0487	rs12443185	 1.45	rs2654210	 1.88e-02	-3.57	-0.20792	13	 1	top1	0.019	0.00093	 0.20792	8.35e-01
NA	/data/songy4/tes/output/weights_control//ENST00000496101.5.wgt.RDat	ENST00000496101.5	15	57592033	57706955	0.0600	rs1972284	 2.03	rs11636335	 2.29e-02	 4.40	-0.25743	36	 3	lasso	0.055	3.1e-08	-0.57029	5.68e-01
NA	/data/songy4/tes/output/weights_control//ENST00000497208.5.wgt.RDat	ENST00000497208.5	15	32641702	32696889	0.0600	rs11634255	 2.58	rs11635997	-8.29e-04	 3.61	 0.41509	19	 8	enet	0.013	0.0051	-0.39063	6.96e-01
NA	/data/songy4/tes/output/weights_control//ENST00000571780.1.wgt.RDat	ENST00000571780.1	15	101751553	101764961	0.0834	rs8043067	 2.68	rs11247274	 3.39e-02	 4.54	-0.64646	50	 1	top1	0.034	1.3e-05	-0.64646	5.18e-01
NA	/data/songy4/tes/output/weights_control//ENST00000625155.1.wgt.RDat	ENST00000625155.1	15	79989905	79990606	0.1948	rs6495469	-2.72	rs12914081	 1.10e-01	 7.68	-0.06667	20	13	enet	0.16	4.1e-22	 0.91989	3.58e-01
NA	/data/songy4/tes/output/weights_control//ENST00000567348.5.wgt.RDat	ENST00000567348.5	15	32615539	32636181	0.0485	rs11634255	 2.58	rs11635997	 4.71e-02	 5.27	 0.41509	18	 1	top1	0.047	3e-07	 0.41509	6.78e-01
NA	/data/songy4/tes/output/weights_control//ENST00000537463.6.wgt.RDat	ENST00000537463.6	15	48430764	48645709	0.0586	rs12907018	 2.26	rs17352842	-1.37e-03	-3.07	-0.71329	17	11	enet	0.015	0.0027	 0.35353	7.24e-01
NA	/data/songy4/tes/output/weights_control//ENST00000567360.1.wgt.RDat	ENST00000567360.1	15	75358046	75358619	0.0186	rs2290573	-3.36	rs17421513	 1.97e-02	 3.49	-1.59596	 4	 1	top1	0.02	0.00073	-1.59596	1.10e-01
NA	/data/songy4/tes/output/weights_control//ENST00000414170.7.wgt.RDat	ENST00000414170.7	15	58410572	58566471	0.1028	rs6494006	-2.09	rs7162855	 7.58e-02	 6.45	 1.36158	37	 7	enet	0.08	2.3e-11	 1.16955	2.42e-01
NA	/data/songy4/tes/output/weights_control//ENST00000553818.1.wgt.RDat	ENST00000553818.1	15	93761055	93829174	0.0450	rs4777693	 2.63	rs4777898	 5.29e-03	-3.33	 0.43925	47	 9	enet	0.017	0.0015	-0.63493	5.25e-01
NA	/data/songy4/tes/output/weights_control//ENST00000553858.1.wgt.RDat	ENST00000553858.1	15	92281484	92282084	0.0539	rs3815318	-2.65	rs8033892	-8.58e-04	-3.16	 0.45342	32	12	enet	0.017	0.0018	-0.63881	5.23e-01
NA	/data/songy4/tes/output/weights_control//ENST00000670822.1.wgt.RDat	ENST00000670822.1	15	67403626	67520988	0.0363	rs12906576	-2.88	rs8031639	 4.36e-04	 3.54	 1.98131	22	 2	lasso	0.0073	0.028	 1.50964	1.31e-01
NA	/data/songy4/tes/output/weights_control//ENST00000566122.1.wgt.RDat	ENST00000566122.1	15	43180661	43184468	0.0214	rs28364458	 2.74	rs2412752	 1.05e-02	-3.03	-0.33099	 3	 1	top1	0.011	0.011	 0.33099	7.41e-01
NA	/data/songy4/tes/output/weights_control//ENST00000414190.6.wgt.RDat	ENST00000414190.6	15	84507885	84511468	0.0558	rs6602982	 3.01	rs2562767	 2.04e-02	-3.48	 0.29524	13	 1	top1	0.02	6e-04	-0.29524	7.68e-01
NA	/data/songy4/tes/output/weights_control//ENST00000566091.5.wgt.RDat	ENST00000566091.5	15	34551191	34581499	0.0908	rs1429751	 2.57	rs7177998	 2.51e-02	 4.13	-0.29808	27	12	enet	0.044	6.5e-07	 0.45523	6.49e-01
NA	/data/songy4/tes/output/weights_control//ENST00000566099.5.wgt.RDat	ENST00000566099.5	15	75355805	75359100	0.0288	rs2290573	-3.36	rs17421513	 1.12e-02	 3.79	-1.59596	 4	 3	enet	0.022	0.00035	-1.24761	2.12e-01
NA	/data/songy4/tes/output/weights_control//ENST00000612262.1.wgt.RDat	ENST00000612262.1	15	48327566	48331846	0.0619	rs12907018	 2.26	rs12907018	-1.67e-03	 2.83	 2.25888	12	 8	enet	0.025	0.00014	 0.41555	6.78e-01
NA	/data/songy4/tes/output/weights_control//ENST00000566253.5.wgt.RDat	ENST00000566253.5	15	75361097	75362212	0.0268	rs2290573	-3.36	rs17421513	 9.45e-03	 3.72	-1.59596	 4	 3	enet	0.019	0.00085	-1.05402	2.92e-01
NA	/data/songy4/tes/output/weights_control//ENST00000566258.1.wgt.RDat	ENST00000566258.1	15	34552973	34583634	0.1931	rs1429751	 2.57	rs7170342	 4.78e-02	 6.29	 0.38000	28	21	enet	0.1	1.6e-14	 0.76006	4.47e-01
NA	/data/songy4/tes/output/weights_control//ENST00000621197.4.wgt.RDat	ENST00000621197.4	15	82339998	82349437	0.1135	rs12443185	 1.45	rs2654210	 1.02e-02	-3.85	-0.20792	13	12	enet	0.076	7.5e-11	-0.46110	6.45e-01
NA	/data/songy4/tes/output/weights_control//ENST00000612379.4.wgt.RDat	ENST00000612379.4	15	82476899	82513874	0.0452	rs12443185	 1.45	rs1948815	 3.19e-02	-4.23	-0.84496	13	 1	top1	0.032	2.2e-05	 0.84496	3.98e-01
NA	/data/songy4/tes/output/weights_control//ENST00000565885.1.wgt.RDat	ENST00000565885.1	15	34406677	34428925	0.1135	rs1429751	 2.57	rs1836974	 9.38e-02	 7.11	 0.91358	35	11	enet	0.096	2.5e-13	 0.92345	3.56e-01
NA	/data/songy4/tes/output/weights_control//ENST00000554105.6.wgt.RDat	ENST00000554105.6	15	93313102	93554871	0.0512	rs1439618	-2.52	rs11074160	 2.80e-03	-3.09	 0.93264	62	 1	top1	0.0028	0.12	-0.93264	3.51e-01
NA	/data/songy4/tes/output/weights_control//ENST00000220514.8.wgt.RDat	ENST00000220514.8	15	41309273	41332591	0.0384	rs16971844	-1.88	rs316617	 2.90e-02	 4.15	-1.69000	 4	 1	top1	0.029	5.2e-05	-1.69000	9.10e-02
NA	/data/songy4/tes/output/weights_control//ENST00000413748.6.wgt.RDat	ENST00000413748.6	15	32641676	32697098	0.0777	rs11634255	 2.58	rs11635997	-1.44e-03	 3.50	 0.41509	19	16	enet	0.02	7e-04	-0.71459	4.75e-01
NA	/data/songy4/tes/output/weights_control//ENST00000565820.5.wgt.RDat	ENST00000565820.5	15	77181747	77255552	0.0175	rs12904384	 2.27	rs12904384	 1.60e-02	 3.24	 2.27368	 2	 1	top1	0.016	0.0021	 2.27368	2.30e-02
NA	/data/songy4/tes/output/weights_control//ENST00000570019.1.wgt.RDat	ENST00000570019.1	15	34373541	34374603	0.0467	rs1429751	 2.57	rs2279686	 3.00e-02	-4.35	 0.16667	40	 1	top1	0.03	3.8e-05	-0.16667	8.68e-01
NA	/data/songy4/tes/output/weights_control//ENST00000391113.1.wgt.RDat	ENST00000391113.1	15	32970727	32970791	0.1609	rs11634255	 2.58	rs2444961	 6.91e-02	 6.19	 0.07576	27	16	enet	0.12	7e-17	 0.04669	9.63e-01
NA	/data/songy4/tes/output/weights_control//ENST00000486285.1.wgt.RDat	ENST00000486285.1	15	32656084	32669092	0.0469	rs11634255	 2.58	rs11071882	 1.51e-02	 4.03	-0.71654	19	 6	enet	0.028	6.9e-05	-1.06472	2.87e-01
NA	/data/songy4/tes/output/weights_control//ENST00000566013.5.wgt.RDat	ENST00000566013.5	15	75358643	75359988	0.0254	rs2290573	-3.36	rs17421513	 4.21e-03	 3.31	-1.59596	 4	 3	enet	0.017	0.0018	-0.82390	4.10e-01
NA	/data/songy4/tes/output/weights_control//ENST00000565953.5.wgt.RDat	ENST00000565953.5	15	75359342	75360126	0.0250	rs2290573	-3.36	rs17421513	 3.71e-03	 3.22	-1.59596	 4	 3	enet	0.016	0.0024	-0.76002	4.47e-01
NA	/data/songy4/tes/output/weights_control//ENST00000565949.5.wgt.RDat	ENST00000565949.5	15	32410581	32434992	0.0292	rs2611605	-1.56	rs11635997	 8.71e-04	-3.08	 0.41509	 5	 5	enet	0.01	0.012	-0.29439	7.68e-01
NA	/data/songy4/tes/output/weights_control//ENST00000612800.1.wgt.RDat	ENST00000612800.1	15	90230246	90234047	0.0323	rs875640	-1.82	rs8024587	 2.76e-02	-4.32	-0.11538	15	 3	enet	0.031	2.9e-05	-0.25084	8.02e-01
NA	/data/songy4/tes/output/weights_control//ENST00000550961.6.wgt.RDat	ENST00000550961.6	15	82476498	82477926	0.0406	rs12443185	 1.45	rs1948815	 2.83e-02	-4.00	-0.84496	13	 1	top1	0.028	6.3e-05	 0.84496	3.98e-01
NA	/data/songy4/tes/output/weights_control//ENST00000603605.1.wgt.RDat	ENST00000603605.1	15	79984151	79985724	0.1282	rs6495469	-2.72	rs12914081	 6.44e-02	 6.03	-0.06667	20	12	enet	0.1	7.1e-14	 0.26261	7.93e-01
NA	/data/songy4/tes/output/weights_control//ENST00000484734.1.wgt.RDat	ENST00000484734.1	15	39593045	39595529	0.0485	rs12594730	-2.04	rs997752	 3.91e-03	-3.16	 0.93000	34	 1	top1	0.0039	0.081	-0.93000	3.52e-01
NA	/data/songy4/tes/output/weights_control//ENST00000653322.1.wgt.RDat	ENST00000653322.1	15	93592686	93760886	0.0485	rs4777693	 2.63	rs11074160	 3.70e-05	-3.28	 0.93264	54	13	enet	0.013	0.0051	-0.57157	5.68e-01
NA	/data/songy4/tes/output/weights_control//ENST00000566715.1.wgt.RDat	ENST00000566715.1	15	78141243	78143173	0.0433	rs16969691	-2.70	rs16969520	 2.19e-02	 3.67	-1.08333	18	 1	top1	0.022	0.00039	-1.08333	2.79e-01
NA	/data/songy4/tes/output/weights_control//ENST00000566675.5.wgt.RDat	ENST00000566675.5	15	73919028	73928203	0.0636	rs1036673	-2.62	rs1550437	 2.61e-02	-3.98	-0.14062	15	 1	top1	0.026	0.00012	 0.14062	8.88e-01
NA	/data/songy4/tes/output/weights_control//ENST00000659570.1.wgt.RDat	ENST00000659570.1	15	50354987	50358291	0.0432	rs2278167	-2.57	rs2278167	 3.17e-02	 4.39	-2.57000	16	 1	top1	0.032	2.4e-05	-2.57000	1.02e-02
NA	/data/songy4/tes/output/weights_control//ENST00000611209.1.wgt.RDat	ENST00000611209.1	15	32594188	32597925	0.1155	rs11634255	 2.58	rs11071882	 2.70e-02	-4.66	-0.71654	17	12	enet	0.067	9e-10	 0.21368	8.31e-01
NA	/data/songy4/tes/output/weights_control//ENST00000567956.5.wgt.RDat	ENST00000567956.5	15	34552907	34583651	0.2051	rs1429751	 2.57	rs1836974	 5.78e-02	 6.26	 0.61606	28	22	enet	0.12	4.6e-16	 0.78949	4.30e-01
NA	/data/songy4/tes/output/weights_control//ENST00000484722.5.wgt.RDat	ENST00000484722.5	15	76059958	76204962	0.0437	rs16967626	-2.66	rs2955732	 1.28e-02	 3.74	 0.92929	 7	 2	enet	0.035	9.2e-06	 0.50429	6.14e-01
NA	/data/songy4/tes/output/weights_control//ENST00000339465.5.wgt.RDat	ENST00000339465.5	15	82262811	82284930	0.0760	rs1564641	-2.59	rs2654210	-1.51e-03	-2.49	-0.20792	17	16	enet	0.01	0.012	 0.58759	5.57e-01
NA	/data/songy4/tes/output/weights_control//ENST00000611260.1.wgt.RDat	ENST00000611260.1	15	64934113	64943756	0.0673	rs832878	 1.16	rs1471834	 6.79e-02	 6.11	 0.79508	 4	 1	top1	0.068	7.7e-10	 0.79508	4.27e-01
NA	/data/songy4/tes/output/weights_control//ENST00000566861.5.wgt.RDat	ENST00000566861.5	15	82262826	82264889	0.0778	rs1564641	-2.59	rs17338496	-9.16e-04	 2.23	-1.32075	17	15	enet	0.0071	0.029	 0.48783	6.26e-01
NA	/data/songy4/tes/output/weights_control//ENST00000497720.1.wgt.RDat	ENST00000497720.1	15	39587431	39588785	0.0579	rs12594730	-2.04	rs997752	 4.93e-03	-3.30	 0.93000	34	 1	top1	0.0049	0.058	-0.93000	3.52e-01
NA	/data/songy4/tes/output/weights_control//ENST00000611946.1.wgt.RDat	ENST00000611946.1	15	44778196	44778721	0.0216	rs10518980	-1.57	rs10152725	 1.25e-02	 3.40	-0.79688	 4	 1	top1	0.013	0.0058	-0.79687	4.26e-01
NA	/data/songy4/tes/output/weights_control//ENST00000422563.6.wgt.RDat	ENST00000422563.6	15	84235773	84245368	0.0698	rs6602982	 3.01	rs2292188	 4.54e-03	-3.59	 1.70635	14	 9	enet	0.022	0.00034	-0.46004	6.45e-01
NA	/data/songy4/tes/output/weights_control//ENST00000553410.1.wgt.RDat	ENST00000553410.1	15	91532891	91535095	0.1999	rs9920813	-1.92	rs12906857	 1.05e-01	-7.57	 0.06944	25	 3	lasso	0.12	5.4e-17	-0.33915	7.34e-01
NA	/data/songy4/tes/output/weights_control//ENST00000566480.5.wgt.RDat	ENST00000566480.5	15	74843732	74854586	0.0272	rs2290573	-3.36	rs17421513	 5.96e-03	 3.20	-1.59596	10	 6	enet	0.0068	0.033	-0.48971	6.24e-01
NA	/data/songy4/tes/output/weights_control//ENST00000566321.5.wgt.RDat	ENST00000566321.5	15	28801366	28818999	0.0386	NA	   NA	NA	       NA	   NA	      NA	 2	 0	top1	0.028	7.3e-05	      NA	      NA
NA	/data/songy4/tes/output/weights_control//ENST00000612093.1.wgt.RDat	ENST00000612093.1	15	82464708	82477258	0.0364	rs12443185	 1.45	rs1948815	 5.02e-03	-3.37	-0.84496	13	10	enet	0.012	0.0079	-0.12352	9.02e-01
NA	/data/songy4/tes/output/weights_control//ENST00000414849.6.wgt.RDat	ENST00000414849.6	15	41332871	41381050	0.0241	rs16971844	-1.88	rs316617	 2.56e-02	 3.93	-1.69000	 4	 1	top1	0.026	0.00014	-1.69000	9.10e-02
NA	/data/songy4/tes/output/weights_control//ENST00000299022.10.wgt.RDat	ENST00000299022.10	15	58431991	58569844	0.1139	rs6494006	-2.09	rs7162855	 6.98e-02	 6.23	 1.36158	37	 1	top1	0.07	4.6e-10	 1.36158	1.73e-01
NA	/data/songy4/tes/output/weights_control//ENST00000568129.1.wgt.RDat	ENST00000568129.1	15	83163770	83207450	0.0238	rs7182320	 1.12	rs7174089	 1.35e-02	 3.26	 0.03158	 3	 1	top1	0.013	0.0044	 0.03158	9.75e-01
NA	/data/songy4/tes/output/weights_control//ENST00000566569.1.wgt.RDat	ENST00000566569.1	15	75356120	75357048	0.0258	rs2290573	-3.36	rs17421513	 1.07e-02	 3.66	-1.59596	 4	 2	enet	0.022	0.00038	-1.33997	1.80e-01
NA	/data/songy4/tes/output/weights_control//ENST00000559212.1.wgt.RDat	ENST00000559212.1	15	69671748	69695750	0.0289	rs17313232	-2.66	rs305024	-1.20e-03	 2.96	 2.00610	16	 6	enet	0.0011	0.21	 0.40635	6.84e-01
NA	/data/songy4/tes/output/weights_control//ENST00000642527.1.wgt.RDat	ENST00000642527.1	15	39588357	39618243	0.0617	rs12594730	-2.04	rs997752	 1.95e-02	-3.43	 0.93000	34	 1	top1	0.019	0.00078	-0.93000	3.52e-01
NA	/data/songy4/tes/output/weights_control//ENST00000561241.1.wgt.RDat	ENST00000561241.1	15	63046034	63049387	0.0423	rs4775609	 2.64	rs4775609	 1.88e-02	 4.20	 2.63918	27	 2	enet	0.033	1.8e-05	 2.14346	3.21e-02
NA	/data/songy4/tes/output/weights_control//ENST00000468886.5.wgt.RDat	ENST00000468886.5	15	57592033	57706955	0.0636	rs1972284	 2.03	rs11636335	 2.99e-02	 4.67	-0.25743	36	 3	lasso	0.058	1.2e-08	-0.57769	5.63e-01
NA	/data/songy4/tes/output/weights_control//ENST00000559150.1.wgt.RDat	ENST00000559150.1	15	33064426	33068032	0.2696	rs11634255	 2.58	rs2444961	 1.42e-01	 8.69	 0.07576	33	16	enet	0.23	1.7e-32	-0.46869	6.39e-01
NA	/data/songy4/tes/output/weights_control//ENST00000569120.1.wgt.RDat	ENST00000569120.1	15	82262818	82265748	0.0617	rs1564641	-2.59	rs1493609	 7.40e-04	 2.56	 0.96040	17	 1	top1	0.00074	0.24	 0.96040	3.37e-01
NA	/data/songy4/tes/output/weights_control//ENST00000559133.5.wgt.RDat	ENST00000559133.5	15	48410074	48467991	0.0539	rs12907018	 2.26	rs17352842	 4.18e-03	-3.54	-0.71329	13	 8	enet	0.027	9.8e-05	 0.30380	7.61e-01
NA	/data/songy4/tes/output/weights_control//ENST00000617986.1.wgt.RDat	ENST00000617986.1	15	82472203	82472426	0.0403	rs12443185	 1.45	rs1948815	 5.18e-03	-3.69	-0.84496	13	 8	enet	0.016	0.002	 0.06706	9.47e-01
NA	/data/songy4/tes/output/weights_control//ENST00000559135.1.wgt.RDat	ENST00000559135.1	15	33012119	33013068	0.1666	rs11634255	 2.58	rs2444961	 7.85e-02	 6.56	 0.07576	28	13	enet	0.16	6.6e-22	-0.41541	6.78e-01
NA	/data/songy4/tes/output/weights_control//ENST00000561249.5.wgt.RDat	ENST00000561249.5	15	32774151	33155040	0.2680	rs11634255	 2.58	rs2444961	 1.42e-01	 8.71	 0.07576	40	19	enet	0.24	5.2e-34	-0.72332	4.69e-01
NA	/data/songy4/tes/output/weights_control//ENST00000466755.1.wgt.RDat	ENST00000466755.1	15	39587452	39588472	0.0553	rs12594730	-2.04	rs997752	 4.62e-03	-3.28	 0.93000	34	 1	top1	0.0046	0.064	-0.93000	3.52e-01
NA	/data/songy4/tes/output/weights_control//ENST00000647363.1.wgt.RDat	ENST00000647363.1	15	48192046	48203744	0.1038	rs12907018	 2.26	rs17352842	 1.22e-03	 4.44	-0.71329	14	10	enet	0.067	9.2e-10	 0.75319	4.51e-01
NA	/data/songy4/tes/output/weights_control//ENST00000466756.2.wgt.RDat	ENST00000466756.2	15	40416167	40424473	0.0353	rs8041057	 2.20	rs7165012	-4.13e-04	-3.27	-0.04466	19	 4	enet	0.016	0.0022	-0.21714	8.28e-01
NA	/data/songy4/tes/output/weights_control//ENST00000559170.1.wgt.RDat	ENST00000559170.1	15	89683251	89690783	0.0428	rs4932202	-2.38	rs8025462	-9.06e-04	-2.98	 2.13514	30	 1	top1	-0.00091	0.47	-2.13514	3.27e-02
NA	/data/songy4/tes/output/weights_control//ENST00000560808.1.wgt.RDat	ENST00000560808.1	15	73289074	73302933	0.0340	rs2623998	 1.91	rs8032762	 1.46e-02	 3.04	-0.23913	 8	 1	top1	0.015	0.0031	-0.23913	8.11e-01
NA	/data/songy4/tes/output/weights_control//ENST00000617932.1.wgt.RDat	ENST00000617932.1	15	45378700	45380123	0.0262	rs17594910	-1.16	rs950027	 2.88e-02	-4.02	-0.70408	 5	 1	top1	0.029	5.3e-05	 0.70408	4.81e-01
NA	/data/songy4/tes/output/weights_control//ENST00000561162.5.wgt.RDat	ENST00000561162.5	15	63971524	64046381	0.0427	rs16947645	 1.46	rs16947645	 2.98e-02	-4.40	 1.45872	 5	 3	lasso	0.033	1.7e-05	-0.82594	4.09e-01
NA	/data/songy4/tes/output/weights_control//ENST00000559299.2.wgt.RDat	ENST00000559299.2	15	81816761	81995666	0.0800	rs1564641	-2.59	rs7168047	-1.07e-03	-3.73	 1.16346	24	12	enet	0.03	3.6e-05	-0.64702	5.18e-01
NA	/data/songy4/tes/output/weights_control//ENST00000559272.1.wgt.RDat	ENST00000559272.1	15	79456096	79471144	0.0360	rs10519218	-2.34	rs7183867	 2.55e-02	 4.10	-1.96465	24	 1	top1	0.025	0.00014	-1.96465	4.95e-02
NA	/data/songy4/tes/output/weights_control//ENST00000559306.1.wgt.RDat	ENST00000559306.1	15	63983605	64072033	0.0303	rs16947645	 1.46	rs16947645	 1.98e-02	-3.73	 1.45872	 5	 1	top1	0.02	0.00071	-1.45872	1.45e-01
NA	/data/songy4/tes/output/weights_control//ENST00000645050.1.wgt.RDat	ENST00000645050.1	15	48178467	48203697	0.1087	rs17418632	-2.42	rs17352842	 4.38e-03	 4.64	-0.71329	16	12	enet	0.072	2.7e-10	-0.12816	8.98e-01
NA	/data/songy4/tes/output/weights_control//ENST00000559318.1.wgt.RDat	ENST00000559318.1	15	39299339	39420951	0.0757	rs954431	-2.06	rs2624268	-1.70e-03	-2.95	-0.13656	43	12	enet	0.00074	0.24	 0.15692	8.75e-01
NA	/data/songy4/tes/output/weights_control//ENST00000558941.6.wgt.RDat	ENST00000558941.6	15	69670130	69704214	0.0351	rs17313232	-2.66	rs4776461	 1.59e-02	-3.30	 0.06081	16	 1	top1	0.016	0.0022	-0.06081	9.52e-01
NA	/data/songy4/tes/output/weights_control//ENST00000558916.1.wgt.RDat	ENST00000558916.1	15	45364824	45369707	0.0951	rs17594910	-1.16	rs950027	 8.85e-02	-7.02	-0.70408	 5	 1	top1	0.088	2e-12	 0.70408	4.81e-01
NA	/data/songy4/tes/output/weights_control//ENST00000560277.5.wgt.RDat	ENST00000560277.5	15	98820884	98896849	0.0547	rs11634680	-2.22	rs8028620	-1.83e-03	-2.53	-0.05000	40	11	enet	0.0059	0.044	-0.92665	3.54e-01
NA	/data/songy4/tes/output/weights_control//ENST00000558946.1.wgt.RDat	ENST00000558946.1	15	58246183	58331630	0.0589	rs6494006	-2.09	rs10518984	-1.80e-03	 2.56	 0.75974	49	14	enet	0.0087	0.018	 1.03008	3.03e-01
NA	/data/songy4/tes/output/weights_control//ENST00000561404.1.wgt.RDat	ENST00000561404.1	15	45255124	45279251	0.0303	rs10518980	-1.57	rs1365242	 9.26e-03	-3.11	 0.51961	 6	 6	enet	0.013	0.0044	-0.03703	9.70e-01
NA	/data/songy4/tes/output/weights_control//ENST00000490247.1.wgt.RDat	ENST00000490247.1	15	39588848	39589843	0.0680	rs12594730	-2.04	rs997752	 5.72e-03	-3.65	 0.93000	34	 1	enet	0.007	0.03	-0.93000	3.52e-01
NA	/data/songy4/tes/output/weights_control//ENST00000362286.1.wgt.RDat	ENST00000362286.1	15	63870930	63871019	0.0202	rs2729812	 1.67	rs16947645	 5.22e-03	-3.30	 1.45872	 5	 1	top1	0.0052	0.053	-1.45872	1.45e-01
NA	/data/songy4/tes/output/weights_control//ENST00000667030.1.wgt.RDat	ENST00000667030.1	15	93231682	93541205	0.0652	NA	   NA	NA	       NA	   NA	      NA	 0	 0	enet	8e-04	0.23	      NA	      NA
NA	/data/songy4/tes/output/weights_control//ENST00000558882.1.wgt.RDat	ENST00000558882.1	15	32774323	32860837	0.1344	rs11634255	 2.58	rs345829	 7.86e-02	 6.53	-0.78205	27	12	enet	0.098	1.1e-13	-0.83072	4.06e-01
NA	/data/songy4/tes/output/weights_control//ENST00000561376.1.wgt.RDat	ENST00000561376.1	15	45364324	45366070	0.0593	rs17594910	-1.16	rs950027	 6.05e-02	-5.79	-0.70408	 5	 1	top1	0.06	6.5e-09	 0.70408	4.81e-01
NA	/data/songy4/tes/output/weights_control//ENST00000561300.1.wgt.RDat	ENST00000561300.1	15	51781049	51783136	0.0428	rs882299	 1.73	rs2622774	 1.21e-02	-3.95	 0.18548	14	 1	top1	0.012	0.0066	-0.18548	8.53e-01
NA	/data/songy4/tes/output/weights_control//ENST00000560257.1.wgt.RDat	ENST00000560257.1	15	58410581	58432363	0.0768	rs6494006	-2.09	rs7162855	 6.36e-02	 5.91	 1.36158	37	 1	top1	0.064	2.7e-09	 1.36158	1.73e-01
NA	/data/songy4/tes/output/weights_control//ENST00000618004.4.wgt.RDat	ENST00000618004.4	15	82472993	82513950	0.0424	rs12443185	 1.45	rs1948815	 6.60e-03	-3.14	-0.84496	13	 9	enet	0.025	0.00014	 0.16905	8.66e-01
NA	/data/songy4/tes/output/weights_control//ENST00000561277.5.wgt.RDat	ENST00000561277.5	15	77046060	77071122	0.0549	rs12904384	 2.27	rs12904384	 3.45e-02	 4.59	 2.27368	 2	 2	enet	0.041	1.5e-06	 1.91488	5.55e-02
NA	/data/songy4/tes/output/weights_control//ENST00000561289.1.wgt.RDat	ENST00000561289.1	15	50355545	50356414	0.0319	rs2278167	-2.57	rs2278167	 5.20e-03	 3.58	-2.57000	16	 4	enet	0.011	0.01	-0.92127	3.57e-01
NA	/data/songy4/tes/output/weights_control//ENST00000561287.1.wgt.RDat	ENST00000561287.1	15	82414681	82416003	0.0368	rs12443185	 1.45	rs7168047	 5.22e-03	 3.28	 1.16346	13	 6	enet	0.03	4e-05	 0.96157	3.36e-01
NA	/data/songy4/tes/output/weights_control//ENST00000466501.1.wgt.RDat	ENST00000466501.1	15	82372310	82372888	0.0487	rs12443185	 1.45	rs2654210	 1.89e-02	-3.58	-0.20792	13	 1	top1	0.019	0.00093	 0.20792	8.35e-01
NA	/data/songy4/tes/output/weights_control//ENST00000562130.5.wgt.RDat	ENST00000562130.5	15	73919155	73926342	0.0442	rs1036673	-2.62	rs1550437	 1.68e-02	-3.28	-0.14062	15	 1	top1	0.017	0.0017	 0.14063	8.88e-01
NA	/data/songy4/tes/output/weights_control//ENST00000559003.5.wgt.RDat	ENST00000559003.5	15	45251580	45256002	0.0451	rs10518980	-1.57	rs1365242	 2.78e-03	-2.79	 0.51961	 6	 6	enet	0.023	0.00026	 0.17250	8.63e-01
NA	/data/songy4/tes/output/weights_control//ENST00000559007.5.wgt.RDat	ENST00000559007.5	15	63907036	64040267	0.0219	rs2729812	 1.67	rs12901218	 8.53e-03	-2.85	-1.27397	 6	 4	enet	0.014	0.0037	-0.20116	8.41e-01
NA	/data/songy4/tes/output/weights_control//ENST00000559012.2.wgt.RDat	ENST00000559012.2	15	40039242	40065705	0.1080	rs8041057	 2.20	rs8041057	 9.73e-02	-7.44	 2.19811	17	 1	top1	0.097	1.5e-13	-2.19811	2.79e-02
NA	/data/songy4/tes/output/weights_control//ENST00000559047.5.wgt.RDat	ENST00000559047.5	15	32774310	33154914	0.2910	rs11634255	 2.58	rs2444961	 1.57e-01	 9.14	 0.07576	40	20	enet	0.26	4.8e-36	-0.74683	4.55e-01
NA	/data/songy4/tes/output/weights_control//ENST00000646012.1.wgt.RDat	ENST00000646012.1	15	48191648	48303718	0.0990	rs12907018	 2.26	rs17352842	-4.93e-04	 4.12	-0.71329	14	10	enet	0.06	8.3e-09	 0.76882	4.42e-01
NA	/data/songy4/tes/output/weights_control//ENST00000559860.2.wgt.RDat	ENST00000559860.2	15	45402370	45415905	0.0613	rs17594910	-1.16	rs950027	 4.84e-02	 5.38	-0.70408	 5	 1	top1	0.048	2.1e-07	-0.70408	4.81e-01
NA	/data/songy4/tes/output/weights_control//ENST00000559845.5.wgt.RDat	ENST00000559845.5	15	58431991	58564008	0.0963	rs6494006	-2.09	rs7162855	 4.81e-02	 5.29	 1.36158	37	 5	lasso	0.048	2.1e-07	 1.22422	2.21e-01
NA	/data/songy4/tes/output/weights_control//ENST00000559885.1.wgt.RDat	ENST00000559885.1	15	45369378	45377035	0.0781	rs17594910	-1.16	rs950027	 7.79e-02	-6.50	-0.70408	 5	 1	top1	0.078	4.3e-11	 0.70408	4.81e-01
NA	/data/songy4/tes/output/weights_control//ENST00000559884.5.wgt.RDat	ENST00000559884.5	15	101961603	101966755	0.0817	rs8043067	 2.68	rs11247274	 7.00e-03	 3.43	-0.64646	44	 8	enet	0.013	0.0047	-0.05857	9.53e-01
NA	/data/songy4/tes/output/weights_control//ENST00000667323.1.wgt.RDat	ENST00000667323.1	15	40039291	40065705	0.1048	rs8041057	 2.20	rs8041057	 9.92e-02	-7.45	 2.19811	17	 1	top1	0.099	8.6e-14	-2.19811	2.79e-02
NA	/data/songy4/tes/output/weights_control//ENST00000559897.1.wgt.RDat	ENST00000559897.1	15	63939293	64030020	0.0213	rs16947645	 1.46	rs16947645	 2.19e-03	-2.81	 1.45872	 5	 3	lasso	0.0061	0.041	-1.02224	3.07e-01
NA	/data/songy4/tes/output/weights_control//ENST00000559875.1.wgt.RDat	ENST00000559875.1	15	48192191	48201684	0.1062	rs12907018	 2.26	rs17352842	 1.25e-02	 4.67	-0.71329	14	10	enet	0.066	1.5e-09	 0.80712	4.20e-01
NA	/data/songy4/tes/output/weights_control//ENST00000667317.1.wgt.RDat	ENST00000667317.1	15	50355465	50357138	0.0420	rs2278167	-2.57	rs2278167	 3.22e-02	 4.37	-2.57000	16	 1	top1	0.032	2.1e-05	-2.57000	1.02e-02
NA	/data/songy4/tes/output/weights_control//ENST00000507063.1.wgt.RDat	ENST00000507063.1	15	55862988	55951400	0.0371	rs2414407	 2.25	rs12595720	 2.49e-02	 3.88	 0.08955	14	 1	top1	0.025	0.00016	 0.08955	9.29e-01
NA	/data/songy4/tes/output/weights_control//ENST00000559829.5.wgt.RDat	ENST00000559829.5	15	49859000	50114504	0.0275	rs2278167	-2.57	rs8035652	-4.16e-04	 2.91	 1.00769	16	 6	enet	0.025	0.00016	 1.45254	1.46e-01
NA	/data/songy4/tes/output/weights_control//ENST00000471563.5.wgt.RDat	ENST00000471563.5	15	57592033	57706955	0.0629	rs1972284	 2.03	rs11636335	 2.95e-02	 4.61	-0.25743	36	 3	lasso	0.058	1.4e-08	-0.57377	5.66e-01
NA	/data/songy4/tes/output/weights_control//ENST00000359187.4.wgt.RDat	ENST00000359187.4	15	34381411	34389756	0.0444	rs1429751	 2.57	rs4984236	-8.09e-04	 3.40	 0.44545	36	16	enet	-0.00034	0.36	 0.61166	5.41e-01
NA	/data/songy4/tes/output/weights_control//ENST00000559805.1.wgt.RDat	ENST00000559805.1	15	65234460	65261007	0.0412	rs602192	-2.49	rs602192	 3.48e-03	 2.91	-2.49167	 7	 7	enet	0.008	0.023	-0.92915	3.53e-01
NA	/data/songy4/tes/output/weights_control//ENST00000562282.5.wgt.RDat	ENST00000562282.5	15	34544858	34552398	0.0632	rs1429751	 2.57	rs1836974	 8.88e-03	-4.06	 0.54720	24	 9	enet	0.041	1.9e-06	-0.33145	7.40e-01
NA	/data/songy4/tes/output/weights_control//ENST00000559989.1.wgt.RDat	ENST00000559989.1	15	85196444	85213905	0.0364	rs2292188	 1.71	rs306202	 2.44e-02	 3.98	 0.48936	10	 1	top1	0.024	0.00019	 0.48936	6.25e-01
NA	/data/songy4/tes/output/weights_control//ENST00000560898.5.wgt.RDat	ENST00000560898.5	15	41351102	41377272	0.0327	rs16971844	-1.88	rs316617	 3.40e-02	 4.41	-1.69000	 4	 1	top1	0.034	1.2e-05	-1.69000	9.10e-02
NA	/data/songy4/tes/output/weights_control//ENST00000560894.1.wgt.RDat	ENST00000560894.1	15	39590928	39591618	0.0629	rs12594730	-2.04	rs997752	 5.59e-03	-3.62	 0.93000	34	 2	lasso	0.0072	0.028	-0.91230	3.62e-01
NA	/data/songy4/tes/output/weights_control//ENST00000647546.1.wgt.RDat	ENST00000647546.1	15	48191682	48304078	0.0996	rs12907018	 2.26	rs17352842	-4.27e-04	 4.15	-0.71329	14	10	enet	0.06	7.4e-09	 0.74203	4.58e-01
NA	/data/songy4/tes/output/weights_control//ENST00000647892.1.wgt.RDat	ENST00000647892.1	15	32624106	32641615	0.0815	rs11634255	 2.58	rs11635997	 5.65e-02	 5.65	 0.41509	18	 1	top1	0.057	2e-08	 0.41509	6.78e-01
NA	/data/songy4/tes/output/weights_control//ENST00000560951.1.wgt.RDat	ENST00000560951.1	15	70678099	70680034	0.0440	rs631864	-1.82	rs2415081	 1.28e-02	-3.35	-0.76129	21	 3	lasso	0.029	5.2e-05	 0.68165	4.95e-01
NA	/data/songy4/tes/output/weights_control//ENST00000569176.1.wgt.RDat	ENST00000569176.1	15	75358462	75359762	0.0267	rs2290573	-3.36	rs17421513	 5.43e-03	 3.44	-1.59596	 4	 3	enet	0.02	6e-04	-1.19329	2.33e-01
NA	/data/songy4/tes/output/weights_control//ENST00000560856.5.wgt.RDat	ENST00000560856.5	15	101286932	101295222	0.0378	rs1689955	 2.50	rs11247274	 2.46e-02	 4.09	-0.64646	33	 1	top1	0.025	0.00018	-0.64646	5.18e-01
NA	/data/songy4/tes/output/weights_control//ENST00000559924.1.wgt.RDat	ENST00000559924.1	15	45263061	45267752	0.0286	rs10518980	-1.57	rs1365242	 3.65e-03	-2.72	 0.51961	 6	 1	top1	0.0037	0.088	-0.51961	6.03e-01
NA	/data/songy4/tes/output/weights_control//ENST00000365672.1.wgt.RDat	ENST00000365672.1	15	48325558	48325671	0.0669	rs12907018	 2.26	rs12912380	-5.35e-04	 3.49	 0.26220	12	 8	enet	0.035	1e-05	 0.47025	6.38e-01
NA	/data/songy4/tes/output/weights_control//ENST00000560922.1.wgt.RDat	ENST00000560922.1	15	40337850	40340042	0.0409	NA	   NA	NA	       NA	   NA	      NA	19	 0	top1	0.015	0.0027	      NA	      NA
NA	/data/songy4/tes/output/weights_control//ENST00000561094.2.wgt.RDat	ENST00000561094.2	15	48188153	48191382	0.0742	rs12907018	 2.26	rs12912380	 1.02e-03	 3.97	 0.26220	13	10	enet	0.044	7.7e-07	 1.50308	1.33e-01
NA	/data/songy4/tes/output/weights_control//ENST00000562702.2.wgt.RDat	ENST00000562702.2	15	83157351	83169231	0.0373	rs7182320	 1.12	rs7174089	 2.29e-02	 3.82	 0.03158	 3	 3	enet	0.031	3.2e-05	-0.20003	8.41e-01
NA	/data/songy4/tes/output/weights_control//ENST00000569152.1.wgt.RDat	ENST00000569152.1	15	75649756	75658630	0.0374	rs17338413	 1.63	rs34838371	 1.25e-02	-3.10	 0.11491	 5	 1	top1	0.012	0.0059	-0.11491	9.09e-01
NA	/data/songy4/tes/output/weights_control//ENST00000562739.6.wgt.RDat	ENST00000562739.6	15	73916200	73927697	0.0981	rs1036673	-2.62	rs1550437	 4.71e-03	-3.22	-0.14062	15	12	enet	0.025	0.00015	-0.04664	9.63e-01
NA	/data/songy4/tes/output/weights_control//ENST00000560177.5.wgt.RDat	ENST00000560177.5	15	41332913	41381050	0.0241	rs16971844	-1.88	rs316617	 2.55e-02	 3.92	-1.69000	 4	 1	top1	0.025	0.00014	-1.69000	9.10e-02
NA	/data/songy4/tes/output/weights_control//ENST00000561148.5.wgt.RDat	ENST00000561148.5	15	45369329	45402218	0.0282	rs17594910	-1.16	rs950027	 2.52e-02	-3.99	-0.70408	 5	 1	top1	0.025	0.00015	 0.70408	4.81e-01
NA	/data/songy4/tes/output/weights_control//ENST00000358767.7.wgt.RDat	ENST00000358767.7	15	67371525	67501803	0.0423	rs12906576	-2.88	rs8024414	 2.47e-03	-3.71	-1.40092	23	 3	lasso	0.013	0.0048	 2.83878	4.53e-03
NA	/data/songy4/tes/output/weights_control//ENST00000559494.1.wgt.RDat	ENST00000559494.1	15	77046084	77071034	0.0503	rs12904384	 2.27	rs12904384	 3.11e-02	 4.38	 2.27368	 2	 2	enet	0.037	4.6e-06	 1.89926	5.75e-02
NA	/data/songy4/tes/output/weights_control//ENST00000559468.1.wgt.RDat	ENST00000559468.1	15	98954149	99105824	0.0678	rs10438491	 2.42	rs1670255	-1.61e-03	 3.31	 2.35349	55	 9	enet	0.034	1.2e-05	 0.80541	4.21e-01
NA	/data/songy4/tes/output/weights_control//ENST00000561127.5.wgt.RDat	ENST00000561127.5	15	48191664	48230430	0.1045	rs12907018	 2.26	rs17352842	 1.23e-03	 4.38	-0.71329	14	11	enet	0.07	4.1e-10	 0.78504	4.32e-01
NA	/data/songy4/tes/output/weights_control//ENST00000491145.5.wgt.RDat	ENST00000491145.5	15	64911902	64932756	0.0683	rs832878	 1.16	rs1471834	 6.01e-02	 5.87	 0.79508	 4	 1	top1	0.06	7.3e-09	 0.79508	4.27e-01
NA	/data/songy4/tes/output/weights_control//ENST00000561031.1.wgt.RDat	ENST00000561031.1	15	48207720	48221445	0.0991	rs12907018	 2.26	rs17352842	 3.32e-03	 4.19	-0.71329	12	10	enet	0.058	1.2e-08	 0.09059	9.28e-01
NA	/data/songy4/tes/output/weights_control//ENST00000559723.2.wgt.RDat	ENST00000559723.2	15	48225851	48234925	0.1033	rs12907018	 2.26	rs17352842	 3.95e-04	 4.14	-0.71329	12	11	enet	0.063	3e-09	 0.55319	5.80e-01
NA	/data/songy4/tes/output/weights_control//ENST00000559726.5.wgt.RDat	ENST00000559726.5	15	49858239	50113316	0.0257	rs2278167	-2.57	rs8035652	 1.09e-04	 2.81	 1.00769	16	 6	enet	0.022	0.00035	 1.57102	1.16e-01
NA	/data/songy4/tes/output/weights_control//ENST00000559668.5.wgt.RDat	ENST00000559668.5	15	84199311	84230022	0.0294	rs6602982	 3.01	rs2201101	 1.60e-02	 3.14	 1.08148	14	 1	top1	0.016	0.0021	 1.08148	2.79e-01
NA	/data/songy4/tes/output/weights_control//ENST00000559596.6.wgt.RDat	ENST00000559596.6	15	41332881	41381046	0.0239	rs16971844	-1.88	rs316617	 2.54e-02	 3.92	-1.69000	 4	 1	top1	0.025	0.00014	-1.69000	9.10e-02
NA	/data/songy4/tes/output/weights_control//ENST00000561083.1.wgt.RDat	ENST00000561083.1	15	58434890	58498735	0.0492	rs6494006	-2.09	rs7162855	-7.03e-06	 3.71	 1.36158	37	14	enet	0.0065	0.035	 0.54416	5.86e-01
NA	/data/songy4/tes/output/weights_control//ENST00000562228.5.wgt.RDat	ENST00000562228.5	15	75360632	75362172	0.0227	rs2290573	-3.36	rs17421513	 7.33e-03	 3.53	-1.59596	 4	 3	enet	0.016	0.0022	-1.37763	1.68e-01
NA	/data/songy4/tes/output/weights_control//ENST00000559610.1.wgt.RDat	ENST00000559610.1	15	32810895	32888254	0.1239	rs11634255	 2.58	rs345829	 6.29e-02	 5.90	-0.78205	27	14	enet	0.078	3.8e-11	-1.20149	2.30e-01
NA	/data/songy4/tes/output/weights_control//ENST00000559641.5.wgt.RDat	ENST00000559641.5	15	48191765	48285127	0.0998	rs12907018	 2.26	rs17352842	 4.94e-04	 4.22	-0.71329	14	10	enet	0.063	3.1e-09	 0.73744	4.61e-01
NA	/data/songy4/tes/output/weights_control//ENST00000643127.1.wgt.RDat	ENST00000643127.1	15	38696598	38700038	0.0661	rs10520060	 2.11	rs954431	-7.02e-04	-2.65	-2.05882	41	18	enet	0.0061	0.04	 0.28988	7.72e-01
NA	/data/songy4/tes/output/weights_control//ENST00000558805.1.wgt.RDat	ENST00000558805.1	15	48232725	48235344	0.0945	rs12907018	 2.26	rs17352842	 1.45e-03	 4.17	-0.71329	12	10	enet	0.051	9e-08	 0.39131	6.96e-01
NA	/data/songy4/tes/output/weights_control//ENST00000558035.1.wgt.RDat	ENST00000558035.1	15	82347242	82349437	0.0790	rs12443185	 1.45	rs2665120	 3.86e-02	 4.92	-0.46250	13	 9	enet	0.054	4.5e-08	-1.10376	2.70e-01
NA	/data/songy4/tes/output/weights_control//ENST00000260359.10.wgt.RDat	ENST00000260359.10	15	41332694	41381050	0.0245	rs16971844	-1.88	rs316617	 2.58e-02	 3.95	-1.69000	 4	 1	top1	0.026	0.00013	-1.69000	9.10e-02
NA	/data/songy4/tes/output/weights_control//ENST00000558060.1.wgt.RDat	ENST00000558060.1	15	33821293	33825819	0.0545	rs1429751	 2.57	rs16953757	 5.71e-04	-2.72	-0.75789	55	 1	top1	0.00057	0.25	 0.75789	4.49e-01
NA	/data/songy4/tes/output/weights_control//ENST00000560446.1.wgt.RDat	ENST00000560446.1	15	77043680	77045160	0.2667	rs12904384	 2.27	rs12904384	 1.93e-01	10.19	 2.27368	 2	 2	enet	0.23	2.9e-31	 1.97473	4.83e-02
NA	/data/songy4/tes/output/weights_control//ENST00000560576.1.wgt.RDat	ENST00000560576.1	15	51751615	51784980	0.0435	rs882299	 1.73	rs2622774	 1.63e-02	-4.08	 0.18548	14	 1	top1	0.016	0.0019	-0.18548	8.53e-01
NA	/data/songy4/tes/output/weights_control//ENST00000396659.8.wgt.RDat	ENST00000396659.8	15	45361124	45378544	0.1121	rs17594910	-1.16	rs950027	 1.09e-01	-7.69	-0.70408	 5	 1	top1	0.11	5.2e-15	 0.70408	4.81e-01
NA	/data/songy4/tes/output/weights_control//ENST00000504245.6.wgt.RDat	ENST00000504245.6	15	40039296	40067496	0.1468	rs8041057	 2.20	rs8041057	 1.29e-01	-8.43	 2.19811	17	 1	top1	0.13	1.3e-17	-2.19811	2.79e-02
NA	/data/songy4/tes/output/weights_control//ENST00000560623.1.wgt.RDat	ENST00000560623.1	15	48189387	48191691	0.0841	rs12907018	 2.26	rs12912380	 1.09e-03	 3.88	 0.26220	13	 9	enet	0.056	2.1e-08	 1.31556	1.88e-01
NA	/data/songy4/tes/output/weights_control//ENST00000396577.7.wgt.RDat	ENST00000396577.7	15	48206302	48304078	0.1007	rs12907018	 2.26	rs17352842	-3.26e-04	 4.12	-0.71329	12	 9	enet	0.057	2e-08	 0.43200	6.66e-01
NA	/data/songy4/tes/output/weights_control//ENST00000558163.1.wgt.RDat	ENST00000558163.1	15	45366462	45378519	0.0939	rs17594910	-1.16	rs950027	 8.91e-02	-7.00	-0.70408	 5	 1	top1	0.089	1.7e-12	 0.70408	4.81e-01
NA	/data/songy4/tes/output/weights_control//ENST00000558225.1.wgt.RDat	ENST00000558225.1	15	31393575	31435665	0.0405	rs898212	 2.28	rs898212	 1.51e-02	-3.75	 2.28302	17	 9	enet	0.03	3.7e-05	-1.09389	2.74e-01
NA	/data/songy4/tes/output/weights_control//ENST00000558209.1.wgt.RDat	ENST00000558209.1	15	39071571	39427195	0.0862	rs954431	-2.06	rs2725802	 5.83e-03	 3.41	 0.12865	48	 3	lasso	0.0061	0.04	 0.15358	8.78e-01
NA	/data/songy4/tes/output/weights_control//ENST00000562067.5.wgt.RDat	ENST00000562067.5	15	75355792	75356885	0.0280	rs2290573	-3.36	rs17421513	 8.78e-03	 3.66	-1.59596	 4	 4	enet	0.017	0.0016	-0.16445	8.69e-01
NA	/data/songy4/tes/output/weights_control//ENST00000558197.1.wgt.RDat	ENST00000558197.1	15	33062667	33068162	0.2673	rs11634255	 2.58	rs2444961	 1.45e-01	 8.77	 0.07576	33	17	enet	0.24	4.8e-34	-0.42124	6.74e-01
NA	/data/songy4/tes/output/weights_control//ENST00000561684.1.wgt.RDat	ENST00000561684.1	15	30882267	30883231	0.0313	rs10400821	 1.88	rs2241495	 2.39e-02	 3.93	 0.20800	 5	 1	top1	0.024	0.00022	 0.20800	8.35e-01
NA	/data/songy4/tes/output/weights_control//ENST00000560437.1.wgt.RDat	ENST00000560437.1	15	49987512	50119457	0.0291	rs2278167	-2.57	rs8035652	-1.24e-03	 2.72	 1.00769	16	 8	enet	0.021	0.00049	 1.88308	5.97e-02
NA	/data/songy4/tes/output/weights_control//ENST00000563058.5.wgt.RDat	ENST00000563058.5	15	75360955	75362391	0.0229	rs2290573	-3.36	rs17421513	 6.95e-03	 3.51	-1.59596	 4	 3	enet	0.015	0.0031	-1.20211	2.29e-01
NA	/data/songy4/tes/output/weights_control//ENST00000561693.5.wgt.RDat	ENST00000561693.5	15	75355794	75357367	0.0182	rs2290573	-3.36	rs17421513	 2.30e-02	 3.69	-1.59596	 4	 1	top1	0.023	0.00028	-1.59596	1.10e-01
NA	/data/songy4/tes/output/weights_control//ENST00000560692.5.wgt.RDat	ENST00000560692.5	15	48224326	48304078	0.1014	rs12907018	 2.26	rs17352842	 3.62e-04	 4.21	-0.71329	12	10	enet	0.059	8.7e-09	 0.31637	7.52e-01
NA	/data/songy4/tes/output/weights_control//ENST00000618348.1.wgt.RDat	ENST00000618348.1	15	82430020	82436762	0.0381	rs12443185	 1.45	rs2665120	 6.78e-03	 3.11	-0.46250	13	 6	enet	0.01	0.012	-0.47313	6.36e-01
NA	/data/songy4/tes/output/weights_control//ENST00000560438.5.wgt.RDat	ENST00000560438.5	15	45252234	45264683	0.0328	rs10518980	-1.57	rs1365242	 6.61e-04	-3.04	 0.51961	 6	 6	enet	0.0033	0.098	-0.28992	7.72e-01
NA	/data/songy4/tes/output/weights_control//ENST00000473125.5.wgt.RDat	ENST00000473125.5	15	34379068	34407687	0.0452	rs1429751	 2.57	rs4984236	-1.70e-03	 3.40	 0.44545	36	10	enet	-0.00053	0.4	 0.23825	8.12e-01
NA	/data/songy4/tes/output/weights_control//ENST00000560432.1.wgt.RDat	ENST00000560432.1	15	98890542	98896886	0.0554	rs11634680	-2.22	rs8028620	-1.90e-03	-2.99	-0.05000	40	 8	enet	0.0075	0.026	-1.06262	2.88e-01
NA	/data/songy4/tes/output/weights_control//ENST00000560626.6.wgt.RDat	ENST00000560626.6	15	77100656	77420144	0.0555	rs12904384	 2.27	rs12904384	 5.47e-02	 5.49	 2.27368	 4	 1	lasso	0.057	1.6e-08	 2.27368	2.30e-02
NA	/data/songy4/tes/output/weights_control//ENST00000558118.1.wgt.RDat	ENST00000558118.1	15	45369383	45378484	0.0793	rs17594910	-1.16	rs950027	 7.48e-02	-6.50	-0.70408	 5	 1	top1	0.075	1.1e-10	 0.70408	4.81e-01
NA	/data/songy4/tes/output/weights_control//ENST00000558123.5.wgt.RDat	ENST00000558123.5	15	41332694	41380747	0.0239	rs16971844	-1.88	rs316617	 2.55e-02	 3.91	-1.69000	 4	 1	top1	0.026	0.00014	-1.69000	9.10e-02
NA	/data/songy4/tes/output/weights_control//ENST00000570794.1.wgt.RDat	ENST00000570794.1	15	55417698	55418764	0.0344	rs2414407	 2.25	rs2439048	 1.45e-02	 4.02	 0.64646	16	 2	lasso	0.023	3e-04	 0.59645	5.51e-01
NA	/data/songy4/tes/output/weights_control//ENST00000616417.4.wgt.RDat	ENST00000616417.4	15	32765545	33194733	0.3091	rs11634255	 2.58	rs2444961	 1.60e-01	 9.21	 0.07576	44	24	enet	0.27	8e-38	-0.71943	4.72e-01
NA	/data/songy4/tes/output/weights_control//ENST00000561914.5.wgt.RDat	ENST00000561914.5	15	72686204	72731458	0.0221	rs11632652	 1.91	rs11632652	 8.61e-03	 3.02	 1.91195	 4	 2	lasso	0.01	0.011	 1.91708	5.52e-02
NA	/data/songy4/tes/output/weights_control//ENST00000491554.6.wgt.RDat	ENST00000491554.6	15	40411608	40435947	0.0493	NA	   NA	NA	       NA	   NA	      NA	19	 0	top1	0.035	1e-05	      NA	      NA
NA	/data/songy4/tes/output/weights_control//ENST00000560664.1.wgt.RDat	ENST00000560664.1	15	58541748	58548572	0.0569	rs6494006	-2.09	rs7162855	 3.60e-02	 4.63	 1.36158	31	 1	top1	0.036	7e-06	 1.36158	1.73e-01
NA	/data/songy4/tes/output/weights_control//ENST00000672206.1.wgt.RDat	ENST00000672206.1	15	32774310	33119381	0.2723	rs11634255	 2.58	rs2444961	 1.53e-01	 9.00	 0.07576	39	18	enet	0.25	3.1e-35	-0.81000	4.18e-01
NA	/data/songy4/tes/output/weights_control//ENST00000648591.1.wgt.RDat	ENST00000648591.1	15	50355476	50372158	0.1136	rs2278167	-2.57	rs2278167	 6.60e-02	 6.11	-2.57000	16	16	enet	0.068	7.9e-10	-0.26994	7.87e-01
NA	/data/songy4/tes/output/weights_control//ENST00000560640.1.wgt.RDat	ENST00000560640.1	15	41309762	41332487	0.0202	rs16971844	-1.88	rs316617	 1.51e-02	 3.04	-1.69000	 4	 1	top1	0.015	0.0027	-1.69000	9.10e-02
NA	/data/songy4/tes/output/weights_control//ENST00000560546.5.wgt.RDat	ENST00000560546.5	15	60385557	60397986	0.0430	rs7495641	-2.69	rs3068	 2.29e-02	 4.13	-1.00000	20	 3	enet	0.024	0.00021	-1.54467	1.22e-01
NA	/data/songy4/tes/output/weights_control//ENST00000560538.1.wgt.RDat	ENST00000560538.1	15	45376609	45397259	0.0959	rs17594910	-1.16	rs950027	 8.89e-02	-6.95	-0.70408	 5	 1	top1	0.089	1.7e-12	 0.70408	4.81e-01
NA	/data/songy4/tes/output/weights_control//ENST00000562423.5.wgt.RDat	ENST00000562423.5	15	28789827	28808298	0.0217	NA	   NA	NA	       NA	   NA	      NA	 2	 0	top1	0.014	0.0039	      NA	      NA
NA	/data/songy4/tes/output/weights_control//ENST00000560479.3.wgt.RDat	ENST00000560479.3	15	49859002	49908093	0.0283	rs8031076	-2.15	rs8035652	 4.45e-04	 2.92	 1.00769	14	 5	enet	0.024	0.00024	 1.65354	9.82e-02
NA	/data/songy4/tes/output/weights_control//ENST00000563202.1.wgt.RDat	ENST00000563202.1	15	28815346	28833337	0.0359	NA	   NA	NA	       NA	   NA	      NA	 2	 0	top1	0.031	3.1e-05	      NA	      NA
NA	/data/songy4/tes/output/weights_control//ENST00000570251.1.wgt.RDat	ENST00000570251.1	15	66349376	66386746	0.0443	rs9783681	 2.12	rs16949740	 4.12e-02	-5.03	-1.30435	14	 1	top1	0.041	1.6e-06	 1.30435	1.92e-01
NA	/data/songy4/tes/output/weights_control//ENST00000569473.1.wgt.RDat	ENST00000569473.1	15	89335053	89336161	0.0531	rs4932202	-2.38	rs11634144	 8.00e-03	-3.57	-1.16800	35	 1	top1	0.008	0.023	 1.16800	2.43e-01
NA	/data/songy4/tes/output/weights_control//ENST00000463717.5.wgt.RDat	ENST00000463717.5	15	57592033	57714745	0.0392	rs1972284	 2.03	rs1908194	 8.52e-03	 3.51	-1.15000	36	 8	enet	0.038	4.1e-06	-0.47878	6.32e-01
NA	/data/songy4/tes/output/weights_control//ENST00000557811.1.wgt.RDat	ENST00000557811.1	15	101695760	101701165	0.0607	rs8043067	 2.68	rs304130	-1.53e-03	-3.22	-0.14706	56	 1	lasso	-0.00046	0.38	 0.14706	8.83e-01
NA	/data/songy4/tes/output/weights_control//ENST00000623252.1.wgt.RDat	ENST00000623252.1	15	79989905	79990606	0.1948	rs6495469	-2.72	rs12914081	 1.10e-01	 7.68	-0.06667	20	13	enet	0.16	4.1e-22	 0.91989	3.58e-01
NA	/data/songy4/tes/output/weights_control//ENST00000560489.2.wgt.RDat	ENST00000560489.2	15	49365124	49366685	0.0383	rs7175415	-2.17	rs11634375	 2.07e-02	 3.74	-1.06863	16	 1	top1	0.021	0.00054	-1.06863	2.85e-01
NA	/data/songy4/tes/output/weights_control//ENST00000557840.5.wgt.RDat	ENST00000557840.5	15	41342396	41375751	0.0278	rs16971844	-1.88	rs316617	 3.01e-02	 4.17	-1.69000	 4	 1	top1	0.03	3.7e-05	-1.69000	9.10e-02
NA	/data/songy4/tes/output/weights_control//ENST00000558593.1.wgt.RDat	ENST00000558593.1	15	50356471	50367439	0.0882	rs2278167	-2.57	rs2278167	 5.40e-02	 5.54	-2.57000	16	 1	top1	0.054	4.2e-08	-2.57000	1.02e-02
NA	/data/songy4/tes/output/weights_control//ENST00000560323.1.wgt.RDat	ENST00000560323.1	15	48312353	48331856	0.0829	rs12907018	 2.26	rs17352842	-1.02e-03	 3.34	-0.71329	12	 7	enet	0.049	1.7e-07	 0.39652	6.92e-01
NA	/data/songy4/tes/output/weights_control//ENST00000558628.1.wgt.RDat	ENST00000558628.1	15	32908159	32926261	0.1782	rs11634255	 2.58	rs2444961	 8.31e-02	 6.68	 0.07576	27	 5	lasso	0.13	4.2e-18	-0.40228	6.87e-01
NA	/data/songy4/tes/output/weights_control//ENST00000560344.6.wgt.RDat	ENST00000560344.6	15	45251583	45279229	0.0676	rs10518980	-1.57	rs1365242	 2.20e-02	-4.05	 0.51961	 6	 6	enet	0.046	4.3e-07	-0.02431	9.81e-01
NA	/data/songy4/tes/output/weights_control//ENST00000558537.5.wgt.RDat	ENST00000558537.5	15	45369327	45378075	0.0804	rs17594910	-1.16	rs950027	 7.52e-02	-6.53	-0.70408	 5	 1	top1	0.075	9.5e-11	 0.70408	4.81e-01
NA	/data/songy4/tes/output/weights_control//ENST00000558513.1.wgt.RDat	ENST00000558513.1	15	59438201	59460640	0.0298	rs11631023	-2.59	rs1001839	 1.70e-02	-3.23	-0.59406	11	 1	top1	0.017	0.0016	 0.59406	5.52e-01
NA	/data/songy4/tes/output/weights_control//ENST00000560734.5.wgt.RDat	ENST00000560734.5	15	45167251	45187952	0.0215	rs10518980	-1.57	rs269866	 5.36e-03	-2.75	 0.12745	 6	 1	top1	0.0054	0.051	-0.12745	8.99e-01
NA	/data/songy4/tes/output/weights_control//ENST00000560341.2.wgt.RDat	ENST00000560341.2	15	40039349	40057000	0.1240	rs8041057	 2.20	rs8041057	 9.00e-02	-7.45	 2.19811	16	 1	top1	0.09	1.3e-12	-2.19811	2.79e-02
NA	/data/songy4/tes/output/weights_control//ENST00000560339.2.wgt.RDat	ENST00000560339.2	15	48187121	48191560	0.0719	rs12907018	 2.26	rs12912380	 2.34e-03	 4.20	 0.26220	13	10	enet	0.049	1.8e-07	 1.36192	1.73e-01
NA	/data/songy4/tes/output/weights_control//ENST00000569338.5.wgt.RDat	ENST00000569338.5	15	72686237	72731611	0.0225	rs11632652	 1.91	rs11632652	 8.60e-03	 2.99	 1.91195	 4	 2	lasso	0.0099	0.013	 1.93561	5.29e-02
NA	/data/songy4/tes/output/weights_control//ENST00000562108.1.wgt.RDat	ENST00000562108.1	15	32398956	32435233	0.0405	rs2611605	-1.56	rs11635997	 2.89e-02	-4.19	 0.41509	 5	 1	top1	0.029	5.3e-05	-0.41509	6.78e-01
NA	/data/songy4/tes/output/weights_control//ENST00000560747.5.wgt.RDat	ENST00000560747.5	15	41332886	41381050	0.0240	rs16971844	-1.88	rs316617	 2.54e-02	 3.92	-1.69000	 4	 1	top1	0.025	0.00014	-1.69000	9.10e-02
NA	/data/songy4/tes/output/weights_control//ENST00000558736.1.wgt.RDat	ENST00000558736.1	15	98880659	98893535	0.0458	rs11634680	-2.22	rs7170842	 8.62e-04	-3.40	-0.72936	39	 3	enet	0.0036	0.09	 0.68856	4.91e-01
NA	/data/songy4/tes/output/weights_control//ENST00000569089.1.wgt.RDat	ENST00000569089.1	15	57599411	57625809	0.1046	rs1972284	 2.03	rs11636335	 5.71e-02	 6.45	-0.25743	34	12	enet	0.087	3e-12	-0.41016	6.82e-01
NA	/data/songy4/tes/output/weights_control//ENST00000558745.5.wgt.RDat	ENST00000558745.5	15	77046332	77083984	0.0603	rs12904384	 2.27	rs12904384	 3.63e-02	 4.70	 2.27368	 2	 2	enet	0.045	4.9e-07	 1.87072	6.14e-02
NA	/data/songy4/tes/output/weights_control//ENST00000561423.2.wgt.RDat	ENST00000561423.2	15	100553529	100558954	0.0388	rs12592822	 2.12	rs4419043	 2.31e-02	-3.66	-1.11304	23	 1	top1	0.023	0.00028	 1.11304	2.66e-01
NA	/data/songy4/tes/output/weights_control//ENST00000561418.2.wgt.RDat	ENST00000561418.2	15	32836983	32837326	0.1340	rs11634255	 2.58	rs345829	 6.94e-02	 6.20	-0.78205	27	15	enet	0.088	2.3e-12	-1.07287	2.83e-01
NA	/data/songy4/tes/output/weights_control//ENST00000561429.1.wgt.RDat	ENST00000561429.1	15	48411201	48416716	0.0597	rs12907018	 2.26	rs17352842	 2.65e-02	-4.29	-0.71329	13	 1	top1	0.027	1e-04	 0.71329	4.76e-01
NA	/data/songy4/tes/output/weights_control//ENST00000618734.1.wgt.RDat	ENST00000618734.1	15	45702640	45703183	0.0817	rs2028589	-1.93	rs16946635	 6.47e-02	 6.05	 0.54918	11	 4	enet	0.073	1.8e-10	-0.58639	5.58e-01
NA	/data/songy4/tes/output/weights_control//ENST00000560743.1.wgt.RDat	ENST00000560743.1	15	39188438	39194309	0.0997	rs954431	-2.06	rs973214	-1.04e-03	 3.40	 0.00926	47	29	enet	0.0032	0.1	-0.03854	9.69e-01
NA	/data/songy4/tes/output/weights_control//ENST00000558668.1.wgt.RDat	ENST00000558668.1	15	82430018	82432217	0.0381	rs12443185	 1.45	rs2665120	-6.29e-04	-3.02	-0.46250	13	 6	enet	0.0065	0.036	 0.80297	4.22e-01
NA	/data/songy4/tes/output/weights_control//ENST00000560317.5.wgt.RDat	ENST00000560317.5	15	32899795	32926260	0.2487	rs11634255	 2.58	rs2444961	 1.38e-01	 8.59	 0.07576	27	19	enet	0.22	2e-30	-0.32169	7.48e-01
NA	/data/songy4/tes/output/weights_control//ENST00000561463.1.wgt.RDat	ENST00000561463.1	15	101751032	101773472	0.0529	rs8043067	 2.68	rs11247274	-1.05e-03	 3.65	-0.64646	50	16	enet	0.0039	0.082	 1.11919	2.63e-01
NA	/data/songy4/tes/output/weights_control//ENST00000558652.1.wgt.RDat	ENST00000558652.1	15	84505463	84505495	0.0354	rs6602982	 3.01	rs7173143	-1.29e-03	-2.76	-1.21154	13	 9	enet	0.011	0.01	 1.55985	1.19e-01
NA	/data/songy4/tes/output/weights_control//ENST00000616754.1.wgt.RDat	ENST00000616754.1	15	39588357	39588882	0.0625	rs12594730	-2.04	rs997752	 6.79e-03	-3.50	 0.93000	34	 1	top1	0.0068	0.033	-0.93000	3.52e-01
NA	/data/songy4/tes/output/weights_control//ENST00000560318.1.wgt.RDat	ENST00000560318.1	15	41365747	41377288	0.0326	rs16971844	-1.88	rs316617	 3.41e-02	 4.40	-1.69000	 4	 1	top1	0.034	1.2e-05	-1.69000	9.10e-02
NA	/data/songy4/tes/output/weights_control//ENST00000558711.1.wgt.RDat	ENST00000558711.1	15	32899807	32902040	0.1384	rs11634255	 2.58	rs345829	 7.18e-02	 6.31	-0.78205	26	18	enet	0.094	4.1e-13	-0.65423	5.13e-01
NA	/data/songy4/tes/output/weights_control//ENST00000558686.5.wgt.RDat	ENST00000558686.5	15	101961604	101973225	0.0691	rs8043067	 2.68	rs12900435	 6.76e-03	-3.83	-1.03361	44	 2	enet	0.0078	0.024	 0.92602	3.54e-01
NA	/data/songy4/tes/output/weights_control//ENST00000668273.1.wgt.RDat	ENST00000668273.1	15	41320794	41381021	0.0305	rs16971844	-1.88	rs316617	 3.08e-02	 4.22	-1.69000	 4	 1	top1	0.031	3.1e-05	-1.69000	9.10e-02
NA	/data/songy4/tes/output/weights_control//ENST00000558336.5.wgt.RDat	ENST00000558336.5	15	45363631	45378547	0.1065	rs17594910	-1.16	rs950027	 1.03e-01	-7.51	-0.70408	 5	 1	top1	0.1	3.1e-14	 0.70408	4.81e-01
NA	/data/songy4/tes/output/weights_control//ENST00000563013.1.wgt.RDat	ENST00000563013.1	15	75361098	75362174	0.0248	rs2290573	-3.36	rs17421513	 8.27e-03	 3.63	-1.59596	 4	 3	enet	0.016	0.0021	-1.20297	2.29e-01
NA	/data/songy4/tes/output/weights_control//ENST00000657206.1.wgt.RDat	ENST00000657206.1	15	93313251	93554868	0.0540	rs1439618	-2.52	rs11074160	 1.51e-03	-2.88	 0.93264	62	 1	top1	0.0015	0.18	-0.93264	3.51e-01
NA	/data/songy4/tes/output/weights_control//ENST00000558362.5.wgt.RDat	ENST00000558362.5	15	45361126	45378544	0.1127	rs17594910	-1.16	rs950027	 1.10e-01	-7.74	-0.70408	 5	 1	top1	0.11	4e-15	 0.70408	4.81e-01
NA	/data/songy4/tes/output/weights_control//ENST00000558372.1.wgt.RDat	ENST00000558372.1	15	50359450	50360194	0.0623	rs2278167	-2.57	rs2278167	 4.34e-02	 5.15	-2.57000	16	 1	top1	0.043	8.7e-07	-2.57000	1.02e-02
NA	/data/songy4/tes/output/weights_control//ENST00000569482.5.wgt.RDat	ENST00000569482.5	15	75355792	75368592	0.0187	rs2290573	-3.36	rs17421513	 6.00e-03	 3.32	-1.59596	 4	 2	enet	0.012	0.0068	-1.42784	1.53e-01
NA	/data/songy4/tes/output/weights_control//ENST00000618257.1.wgt.RDat	ENST00000618257.1	15	75355794	75359680	0.0270	rs2290573	-3.36	rs17421513	 9.26e-03	 3.62	-1.59596	 4	 4	enet	0.02	0.00073	-0.77273	4.40e-01
NA	/data/songy4/tes/output/weights_control//ENST00000558255.1.wgt.RDat	ENST00000558255.1	15	39167739	39179926	0.0547	rs954431	-2.06	rs7496809	 4.81e-04	 2.85	-0.88660	47	 8	enet	0.0066	0.035	-0.02123	9.83e-01
NA	/data/songy4/tes/output/weights_control//ENST00000558261.2.wgt.RDat	ENST00000558261.2	15	80896207	80909760	0.0477	rs4497643	 2.31	rs990226	-1.90e-03	 3.05	-0.89052	27	 9	enet	0.0075	0.026	 0.99441	3.20e-01
NA	/data/songy4/tes/output/weights_control//ENST00000560715.5.wgt.RDat	ENST00000560715.5	15	77046030	77055934	0.0977	rs12904384	 2.27	rs12904384	 6.06e-02	 5.93	 2.27368	 2	 2	enet	0.077	5.3e-11	 1.87850	6.03e-02
NA	/data/songy4/tes/output/weights_control//ENST00000558249.1.wgt.RDat	ENST00000558249.1	15	76191469	76204962	0.0546	rs16967626	-2.66	rs2955732	 1.54e-02	 4.07	 0.92929	 7	 2	enet	0.043	9.5e-07	 0.50167	6.16e-01
NA	/data/songy4/tes/output/weights_control//ENST00000558252.5.wgt.RDat	ENST00000558252.5	15	48222328	48304076	0.1016	rs12907018	 2.26	rs17352842	 6.02e-04	 4.21	-0.71329	12	10	enet	0.062	3.9e-09	 0.40141	6.88e-01
NA	/data/songy4/tes/output/weights_control//ENST00000618267.4.wgt.RDat	ENST00000618267.4	15	82473785	82513950	0.0414	rs12443185	 1.45	rs1948815	 4.53e-03	-3.31	-0.84496	13	 9	enet	0.017	0.0016	 0.40460	6.86e-01
NA	/data/songy4/tes/output/weights_control//ENST00000644354.1.wgt.RDat	ENST00000644354.1	15	48178122	48203710	0.1152	rs17418632	-2.42	rs17352842	 7.18e-03	 4.65	-0.71329	16	12	enet	0.083	9.7e-12	-0.13939	8.89e-01
NA	/data/songy4/tes/output/weights_control//ENST00000668306.1.wgt.RDat	ENST00000668306.1	15	40039305	40065705	0.1086	rs8041057	 2.20	rs8041057	 1.10e-01	-7.78	 2.19811	17	 1	top1	0.11	3.9e-15	-2.19811	2.79e-02
NA	/data/songy4/tes/output/weights_control//ENST00000562461.1.wgt.RDat	ENST00000562461.1	15	75360119	75361062	0.0198	rs2290573	-3.36	rs17421513	 6.24e-03	 3.52	-1.59596	 4	 2	enet	0.014	0.0035	-1.45762	1.45e-01
NA	/data/songy4/tes/output/weights_control//ENST00000668321.1.wgt.RDat	ENST00000668321.1	15	50355460	50371343	0.1191	rs2278167	-2.57	rs2278167	 6.96e-02	 6.28	-2.57000	16	 5	lasso	0.072	2.2e-10	-1.97284	4.85e-02
NA	/data/songy4/tes/output/weights_control//ENST00000558458.1.wgt.RDat	ENST00000558458.1	15	49920274	49931234	0.0312	rs8031076	-2.15	rs7170947	-4.43e-04	-3.05	 0.60825	14	 4	enet	0.02	7e-04	 1.62075	1.05e-01
NA	/data/songy4/tes/output/weights_control//ENST00000618824.1.wgt.RDat	ENST00000618824.1	15	64943240	64943672	0.0378	rs832878	 1.16	rs1471834	 3.37e-02	 4.44	 0.79508	 4	 1	top1	0.034	1.3e-05	 0.79508	4.27e-01
NA	/data/songy4/tes/output/weights_control//ENST00000562992.1.wgt.RDat	ENST00000562992.1	15	30540093	30545969	0.0391	rs939980	 1.66	rs3923926	-1.83e-03	 2.81	-0.86667	 8	 4	enet	0.019	0.00084	 1.78181	7.48e-02
NA	/data/songy4/tes/output/weights_control//ENST00000558482.5.wgt.RDat	ENST00000558482.5	15	63929551	64046436	0.0311	rs2729812	 1.67	rs16947645	 1.92e-02	-3.62	 1.45872	 6	 3	lasso	0.02	0.00065	-0.79117	4.29e-01
NA	/data/songy4/tes/output/weights_control//ENST00000618167.1.wgt.RDat	ENST00000618167.1	15	63890030	63890317	0.0803	rs2729812	 1.67	rs16947645	 5.94e-02	-5.74	 1.45872	 5	 3	lasso	0.06	8e-09	-1.61670	1.06e-01
NA	/data/songy4/tes/output/weights_control//ENST00000560359.1.wgt.RDat	ENST00000560359.1	15	50355328	50356370	0.0315	rs2278167	-2.57	rs2278167	 4.10e-03	 3.42	-2.57000	16	 5	enet	0.011	0.01	-0.11275	9.10e-01
NA	/data/songy4/tes/output/weights_control//ENST00000647232.1.wgt.RDat	ENST00000647232.1	15	48178438	48303786	0.1074	rs17418632	-2.42	rs17352842	 1.18e-03	 4.20	-0.71329	16	14	enet	0.068	8.4e-10	-0.40743	6.84e-01
NA	/data/songy4/tes/output/weights_control//ENST00000616244.1.wgt.RDat	ENST00000616244.1	15	32583612	32584312	0.1267	rs3812934	-1.93	rs8041254	 3.55e-02	 5.22	-0.06796	13	10	enet	0.088	2.4e-12	-0.06778	9.46e-01
NA	/data/songy4/tes/output/weights_control//ENST00000644274.2.wgt.RDat	ENST00000644274.2	15	69561957	69680428	0.0420	rs17313232	-2.66	rs4776461	 1.95e-02	-3.51	 0.06081	17	 1	top1	0.019	0.00078	-0.06081	9.52e-01
