PANEL	FILE	ID	CHR	P0	P1	HSQ	BEST.GWAS.ID	BEST.GWAS.Z	EQTL.ID	EQTL.R2	EQTL.Z	EQTL.GWAS.Z	NSNP	NWGT	MODEL	MODELCV.R2	MODELCV.PV	TWAS.Z	TWAS.P
NA	/data/songy4/tes/output/weights_control//ENST00000344887.10.wgt.RDat	ENST00000344887.10	19	55151767	55157732	0.0363	rs10419832	-1.955	rs4806741	-1.90e-03	 -3.76	-0.04687	36	10	enet	0.015	0.0027	 0.81278	0.416343
NA	/data/songy4/tes/output/weights_control//ENST00000585601.1.wgt.RDat	ENST00000585601.1	19	44874379	44878938	0.0314	rs17714646	-1.959	rs2289495	 7.17e-03	  3.56	 0.67241	18	 3	lasso	0.012	0.0074	 0.56116	0.574690
NA	/data/songy4/tes/output/weights_control//ENST00000264828.4.wgt.RDat	ENST00000264828.4	19	9959561	10010504	0.0965	rs34561079	-2.663	rs889121	 8.79e-02	  6.93	-1.59794	15	 1	top1	0.088	2.3e-12	-1.59794	0.110057
NA	/data/songy4/tes/output/weights_control//ENST00000509528.5.wgt.RDat	ENST00000509528.5	19	34677647	34684541	0.0692	rs12611086	 2.781	rs17704366	 2.18e-02	 -3.59	 0.37013	20	 2	lasso	0.027	9.8e-05	-0.21995	0.825912
NA	/data/songy4/tes/output/weights_control//ENST00000652132.1.wgt.RDat	ENST00000652132.1	19	17281877	17286854	0.0523	rs9676419	 2.054	rs9676419	 5.51e-02	 -5.72	 2.05357	25	 1	top1	0.055	3e-08	-2.05357	0.040017
NA	/data/songy4/tes/output/weights_control//ENST00000612887.1.wgt.RDat	ENST00000612887.1	19	49009906	49009972	0.0434	rs11564620	 3.141	rs274883	 6.49e-03	  3.07	-1.17600	23	 1	top1	0.0065	0.036	-1.17600	0.239595
NA	/data/songy4/tes/output/weights_control//ENST00000343280.8.wgt.RDat	ENST00000343280.8	19	57469586	57477570	0.0832	rs7255276	-2.724	rs886336	 5.34e-02	 -5.56	-0.76000	35	 1	top1	0.053	5e-08	 0.76000	0.447255
NA	/data/songy4/tes/output/weights_control//ENST00000651987.1.wgt.RDat	ENST00000651987.1	19	31797666	31945430	0.0367	rs2111530	-3.436	rs2111530	 4.58e-04	  2.66	-3.43564	22	 1	top1	0.00046	0.27	-3.43564	0.000591
NA	/data/songy4/tes/output/weights_control//ENST00000509196.1.wgt.RDat	ENST00000509196.1	19	34681283	34686391	0.0638	rs12611086	 2.781	rs17704366	 4.24e-03	 -3.21	 0.37013	16	12	enet	0.022	0.00042	-1.75015	0.080092
NA	/data/songy4/tes/output/weights_control//ENST00000585386.1.wgt.RDat	ENST00000585386.1	19	45640930	45645349	0.1045	rs345409	-1.824	rs2286756	 8.93e-02	  7.14	-0.47059	21	 1	top1	0.089	1.5e-12	-0.47059	0.637935
NA	/data/songy4/tes/output/weights_control//ENST00000252809.3.wgt.RDat	ENST00000252809.3	19	18386158	18389176	0.0393	rs8108675	-2.451	rs3212760	 2.40e-02	 -3.89	 1.16000	26	 1	top1	0.024	0.00021	-1.16000	0.246049
NA	/data/songy4/tes/output/weights_control//ENST00000612630.4.wgt.RDat	ENST00000612630.4	19	4903080	4962154	0.0552	rs489605	-2.794	rs1207118	-1.21e-03	  2.75	-2.04348	21	11	enet	0.017	0.0018	-0.99835	0.318110
NA	/data/songy4/tes/output/weights_control//ENST00000585492.1.wgt.RDat	ENST00000585492.1	19	55027593	55053928	0.0972	rs10419832	-1.955	rs1671143	 9.44e-02	  7.16	-0.42857	34	 4	enet	0.1	2.4e-14	 0.11972	0.904708
NA	/data/songy4/tes/output/weights_control//ENST00000462628.5.wgt.RDat	ENST00000462628.5	19	54633143	54637528	0.0468	rs10419832	-1.955	rs7247425	-8.26e-04	  3.26	-1.06557	32	 2	lasso	0.002	0.15	-0.13830	0.890006
NA	/data/songy4/tes/output/weights_control//ENST00000650847.1.wgt.RDat	ENST00000650847.1	19	33621953	33773506	0.0602	rs4805025	 3.108	rs919358	 6.37e-03	  3.96	 0.47170	26	 4	lasso	0.013	0.0055	 1.25443	0.209687
NA	/data/songy4/tes/output/weights_control//ENST00000610548.2.wgt.RDat	ENST00000610548.2	19	57473274	57477570	0.0621	rs7255276	-2.724	rs886336	 4.70e-02	 -5.21	-0.76000	35	 1	top1	0.047	3.1e-07	 0.76000	0.447255
NA	/data/songy4/tes/output/weights_control//ENST00000415705.3.wgt.RDat	ENST00000415705.3	19	57455448	57477536	0.0720	rs7255276	-2.724	rs886336	 5.65e-02	 -5.70	-0.76000	35	 4	enet	0.06	6.7e-09	 0.72222	0.470159
NA	/data/songy4/tes/output/weights_control//ENST00000415061.8.wgt.RDat	ENST00000415061.8	19	55044316	55063148	0.0747	rs10419832	-1.955	rs1671143	 3.40e-02	  5.58	-0.42857	34	 2	lasso	0.073	1.9e-10	 0.44485	0.656426
NA	/data/songy4/tes/output/weights_control//ENST00000621794.1.wgt.RDat	ENST00000621794.1	19	19908268	19909146	0.0356	rs17699261	 2.120	rs247792	 2.50e-02	  3.84	-0.65049	12	 1	top1	0.025	0.00016	-0.65049	0.515379
NA	/data/songy4/tes/output/weights_control//ENST00000650722.2.wgt.RDat	ENST00000650722.2	19	4890437	4902896	0.0442	rs2613766	-2.505	rs1610093	 9.09e-04	  3.06	-0.93956	19	11	enet	0.0081	0.022	-0.26261	0.792851
NA	/data/songy4/tes/output/weights_control//ENST00000610356.4.wgt.RDat	ENST00000610356.4	19	55044324	55063217	0.0754	rs10419832	-1.955	rs1671143	 3.47e-02	  5.62	-0.42857	34	 2	lasso	0.074	1.3e-10	 0.44308	0.657708
NA	/data/songy4/tes/output/weights_control//ENST00000650932.1.wgt.RDat	ENST00000650932.1	19	4909501	4962154	0.0464	rs489605	-2.794	rs1207118	-1.87e-03	  2.90	-2.04348	21	13	enet	0.0056	0.047	-1.44600	0.148176
NA	/data/songy4/tes/output/weights_control//ENST00000507959.5.wgt.RDat	ENST00000507959.5	19	34677702	34684405	0.0566	rs12611086	 2.781	rs17704366	 2.77e-04	 -2.95	 0.37013	20	13	enet	0.013	0.0054	-1.37165	0.170172
NA	/data/songy4/tes/output/weights_control//ENST00000610928.4.wgt.RDat	ENST00000610928.4	19	53431993	53450331	0.0476	rs12982980	-2.844	rs4801974	 7.48e-04	 -3.03	-0.41905	25	12	enet	0.0039	0.08	-0.22817	0.819515
NA	/data/songy4/tes/output/weights_control//ENST00000611002.4.wgt.RDat	ENST00000611002.4	19	43984170	43998325	0.0280	NA	    NA	NA	       NA	    NA	      NA	 0	 0	enet	6.1e-05	0.31	      NA	      NA
NA	/data/songy4/tes/output/weights_control//ENST00000468239.1.wgt.RDat	ENST00000468239.1	19	55027605	55032865	0.0630	rs10419832	-1.955	rs1671143	 5.22e-02	  5.60	-0.42857	34	 1	top1	0.052	7e-08	-0.42857	0.668235
NA	/data/songy4/tes/output/weights_control//ENST00000506901.5.wgt.RDat	ENST00000506901.5	19	34677654	34684172	0.0525	rs12611086	 2.781	rs17704366	 2.69e-04	 -2.92	 0.37013	20	12	enet	0.012	0.0071	-1.16025	0.245947
NA	/data/songy4/tes/output/weights_control//ENST00000650177.1.wgt.RDat	ENST00000650177.1	19	53521612	53536731	0.0382	rs12982980	-2.844	rs2708843	 2.31e-02	  4.20	 0.54455	28	 3	enet	0.033	1.4e-05	-1.02906	0.303451
NA	/data/songy4/tes/output/weights_control//ENST00000667196.1.wgt.RDat	ENST00000667196.1	19	27793447	27830697	0.0384	rs12982071	-0.651	rs8189785	 2.38e-02	  3.88	-0.21637	 2	 2	enet	0.028	5.9e-05	-0.49517	0.620478
NA	/data/songy4/tes/output/weights_control//ENST00000388925.8.wgt.RDat	ENST00000388925.8	19	16892952	17026815	0.0814	rs9676419	 2.054	rs7259472	 3.81e-02	  4.62	-0.36527	26	 1	top1	0.038	3.8e-06	-0.36527	0.714910
NA	/data/songy4/tes/output/weights_control//ENST00000417088.2.wgt.RDat	ENST00000417088.2	19	8321634	8322396	0.0369	rs1104768	 1.941	rs2910443	 1.39e-02	  3.02	-0.07216	20	 1	top1	0.014	0.0039	-0.07216	0.942471
NA	/data/songy4/tes/output/weights_control//ENST00000651564.1.wgt.RDat	ENST00000651564.1	19	16892954	17026815	0.0754	rs9676419	 2.054	rs7259472	 3.47e-02	  4.40	-0.36527	26	 1	top1	0.035	1e-05	-0.36527	0.714910
NA	/data/songy4/tes/output/weights_control//ENST00000473412.5.wgt.RDat	ENST00000473412.5	19	54633126	54634183	0.0670	rs10419832	-1.955	rs7247425	 3.14e-03	  3.21	-1.06557	32	 4	lasso	0.0085	0.02	 0.05424	0.956744
NA	/data/songy4/tes/output/weights_control//ENST00000262960.13.wgt.RDat	ENST00000262960.13	19	4675226	4723863	0.0480	rs2613766	-2.505	rs1610093	 2.53e-02	  4.06	-0.93956	15	 1	top1	0.025	0.00015	-0.93956	0.347443
NA	/data/songy4/tes/output/weights_control//ENST00000356584.7.wgt.RDat	ENST00000356584.7	19	57473045	57477532	0.0756	rs7255276	-2.724	rs886336	 5.03e-02	 -5.39	-0.76000	35	 1	top1	0.05	1.2e-07	 0.76000	0.447255
NA	/data/songy4/tes/output/weights_control//ENST00000402367.5.wgt.RDat	ENST00000402367.5	19	54200872	54207647	0.0479	rs2617693	 2.140	rs12978545	 5.04e-03	  2.63	-0.82946	33	 3	lasso	0.0085	0.02	-0.58442	0.558940
NA	/data/songy4/tes/output/weights_control//ENST00000263274.12.wgt.RDat	ENST00000263274.12	19	48115445	48170344	0.0630	rs11564620	 3.141	rs2972515	 1.32e-03	  3.17	 0.22314	21	15	enet	0.011	0.0087	 0.87579	0.381146
NA	/data/songy4/tes/output/weights_control//ENST00000417454.5.wgt.RDat	ENST00000417454.5	19	55013705	55038264	0.0920	rs10419832	-1.955	rs1671143	 5.69e-02	  6.00	-0.42857	34	 1	top1	0.057	1.8e-08	-0.42857	0.668235
NA	/data/songy4/tes/output/weights_control//ENST00000504146.5.wgt.RDat	ENST00000504146.5	19	53389793	53423097	0.0412	rs12982980	-2.844	rs2617640	 2.54e-02	  3.97	-0.72500	27	 1	top1	0.025	0.00014	-0.72500	0.468452
NA	/data/songy4/tes/output/weights_control//ENST00000648978.1.wgt.RDat	ENST00000648978.1	19	9412601	9420745	0.0337	rs12983449	-1.928	rs12983449	-1.48e-03	 -2.90	-1.92771	 9	 6	enet	0.0072	0.029	 1.82038	0.068701
NA	/data/songy4/tes/output/weights_control//ENST00000471517.5.wgt.RDat	ENST00000471517.5	19	38335833	38370942	0.0470	rs705503	 0.828	rs3786873	 3.79e-02	  4.97	-0.75591	 6	 1	top1	0.038	4e-06	-0.75591	0.449706
NA	/data/songy4/tes/output/weights_control//ENST00000505365.2.wgt.RDat	ENST00000505365.2	19	34677836	34686396	0.0593	rs12611086	 2.781	rs17704366	 4.60e-04	 -2.89	 0.37013	20	 2	lasso	0.011	0.0095	-0.16424	0.869542
NA	/data/songy4/tes/output/weights_control//ENST00000470943.1.wgt.RDat	ENST00000470943.1	19	54665798	54667390	0.0407	rs10419832	-1.955	rs4806741	 1.32e-02	 -3.20	-0.04687	32	 1	top1	0.013	0.0048	 0.04688	0.962613
NA	/data/songy4/tes/output/weights_control//ENST00000651416.1.wgt.RDat	ENST00000651416.1	19	17281699	17287646	0.0873	rs9676419	 2.054	rs9676419	 7.06e-02	 -6.49	 2.05357	25	 1	top1	0.071	3.6e-10	-2.05357	0.040017
NA	/data/songy4/tes/output/weights_control//ENST00000414548.1.wgt.RDat	ENST00000414548.1	19	12552597	12553644	0.0425	rs10427027	 1.729	rs3745651	 4.17e-02	  4.96	 1.61290	 6	 1	top1	0.042	1.4e-06	 1.61290	0.106766
NA	/data/songy4/tes/output/weights_control//ENST00000505242.6.wgt.RDat	ENST00000505242.6	19	34677678	34686396	0.0601	rs12611086	 2.781	rs17704366	 6.02e-03	 -2.92	 0.37013	20	 2	lasso	0.012	0.0066	-0.16430	0.869495
NA	/data/songy4/tes/output/weights_control//ENST00000505163.5.wgt.RDat	ENST00000505163.5	19	34677678	34684464	0.0595	rs12611086	 2.781	rs17704366	 8.10e-03	 -3.12	 0.37013	20	 2	lasso	0.017	0.0017	-0.18558	0.852775
NA	/data/songy4/tes/output/weights_control//ENST00000624917.1.wgt.RDat	ENST00000624917.1	19	46636810	46639161	0.1616	rs10403760	-3.233	rs10419732	 1.74e-01	 -9.67	-1.24272	16	 1	top1	0.17	7.9e-24	 1.24272	0.213972
NA	/data/songy4/tes/output/weights_control//ENST00000438932.2.wgt.RDat	ENST00000438932.2	19	46466491	46471407	0.0349	rs10403760	-3.233	rs4803913	-1.12e-03	 -2.68	-1.16162	14	 8	enet	0.00034	0.28	 2.47456	0.013340
NA	/data/songy4/tes/output/weights_control//ENST00000438847.7.wgt.RDat	ENST00000438847.7	19	33621971	33773509	0.0554	rs4805025	 3.108	rs919358	 5.87e-03	  3.96	 0.47170	26	 2	lasso	0.014	0.0037	 1.18401	0.236411
NA	/data/songy4/tes/output/weights_control//ENST00000619350.1.wgt.RDat	ENST00000619350.1	19	55123225	55123292	0.0369	rs10419832	-1.955	rs4806741	-1.51e-03	 -3.07	-0.04687	37	11	enet	0.0024	0.13	 0.72691	0.467284
NA	/data/songy4/tes/output/weights_control//ENST00000317306.8.wgt.RDat	ENST00000317306.8	19	17816512	17821519	0.0494	rs9676419	 2.054	rs3761049	 2.96e-03	  3.34	 0.18121	31	13	enet	0.019	0.00083	 0.01783	0.985777
NA	/data/songy4/tes/output/weights_control//ENST00000317243.10.wgt.RDat	ENST00000317243.10	19	2819868	2836735	0.1021	rs12982784	 4.186	rs759073	 4.30e-02	  5.12	-1.54264	35	15	enet	0.06	7.3e-09	-1.16799	0.242811
NA	/data/songy4/tes/output/weights_control//ENST00000525073.6.wgt.RDat	ENST00000525073.6	19	1056934	1065569	0.0400	rs1109555	 2.763	rs1109555	 4.67e-04	 -3.07	 2.76259	30	12	enet	0.018	0.0012	-2.71538	0.006620
NA	/data/songy4/tes/output/weights_control//ENST00000526003.5.wgt.RDat	ENST00000526003.5	19	55162133	55166576	0.0379	rs10419832	-1.955	rs17606836	 1.04e-02	  3.70	 1.21094	35	 1	top1	0.01	0.011	 1.21094	0.225919
NA	/data/songy4/tes/output/weights_control//ENST00000570582.3.wgt.RDat	ENST00000570582.3	19	8655573	8677708	0.0341	rs3764551	 1.814	rs12461770	 1.79e-04	 -3.34	-0.09554	21	 6	enet	0.0094	0.015	-0.82303	0.410491
NA	/data/songy4/tes/output/weights_control//ENST00000318683.7.wgt.RDat	ENST00000318683.7	19	17795138	17813576	0.0961	rs9676419	 2.054	rs10402066	 2.94e-02	  5.25	 1.45918	31	 6	enet	0.083	8.7e-12	-0.68933	0.490615
NA	/data/songy4/tes/output/weights_control//ENST00000300843.8.wgt.RDat	ENST00000300843.8	19	45251292	45305283	0.0497	rs17714646	-1.959	rs345409	 3.57e-02	 -4.59	-1.82353	22	 1	top1	0.036	7.7e-06	 1.82353	0.068223
NA	/data/songy4/tes/output/weights_control//ENST00000524850.5.wgt.RDat	ENST00000524850.5	19	1040120	1042391	0.0424	rs1109555	 2.763	rs1109555	 2.05e-02	 -3.59	 2.76259	31	 1	top1	0.02	0.00058	-2.76259	0.005734
NA	/data/songy4/tes/output/weights_control//ENST00000620532.1.wgt.RDat	ENST00000620532.1	19	57449689	57453011	0.0471	rs7255276	-2.724	rs10411571	-1.55e-03	  3.09	-0.52995	33	10	enet	0.0016	0.18	-0.48973	0.624322
NA	/data/songy4/tes/output/weights_control//ENST00000524407.6.wgt.RDat	ENST00000524407.6	19	55158663	55166552	0.0403	rs10419832	-1.955	rs4806741	 1.07e-02	 -3.93	-0.04687	36	10	enet	0.02	0.00061	 0.78106	0.434765
NA	/data/songy4/tes/output/weights_control//ENST00000397755.2.wgt.RDat	ENST00000397755.2	19	12092336	12100788	0.0244	rs12985274	-1.929	rs282749	 9.55e-03	  2.86	-0.52000	 5	 4	enet	0.015	0.0026	 0.77700	0.437160
NA	/data/songy4/tes/output/weights_control//ENST00000517734.5.wgt.RDat	ENST00000517734.5	19	15673090	15697143	0.1245	rs1114312	-2.800	rs4646522	 6.21e-02	 -5.88	-0.42268	17	 9	enet	0.084	6.5e-12	 0.09511	0.924228
NA	/data/songy4/tes/output/weights_control//ENST00000396317.5.wgt.RDat	ENST00000396317.5	19	54631074	54637076	0.0753	rs10419832	-1.955	rs7251133	 3.04e-03	 -3.18	-0.41727	32	18	enet	0.0068	0.032	-0.00437	0.996516
NA	/data/songy4/tes/output/weights_control//ENST00000396315.5.wgt.RDat	ENST00000396315.5	19	54631074	54637076	0.0756	rs10419832	-1.955	rs7251133	 3.15e-03	 -3.17	-0.41727	32	18	enet	0.0073	0.028	 0.00960	0.992341
NA	/data/songy4/tes/output/weights_control//ENST00000324602.11.wgt.RDat	ENST00000324602.11	19	54630517	54637528	0.0554	rs10419832	-1.955	rs7251133	-1.11e-03	 -2.94	-0.41727	32	13	enet	0.00035	0.28	-0.05506	0.956089
NA	/data/songy4/tes/output/weights_control//ENST00000324632.10.wgt.RDat	ENST00000324632.10	19	15673478	15697145	0.0846	rs1114312	-2.800	rs4646522	 3.87e-02	 -4.67	-0.42268	17	 5	enet	0.069	5e-10	 0.33653	0.736470
NA	/data/songy4/tes/output/weights_control//ENST00000409410.6.wgt.RDat	ENST00000409410.6	19	38335996	38361749	0.0513	rs705503	 0.828	rs3786873	 4.17e-02	  5.20	-0.75591	 6	 1	top1	0.042	1.4e-06	-0.75591	0.449706
NA	/data/songy4/tes/output/weights_control//ENST00000396247.7.wgt.RDat	ENST00000396247.7	19	55044343	55069529	0.0756	rs10419832	-1.955	rs1671143	 3.59e-02	  5.70	-0.42857	34	 3	enet	0.073	1.7e-10	 0.36826	0.712680
NA	/data/songy4/tes/output/weights_control//ENST00000324001.7.wgt.RDat	ENST00000324001.7	19	40393768	40413366	0.0785	rs12986299	-3.500	rs7258698	 7.09e-02	  6.35	 1.12500	15	 1	top1	0.071	3.3e-10	 1.12500	0.260589
NA	/data/songy4/tes/output/weights_control//ENST00000443236.6.wgt.RDat	ENST00000443236.6	19	16892947	17026815	0.0749	rs9676419	 2.054	rs7259472	 3.46e-02	  4.39	-0.36527	26	 1	top1	0.035	1e-05	-0.36527	0.714910
NA	/data/songy4/tes/output/weights_control//ENST00000396332.8.wgt.RDat	ENST00000396332.8	19	54630512	54637528	0.0559	rs10419832	-1.955	rs7251133	-1.09e-03	 -2.96	-0.41727	32	13	enet	0.00053	0.26	-0.05530	0.955901
NA	/data/songy4/tes/output/weights_control//ENST00000396331.5.wgt.RDat	ENST00000396331.5	19	54617158	54637528	0.0614	rs10419832	-1.955	rs7247425	 2.84e-02	  4.11	-1.06557	34	 1	top1	0.028	6.1e-05	-1.06557	0.286616
NA	/data/songy4/tes/output/weights_control//ENST00000396327.7.wgt.RDat	ENST00000396327.7	19	54630410	54637528	0.0603	rs10419832	-1.955	rs7247425	 1.25e-03	  3.02	-1.06557	32	13	enet	0.0023	0.14	-0.00834	0.993344
NA	/data/songy4/tes/output/weights_control//ENST00000663339.1.wgt.RDat	ENST00000663339.1	19	8630638	8638649	0.0342	rs3764551	 1.814	rs12461770	 2.28e-04	 -2.61	-0.09554	20	 1	top1	0.00023	0.29	 0.09554	0.923885
NA	/data/songy4/tes/output/weights_control//ENST00000444199.1.wgt.RDat	ENST00000444199.1	19	54696604	54700905	0.0452	rs10419832	-1.955	rs4806741	 2.98e-03	 -3.61	-0.04687	40	 2	lasso	0.012	0.0067	 0.80449	0.421112
NA	/data/songy4/tes/output/weights_control//ENST00000626547.2.wgt.RDat	ENST00000626547.2	19	54200858	54206565	0.0482	rs2617693	 2.140	rs12978545	 5.34e-03	  2.64	-0.82946	33	 4	lasso	0.0083	0.02	-0.80619	0.420132
NA	/data/songy4/tes/output/weights_control//ENST00000441429.1.wgt.RDat	ENST00000441429.1	19	54201160	54207630	0.0478	rs2617693	 2.140	rs12978545	 5.06e-03	  2.63	-0.82946	33	 3	lasso	0.0084	0.02	-0.66994	0.502894
NA	/data/songy4/tes/output/weights_control//ENST00000409235.8.wgt.RDat	ENST00000409235.8	19	38335830	38370943	0.0526	rs705503	 0.828	rs3786873	 4.22e-02	  5.20	-0.75591	 6	 1	top1	0.042	1.2e-06	-0.75591	0.449706
NA	/data/songy4/tes/output/weights_control//ENST00000518629.7.wgt.RDat	ENST00000518629.7	19	15673082	15697148	0.0803	rs1114312	-2.800	rs4646522	 3.86e-02	 -4.68	-0.42268	17	 5	enet	0.07	4.3e-10	 0.31383	0.753649
NA	/data/songy4/tes/output/weights_control//ENST00000526093.5.wgt.RDat	ENST00000526093.5	19	41114432	41123350	0.0306	rs814528	 1.312	rs4001941	 1.99e-02	  3.58	-0.58915	10	 1	top1	0.02	0.00069	-0.58915	0.555762
NA	/data/songy4/tes/output/weights_control//ENST00000533574.1.wgt.RDat	ENST00000533574.1	19	1045532	1047554	0.0490	rs1109555	 2.763	rs1109555	 2.07e-02	 -3.62	 2.76259	31	 1	top1	0.021	0.00054	-2.76259	0.005734
NA	/data/songy4/tes/output/weights_control//ENST00000533866.1.wgt.RDat	ENST00000533866.1	19	51642823	51645577	0.1651	rs268909	-3.112	rs4802828	 8.65e-03	  3.99	-0.65060	54	21	enet	0.077	5.1e-11	-0.47752	0.632990
NA	/data/songy4/tes/output/weights_control//ENST00000534138.1.wgt.RDat	ENST00000534138.1	19	49808123	49808825	0.0447	rs4802550	 2.323	rs1273634	 4.77e-04	  3.00	-1.63850	19	 4	lasso	0.0047	0.062	-0.85365	0.393299
NA	/data/songy4/tes/output/weights_control//ENST00000434302.5.wgt.RDat	ENST00000434302.5	19	33621955	33773508	0.0600	rs4805025	 3.108	rs919358	 6.29e-03	  3.94	 0.47170	26	 3	lasso	0.013	0.005	 1.25210	0.210535
NA	/data/songy4/tes/output/weights_control//ENST00000625216.2.wgt.RDat	ENST00000625216.2	19	49861266	49862732	0.0390	rs4802550	 2.323	rs1716274	 8.87e-04	  2.96	 0.30120	17	 4	enet	0.0087	0.018	-0.70276	0.482208
NA	/data/songy4/tes/output/weights_control//ENST00000310373.7.wgt.RDat	ENST00000310373.7	19	55013705	55038264	0.0915	rs10419832	-1.955	rs1671143	 5.70e-02	  6.01	-0.42857	34	 1	top1	0.057	1.8e-08	-0.42857	0.668235
NA	/data/songy4/tes/output/weights_control//ENST00000534214.1.wgt.RDat	ENST00000534214.1	19	55162262	55166576	0.0371	rs10419832	-1.955	rs17606836	 6.63e-03	  3.55	 1.21094	35	 1	top1	0.0066	0.034	 1.21094	0.225919
NA	/data/songy4/tes/output/weights_control//ENST00000534170.5.wgt.RDat	ENST00000534170.5	19	55162222	55166576	0.0368	rs10419832	-1.955	rs17606836	 9.93e-03	  3.69	 1.21094	35	 1	top1	0.0099	0.013	 1.21094	0.225919
NA	/data/songy4/tes/output/weights_control//ENST00000532194.2.wgt.RDat	ENST00000532194.2	19	1057040	1059263	0.0460	rs1109555	 2.763	rs1109555	-1.44e-03	 -3.18	 2.76259	30	11	enet	0.022	0.00041	-2.70968	0.006735
NA	/data/songy4/tes/output/weights_control//ENST00000531692.1.wgt.RDat	ENST00000531692.1	19	50333796	50334561	0.0390	rs636567	 2.134	rs930086	 2.29e-02	  3.92	 0.10497	18	 1	top1	0.023	0.00029	 0.10497	0.916398
NA	/data/songy4/tes/output/weights_control//ENST00000545664.5.wgt.RDat	ENST00000545664.5	19	2732204	2740017	0.0546	rs12982784	 4.186	rs6510701	 2.73e-04	 -2.87	-1.64384	33	14	enet	0.016	0.0023	 0.86665	0.386133
NA	/data/songy4/tes/output/weights_control//ENST00000544059.2.wgt.RDat	ENST00000544059.2	19	17720156	17734490	0.0425	rs9676419	 2.054	rs3008	-1.61e-03	  2.61	-1.52632	32	15	enet	-0.0011	0.52	-0.38000	0.703945
NA	/data/songy4/tes/output/weights_control//ENST00000532817.5.wgt.RDat	ENST00000532817.5	19	55162242	55166640	0.0364	rs10419832	-1.955	rs17606836	 1.00e-02	  3.69	 1.21094	35	 1	top1	0.01	0.012	 1.21094	0.225919
NA	/data/songy4/tes/output/weights_control//ENST00000305768.10.wgt.RDat	ENST00000305768.10	19	32875925	32971958	0.0462	rs4805025	 3.108	rs1035478	 2.71e-02	  4.14	-2.03158	19	 1	top1	0.027	8.9e-05	-2.03158	0.042196
NA	/data/songy4/tes/output/weights_control//ENST00000536461.5.wgt.RDat	ENST00000536461.5	19	5016325	5153105	0.0494	rs489605	-2.794	rs1610093	 1.99e-02	  3.63	-0.93956	26	 1	top1	0.02	0.00068	-0.93956	0.347443
NA	/data/songy4/tes/output/weights_control//ENST00000536218.5.wgt.RDat	ENST00000536218.5	19	48115446	48170603	0.0485	rs11564620	 3.141	rs274883	-1.85e-04	 -2.76	-1.17600	21	14	enet	0.0012	0.2	 0.74037	0.459075
NA	/data/songy4/tes/output/weights_control//ENST00000540810.5.wgt.RDat	ENST00000540810.5	19	55075903	55087848	0.0439	rs10419832	-1.955	rs7256494	-1.03e-03	 -2.98	 0.28070	35	10	enet	0.0019	0.16	 0.59465	0.552077
NA	/data/songy4/tes/output/weights_control//ENST00000433993.5.wgt.RDat	ENST00000433993.5	19	36973215	36997235	0.0320	rs7253228	 0.960	rs2967436	 2.45e-02	  3.78	-0.36082	 5	 1	top1	0.025	0.00018	-0.36082	0.718230
NA	/data/songy4/tes/output/weights_control//ENST00000558877.1.wgt.RDat	ENST00000558877.1	19	8225027	8256675	0.0818	NA	    NA	NA	       NA	    NA	      NA	22	 0	top1	0.085	5.5e-12	      NA	      NA
NA	/data/songy4/tes/output/weights_control//ENST00000559336.5.wgt.RDat	ENST00000559336.5	19	8209371	8262421	0.1002	NA	    NA	NA	       NA	    NA	      NA	22	 0	top1	0.1	2.7e-14	      NA	      NA
NA	/data/songy4/tes/output/weights_control//ENST00000558501.5.wgt.RDat	ENST00000558501.5	19	8209431	8257161	0.0960	NA	    NA	NA	       NA	    NA	      NA	22	 0	top1	0.1	4e-14	      NA	      NA
NA	/data/songy4/tes/output/weights_control//ENST00000559450.5.wgt.RDat	ENST00000559450.5	19	8209356	8262421	0.0981	NA	    NA	NA	       NA	    NA	      NA	22	 0	top1	0.1	7.3e-14	      NA	      NA
NA	/data/songy4/tes/output/weights_control//ENST00000527223.6.wgt.RDat	ENST00000527223.6	19	55158663	55166650	0.0377	rs10419832	-1.955	rs4806741	 1.09e-02	 -3.96	-0.04687	36	 9	enet	0.019	0.00098	 0.74626	0.455511
NA	/data/songy4/tes/output/weights_control//ENST00000559490.5.wgt.RDat	ENST00000559490.5	19	8209340	8241370	0.0975	NA	    NA	NA	       NA	    NA	      NA	22	 0	top1	0.096	2.1e-13	      NA	      NA
NA	/data/songy4/tes/output/weights_control//ENST00000558331.5.wgt.RDat	ENST00000558331.5	19	8209313	8262421	0.1005	NA	    NA	NA	       NA	    NA	      NA	22	 0	top1	0.1	1.7e-14	      NA	      NA
NA	/data/songy4/tes/output/weights_control//ENST00000528412.5.wgt.RDat	ENST00000528412.5	19	55158663	55166621	0.0360	rs10419832	-1.955	rs4806741	 8.71e-03	 -3.81	-0.04687	36	10	enet	0.012	0.0065	 0.90109	0.367540
NA	/data/songy4/tes/output/weights_control//ENST00000557925.1.wgt.RDat	ENST00000557925.1	19	8250526	8262418	0.0915	NA	    NA	NA	       NA	    NA	      NA	21	 0	top1	0.087	2.8e-12	      NA	      NA
NA	/data/songy4/tes/output/weights_control//ENST00000558268.5.wgt.RDat	ENST00000558268.5	19	8209303	8255655	0.1161	NA	    NA	NA	       NA	    NA	      NA	22	 0	top1	0.12	3.5e-16	      NA	      NA
NA	/data/songy4/tes/output/weights_control//ENST00000564769.2.wgt.RDat	ENST00000564769.2	19	32815563	32829580	0.0442	rs11669047	-2.546	rs1035478	 2.81e-02	  4.36	-2.03158	19	 1	top1	0.028	6.5e-05	-2.03158	0.042196
NA	/data/songy4/tes/output/weights_control//ENST00000658988.1.wgt.RDat	ENST00000658988.1	19	31167502	31207654	0.0406	rs4805612	-1.950	rs17614350	 3.57e-03	  3.66	-0.60227	23	11	enet	0.0089	0.017	-1.73006	0.083619
NA	/data/songy4/tes/output/weights_control//ENST00000561008.5.wgt.RDat	ENST00000561008.5	19	8206736	8254602	0.1018	NA	    NA	NA	       NA	    NA	      NA	22	 0	top1	0.11	2.3e-15	      NA	      NA
NA	/data/songy4/tes/output/weights_control//ENST00000561053.5.wgt.RDat	ENST00000561053.5	19	8209326	8255724	0.1116	NA	    NA	NA	       NA	    NA	      NA	22	 0	top1	0.12	3.5e-16	      NA	      NA
NA	/data/songy4/tes/output/weights_control//ENST00000560412.1.wgt.RDat	ENST00000560412.1	19	8209634	8251171	0.0781	NA	    NA	NA	       NA	    NA	      NA	22	 0	enet	0.083	9.4e-12	      NA	      NA
NA	/data/songy4/tes/output/weights_control//ENST00000436445.5.wgt.RDat	ENST00000436445.5	19	54200871	54207522	0.0480	rs2617693	 2.140	rs12978545	 5.16e-03	  2.64	-0.82946	33	 3	lasso	0.0085	0.019	-0.79768	0.425053
NA	/data/songy4/tes/output/weights_control//ENST00000548237.5.wgt.RDat	ENST00000548237.5	19	15673076	15682435	0.0780	rs1114312	-2.800	rs4646522	 3.43e-02	 -4.50	-0.42268	17	 8	enet	0.049	1.7e-07	 0.21724	0.828025
NA	/data/songy4/tes/output/weights_control//ENST00000548435.5.wgt.RDat	ENST00000548435.5	19	15673087	15681127	0.0561	rs1114312	-2.800	rs4646522	 1.56e-02	 -4.24	-0.42268	17	 2	lasso	0.031	2.7e-05	 0.16645	0.867804
NA	/data/songy4/tes/output/weights_control//ENST00000435815.1.wgt.RDat	ENST00000435815.1	19	5576660	5576938	0.0547	rs489605	-2.794	rs2613788	 2.23e-02	  3.63	 0.46078	24	 1	top1	0.022	0.00034	 0.46078	0.644953
NA	/data/songy4/tes/output/weights_control//ENST00000546608.1.wgt.RDat	ENST00000546608.1	19	15681501	15697143	0.1314	rs1114312	-2.800	rs4646522	 5.72e-02	 -5.66	-0.42268	17	 8	enet	0.089	1.6e-12	 0.01137	0.990931
NA	/data/songy4/tes/output/weights_control//ENST00000312265.9.wgt.RDat	ENST00000312265.9	19	38335818	38370943	0.0464	rs705503	 0.828	rs3786873	 3.74e-02	  5.00	-0.75591	 6	 1	top1	0.037	4.7e-06	-0.75591	0.449706
NA	/data/songy4/tes/output/weights_control//ENST00000547332.5.wgt.RDat	ENST00000547332.5	19	15673018	15682447	0.0586	rs1114312	-2.800	rs4646522	 1.61e-02	 -4.38	-0.42268	17	 4	enet	0.057	1.7e-08	 0.16791	0.866654
NA	/data/songy4/tes/output/weights_control//ENST00000549622.5.wgt.RDat	ENST00000549622.5	19	15673087	15680662	0.0349	rs1114312	-2.800	rs4646522	 2.83e-02	 -4.30	-0.42268	17	 1	top1	0.028	6.3e-05	 0.42268	0.672528
NA	/data/songy4/tes/output/weights_control//ENST00000619715.1.wgt.RDat	ENST00000619715.1	19	51639478	51639931	0.1125	rs268909	-3.112	rs8105105	-1.42e-03	 -3.74	 1.21285	55	23	enet	0.05	1.4e-07	-0.43836	0.661122
NA	/data/songy4/tes/output/weights_control//ENST00000430608.6.wgt.RDat	ENST00000430608.6	19	15673076	15681142	0.0805	rs1114312	-2.800	rs4646522	 4.48e-02	 -5.11	-0.42268	17	 5	enet	0.061	5.8e-09	 0.38296	0.701747
NA	/data/songy4/tes/output/weights_control//ENST00000302907.9.wgt.RDat	ENST00000302907.9	19	54200858	54207647	0.0484	rs2617693	 2.140	rs12978545	 5.07e-03	  2.64	-0.82946	33	 1	top1	0.0051	0.056	-0.82946	0.406846
NA	/data/songy4/tes/output/weights_control//ENST00000550308.6.wgt.RDat	ENST00000550308.6	19	15673087	15697174	0.0957	rs1114312	-2.800	rs4646522	 4.49e-02	 -5.01	-0.42268	17	 7	enet	0.078	4.1e-11	 0.31816	0.750367
NA	/data/songy4/tes/output/weights_control//ENST00000529442.6.wgt.RDat	ENST00000529442.6	19	1056928	1058740	0.0495	rs1109555	 2.763	rs1109555	 1.83e-02	 -3.44	 2.76259	30	13	enet	0.022	0.00041	-2.94335	0.003247
NA	/data/songy4/tes/output/weights_control//ENST00000313683.15.wgt.RDat	ENST00000313683.15	19	46466503	46471563	0.0419	rs10403760	-3.233	rs4803913	-1.67e-03	 -2.76	-1.16162	14	 9	enet	0.0044	0.068	 2.45643	0.014033
NA	/data/songy4/tes/output/weights_control//ENST00000550627.5.wgt.RDat	ENST00000550627.5	19	15681437	15697143	0.1105	rs1114312	-2.800	rs4646522	 4.18e-02	 -4.87	-0.42268	17	 6	enet	0.081	1.9e-11	 0.18927	0.849879
NA	/data/songy4/tes/output/weights_control//ENST00000455817.5.wgt.RDat	ENST00000455817.5	19	36973538	36996518	0.0338	rs7253228	 0.960	rs2967436	 8.03e-03	  3.37	-0.36082	 5	 5	enet	0.018	0.0013	-0.44302	0.657751
NA	/data/songy4/tes/output/weights_control//ENST00000270014.7.wgt.RDat	ENST00000270014.7	19	43984188	43998326	0.0288	NA	    NA	NA	       NA	    NA	      NA	 0	 0	enet	-4.3e-05	0.32	      NA	      NA
NA	/data/songy4/tes/output/weights_control//ENST00000269703.8.wgt.RDat	ENST00000269703.8	19	15508525	15552317	0.0374	NA	    NA	NA	       NA	    NA	      NA	 0	 0	enet	0.0034	0.095	      NA	      NA
NA	/data/songy4/tes/output/weights_control//ENST00000269740.9.wgt.RDat	ENST00000269740.9	19	2732524	2740017	0.0588	rs12982784	 4.186	rs6510701	 3.79e-03	 -3.02	-1.64384	33	14	enet	0.019	0.00089	 0.89851	0.368915
NA	/data/songy4/tes/output/weights_control//ENST00000653813.1.wgt.RDat	ENST00000653813.1	19	43997166	44002785	0.0289	NA	    NA	NA	       NA	    NA	      NA	 0	 0	enet	0.0027	0.12	      NA	      NA
NA	/data/songy4/tes/output/weights_control//ENST00000613670.4.wgt.RDat	ENST00000613670.4	19	48115524	48165627	0.0470	rs11564620	 3.141	rs2972515	 1.10e-03	  3.09	 0.22314	21	15	enet	0.0059	0.043	 1.39969	0.161605
NA	/data/songy4/tes/output/weights_control//ENST00000456783.3.wgt.RDat	ENST00000456783.3	19	22634324	22667671	0.0175	rs1391581	-2.870	rs2915910	-1.54e-03	 -2.98	-0.95238	 3	 2	enet	0.006	0.042	-0.86629	0.386333
NA	/data/songy4/tes/output/weights_control//ENST00000392846.7.wgt.RDat	ENST00000392846.7	19	15878023	15898074	0.0463	rs1273516	 2.529	rs682745	 6.04e-05	 -3.31	-0.16552	14	 7	enet	0.01	0.011	-0.31856	0.750056
NA	/data/songy4/tes/output/weights_control//ENST00000339223.5.wgt.RDat	ENST00000339223.5	19	51795157	51826190	0.0630	rs268909	-3.112	rs7359936	 8.28e-03	 -3.72	 0.07438	53	 1	top1	0.0083	0.021	-0.07438	0.940708
NA	/data/songy4/tes/output/weights_control//ENST00000456368.1.wgt.RDat	ENST00000456368.1	19	39685244	39694577	0.0405	rs2318898	-1.917	rs11083532	 1.41e-02	  4.21	 0.13194	15	11	enet	0.018	0.0013	 0.25575	0.798144
NA	/data/songy4/tes/output/weights_control//ENST00000338372.7.wgt.RDat	ENST00000338372.7	19	54040825	54063897	0.0450	rs2617693	 2.140	rs2708719	 1.17e-02	  3.71	 1.02927	36	 3	lasso	0.026	0.00013	 0.41052	0.681427
NA	/data/songy4/tes/output/weights_control//ENST00000512455.6.wgt.RDat	ENST00000512455.6	19	34677639	34683049	0.0555	rs12611086	 2.781	rs17704366	 1.82e-02	 -3.29	 0.37013	20	 1	top1	0.018	0.0011	-0.37013	0.711286
NA	/data/songy4/tes/output/weights_control//ENST00000412458.6.wgt.RDat	ENST00000412458.6	19	38343667	38370615	0.0467	rs705503	 0.828	rs3786873	 3.69e-02	  5.24	-0.75591	 6	 1	top1	0.037	5.5e-06	-0.75591	0.449706
NA	/data/songy4/tes/output/weights_control//ENST00000614316.1.wgt.RDat	ENST00000614316.1	19	41833686	41835950	0.0348	rs10417924	 2.200	rs734108	 2.43e-02	 -4.07	-0.78750	12	 1	top1	0.024	2e-04	 0.78750	0.430989
NA	/data/songy4/tes/output/weights_control//ENST00000455455.1.wgt.RDat	ENST00000455455.1	19	44547313	44620821	0.1730	rs17714646	-1.959	rs1727746	 1.39e-01	  8.75	-0.57143	18	 2	lasso	0.14	4.2e-19	-0.63938	0.522576
NA	/data/songy4/tes/output/weights_control//ENST00000336128.12.wgt.RDat	ENST00000336128.12	19	57389854	57402992	0.0463	NA	    NA	NA	       NA	    NA	      NA	 0	 0	enet	0.0048	0.061	      NA	      NA
NA	/data/songy4/tes/output/weights_control//ENST00000624301.3.wgt.RDat	ENST00000624301.3	19	4909498	4962151	0.0461	rs489605	-2.794	rs1207118	-1.88e-03	  2.89	-2.04348	21	13	enet	0.0056	0.047	-1.39563	0.162826
NA	/data/songy4/tes/output/weights_control//ENST00000665070.1.wgt.RDat	ENST00000665070.1	19	55151772	55157732	0.0376	rs10419832	-1.955	rs4806741	-1.91e-03	 -3.71	-0.04687	36	10	enet	0.019	0.00087	 0.88736	0.374886
NA	/data/songy4/tes/output/weights_control//ENST00000455058.1.wgt.RDat	ENST00000455058.1	19	44542798	44549166	0.2413	rs17714646	-1.959	rs1727746	 1.83e-01	  9.98	-0.57143	16	 7	enet	0.19	1.5e-26	-0.66206	0.507936
NA	/data/songy4/tes/output/weights_control//ENST00000412609.5.wgt.RDat	ENST00000412609.5	19	39679374	39686368	0.0519	rs2318898	-1.917	rs11083532	 4.16e-02	  4.82	 0.13194	15	 1	top1	0.042	1.4e-06	 0.13194	0.895028
NA	/data/songy4/tes/output/weights_control//ENST00000391720.8.wgt.RDat	ENST00000391720.8	19	55158663	55166651	0.0368	rs10419832	-1.955	rs4806741	 9.82e-03	 -3.89	-0.04687	36	 3	lasso	0.016	0.002	 0.57405	0.565937
NA	/data/songy4/tes/output/weights_control//ENST00000391752.5.wgt.RDat	ENST00000391752.5	19	54200872	54207647	0.0485	rs2617693	 2.140	rs12978545	 5.05e-03	  2.64	-0.82946	33	 1	top1	0.0051	0.056	-0.82946	0.406846
NA	/data/songy4/tes/output/weights_control//ENST00000391751.7.wgt.RDat	ENST00000391751.7	19	54200874	54207647	0.0486	rs2617693	 2.140	rs12978545	 5.13e-03	  2.65	-0.82946	33	 1	top1	0.0051	0.055	-0.82946	0.406846
NA	/data/songy4/tes/output/weights_control//ENST00000460761.1.wgt.RDat	ENST00000460761.1	19	54201160	54202008	0.0481	rs2617693	 2.140	rs12978545	 5.71e-03	  2.62	-0.82946	33	 3	lasso	0.008	0.023	-0.77261	0.439756
NA	/data/songy4/tes/output/weights_control//ENST00000391753.6.wgt.RDat	ENST00000391753.6	19	54201133	54207647	0.0484	rs2617693	 2.140	rs12978545	 5.08e-03	  2.65	-0.82946	33	 3	lasso	0.0082	0.021	-0.72582	0.467950
NA	/data/songy4/tes/output/weights_control//ENST00000391758.5.wgt.RDat	ENST00000391758.5	19	54107020	54115074	0.0412	rs2617693	 2.140	rs2708719	 4.34e-03	  3.29	 1.02927	33	 1	top1	0.0043	0.07	 1.02927	0.303354
NA	/data/songy4/tes/output/weights_control//ENST00000510002.1.wgt.RDat	ENST00000510002.1	19	34677707	34683147	0.0540	rs12611086	 2.781	rs17704366	 1.12e-02	 -3.17	 0.37013	20	 2	lasso	0.018	0.0012	-0.21243	0.831772
NA	/data/songy4/tes/output/weights_control//ENST00000427526.6.wgt.RDat	ENST00000427526.6	19	48115450	48170344	0.0621	rs11564620	 3.141	rs2972515	 1.24e-03	  3.03	 0.22314	21	 3	lasso	0.0097	0.013	 1.08057	0.279889
NA	/data/songy4/tes/output/weights_control//ENST00000339924.12.wgt.RDat	ENST00000339924.12	19	54832676	54848569	0.0507	rs10419832	-1.955	rs4806741	 4.96e-03	 -3.70	-0.04687	36	 1	top1	0.005	0.058	 0.04688	0.962613
NA	/data/songy4/tes/output/weights_control//ENST00000613363.4.wgt.RDat	ENST00000613363.4	19	34677639	34686394	0.0602	rs12611086	 2.781	rs17704366	 5.98e-03	 -2.92	 0.37013	20	 2	lasso	0.012	0.0066	-0.16524	0.868757
NA	/data/songy4/tes/output/weights_control//ENST00000457781.6.wgt.RDat	ENST00000457781.6	19	34677662	34686397	0.0553	rs12611086	 2.781	rs1155934	 5.10e-04	  2.88	 0.14194	20	 2	lasso	0.0077	0.025	-0.13658	0.891365
NA	/data/songy4/tes/output/weights_control//ENST00000427512.6.wgt.RDat	ENST00000427512.6	19	57469586	57477570	0.0843	rs7255276	-2.724	rs886336	 5.38e-02	 -5.58	-0.76000	35	 1	top1	0.054	4.4e-08	 0.76000	0.447255
NA	/data/songy4/tes/output/weights_control//ENST00000427581.6.wgt.RDat	ENST00000427581.6	19	54630633	54637190	0.0626	rs10419832	-1.955	rs7247425	-1.17e-03	  2.87	-1.06557	32	20	enet	0.0024	0.13	-0.08700	0.930672
NA	/data/songy4/tes/output/weights_control//ENST00000613411.4.wgt.RDat	ENST00000613411.4	19	685546	695498	0.0513	rs1109555	 2.763	rs7247458	-1.81e-03	  2.63	-0.76074	24	22	enet	0.0036	0.088	 2.24555	0.024733
NA	/data/songy4/tes/output/weights_control//ENST00000413572.1.wgt.RDat	ENST00000413572.1	19	54708602	54713232	0.0448	rs10419832	-1.955	rs4806741	 3.21e-02	 -4.42	-0.04687	40	 1	top1	0.032	2.1e-05	 0.04688	0.962613
NA	/data/songy4/tes/output/weights_control//ENST00000653011.1.wgt.RDat	ENST00000653011.1	19	20472986	20571095	0.0303	rs274814	 3.047	rs11668038	 1.58e-02	 -3.22	-2.14935	 6	 3	enet	0.016	0.0019	 0.99050	0.321928
NA	/data/songy4/tes/output/weights_control//ENST00000340880.5.wgt.RDat	ENST00000340880.5	19	15468645	15479501	0.0494	rs1114312	-2.800	rs682745	 1.34e-02	 -3.84	-0.16552	18	 4	lasso	0.018	0.0012	 1.08247	0.279046
NA	/data/songy4/tes/output/weights_control//ENST00000458539.5.wgt.RDat	ENST00000458539.5	19	39679393	39685251	0.0314	rs2318898	-1.917	rs11083532	 3.00e-02	  4.25	 0.13194	15	 1	top1	0.03	3.8e-05	 0.13194	0.895028
NA	/data/songy4/tes/output/weights_control//ENST00000446502.6.wgt.RDat	ENST00000446502.6	19	34677717	34686332	0.0516	rs12611086	 2.781	rs17704366	 2.90e-04	 -2.82	 0.37013	20	 2	lasso	0.011	0.0095	-0.17648	0.859915
NA	/data/songy4/tes/output/weights_control//ENST00000329267.8.wgt.RDat	ENST00000329267.8	19	685571	695461	0.0521	rs1109555	 2.763	rs7247458	-1.75e-03	  2.72	-0.76074	24	22	enet	0.0038	0.083	 2.24631	0.024684
NA	/data/songy4/tes/output/weights_control//ENST00000446628.5.wgt.RDat	ENST00000446628.5	19	44537058	44556917	0.1571	rs17714646	-1.959	rs1727746	 1.37e-01	  8.63	-0.57143	16	 1	top1	0.14	1e-18	-0.57143	0.567709
NA	/data/songy4/tes/output/weights_control//ENST00000445961.5.wgt.RDat	ENST00000445961.5	19	54200872	54207647	0.0484	rs2617693	 2.140	rs12978545	 5.05e-03	  2.64	-0.82946	33	 3	lasso	0.0081	0.022	-0.73094	0.464813
NA	/data/songy4/tes/output/weights_control//ENST00000328867.9.wgt.RDat	ENST00000328867.9	19	38730192	38744474	0.0462	rs6508808	 1.529	rs973009	 4.52e-02	 -5.14	-0.77083	11	 4	enet	0.045	4.8e-07	 0.60502	0.545164
NA	/data/songy4/tes/output/weights_control//ENST00000616721.6.wgt.RDat	ENST00000616721.6	19	39863323	39934626	0.0768	rs12986299	-3.500	rs10401972	 4.93e-02	  5.35	-0.30357	21	 1	top1	0.049	1.6e-07	-0.30357	0.761454
NA	/data/songy4/tes/output/weights_control//ENST00000616255.1.wgt.RDat	ENST00000616255.1	19	4910375	4960952	0.0543	rs489605	-2.794	rs1207118	-1.70e-03	  2.43	-2.04348	21	17	enet	0.01	0.012	-0.89537	0.370588
NA	/data/songy4/tes/output/weights_control//ENST00000447872.5.wgt.RDat	ENST00000447872.5	19	54040829	54063953	0.0459	rs2617693	 2.140	rs2708719	 1.19e-02	  3.70	 1.02927	36	 3	lasso	0.027	9.9e-05	 0.38260	0.702014
NA	/data/songy4/tes/output/weights_control//ENST00000410018.5.wgt.RDat	ENST00000410018.5	19	38335775	38370943	0.0444	rs705503	 0.828	rs3786873	 3.80e-02	  4.99	-0.75591	 6	 1	top1	0.038	3.9e-06	-0.75591	0.449706
NA	/data/songy4/tes/output/weights_control//ENST00000292140.9.wgt.RDat	ENST00000292140.9	19	43475103	43504935	0.0558	rs6509018	 1.769	rs2682551	 5.20e-02	  5.35	 0.31250	 5	 1	top1	0.052	7.3e-08	 0.31250	0.754661
NA	/data/songy4/tes/output/weights_control//ENST00000291892.10.wgt.RDat	ENST00000291892.10	19	55044343	55063833	0.1195	rs10419832	-1.955	rs1671143	 1.09e-01	  7.66	-0.42857	34	 2	lasso	0.12	6.8e-17	 0.09337	0.925612
NA	/data/songy4/tes/output/weights_control//ENST00000326529.9.wgt.RDat	ENST00000326529.9	19	55349704	55354719	0.0527	rs2288520	-2.289	rs1749317	 1.17e-03	  2.80	 0.69291	33	14	enet	0.0029	0.11	 0.86794	0.385427
NA	/data/songy4/tes/output/weights_control//ENST00000292609.8.wgt.RDat	ENST00000292609.8	19	15468645	15479501	0.0394	rs1114312	-2.800	rs7251788	-1.06e-03	 -3.50	-1.79429	18	 7	enet	0.0094	0.015	 0.81847	0.413092
NA	/data/songy4/tes/output/weights_control//ENST00000291825.11.wgt.RDat	ENST00000291825.11	19	40393768	40413364	0.0767	rs12986299	-3.500	rs7258698	 6.92e-02	  6.26	 1.12500	15	 1	top1	0.069	5.4e-10	 1.12500	0.260589
NA	/data/songy4/tes/output/weights_control//ENST00000616950.1.wgt.RDat	ENST00000616950.1	19	54308915	54337168	0.0549	rs2617693	 2.140	rs1645784	 2.25e-02	 -3.74	 1.30314	35	 1	top1	0.023	0.00032	-1.30314	0.192528
NA	/data/songy4/tes/output/weights_control//ENST00000291442.3.wgt.RDat	ENST00000291442.3	19	17231883	17245940	0.0399	rs9676419	 2.054	rs10408790	-8.26e-04	 -3.54	 1.00000	24	 3	lasso	0.00049	0.26	-0.54367	0.586669
NA	/data/songy4/tes/output/weights_control//ENST00000291440.4.wgt.RDat	ENST00000291440.4	19	16957547	17026815	0.0846	rs9676419	 2.054	rs7259472	 2.01e-02	  4.51	-0.36527	23	14	enet	0.035	1e-05	-0.09098	0.927506
NA	/data/songy4/tes/output/weights_control//ENST00000291707.8.wgt.RDat	ENST00000291707.8	19	51491227	51501800	0.0943	rs268909	-3.112	rs11668530	 6.53e-02	 -6.27	 1.06122	53	 1	top1	0.065	1.6e-09	-1.06122	0.288588
NA	/data/songy4/tes/output/weights_control//ENST00000615214.3.wgt.RDat	ENST00000615214.3	19	57473274	57477570	0.0606	rs7255276	-2.724	rs886336	 4.66e-02	 -5.17	-0.76000	35	 1	top1	0.047	3.5e-07	 0.76000	0.447255
NA	/data/songy4/tes/output/weights_control//ENST00000451750.5.wgt.RDat	ENST00000451750.5	19	15673076	15680944	0.0826	rs1114312	-2.800	rs4646522	 4.84e-02	 -5.27	-0.42268	17	 5	enet	0.064	2.2e-09	 0.48348	0.628756
NA	/data/songy4/tes/output/weights_control//ENST00000404085.7.wgt.RDat	ENST00000404085.7	19	17281901	17287646	0.0956	rs9676419	 2.054	rs9676419	 7.56e-02	 -6.60	 2.05357	25	 1	top1	0.076	8.6e-11	-2.05357	0.040017
NA	/data/songy4/tes/output/weights_control//ENST00000332836.7.wgt.RDat	ENST00000332836.7	19	55708438	55738402	0.0484	rs751729	-2.524	rs2305788	-1.79e-03	  2.80	-0.25106	29	12	enet	0.0042	0.074	 0.55052	0.581966
NA	/data/songy4/tes/output/weights_control//ENST00000333884.2.wgt.RDat	ENST00000333884.2	19	55013705	55038264	0.0792	rs10419832	-1.955	rs1671143	 5.36e-02	  5.82	-0.42857	34	 1	top1	0.054	4.7e-08	-0.42857	0.668235
NA	/data/songy4/tes/output/weights_control//ENST00000615884.4.wgt.RDat	ENST00000615884.4	19	4910146	4960961	0.0424	rs489605	-2.794	rs4807023	-1.58e-03	 -2.30	-1.08696	21	20	enet	0.00064	0.25	-0.58521	0.558406
NA	/data/songy4/tes/output/weights_control//ENST00000448962.5.wgt.RDat	ENST00000448962.5	19	54200858	54249003	0.0508	rs2617693	 2.140	rs12978545	 5.35e-03	  2.65	-0.82946	33	 4	lasso	0.008	0.022	-0.72081	0.471027
NA	/data/songy4/tes/output/weights_control//ENST00000627982.2.wgt.RDat	ENST00000627982.2	19	34677639	34685237	0.0574	rs12611086	 2.781	rs17704366	 5.50e-04	 -2.87	 0.37013	20	14	enet	0.0094	0.015	-1.58745	0.112411
NA	/data/songy4/tes/output/weights_control//ENST00000404261.9.wgt.RDat	ENST00000404261.9	19	17281645	17286505	0.0448	rs9676419	 2.054	rs9676419	 3.64e-02	 -4.80	 2.05357	25	 1	top1	0.036	6.3e-06	-2.05357	0.040017
NA	/data/songy4/tes/output/weights_control//ENST00000450712.2.wgt.RDat	ENST00000450712.2	19	57475737	57477520	0.0555	rs7255276	-2.724	rs886336	 3.63e-02	 -4.65	-0.76000	35	 7	enet	0.038	3.6e-06	 0.48160	0.630089
NA	/data/songy4/tes/output/weights_control//ENST00000394458.7.wgt.RDat	ENST00000394458.7	19	17281645	17287646	0.0922	rs9676419	 2.054	rs9676419	 7.26e-02	 -6.56	 2.05357	25	 1	top1	0.073	2e-10	-2.05357	0.040017
NA	/data/songy4/tes/output/weights_control//ENST00000655543.1.wgt.RDat	ENST00000655543.1	19	27793448	27824767	0.0222	rs12982071	-0.651	rs8189785	 1.55e-02	  3.34	-0.21637	 2	 1	top1	0.016	0.0024	-0.21637	0.828696
NA	/data/songy4/tes/output/weights_control//ENST00000594759.5.wgt.RDat	ENST00000594759.5	19	48115450	48170326	0.0489	rs11564620	 3.141	rs2972515	 1.54e-03	  3.12	 0.22314	21	15	enet	0.0083	0.02	 1.33709	0.181193
NA	/data/songy4/tes/output/weights_control//ENST00000594808.1.wgt.RDat	ENST00000594808.1	19	43502166	43504414	0.0361	rs6509018	 1.769	rs2682551	 3.51e-02	  4.46	 0.31250	 5	 1	top1	0.035	9.1e-06	 0.31250	0.754661
NA	/data/songy4/tes/output/weights_control//ENST00000594557.1.wgt.RDat	ENST00000594557.1	19	21452040	21463884	0.0271	rs1964337	-1.724	rs12976221	 1.25e-02	 -3.06	-0.86916	 5	 3	enet	0.017	0.0017	 0.76342	0.445213
NA	/data/songy4/tes/output/weights_control//ENST00000594671.5.wgt.RDat	ENST00000594671.5	19	4675224	4714306	0.0451	rs2613766	-2.505	rs1610093	 2.42e-02	  4.00	-0.93956	15	 1	top1	0.024	2e-04	-0.93956	0.347443
NA	/data/songy4/tes/output/weights_control//ENST00000594999.1.wgt.RDat	ENST00000594999.1	19	17302867	17306525	0.0481	rs9676419	 2.054	rs3826700	 1.50e-03	  3.53	-1.08333	25	 3	enet	0.015	0.0028	-0.53057	0.595715
NA	/data/songy4/tes/output/weights_control//ENST00000595081.5.wgt.RDat	ENST00000595081.5	19	49861204	49861896	0.0437	rs4802550	 2.323	rs1716274	 2.04e-03	  3.12	 0.30120	17	 5	enet	0.012	0.0071	-0.68369	0.494168
NA	/data/songy4/tes/output/weights_control//ENST00000594900.1.wgt.RDat	ENST00000594900.1	19	51746876	51804110	0.0585	rs268909	-3.112	rs11673446	 9.41e-03	 -3.76	-1.79731	57	 4	enet	0.015	0.0029	 1.21736	0.223467
NA	/data/songy4/tes/output/weights_control//ENST00000594927.1.wgt.RDat	ENST00000594927.1	19	21587432	21594006	0.0382	rs11085420	 1.585	rs12976221	 2.10e-02	 -3.80	-0.86916	 4	 3	enet	0.022	0.00037	 0.79379	0.427320
NA	/data/songy4/tes/output/weights_control//ENST00000594059.1.wgt.RDat	ENST00000594059.1	19	17235940	17255448	0.0420	rs9676419	 2.054	rs9676419	 6.18e-03	  3.36	 2.05357	24	 5	lasso	0.011	0.0082	 1.70404	0.088373
NA	/data/songy4/tes/output/weights_control//ENST00000594067.5.wgt.RDat	ENST00000594067.5	19	48115468	48154047	0.0640	rs11564620	 3.141	rs2972515	 1.01e-03	  3.24	 0.22314	21	 3	lasso	0.0078	0.024	 1.04941	0.293991
NA	/data/songy4/tes/output/weights_control//ENST00000594072.6.wgt.RDat	ENST00000594072.6	19	17281699	17286854	0.0616	rs9676419	 2.054	rs9676419	 5.32e-02	 -5.69	 2.05357	25	 1	top1	0.053	5.2e-08	-2.05357	0.040017
NA	/data/songy4/tes/output/weights_control//ENST00000376626.5.wgt.RDat	ENST00000376626.5	19	54040833	54063953	0.0432	rs2617693	 2.140	rs2708719	 1.13e-02	  3.72	 1.02927	36	 3	lasso	0.025	0.00018	 0.42392	0.671624
NA	/data/songy4/tes/output/weights_control//ENST00000638827.1.wgt.RDat	ENST00000638827.1	19	51804816	51887974	0.0682	rs268909	-3.112	rs10409962	-1.49e-03	 -3.16	 1.18905	54	29	enet	-4e-04	0.38	-2.10417	0.035364
NA	/data/songy4/tes/output/weights_control//ENST00000487425.5.wgt.RDat	ENST00000487425.5	19	54634371	54635616	0.0628	rs10419832	-1.955	rs12975662	-1.41e-03	  2.95	 1.39109	32	18	enet	0.006	0.041	 0.39319	0.694180
NA	/data/songy4/tes/output/weights_control//ENST00000594497.1.wgt.RDat	ENST00000594497.1	19	38734566	38735662	0.0632	rs6508808	 1.529	rs973009	 1.61e-02	 -4.01	-0.77083	11	 5	lasso	0.028	6.3e-05	 0.39389	0.693661
NA	/data/songy4/tes/output/weights_control//ENST00000594283.5.wgt.RDat	ENST00000594283.5	19	17226243	17229202	0.0385	rs9676419	 2.054	rs2288542	 2.90e-02	  4.23	-0.45263	24	 2	lasso	0.03	4e-05	-0.08352	0.933439
NA	/data/songy4/tes/output/weights_control//ENST00000594385.1.wgt.RDat	ENST00000594385.1	19	21541764	21556270	0.0258	rs11085420	 1.585	rs12976221	 3.53e-03	 -2.97	-0.86916	 4	 4	enet	0.014	0.0038	 0.41241	0.680037
NA	/data/songy4/tes/output/weights_control//ENST00000594345.5.wgt.RDat	ENST00000594345.5	19	17336692	17338741	0.0364	rs9676419	 2.054	rs9676419	-1.90e-03	  2.89	 2.05357	26	 2	lasso	-0.0016	0.68	 1.97722	0.048017
NA	/data/songy4/tes/output/weights_control//ENST00000595955.2.wgt.RDat	ENST00000595955.2	19	46027648	46031667	0.0338	rs345409	-1.824	rs2072561	 2.46e-02	 -3.89	-0.73478	15	 1	top1	0.025	0.00018	 0.73478	0.462472
NA	/data/songy4/tes/output/weights_control//ENST00000595940.5.wgt.RDat	ENST00000595940.5	19	4714187	4723830	0.0541	rs2613766	-2.505	rs1610093	 7.53e-03	  3.72	-0.93956	15	 2	lasso	0.032	2e-05	-0.55921	0.576017
NA	/data/songy4/tes/output/weights_control//ENST00000595973.2.wgt.RDat	ENST00000595973.2	19	18382170	18388347	0.0428	rs8108675	-2.451	rs3212760	 2.71e-03	 -3.81	 1.16000	26	 4	enet	0.017	0.0018	-2.53557	0.011226
NA	/data/songy4/tes/output/weights_control//ENST00000595991.1.wgt.RDat	ENST00000595991.1	19	51817684	51825808	0.0620	rs268909	-3.112	rs7359936	 1.05e-02	 -3.91	 0.07438	53	 1	top1	0.011	0.011	-0.07438	0.940708
NA	/data/songy4/tes/output/weights_control//ENST00000596011.1.wgt.RDat	ENST00000596011.1	19	49895970	49929492	0.0455	rs4802550	 2.323	rs11669675	 4.06e-03	  2.50	-1.50000	19	13	enet	0.0086	0.019	-1.00688	0.313992
NA	/data/songy4/tes/output/weights_control//ENST00000637832.1.wgt.RDat	ENST00000637832.1	19	13228617	13235674	0.0524	rs1469692	-2.429	rs8103974	-2.72e-04	 -2.93	 1.24348	21	15	enet	0.0098	0.013	-1.54748	0.121748
NA	/data/songy4/tes/output/weights_control//ENST00000595854.5.wgt.RDat	ENST00000595854.5	19	20923285	20945709	0.0302	rs274814	 3.047	rs17618360	 2.85e-02	  4.03	 0.00541	 8	 1	top1	0.029	5.9e-05	 0.00541	0.995687
NA	/data/songy4/tes/output/weights_control//ENST00000596285.5.wgt.RDat	ENST00000596285.5	19	14690055	14699411	0.0300	rs11668412	 2.164	rs10418939	 1.24e-02	  3.30	 0.02941	22	 3	lasso	0.016	0.0023	-0.24364	0.807509
NA	/data/songy4/tes/output/weights_control//ENST00000596224.5.wgt.RDat	ENST00000596224.5	19	16892958	16896941	0.0353	rs9676419	 2.054	rs7259472	 1.62e-03	  3.35	-0.36527	23	 4	lasso	0.0094	0.015	-0.01494	0.988080
NA	/data/songy4/tes/output/weights_control//ENST00000596078.5.wgt.RDat	ENST00000596078.5	19	6740909	6743890	0.0492	rs308200	 2.800	rs3865467	-1.91e-03	  3.09	-2.02857	31	19	enet	0.0064	0.036	-0.46310	0.643296
NA	/data/songy4/tes/output/weights_control//ENST00000596203.1.wgt.RDat	ENST00000596203.1	19	21494285	21499893	0.0250	rs11085420	 1.585	rs12976221	 6.32e-03	 -2.76	-0.86916	 4	 2	lasso	0.0094	0.015	 0.75651	0.449346
NA	/data/songy4/tes/output/weights_control//ENST00000595359.5.wgt.RDat	ENST00000595359.5	19	53109738	53133077	0.0447	rs12982980	-2.844	rs10416626	 1.30e-03	  2.56	-0.69663	28	 4	lasso	0.0017	0.17	-0.53999	0.589206
NA	/data/songy4/tes/output/weights_control//ENST00000595116.1.wgt.RDat	ENST00000595116.1	19	17503436	17511468	0.0691	rs9676419	 2.054	rs2382987	 1.17e-02	  3.82	-0.34167	38	 7	enet	0.02	0.00061	-0.39200	0.695056
NA	/data/songy4/tes/output/weights_control//ENST00000595134.1.wgt.RDat	ENST00000595134.1	19	17009189	17013460	0.0595	rs9676419	 2.054	rs7259472	 2.73e-02	  4.13	-0.36527	22	 8	enet	0.032	2e-05	-0.01201	0.990415
NA	/data/songy4/tes/output/weights_control//ENST00000595177.1.wgt.RDat	ENST00000595177.1	19	38730678	38735422	0.0645	rs6508808	 1.529	rs973009	 3.91e-02	 -5.20	-0.77083	11	 1	top1	0.039	2.9e-06	 0.77083	0.440806
NA	/data/songy4/tes/output/weights_control//ENST00000595639.1.wgt.RDat	ENST00000595639.1	19	8333217	8343262	0.0403	rs1104768	 1.941	rs17160333	-2.28e-04	 -2.55	 0.95205	20	15	enet	0.0044	0.068	-0.62047	0.534951
NA	/data/songy4/tes/output/weights_control//ENST00000595742.1.wgt.RDat	ENST00000595742.1	19	20936606	20949364	0.0243	rs274814	 3.047	rs17618360	 1.53e-02	  3.85	 0.00541	 8	 2	lasso	0.028	7.3e-05	 0.54620	0.584927
NA	/data/songy4/tes/output/weights_control//ENST00000595722.5.wgt.RDat	ENST00000595722.5	19	8209383	8262421	0.0955	NA	    NA	NA	       NA	    NA	      NA	22	 0	top1	0.1	4.5e-14	      NA	      NA
NA	/data/songy4/tes/output/weights_control//ENST00000592769.1.wgt.RDat	ENST00000592769.1	19	45698480	45701823	0.0398	rs345409	-1.824	rs50871	 2.44e-03	  3.09	-1.13393	18	10	enet	0.005	0.056	-1.14335	0.252894
NA	/data/songy4/tes/output/weights_control//ENST00000640501.1.wgt.RDat	ENST00000640501.1	19	49861265	49861502	0.0402	rs4802550	 2.323	rs1716274	 7.90e-03	  3.36	 0.30120	17	 3	lasso	0.013	0.0056	-0.45857	0.646544
NA	/data/songy4/tes/output/weights_control//ENST00000221496.5.wgt.RDat	ENST00000221496.5	19	2249323	2252073	0.0458	rs12982784	 4.186	rs8112524	-1.50e-03	 -3.12	 0.62205	26	13	enet	0.0092	0.016	-0.87309	0.382611
NA	/data/songy4/tes/output/weights_control//ENST00000592675.1.wgt.RDat	ENST00000592675.1	19	11192881	11195685	0.0391	rs4804148	 1.613	rs17616661	 4.52e-02	 -5.08	 0.25581	 7	 1	top1	0.045	5.1e-07	-0.25581	0.798094
NA	/data/songy4/tes/output/weights_control//ENST00000592710.1.wgt.RDat	ENST00000592710.1	19	15879637	15886501	0.0511	rs1273516	 2.529	rs4646522	 2.92e-02	 -4.15	-0.42268	14	 1	top1	0.029	4.8e-05	 0.42268	0.672528
NA	/data/songy4/tes/output/weights_control//ENST00000592935.1.wgt.RDat	ENST00000592935.1	19	55171687	55173093	0.0358	rs10419832	-1.955	rs4806741	 4.35e-03	 -3.54	-0.04687	35	 8	enet	0.011	0.0081	 1.01633	0.309474
NA	/data/songy4/tes/output/weights_control//ENST00000601257.5.wgt.RDat	ENST00000601257.5	19	52594151	52690496	0.0689	rs12975196	 2.163	rs7246133	 1.51e-02	 -4.01	-0.05455	34	 3	lasso	0.025	0.00018	 0.63962	0.522421
NA	/data/songy4/tes/output/weights_control//ENST00000592824.5.wgt.RDat	ENST00000592824.5	19	55075853	55083985	0.0458	rs10419832	-1.955	rs4806741	 3.33e-05	 -3.14	-0.04687	35	 9	enet	0.012	0.0066	 0.27878	0.780416
NA	/data/songy4/tes/output/weights_control//ENST00000592901.1.wgt.RDat	ENST00000592901.1	19	45641672	45645356	0.2653	rs345409	-1.824	rs2286756	 2.54e-01	 11.61	-0.47059	21	 1	top1	0.25	1.7e-35	-0.47059	0.637935
NA	/data/songy4/tes/output/weights_control//ENST00000592903.5.wgt.RDat	ENST00000592903.5	19	11194504	11197530	0.0375	rs4804148	 1.613	rs17616661	 4.30e-02	 -4.99	 0.25581	 7	 3	enet	0.046	3.6e-07	 0.20357	0.838693
NA	/data/songy4/tes/output/weights_control//ENST00000592877.1.wgt.RDat	ENST00000592877.1	19	2249309	2250749	0.0365	rs12982784	 4.186	rs8112524	 3.15e-02	 -4.22	 0.62205	26	 5	enet	0.032	1.9e-05	-1.44130	0.149499
NA	/data/songy4/tes/output/weights_control//ENST00000601493.5.wgt.RDat	ENST00000601493.5	19	53107879	53132875	0.0525	rs12982980	-2.844	rs723864	 7.54e-03	 -3.14	-0.11765	28	 3	enet	0.011	0.0083	-1.20477	0.228294
NA	/data/songy4/tes/output/weights_control//ENST00000592423.1.wgt.RDat	ENST00000592423.1	19	55039108	55043107	0.0867	rs10419832	-1.955	rs1654410	 6.24e-02	 -6.09	-1.20792	34	10	enet	0.068	7.9e-10	 0.45362	0.650105
NA	/data/songy4/tes/output/weights_control//ENST00000592332.1.wgt.RDat	ENST00000592332.1	19	9995997	9997163	0.0571	rs34561079	-2.663	rs889121	 4.52e-02	  5.03	-1.59794	15	 1	top1	0.045	5.1e-07	-1.59794	0.110057
NA	/data/songy4/tes/output/weights_control//ENST00000592567.1.wgt.RDat	ENST00000592567.1	19	36973218	36991243	0.0209	rs7253228	 0.960	rs2967436	-8.28e-04	  2.57	-0.36082	 5	 5	enet	0.0032	0.1	-0.42297	0.672317
NA	/data/songy4/tes/output/weights_control//ENST00000592573.1.wgt.RDat	ENST00000592573.1	19	55044855	55063086	0.0914	rs10419832	-1.955	rs1671143	 5.75e-02	  6.50	-0.42857	34	 5	enet	0.092	6.2e-13	 0.20664	0.836289
NA	/data/songy4/tes/output/weights_control//ENST00000592613.1.wgt.RDat	ENST00000592613.1	19	19900913	19909520	0.0289	rs17699261	 2.120	rs4809015	 1.26e-02	  3.76	-0.78788	12	 1	top1	0.013	0.0057	-0.78788	0.430768
NA	/data/songy4/tes/output/weights_control//ENST00000592484.5.wgt.RDat	ENST00000592484.5	19	33177603	33205291	0.0302	rs4805025	 3.108	rs358538	 1.02e-03	 -3.05	 0.48558	10	 2	enet	0.0058	0.045	-0.87249	0.382939
NA	/data/songy4/tes/output/weights_control//ENST00000592463.1.wgt.RDat	ENST00000592463.1	19	11206181	11208758	0.0737	rs4804148	 1.613	rs17616661	 8.60e-02	 -6.85	 0.25581	 7	 1	top1	0.086	4.1e-12	-0.25581	0.798094
NA	/data/songy4/tes/output/weights_control//ENST00000221700.11.wgt.RDat	ENST00000221700.11	19	15878023	15898074	0.0458	rs1273516	 2.529	rs682745	 3.55e-04	 -3.33	-0.16552	14	 8	enet	0.01	0.012	-0.34823	0.727667
NA	/data/songy4/tes/output/weights_control//ENST00000601130.5.wgt.RDat	ENST00000601130.5	19	4714161	4723842	0.0554	rs2613766	-2.505	rs1610093	 1.74e-02	  3.37	-0.93956	15	 1	top1	0.017	0.0014	-0.93956	0.347443
NA	/data/songy4/tes/output/weights_control//ENST00000601134.5.wgt.RDat	ENST00000601134.5	19	14690074	14709220	0.0312	rs11668412	 2.164	rs8113491	 9.13e-03	 -3.29	 0.74490	22	 3	lasso	0.013	0.0054	-0.28678	0.774279
NA	/data/songy4/tes/output/weights_control//ENST00000593739.1.wgt.RDat	ENST00000593739.1	19	16896196	16896893	0.0584	rs9676419	 2.054	rs2288542	 3.27e-03	  3.18	-0.45263	23	14	enet	0.0081	0.022	-0.83820	0.401918
NA	/data/songy4/tes/output/weights_control//ENST00000593700.5.wgt.RDat	ENST00000593700.5	19	38730458	38735677	0.0385	rs6508808	 1.529	rs973009	 2.54e-02	 -4.28	-0.77083	11	 1	top1	0.025	0.00014	 0.77083	0.440806
NA	/data/songy4/tes/output/weights_control//ENST00000593558.1.wgt.RDat	ENST00000593558.1	19	6953211	6954904	0.0503	rs308200	 2.800	rs460698	 2.70e-02	 -4.81	 1.34646	32	 1	top1	0.027	9e-05	-1.34646	0.178155
NA	/data/songy4/tes/output/weights_control//ENST00000593973.1.wgt.RDat	ENST00000593973.1	19	4714246	4716127	0.0666	rs2613766	-2.505	rs1610093	 1.55e-02	  3.22	-0.93956	15	 2	enet	0.026	0.00011	-0.71169	0.476655
NA	/data/songy4/tes/output/weights_control//ENST00000593792.1.wgt.RDat	ENST00000593792.1	19	8630671	8638649	0.0333	rs3764551	 1.814	rs12461770	 2.08e-03	 -2.59	-0.09554	20	 1	top1	0.0021	0.15	 0.09554	0.923885
NA	/data/songy4/tes/output/weights_control//ENST00000623035.1.wgt.RDat	ENST00000623035.1	19	20926777	20928714	0.0335	rs274814	 3.047	rs11085420	 2.84e-02	 -4.00	 1.58491	 8	 1	top1	0.028	6.1e-05	-1.58491	0.112988
NA	/data/songy4/tes/output/weights_control//ENST00000593184.5.wgt.RDat	ENST00000593184.5	19	55349708	55354711	0.0473	rs2288520	-2.289	rs1654459	-1.25e-03	 -2.77	-0.96429	33	 1	top1	-0.0012	0.56	 0.96429	0.334903
NA	/data/songy4/tes/output/weights_control//ENST00000593164.6.wgt.RDat	ENST00000593164.6	19	43828202	43838080	0.0399	rs8113762	 1.515	rs349030	 3.77e-02	 -4.73	-0.86170	 9	 1	top1	0.038	4.3e-06	 0.86170	0.388851
NA	/data/songy4/tes/output/weights_control//ENST00000593060.5.wgt.RDat	ENST00000593060.5	19	55006193	55048086	0.1395	rs10419832	-1.955	rs1671143	 1.20e-01	  8.07	-0.42857	34	 4	enet	0.14	5.3e-19	 0.23288	0.815851
NA	/data/songy4/tes/output/weights_control//ENST00000601215.5.wgt.RDat	ENST00000601215.5	19	53109672	53129665	0.0464	rs12982980	-2.844	rs7246133	-1.91e-03	  2.39	-0.05455	28	18	enet	-0.0019	0.95	-0.07534	0.939941
NA	/data/songy4/tes/output/weights_control//ENST00000593398.1.wgt.RDat	ENST00000593398.1	19	20784596	20785152	0.0316	rs274814	 3.047	rs2336638	 6.53e-03	  3.36	 1.10680	 8	 1	top1	0.0065	0.035	 1.10680	0.268382
NA	/data/songy4/tes/output/weights_control//ENST00000593420.5.wgt.RDat	ENST00000593420.5	19	16947082	16976068	0.0401	rs9676419	 2.054	rs12975235	 1.10e-02	 -3.58	 0.46190	23	 2	lasso	0.018	0.0013	-0.56981	0.568808
NA	/data/songy4/tes/output/weights_control//ENST00000639800.1.wgt.RDat	ENST00000639800.1	19	15852111	15863802	0.3260	rs1273516	 2.529	rs16980881	 3.44e-01	-13.48	-0.44898	14	 1	lasso	0.34	3.4e-50	 0.44898	0.653446
NA	/data/songy4/tes/output/weights_control//ENST00000593276.2.wgt.RDat	ENST00000593276.2	19	32937530	32966419	0.0363	rs11669047	-2.546	rs11669047	 5.12e-03	  3.05	-2.54639	18	 3	lasso	0.011	0.0092	-3.44546	0.000570
NA	/data/songy4/tes/output/weights_control//ENST00000599513.1.wgt.RDat	ENST00000599513.1	19	40407457	40408243	0.0915	rs12986299	-3.500	rs7258698	 6.49e-02	  6.22	 1.12500	14	 3	enet	0.069	5.1e-10	 1.20199	0.229365
NA	/data/songy4/tes/output/weights_control//ENST00000599847.5.wgt.RDat	ENST00000599847.5	19	57499939	57518404	0.1019	rs7255276	-2.724	rs886336	 9.41e-02	 -7.24	-0.76000	35	 1	top1	0.094	3.8e-13	 0.76000	0.447255
NA	/data/songy4/tes/output/weights_control//ENST00000599770.1.wgt.RDat	ENST00000599770.1	19	41531287	41532174	0.0408	rs10417924	 2.200	rs10417924	 2.62e-04	  2.74	 2.20000	15	12	enet	0.0014	0.19	 1.34788	0.177696
NA	/data/songy4/tes/output/weights_control//ENST00000599726.2.wgt.RDat	ENST00000599726.2	19	56669941	56684987	0.0419	rs10404342	-2.594	rs2286423	 9.52e-03	 -3.19	 0.63918	39	 1	top1	0.0095	0.014	-0.63918	0.522709
NA	/data/songy4/tes/output/weights_control//ENST00000599047.1.wgt.RDat	ENST00000599047.1	19	41829692	41830938	0.0583	rs10417924	 2.200	rs734108	 4.83e-02	 -5.46	-0.78750	12	 1	top1	0.048	2.1e-07	 0.78750	0.430989
NA	/data/songy4/tes/output/weights_control//ENST00000599064.1.wgt.RDat	ENST00000599064.1	19	20936592	20949449	0.0204	rs274814	 3.047	rs17618360	 1.05e-02	  3.49	 0.00541	 8	 2	enet	0.023	3e-04	 0.68629	0.492530
NA	/data/songy4/tes/output/weights_control//ENST00000599163.5.wgt.RDat	ENST00000599163.5	19	4690878	4704151	0.0452	rs2613766	-2.505	rs1610093	 3.04e-02	  4.42	-0.93956	14	 1	top1	0.03	3.4e-05	-0.93956	0.347443
NA	/data/songy4/tes/output/weights_control//ENST00000622802.4.wgt.RDat	ENST00000622802.4	19	4910367	4961132	0.0673	rs489605	-2.794	rs1207118	-1.06e-03	  2.82	-2.04348	21	19	enet	0.004	0.078	-0.89007	0.373426
NA	/data/songy4/tes/output/weights_control//ENST00000599324.1.wgt.RDat	ENST00000599324.1	19	15124563	15125716	0.0648	rs1114312	-2.800	rs1114312	 5.39e-02	 -5.61	-2.80000	16	 1	top1	0.054	4.3e-08	 2.80000	0.005110
NA	/data/songy4/tes/output/weights_control//ENST00000599312.1.wgt.RDat	ENST00000599312.1	19	7507082	7519526	0.0474	rs2431866	-1.888	rs8111710	-1.69e-03	 -2.84	 1.03030	21	 2	lasso	-0.0013	0.57	-1.02192	0.306821
NA	/data/songy4/tes/output/weights_control//ENST00000599317.1.wgt.RDat	ENST00000599317.1	19	39693925	39696258	0.0375	rs2318898	-1.917	rs11083532	 3.10e-02	  4.20	 0.13194	15	 1	top1	0.031	2.9e-05	 0.13194	0.895028
NA	/data/songy4/tes/output/weights_control//ENST00000599242.1.wgt.RDat	ENST00000599242.1	19	43496018	43504935	0.0513	rs6509018	 1.769	rs2682551	 4.42e-02	  5.01	 0.31250	 5	 1	top1	0.044	6.8e-07	 0.31250	0.754661
NA	/data/songy4/tes/output/weights_control//ENST00000381781.2.wgt.RDat	ENST00000381781.2	19	4890437	4902867	0.0454	rs2613766	-2.505	rs1610093	-4.40e-04	  3.02	-0.93956	19	11	enet	0.0094	0.015	-0.21043	0.833333
NA	/data/songy4/tes/output/weights_control//ENST00000599275.1.wgt.RDat	ENST00000599275.1	19	8261627	8262421	0.0917	NA	    NA	NA	       NA	    NA	      NA	21	 0	top1	0.092	6.8e-13	      NA	      NA
NA	/data/songy4/tes/output/weights_control//ENST00000381759.8.wgt.RDat	ENST00000381759.8	19	4969132	5113340	0.0608	rs489605	-2.794	rs1610093	 2.09e-02	  3.66	-0.93956	27	 1	top1	0.021	0.00051	-0.93956	0.347443
NA	/data/songy4/tes/output/weights_control//ENST00000600621.5.wgt.RDat	ENST00000600621.5	19	4705863	4722772	0.0627	rs2613766	-2.505	rs1610093	 2.66e-02	  4.16	-0.93956	15	 1	top1	0.027	1e-04	-0.93956	0.347443
NA	/data/songy4/tes/output/weights_control//ENST00000600556.5.wgt.RDat	ENST00000600556.5	19	4705899	4723820	0.0463	rs2613766	-2.505	rs1610093	 2.48e-02	  3.98	-0.93956	15	 1	top1	0.025	0.00017	-0.93956	0.347443
NA	/data/songy4/tes/output/weights_control//ENST00000600434.5.wgt.RDat	ENST00000600434.5	19	17292633	17306543	0.0443	rs9676419	 2.054	rs3826700	-1.02e-03	  3.19	-1.08333	26	 3	enet	0.0095	0.014	-0.43333	0.664771
NA	/data/songy4/tes/output/weights_control//ENST00000600408.1.wgt.RDat	ENST00000600408.1	19	43767577	43772107	0.0312	rs8113762	 1.515	rs2189613	-1.26e-03	  2.59	-0.61585	10	 6	enet	0.0011	0.21	-0.59683	0.550622
NA	/data/songy4/tes/output/weights_control//ENST00000600497.5.wgt.RDat	ENST00000600497.5	19	4715890	4723782	0.0686	rs2613766	-2.505	rs1610093	 6.55e-03	  3.22	-0.93956	15	 9	enet	0.036	7.4e-06	-0.20126	0.840498
NA	/data/songy4/tes/output/weights_control//ENST00000600941.1.wgt.RDat	ENST00000600941.1	19	48262900	48271283	0.0551	rs11564620	 3.141	rs274883	-2.00e-04	 -3.57	-1.17600	22	 3	lasso	0.0063	0.038	 1.89483	0.058115
NA	/data/songy4/tes/output/weights_control//ENST00000673603.1.wgt.RDat	ENST00000673603.1	19	8630655	8677708	0.0466	rs3764551	 1.814	rs12461770	 9.85e-03	 -3.66	-0.09554	21	 3	lasso	0.026	0.00011	-0.86702	0.385934
NA	/data/songy4/tes/output/weights_control//ENST00000600907.1.wgt.RDat	ENST00000600907.1	19	21637974	21656300	0.0474	rs11085420	 1.585	rs12976221	 2.91e-02	 -4.30	-0.86916	 4	 4	enet	0.034	1.3e-05	 0.78278	0.433758
NA	/data/songy4/tes/output/weights_control//ENST00000600912.5.wgt.RDat	ENST00000600912.5	19	8209376	8214529	0.0871	NA	    NA	NA	       NA	    NA	      NA	22	 0	top1	0.091	8.3e-13	      NA	      NA
NA	/data/songy4/tes/output/weights_control//ENST00000601023.2.wgt.RDat	ENST00000601023.2	19	20936664	20950697	0.0252	rs274814	 3.047	rs17618360	 2.91e-02	  4.08	 0.00541	 8	 1	top1	0.029	5e-05	 0.00541	0.995687
NA	/data/songy4/tes/output/weights_control//ENST00000601005.2.wgt.RDat	ENST00000601005.2	19	15525333	15552316	0.0311	NA	    NA	NA	       NA	    NA	      NA	 0	 0	enet	0.0021	0.15	      NA	      NA
NA	/data/songy4/tes/output/weights_control//ENST00000600098.1.wgt.RDat	ENST00000600098.1	19	53116260	53132916	0.0487	rs12982980	-2.844	rs1046648	-1.49e-03	 -2.81	 1.25806	28	15	enet	-0.0013	0.58	-1.13689	0.255585
NA	/data/songy4/tes/output/weights_control//ENST00000599960.1.wgt.RDat	ENST00000599960.1	19	40843541	40844852	0.0219	rs814528	 1.312	rs2561537	 2.00e-02	 -3.65	 1.29293	11	 1	top1	0.02	0.00067	-1.29293	0.196036
NA	/data/songy4/tes/output/weights_control//ENST00000600321.5.wgt.RDat	ENST00000600321.5	19	52369936	52380075	0.0526	rs12975196	 2.163	rs780726	 5.26e-02	  5.68	-1.73109	36	 1	top1	0.053	6.3e-08	-1.73109	0.083435
NA	/data/songy4/tes/output/weights_control//ENST00000600175.5.wgt.RDat	ENST00000600175.5	19	57466663	57477551	0.0626	rs7255276	-2.724	rs886336	 4.89e-02	 -5.36	-0.76000	35	 1	top1	0.049	1.8e-07	 0.76000	0.447255
NA	/data/songy4/tes/output/weights_control//ENST00000600120.5.wgt.RDat	ENST00000600120.5	19	53107879	53132875	0.0512	rs12982980	-2.844	rs723864	 2.62e-03	 -2.91	-0.11765	28	 2	lasso	0.009	0.017	-0.82785	0.407753
NA	/data/songy4/tes/output/weights_control//ENST00000491221.1.wgt.RDat	ENST00000491221.1	19	19651140	19653936	0.0331	rs17699261	 2.120	rs247784	-9.35e-04	 -2.71	 1.16667	16	 1	top1	-0.00093	0.48	-1.16667	0.243345
NA	/data/songy4/tes/output/weights_control//ENST00000597295.5.wgt.RDat	ENST00000597295.5	19	49895854	49929496	0.0462	rs4802550	 2.323	rs11669675	 4.55e-04	  2.65	-1.50000	19	13	enet	0.0098	0.013	-1.30657	0.191359
NA	/data/songy4/tes/output/weights_control//ENST00000379695.5.wgt.RDat	ENST00000379695.5	19	17816514	17821574	0.0520	rs9676419	 2.054	rs3761049	 8.97e-03	  3.62	 0.18121	31	 5	enet	0.019	9e-04	-0.11872	0.905499
NA	/data/songy4/tes/output/weights_control//ENST00000597078.5.wgt.RDat	ENST00000597078.5	19	21505604	21555397	0.0258	rs11085420	 1.585	rs12976221	 1.04e-02	 -3.27	-0.86916	 4	 1	top1	0.01	0.011	 0.86916	0.384760
NA	/data/songy4/tes/output/weights_control//ENST00000597061.1.wgt.RDat	ENST00000597061.1	19	57499957	57516421	0.0461	rs7255276	-2.724	rs886336	 2.66e-02	 -4.24	-0.76000	35	 1	top1	0.027	1e-04	 0.76000	0.447255
NA	/data/songy4/tes/output/weights_control//ENST00000597145.5.wgt.RDat	ENST00000597145.5	19	4675764	4714220	0.0444	rs2613766	-2.505	rs1610093	 2.62e-02	  4.08	-0.93956	15	 1	top1	0.026	0.00011	-0.93956	0.347443
NA	/data/songy4/tes/output/weights_control//ENST00000597503.5.wgt.RDat	ENST00000597503.5	19	53107879	53132886	0.0570	rs12982980	-2.844	rs1046648	 5.37e-03	 -3.09	 1.25806	28	 6	enet	0.01	0.011	-1.54009	0.123537
NA	/data/songy4/tes/output/weights_control//ENST00000671902.1.wgt.RDat	ENST00000671902.1	19	8630635	8677708	0.0379	rs3764551	 1.814	rs12461770	 6.26e-03	 -3.39	-0.09554	21	 7	enet	0.015	0.0032	-1.00922	0.312871
NA	/data/songy4/tes/output/weights_control//ENST00000597354.1.wgt.RDat	ENST00000597354.1	19	38731168	38735624	0.0767	rs6508808	 1.529	rs973009	 3.97e-02	 -5.21	-0.77083	11	 1	top1	0.04	2.5e-06	 0.77083	0.440806
NA	/data/songy4/tes/output/weights_control//ENST00000596623.2.wgt.RDat	ENST00000596623.2	19	52908169	52923470	0.0625	rs12982980	-2.844	rs723864	 2.91e-02	 -4.23	-0.11765	23	10	enet	0.035	1.1e-05	-0.12129	0.903460
NA	/data/songy4/tes/output/weights_control//ENST00000596626.1.wgt.RDat	ENST00000596626.1	19	17281877	17286854	0.0517	rs9676419	 2.054	rs9676419	 5.68e-02	 -5.78	 2.05357	25	 1	top1	0.057	1.9e-08	-2.05357	0.040017
NA	/data/songy4/tes/output/weights_control//ENST00000637289.1.wgt.RDat	ENST00000637289.1	19	32810214	32829381	0.0527	rs11669047	-2.546	rs1035478	 3.15e-02	  4.55	-2.03158	19	 1	top1	0.031	2.5e-05	-2.03158	0.042196
NA	/data/songy4/tes/output/weights_control//ENST00000596705.5.wgt.RDat	ENST00000596705.5	19	21444241	21463908	0.0362	rs1964337	-1.724	rs12976221	 1.69e-02	 -3.49	-0.86916	 5	 3	enet	0.023	0.00026	 0.76152	0.446347
NA	/data/songy4/tes/output/weights_control//ENST00000423823.6.wgt.RDat	ENST00000423823.6	19	34677689	34686391	0.0554	rs12611086	 2.781	rs1155934	 3.86e-04	  2.87	 0.14194	20	 2	lasso	0.0079	0.023	-0.13998	0.888678
NA	/data/songy4/tes/output/weights_control//ENST00000597024.1.wgt.RDat	ENST00000597024.1	19	4719618	4723797	0.0391	rs2613766	-2.505	rs1610093	 9.49e-03	  3.70	-0.93956	14	 2	enet	0.022	0.00034	-0.75495	0.450276
NA	/data/songy4/tes/output/weights_control//ENST00000597006.1.wgt.RDat	ENST00000597006.1	19	20838515	20847417	0.0853	rs274814	 3.047	rs11085420	 2.17e-02	 -4.76	 1.58491	 8	 6	enet	0.06	6.8e-09	-1.62313	0.104562
NA	/data/songy4/tes/output/weights_control//ENST00000596902.1.wgt.RDat	ENST00000596902.1	19	43501530	43504644	0.0507	rs6509018	 1.769	rs2682551	 4.87e-02	  5.22	 0.31250	 5	 1	top1	0.049	1.9e-07	 0.31250	0.754661
NA	/data/songy4/tes/output/weights_control//ENST00000596742.1.wgt.RDat	ENST00000596742.1	19	51491357	51501772	0.0991	rs268909	-3.112	rs11668530	 7.19e-02	 -6.55	 1.06122	53	 1	top1	0.072	2.5e-10	-1.06122	0.288588
NA	/data/songy4/tes/output/weights_control//ENST00000596831.1.wgt.RDat	ENST00000596831.1	19	57437970	57477503	0.0731	rs7255276	-2.724	rs886336	 5.22e-02	 -5.49	-0.76000	35	 6	enet	0.057	2e-08	 0.50041	0.616786
NA	/data/songy4/tes/output/weights_control//ENST00000598450.1.wgt.RDat	ENST00000598450.1	19	15124160	15126174	0.0389	rs1114312	-2.800	rs1114312	 4.05e-02	 -4.94	-2.80000	16	 1	top1	0.04	2e-06	 2.80000	0.005110
NA	/data/songy4/tes/output/weights_control//ENST00000598577.1.wgt.RDat	ENST00000598577.1	19	17816513	17821505	0.0450	rs9676419	 2.054	rs3761049	 1.51e-03	  3.27	 0.18121	31	11	enet	0.012	0.0076	-0.19635	0.844339
NA	/data/songy4/tes/output/weights_control//ENST00000598578.5.wgt.RDat	ENST00000598578.5	19	53108101	53132881	0.0765	rs12982980	-2.844	rs1046648	 1.67e-02	 -3.28	 1.25806	28	 1	top1	0.017	0.0017	-1.25806	0.208368
NA	/data/songy4/tes/output/weights_control//ENST00000201647.11.wgt.RDat	ENST00000201647.11	19	55075869	55087923	0.0470	rs10419832	-1.955	rs4806741	-1.73e-03	 -3.08	-0.04687	35	11	enet	0.0037	0.085	 0.69294	0.488346
NA	/data/songy4/tes/output/weights_control//ENST00000598304.5.wgt.RDat	ENST00000598304.5	19	39679393	39685251	0.0373	rs2318898	-1.917	rs11083532	 3.60e-02	  4.55	 0.13194	15	 1	top1	0.036	7e-06	 0.13194	0.895028
NA	/data/songy4/tes/output/weights_control//ENST00000598347.2.wgt.RDat	ENST00000598347.2	19	17281919	17286922	0.0532	rs9676419	 2.054	rs9676419	 5.59e-02	 -5.69	 2.05357	25	 1	top1	0.056	2.5e-08	-2.05357	0.040017
NA	/data/songy4/tes/output/weights_control//ENST00000598360.5.wgt.RDat	ENST00000598360.5	19	4705926	4722731	0.0573	rs2613766	-2.505	rs1610093	 2.45e-02	  4.00	-0.93956	15	 1	top1	0.024	0.00019	-0.93956	0.347443
NA	/data/songy4/tes/output/weights_control//ENST00000598800.5.wgt.RDat	ENST00000598800.5	19	4676564	4723806	0.0535	rs2613766	-2.505	rs1610093	 3.16e-02	  4.45	-0.93956	15	 1	top1	0.032	2.5e-05	-0.93956	0.347443
NA	/data/songy4/tes/output/weights_control//ENST00000635755.1.wgt.RDat	ENST00000635755.1	19	326594	344815	0.0379	rs3787017	-2.622	rs7508251	 1.76e-03	 -3.13	 0.98268	17	11	enet	0.0022	0.14	-0.70840	0.478694
NA	/data/songy4/tes/output/weights_control//ENST00000489693.2.wgt.RDat	ENST00000489693.2	19	38352415	38360580	0.0329	rs705503	 0.828	rs3786873	 2.36e-02	  4.25	-0.75591	 6	 1	top1	0.024	0.00024	-0.75591	0.449706
NA	/data/songy4/tes/output/weights_control//ENST00000598736.5.wgt.RDat	ENST00000598736.5	19	39679393	39686373	0.0509	rs2318898	-1.917	rs11083532	 4.44e-02	  4.97	 0.13194	15	 1	top1	0.044	6.4e-07	 0.13194	0.895028
NA	/data/songy4/tes/output/weights_control//ENST00000597849.5.wgt.RDat	ENST00000597849.5	19	4694317	4723750	0.0587	rs2613766	-2.505	rs1610093	 2.99e-02	  4.36	-0.93956	15	 1	top1	0.03	4e-05	-0.93956	0.347443
NA	/data/songy4/tes/output/weights_control//ENST00000597965.2.wgt.RDat	ENST00000597965.2	19	49861253	49861776	0.0390	rs4802550	 2.323	rs1716274	 4.35e-03	  3.12	 0.30120	17	 4	enet	0.0091	0.016	-0.50193	0.615714
NA	/data/songy4/tes/output/weights_control//ENST00000215061.9.wgt.RDat	ENST00000215061.9	19	17226226	17229219	0.0392	rs9676419	 2.054	rs2288542	 2.88e-02	  4.17	-0.45263	24	 1	top1	0.029	5.4e-05	-0.45263	0.650814
NA	/data/songy4/tes/output/weights_control//ENST00000597716.1.wgt.RDat	ENST00000597716.1	19	38730534	38736991	0.1032	rs6508808	 1.529	rs973009	 7.96e-02	 -6.74	-0.77083	11	 2	lasso	0.091	9e-13	 0.47668	0.633591
NA	/data/songy4/tes/output/weights_control//ENST00000597681.1.wgt.RDat	ENST00000597681.1	19	17719497	17728111	0.0441	rs9676419	 2.054	rs12978218	 7.89e-04	 -3.05	-1.35398	32	 1	top1	0.00079	0.23	 1.35398	0.175742
NA	/data/songy4/tes/output/weights_control//ENST00000597761.7.wgt.RDat	ENST00000597761.7	19	23117025	23147221	0.0208	rs1391581	-2.870	rs1391581	 1.80e-02	  3.38	-2.87000	 3	 1	top1	0.018	0.0012	-2.87000	0.004105
NA	/data/songy4/tes/output/weights_control//ENST00000597726.5.wgt.RDat	ENST00000597726.5	19	4702684	4723842	0.0577	rs2613766	-2.505	rs1610093	 3.23e-02	  4.52	-0.93956	15	 1	top1	0.032	2e-05	-0.93956	0.347443
NA	/data/songy4/tes/output/weights_control//ENST00000598164.2.wgt.RDat	ENST00000598164.2	19	39681433	39684148	0.0441	rs2318898	-1.917	rs11083532	 3.57e-02	  4.61	 0.13194	15	 1	top1	0.036	7.5e-06	 0.13194	0.895028
NA	/data/songy4/tes/output/weights_control//ENST00000598131.1.wgt.RDat	ENST00000598131.1	19	20432552	20528615	0.0321	rs274814	 3.047	rs274814	 2.66e-02	  3.95	 3.04706	 6	 1	top1	0.027	1e-04	 3.04706	0.002311
NA	/data/songy4/tes/output/weights_control//ENST00000601091.5.wgt.RDat	ENST00000601091.5	19	48115524	48170252	0.0486	rs11564620	 3.141	rs2972515	 1.44e-03	  3.10	 0.22314	21	14	enet	0.0068	0.032	 1.42136	0.155213
NA	/data/songy4/tes/output/weights_control//ENST00000589560.2.wgt.RDat	ENST00000589560.2	19	15664106	15669826	0.1044	rs1114312	-2.800	rs4646522	 3.32e-02	 -4.38	-0.42268	17	13	enet	0.047	3.1e-07	-0.59494	0.551885
NA	/data/songy4/tes/output/weights_control//ENST00000589605.5.wgt.RDat	ENST00000589605.5	19	55048657	55059174	0.1001	rs10419832	-1.955	rs1671143	 8.83e-02	  6.89	-0.42857	34	 4	enet	0.091	1.1e-12	 0.07262	0.942109
NA	/data/songy4/tes/output/weights_control//ENST00000425074.3.wgt.RDat	ENST00000425074.3	19	57473150	57477566	0.0695	rs7255276	-2.724	rs886336	 4.95e-02	 -5.33	-0.76000	35	 1	top1	0.05	1.5e-07	 0.76000	0.447255
NA	/data/songy4/tes/output/weights_control//ENST00000360844.6.wgt.RDat	ENST00000360844.6	19	51642553	51646801	0.1563	rs268909	-3.112	rs8105105	 5.10e-03	 -3.93	 1.21285	54	20	enet	0.07	4.6e-10	-0.66405	0.506661
NA	/data/songy4/tes/output/weights_control//ENST00000589305.5.wgt.RDat	ENST00000589305.5	19	55050874	55063119	0.0935	rs10419832	-1.955	rs1671143	 7.56e-02	  6.40	-0.42857	34	 2	lasso	0.092	8.1e-13	 0.22396	0.822786
NA	/data/songy4/tes/output/weights_control//ENST00000589345.6.wgt.RDat	ENST00000589345.6	19	15851993	15864904	0.3592	rs1273516	 2.529	rs16980881	 3.73e-01	-14.09	-0.44898	14	 1	lasso	0.37	2e-55	 0.44898	0.653446
NA	/data/songy4/tes/output/weights_control//ENST00000589313.2.wgt.RDat	ENST00000589313.2	19	2249744	2251607	0.0605	rs12982784	 4.186	rs3764605	 7.81e-03	  3.30	-0.94681	26	 1	top1	0.0078	0.024	-0.94681	0.343736
NA	/data/songy4/tes/output/weights_control//ENST00000586852.5.wgt.RDat	ENST00000586852.5	19	55203992	55207254	0.0441	rs10419832	-1.955	rs4806741	 3.36e-03	 -3.70	-0.04687	35	13	enet	0.0043	0.07	 0.39649	0.691744
NA	/data/songy4/tes/output/weights_control//ENST00000245618.5.wgt.RDat	ENST00000245618.5	19	55080392	55087919	0.0431	rs10419832	-1.955	rs4806741	 9.84e-04	 -3.03	-0.04687	35	 8	enet	0.0023	0.14	 0.62906	0.529310
NA	/data/songy4/tes/output/weights_control//ENST00000420038.1.wgt.RDat	ENST00000420038.1	19	12450935	12460705	0.0482	rs10427027	 1.729	rs10153481	 3.60e-02	  4.57	-1.38281	 6	 1	top1	0.036	6.9e-06	-1.38281	0.166722
NA	/data/songy4/tes/output/weights_control//ENST00000586845.1.wgt.RDat	ENST00000586845.1	19	55006205	55043251	0.1188	rs10419832	-1.955	rs1671143	 1.01e-01	  7.46	-0.42857	34	 2	lasso	0.12	2.3e-16	 0.14535	0.884436
NA	/data/songy4/tes/output/weights_control//ENST00000586860.1.wgt.RDat	ENST00000586860.1	19	43996896	44002836	0.0285	NA	    NA	NA	       NA	    NA	      NA	 0	 0	enet	0.0026	0.12	      NA	      NA
NA	/data/songy4/tes/output/weights_control//ENST00000587398.1.wgt.RDat	ENST00000587398.1	19	10290977	10291747	0.0466	rs34561079	-2.663	rs7256672	-1.17e-04	 -2.76	-0.76000	17	12	enet	0.0057	0.046	 1.04253	0.297164
NA	/data/songy4/tes/output/weights_control//ENST00000589362.5.wgt.RDat	ENST00000589362.5	19	55081938	55087923	0.0677	rs10419832	-1.955	rs7256494	-1.91e-03	 -3.61	 0.28070	35	10	enet	0.011	0.01	 0.74721	0.454935
NA	/data/songy4/tes/output/weights_control//ENST00000589359.5.wgt.RDat	ENST00000589359.5	19	11166558	11197547	0.0550	rs4804148	 1.613	rs17616661	 6.23e-02	 -5.98	 0.25581	 7	 4	enet	0.062	3.9e-09	-0.05964	0.952445
NA	/data/songy4/tes/output/weights_control//ENST00000384627.1.wgt.RDat	ENST00000384627.1	19	1021522	1021628	0.0644	rs1109555	 2.763	rs10403485	-1.45e-03	  2.94	 0.28873	31	11	enet	0.015	0.0028	-0.55872	0.576351
NA	/data/songy4/tes/output/weights_control//ENST00000590095.1.wgt.RDat	ENST00000590095.1	19	11195623	11196227	0.0395	rs4804148	 1.613	rs17616661	 4.57e-02	 -5.06	 0.25581	 7	 4	enet	0.05	1.3e-07	 0.17021	0.864846
NA	/data/songy4/tes/output/weights_control//ENST00000590116.5.wgt.RDat	ENST00000590116.5	19	2819919	2835471	0.0707	rs12982784	 4.186	rs759073	 1.96e-02	  3.79	-1.54264	35	 1	top1	0.02	0.00075	-1.54264	0.122919
NA	/data/songy4/tes/output/weights_control//ENST00000586659.5.wgt.RDat	ENST00000586659.5	19	11164267	11197521	0.0792	rs4804148	 1.613	rs17616661	 8.43e-02	 -6.88	 0.25581	 7	 1	top1	0.084	6.8e-12	-0.25581	0.798094
NA	/data/songy4/tes/output/weights_control//ENST00000590117.1.wgt.RDat	ENST00000590117.1	19	33178056	33178651	0.0574	rs4805025	 3.108	rs8111054	 4.38e-02	 -4.91	-0.30000	 9	 1	enet	0.045	5.9e-07	 0.30000	0.764177
NA	/data/songy4/tes/output/weights_control//ENST00000425006.3.wgt.RDat	ENST00000425006.3	19	54048366	54063953	0.0386	rs2617693	 2.140	rs7251033	 3.70e-03	 -3.40	 0.51121	35	 3	lasso	0.014	0.0035	 0.15364	0.877897
NA	/data/songy4/tes/output/weights_control//ENST00000590200.1.wgt.RDat	ENST00000590200.1	19	55711433	55738374	0.0604	rs751729	-2.524	rs751729	 6.76e-03	 -3.96	-2.52381	29	 7	enet	0.022	0.00041	 0.86212	0.388620
NA	/data/songy4/tes/output/weights_control//ENST00000602236.5.wgt.RDat	ENST00000602236.5	19	17226213	17227199	0.0372	rs9676419	 2.054	rs2288542	 1.85e-02	  3.34	-0.45263	24	 1	top1	0.018	0.001	-0.45263	0.650814
NA	/data/songy4/tes/output/weights_control//ENST00000586710.5.wgt.RDat	ENST00000586710.5	19	12763701	12765364	0.0288	rs1469692	-2.429	rs1045913	-3.55e-04	 -2.93	 0.43137	 8	 4	enet	0.0065	0.035	 1.30250	0.192746
NA	/data/songy4/tes/output/weights_control//ENST00000587901.1.wgt.RDat	ENST00000587901.1	19	55086777	55087920	0.0469	rs10419832	-1.955	rs7256494	-1.89e-03	 -3.20	 0.28070	35	 3	lasso	0.00088	0.23	 0.33387	0.738475
NA	/data/songy4/tes/output/weights_control//ENST00000589227.1.wgt.RDat	ENST00000589227.1	19	11796084	11798598	0.0329	rs12985274	-1.929	rs282749	 3.96e-02	 -4.72	-0.52000	 5	 1	top1	0.04	2.5e-06	 0.52000	0.603064
NA	/data/songy4/tes/output/weights_control//ENST00000587863.1.wgt.RDat	ENST00000587863.1	19	2416243	2418026	0.0514	rs12982784	 4.186	rs1476565	 3.10e-03	 -3.16	 1.44828	30	12	enet	0.019	0.00082	 0.19942	0.841934
NA	/data/songy4/tes/output/weights_control//ENST00000586669.5.wgt.RDat	ENST00000586669.5	19	55154110	55157282	0.0399	rs10419832	-1.955	rs17606836	-1.02e-03	  3.43	 1.21094	36	12	enet	0.01	0.011	 0.77706	0.437124
NA	/data/songy4/tes/output/weights_control//ENST00000366197.9.wgt.RDat	ENST00000366197.9	19	57389850	57402992	0.0464	NA	    NA	NA	       NA	    NA	      NA	 0	 0	enet	0.0048	0.061	      NA	      NA
NA	/data/songy4/tes/output/weights_control//ENST00000502743.5.wgt.RDat	ENST00000502743.5	19	34677647	34684137	0.0518	rs12611086	 2.781	rs17704366	 4.58e-04	 -2.84	 0.37013	20	12	enet	0.01	0.011	-1.23609	0.216426
NA	/data/songy4/tes/output/weights_control//ENST00000366170.6.wgt.RDat	ENST00000366170.6	19	54040834	54063953	0.0452	rs2617693	 2.140	rs2708719	 1.00e-02	  3.66	 1.02927	36	 2	lasso	0.022	0.00036	 0.42367	0.671809
NA	/data/songy4/tes/output/weights_control//ENST00000589894.1.wgt.RDat	ENST00000589894.1	19	11169676	11194511	0.0472	rs4804148	 1.613	rs17616661	 5.44e-02	 -5.56	 0.25581	 7	 1	top1	0.054	3.7e-08	-0.25581	0.798094
NA	/data/songy4/tes/output/weights_control//ENST00000587871.1.wgt.RDat	ENST00000587871.1	19	55154757	55160671	0.0448	rs10419832	-1.955	rs4806741	 8.75e-03	 -3.95	-0.04687	36	11	enet	0.024	0.00023	 0.99488	0.319796
NA	/data/songy4/tes/output/weights_control//ENST00000588534.1.wgt.RDat	ENST00000588534.1	19	2830558	2835772	0.1103	rs12982784	 4.186	rs759073	 5.99e-02	  5.85	-1.54264	35	15	enet	0.076	8.2e-11	-0.36630	0.714142
NA	/data/songy4/tes/output/weights_control//ENST00000500065.8.wgt.RDat	ENST00000500065.8	19	53107883	53132888	0.0593	rs12982980	-2.844	rs1046648	 1.28e-02	 -3.45	 1.25806	28	 3	enet	0.023	0.00032	-1.22481	0.220647
NA	/data/songy4/tes/output/weights_control//ENST00000480375.1.wgt.RDat	ENST00000480375.1	19	54634893	54636105	0.0431	rs10419832	-1.955	rs7247425	-4.82e-04	  3.12	-1.06557	32	 3	lasso	0.011	0.0084	-0.14117	0.887733
NA	/data/songy4/tes/output/weights_control//ENST00000588572.6.wgt.RDat	ENST00000588572.6	19	55349306	55354696	0.0529	rs2288520	-2.289	rs10402121	 1.20e-03	 -2.53	-0.24265	35	 1	top1	0.0012	0.2	 0.24265	0.808279
NA	/data/songy4/tes/output/weights_control//ENST00000243643.8.wgt.RDat	ENST00000243643.8	19	53107879	53132892	0.0632	rs12982980	-2.844	rs723864	 7.17e-03	 -3.09	-0.11765	28	10	enet	0.024	0.00022	-1.29354	0.195825
NA	/data/songy4/tes/output/weights_control//ENST00000421584.5.wgt.RDat	ENST00000421584.5	19	54631074	54637076	0.0751	rs10419832	-1.955	rs7251133	 2.91e-03	 -3.16	-0.41727	32	18	enet	0.0068	0.032	 0.03378	0.973055
NA	/data/songy4/tes/output/weights_control//ENST00000588596.1.wgt.RDat	ENST00000588596.1	19	36973561	36996455	0.0646	rs7253228	 0.960	rs2967436	 5.47e-02	  5.67	-0.36082	 5	 1	top1	0.055	3.5e-08	-0.36082	0.718230
NA	/data/songy4/tes/output/weights_control//ENST00000588634.1.wgt.RDat	ENST00000588634.1	19	11203628	11216168	0.0745	rs4804148	 1.613	rs17616661	 8.00e-02	 -6.67	 0.25581	 7	 1	top1	0.08	2.4e-11	-0.25581	0.798094
NA	/data/songy4/tes/output/weights_control//ENST00000588621.5.wgt.RDat	ENST00000588621.5	19	45264687	45288552	0.0511	rs17714646	-1.959	rs345409	 3.24e-02	 -4.57	-1.82353	22	 1	top1	0.032	2e-05	 1.82353	0.068223
NA	/data/songy4/tes/output/weights_control//ENST00000588438.1.wgt.RDat	ENST00000588438.1	19	14325352	14370196	0.0370	rs11668412	 2.164	rs7246904	 5.36e-04	  3.27	-0.89116	21	 1	top1	0.00054	0.26	-0.89116	0.372845
NA	/data/songy4/tes/output/weights_control//ENST00000587317.1.wgt.RDat	ENST00000587317.1	19	11166309	11170415	0.0679	rs4804148	 1.613	rs17616661	 7.56e-02	 -6.54	 0.25581	 7	 3	enet	0.077	5.8e-11	-0.18926	0.849887
NA	/data/songy4/tes/output/weights_control//ENST00000605397.1.wgt.RDat	ENST00000605397.1	19	20323992	20324568	0.0304	rs11668038	-2.149	rs247792	 2.83e-03	 -3.26	-0.65049	 9	 4	enet	0.018	0.001	 1.25969	0.207782
NA	/data/songy4/tes/output/weights_control//ENST00000588182.2.wgt.RDat	ENST00000588182.2	19	15852043	15862975	0.3048	rs1273516	 2.529	rs16980881	 3.27e-01	-13.17	-0.44898	14	 1	top1	0.33	3.1e-47	 0.44898	0.653446
NA	/data/songy4/tes/output/weights_control//ENST00000480257.1.wgt.RDat	ENST00000480257.1	19	54631262	54632055	0.0738	rs10419832	-1.955	rs7251133	-9.27e-04	 -3.35	-0.41727	32	 3	lasso	0.00013	0.3	 0.05615	0.955220
NA	/data/songy4/tes/output/weights_control//ENST00000587026.1.wgt.RDat	ENST00000587026.1	19	55059253	55069540	0.0681	rs10419832	-1.955	rs1654410	 6.08e-02	 -5.89	-1.20792	34	 1	top1	0.061	6e-09	 1.20792	0.227078
NA	/data/songy4/tes/output/weights_control//ENST00000586945.5.wgt.RDat	ENST00000586945.5	19	55056653	55069529	0.0680	rs10419832	-1.955	rs1654410	 5.58e-02	 -5.78	-1.20792	34	 3	enet	0.062	4.6e-09	 0.91213	0.361702
NA	/data/songy4/tes/output/weights_control//ENST00000587386.1.wgt.RDat	ENST00000587386.1	19	44873942	44874689	0.0342	rs17714646	-1.959	rs2289495	 2.14e-02	  3.71	 0.67241	18	 1	top1	0.021	0.00045	 0.67241	0.501320
NA	/data/songy4/tes/output/weights_control//ENST00000586961.1.wgt.RDat	ENST00000586961.1	19	55027622	55044317	0.0986	rs10419832	-1.955	rs1654410	 6.19e-02	 -6.51	-1.20792	34	 2	lasso	0.11	1.5e-15	 0.46173	0.644272
NA	/data/songy4/tes/output/weights_control//ENST00000588787.5.wgt.RDat	ENST00000588787.5	19	11164270	11175947	0.0842	rs4804148	 1.613	rs17616661	 8.36e-02	 -6.87	 0.25581	 7	 2	enet	0.084	7.4e-12	-0.34317	0.731468
NA	/data/songy4/tes/output/weights_control//ENST00000421033.5.wgt.RDat	ENST00000421033.5	19	53107880	53132918	0.0707	rs12982980	-2.844	rs1046648	 5.58e-03	 -3.19	 1.25806	28	 6	enet	0.018	0.0012	-1.63245	0.102584
NA	/data/songy4/tes/output/weights_control//ENST00000588724.5.wgt.RDat	ENST00000588724.5	19	11193946	11197548	0.0337	rs4804148	 1.613	rs17616661	 4.22e-02	 -4.88	 0.25581	 7	 1	top1	0.042	1.2e-06	-0.25581	0.798094
NA	/data/songy4/tes/output/weights_control//ENST00000588076.1.wgt.RDat	ENST00000588076.1	19	55158794	55160689	0.0384	rs10419832	-1.955	rs4806741	 5.92e-03	 -3.44	-0.04687	36	 2	lasso	0.0093	0.015	 0.84022	0.400786
NA	/data/songy4/tes/output/weights_control//ENST00000587150.3.wgt.RDat	ENST00000587150.3	19	34788527	34818711	0.0387	rs12611086	 2.781	rs11670866	 1.12e-03	 -3.08	 0.65455	16	10	enet	0.02	7e-04	-0.39967	0.689400
NA	/data/songy4/tes/output/weights_control//ENST00000587046.1.wgt.RDat	ENST00000587046.1	19	55064040	55069892	0.0437	rs10419832	-1.955	rs17606836	 1.08e-03	  3.44	 1.21094	34	 1	top1	0.0011	0.21	 1.21094	0.225919
NA	/data/songy4/tes/output/weights_control//ENST00000588882.1.wgt.RDat	ENST00000588882.1	19	55151771	55156725	0.0432	rs10419832	-1.955	rs4806741	-1.87e-03	 -3.85	-0.04687	36	11	enet	0.023	0.00031	 0.92729	0.353777
NA	/data/songy4/tes/output/weights_control//ENST00000591529.5.wgt.RDat	ENST00000591529.5	19	2997646	3047635	0.0713	rs11666685	 2.680	rs878493	 2.04e-03	 -3.35	-1.00000	37	17	enet	0.011	0.011	 1.00724	0.313818
NA	/data/songy4/tes/output/weights_control//ENST00000591581.1.wgt.RDat	ENST00000591581.1	19	44871853	44878938	0.0319	rs17714646	-1.959	rs2289495	 5.36e-03	  3.48	 0.67241	18	 7	enet	0.015	0.0029	 0.31093	0.755853
NA	/data/songy4/tes/output/weights_control//ENST00000601816.3.wgt.RDat	ENST00000601816.3	19	49861204	49862209	0.0420	rs4802550	 2.323	rs1716274	 4.39e-03	  3.15	 0.30120	17	 5	enet	0.0093	0.015	-0.63435	0.525854
NA	/data/songy4/tes/output/weights_control//ENST00000601768.1.wgt.RDat	ENST00000601768.1	19	57466832	57477504	0.0676	rs7255276	-2.724	rs886336	 4.92e-02	 -5.34	-0.76000	35	 1	top1	0.049	1.6e-07	 0.76000	0.447255
NA	/data/songy4/tes/output/weights_control//ENST00000601764.5.wgt.RDat	ENST00000601764.5	19	4694318	4723813	0.0563	rs2613766	-2.505	rs1610093	 3.01e-02	  4.38	-0.93956	15	 1	top1	0.03	3.8e-05	-0.93956	0.347443
NA	/data/songy4/tes/output/weights_control//ENST00000591265.1.wgt.RDat	ENST00000591265.1	19	2819950	2834154	0.0809	rs12982784	 4.186	rs759073	 1.82e-02	  3.67	-1.54264	35	15	enet	0.029	4.9e-05	 0.25438	0.799200
NA	/data/songy4/tes/output/weights_control//ENST00000591252.2.wgt.RDat	ENST00000591252.2	19	1457670	1458580	0.0853	rs1109555	 2.763	rs2271055	 2.01e-02	  4.82	-1.04724	25	11	enet	0.065	1.8e-09	-1.58945	0.111959
NA	/data/songy4/tes/output/weights_control//ENST00000591213.1.wgt.RDat	ENST00000591213.1	19	9414708	9419081	0.0383	rs12983449	-1.928	rs12976807	-1.30e-03	  2.85	-0.05505	 9	 4	enet	0.0093	0.015	 1.64961	0.099024
NA	/data/songy4/tes/output/weights_control//ENST00000591231.5.wgt.RDat	ENST00000591231.5	19	33621955	33772323	0.0436	rs4805025	 3.108	rs919358	 1.51e-03	  3.28	 0.47170	26	 1	top1	0.0015	0.18	 0.47170	0.637142
NA	/data/songy4/tes/output/weights_control//ENST00000419106.5.wgt.RDat	ENST00000419106.5	19	54040825	54058423	0.0472	rs2617693	 2.140	rs7251033	 1.14e-02	 -3.71	 0.51121	36	 3	lasso	0.028	6.7e-05	 0.30356	0.761459
NA	/data/songy4/tes/output/weights_control//ENST00000251363.10.wgt.RDat	ENST00000251363.10	19	8209370	8262421	0.0956	NA	    NA	NA	       NA	    NA	      NA	22	 0	top1	0.1	6.4e-14	      NA	      NA
NA	/data/songy4/tes/output/weights_control//ENST00000592102.5.wgt.RDat	ENST00000592102.5	19	55081693	55087922	0.0603	rs10419832	-1.955	rs7256494	 1.33e-03	 -3.34	 0.28070	35	 9	enet	0.0076	0.025	 1.09294	0.274420
NA	/data/songy4/tes/output/weights_control//ENST00000495002.5.wgt.RDat	ENST00000495002.5	19	54200879	54207644	0.0483	rs2617693	 2.140	rs12978545	 5.07e-03	  2.64	-0.82946	33	 1	top1	0.0051	0.056	-0.82946	0.406846
NA	/data/songy4/tes/output/weights_control//ENST00000592215.1.wgt.RDat	ENST00000592215.1	19	11194553	11196229	0.0446	rs4804148	 1.613	rs17616661	 4.99e-02	 -5.32	 0.25581	 7	 4	enet	0.055	3.1e-08	 0.24207	0.808725
NA	/data/songy4/tes/output/weights_control//ENST00000592175.5.wgt.RDat	ENST00000592175.5	19	5046998	5082437	0.0497	rs489605	-2.794	rs1610093	 1.91e-02	  3.65	-0.93956	26	 1	top1	0.019	0.00087	-0.93956	0.347443
NA	/data/songy4/tes/output/weights_control//ENST00000601685.1.wgt.RDat	ENST00000601685.1	19	38733121	38735672	0.1019	rs6508808	 1.529	rs973009	 6.35e-02	 -6.23	-0.77083	11	 1	top1	0.064	2.8e-09	 0.77083	0.440806
NA	/data/songy4/tes/output/weights_control//ENST00000601686.1.wgt.RDat	ENST00000601686.1	19	12092307	12137235	0.0234	rs12985274	-1.929	rs7254781	 2.07e-02	 -3.77	-0.70408	 6	 1	top1	0.021	0.00054	 0.70408	0.481382
NA	/data/songy4/tes/output/weights_control//ENST00000585918.5.wgt.RDat	ENST00000585918.5	19	55312969	55320451	0.0485	rs2288520	-2.289	rs4473307	-1.32e-03	 -3.47	 0.72000	39	 1	top1	-0.0013	0.58	-0.72000	0.471525
NA	/data/songy4/tes/output/weights_control//ENST00000591960.1.wgt.RDat	ENST00000591960.1	19	55039111	55063076	0.0864	rs10419832	-1.955	rs1654410	 5.72e-02	 -5.79	-1.20792	34	 3	lasso	0.063	3.3e-09	 0.77746	0.436887
NA	/data/songy4/tes/output/weights_control//ENST00000591997.2.wgt.RDat	ENST00000591997.2	19	984378	998438	0.0495	rs1109555	 2.763	rs2074573	 8.54e-03	  3.99	 0.80208	30	 6	enet	0.017	0.0016	-0.18581	0.852590
NA	/data/songy4/tes/output/weights_control//ENST00000585880.1.wgt.RDat	ENST00000585880.1	19	9730853	9731943	0.0286	rs3760756	 2.248	rs12976807	 6.17e-03	  3.11	-0.05505	 9	 1	top1	0.0062	0.04	-0.05505	0.956102
NA	/data/songy4/tes/output/weights_control//ENST00000601646.1.wgt.RDat	ENST00000601646.1	19	43502194	43504711	0.0459	rs6509018	 1.769	rs2682551	 4.31e-02	  4.94	 0.31250	 5	 1	top1	0.043	9.3e-07	 0.31250	0.754661
NA	/data/songy4/tes/output/weights_control//ENST00000601674.6.wgt.RDat	ENST00000601674.6	19	57487718	57517559	0.0917	rs7255276	-2.724	rs886336	 8.42e-02	 -6.80	-0.76000	35	 1	top1	0.084	7e-12	 0.76000	0.447255
NA	/data/songy4/tes/output/weights_control//ENST00000645936.1.wgt.RDat	ENST00000645936.1	19	54051410	54063943	0.0492	rs2617693	 2.140	rs7251033	 1.58e-02	 -3.88	 0.51121	35	 4	lasso	0.032	2.2e-05	 0.26566	0.790497
NA	/data/songy4/tes/output/weights_control//ENST00000590685.5.wgt.RDat	ENST00000590685.5	19	11193637	11195192	0.0173	rs4804148	 1.613	rs4804149	 1.17e-02	 -3.27	 0.00000	 7	 1	top1	0.012	0.0074	 0.00000	1.000000
NA	/data/songy4/tes/output/weights_control//ENST00000602161.5.wgt.RDat	ENST00000602161.5	19	4705915	4723835	0.0434	rs2613766	-2.505	rs1610093	 1.11e-02	  3.75	-0.93956	15	 2	lasso	0.02	0.00064	-0.68502	0.493330
NA	/data/songy4/tes/output/weights_control//ENST00000590397.5.wgt.RDat	ENST00000590397.5	19	984345	991286	0.0406	rs1109555	 2.763	rs2074573	 4.18e-03	  3.69	 0.80208	30	 2	lasso	0.013	0.0055	 0.16931	0.865553
NA	/data/songy4/tes/output/weights_control//ENST00000590266.5.wgt.RDat	ENST00000590266.5	19	1913090	1918161	0.0339	rs12982784	 4.186	rs1476565	 1.16e-03	 -3.43	 1.44828	24	 2	lasso	0.0068	0.033	-1.05403	0.291868
NA	/data/songy4/tes/output/weights_control//ENST00000590292.5.wgt.RDat	ENST00000590292.5	19	567311	571734	0.0348	rs3787017	-2.622	rs4919850	 7.93e-03	 -3.44	 0.48295	23	 9	enet	0.009	0.017	-1.79864	0.072076
NA	/data/songy4/tes/output/weights_control//ENST00000602181.5.wgt.RDat	ENST00000602181.5	19	46746058	46755737	0.0403	rs10403760	-3.233	rs1114090	-1.23e-03	  2.52	 0.13761	16	12	enet	0.0075	0.026	 0.42094	0.673797
NA	/data/songy4/tes/output/weights_control//ENST00000602139.5.wgt.RDat	ENST00000602139.5	19	49969673	49975814	0.0410	rs4802550	 2.323	rs1273634	 2.63e-02	  3.98	-1.63850	18	 1	top1	0.026	0.00011	-1.63850	0.101318
NA	/data/songy4/tes/output/weights_control//ENST00000602140.1.wgt.RDat	ENST00000602140.1	19	8321495	8322492	0.0357	rs1104768	 1.941	rs2910443	 7.65e-03	  2.99	-0.07216	20	 1	top1	0.0077	0.025	-0.07216	0.942471
NA	/data/songy4/tes/output/weights_control//ENST00000590400.1.wgt.RDat	ENST00000590400.1	19	11192432	11197791	0.0622	rs4804148	 1.613	rs17616661	 7.50e-02	 -6.38	 0.25581	 7	 1	top1	0.075	1e-10	-0.25581	0.798094
NA	/data/songy4/tes/output/weights_control//ENST00000591036.1.wgt.RDat	ENST00000591036.1	19	56365715	56368053	0.0527	rs751729	-2.524	rs7252639	-9.64e-04	 -3.64	 0.51899	37	18	enet	0.00053	0.26	 0.95727	0.338430
NA	/data/songy4/tes/output/weights_control//ENST00000484121.5.wgt.RDat	ENST00000484121.5	19	54200809	54206847	0.0480	rs2617693	 2.140	rs12978545	 5.34e-03	  2.64	-0.82946	33	 2	lasso	0.0084	0.02	-0.82304	0.410485
NA	/data/songy4/tes/output/weights_control//ENST00000590950.5.wgt.RDat	ENST00000590950.5	19	43827424	43841018	0.0491	rs8113762	 1.515	rs349030	 4.52e-02	 -5.07	-0.86170	 9	 1	top1	0.045	5.2e-07	 0.86170	0.388851
NA	/data/songy4/tes/output/weights_control//ENST00000601953.5.wgt.RDat	ENST00000601953.5	19	38730431	38769904	0.0532	rs6508808	 1.529	rs973009	 4.95e-02	 -5.36	-0.77083	11	 2	lasso	0.052	7.8e-08	 0.59258	0.553464
NA	/data/songy4/tes/output/weights_control//ENST00000587721.1.wgt.RDat	ENST00000587721.1	19	55047413	55063148	0.0934	rs10419832	-1.955	rs1671143	 5.07e-02	  6.38	-0.42857	34	 2	lasso	0.098	1.2e-13	 0.35837	0.720068
NA	/data/songy4/tes/output/weights_control//ENST00000602056.1.wgt.RDat	ENST00000602056.1	19	17338758	17341325	0.0358	rs9676419	 2.054	rs9676419	 1.30e-02	  3.71	 2.05357	26	 1	top1	0.013	0.005	 2.05357	0.040017
NA	/data/songy4/tes/output/weights_control//ENST00000586317.2.wgt.RDat	ENST00000586317.2	19	984341	990258	0.0424	rs1109555	 2.763	rs7247458	 3.89e-03	  3.77	-0.76074	30	 9	enet	0.0075	0.026	-0.08394	0.933103
NA	/data/songy4/tes/output/weights_control//ENST00000586331.1.wgt.RDat	ENST00000586331.1	19	55039111	55041889	0.0774	rs10419832	-1.955	rs1654410	 5.37e-02	 -5.64	-1.20792	34	 3	lasso	0.06	8.5e-09	 0.75477	0.450387
NA	/data/songy4/tes/output/weights_control//ENST00000586329.5.wgt.RDat	ENST00000586329.5	19	55072020	55087919	0.0392	rs10419832	-1.955	rs7256494	 3.98e-03	 -2.93	 0.28070	35	 1	top1	0.004	0.079	-0.28070	0.778939
NA	/data/songy4/tes/output/weights_control//ENST00000586353.5.wgt.RDat	ENST00000586353.5	19	36973213	36980317	0.0467	rs7253228	 0.960	rs2967436	 3.05e-02	  4.29	-0.36082	 5	 1	top1	0.03	3.3e-05	-0.36082	0.718230
NA	/data/songy4/tes/output/weights_control//ENST00000602032.1.wgt.RDat	ENST00000602032.1	19	48041329	48043881	0.0416	rs8109030	 2.165	rs12971544	 2.15e-02	 -3.91	 1.47101	17	 1	top1	0.022	0.00043	-1.47101	0.141287
NA	/data/songy4/tes/output/weights_control//ENST00000647536.1.wgt.RDat	ENST00000647536.1	19	32720013	32827414	0.0363	rs11669047	-2.546	rs1035478	 2.44e-02	  4.23	-2.03158	20	 1	top1	0.024	0.00019	-2.03158	0.042196
NA	/data/songy4/tes/output/weights_control//ENST00000362438.1.wgt.RDat	ENST00000362438.1	19	54868939	54869045	0.0410	rs10419832	-1.955	rs10402121	 1.45e-02	 -4.30	-0.24265	35	 5	enet	0.037	5.5e-06	-0.05044	0.959769
