PANEL	FILE	ID	CHR	P0	P1	HSQ	BEST.GWAS.ID	BEST.GWAS.Z	EQTL.ID	EQTL.R2	EQTL.Z	EQTL.GWAS.Z	NSNP	NWGT	MODEL	MODELCV.R2	MODELCV.PV	TWAS.Z	TWAS.P
NA	/data/songy4/tes/output/weights_control//ENST00000508077.1.wgt.RDat	ENST00000508077.1	5	96889217	96896862	0.0513	rs30997	-1.409	rs10463198	 2.22e-02	  3.78	-0.45631	12	 1	top1	0.022	0.00035	-0.45631	0.648167
NA	/data/songy4/tes/output/weights_control//ENST00000654789.1.wgt.RDat	ENST00000654789.1	5	109278111	109321477	0.0323	rs6882857	-1.727	rs1432811	 1.88e-02	  3.60	-0.54762	12	 1	top1	0.019	0.00094	-0.54762	0.583954
NA	/data/songy4/tes/output/weights_control//ENST00000506053.1.wgt.RDat	ENST00000506053.1	5	122436762	122469059	0.0294	rs6595458	 1.842	rs186749	-1.07e-03	 -3.03	 0.56566	14	 6	enet	0.0062	0.039	 0.44048	0.659590
NA	/data/songy4/tes/output/weights_control//ENST00000511477.5.wgt.RDat	ENST00000511477.5	5	102865244	102867309	0.0514	rs402232	 1.928	rs2665182	-1.65e-03	  2.38	-0.18095	17	16	enet	-0.00072	0.43	-0.21749	0.827828
NA	/data/songy4/tes/output/weights_control//ENST00000505491.1.wgt.RDat	ENST00000505491.1	5	114433578	114493442	0.0546	rs4705516	 2.747	rs6895553	 2.03e-04	  3.47	-0.93778	10	 8	enet	0.033	1.7e-05	 0.97520	0.329459
NA	/data/songy4/tes/output/weights_control//ENST00000510943.3.wgt.RDat	ENST00000510943.3	5	1078519	1081658	0.0645	rs6554658	 3.000	rs6864667	 3.45e-02	 -4.95	 0.04167	27	 1	top1	0.035	1.1e-05	-0.04167	0.966764
NA	/data/songy4/tes/output/weights_control//ENST00000511489.1.wgt.RDat	ENST00000511489.1	5	128365170	128377821	0.0348	rs4355569	 2.061	rs4355569	 2.17e-02	  3.93	 2.06061	10	 1	top1	0.022	0.00041	 2.06061	0.039341
NA	/data/songy4/tes/output/weights_control//ENST00000505464.1.wgt.RDat	ENST00000505464.1	5	5422742	5437836	0.0765	rs42202	-3.447	rs585394	 5.45e-04	  2.80	-2.16556	42	25	enet	0.00084	0.23	-2.25544	0.024105
NA	/data/songy4/tes/output/weights_control//ENST00000506078.5.wgt.RDat	ENST00000506078.5	5	42806583	42811892	0.0331	rs514567	-1.303	rs1423652	 5.28e-03	  3.55	-0.18421	 6	 4	enet	0.021	0.00052	 0.62311	0.533213
NA	/data/songy4/tes/output/weights_control//ENST00000510650.5.wgt.RDat	ENST00000510650.5	5	42806583	42811889	0.0254	rs514567	-1.303	rs1423652	 1.79e-02	  3.73	-0.18421	 6	 1	top1	0.018	0.0012	-0.18421	0.853848
NA	/data/songy4/tes/output/weights_control//ENST00000506265.1.wgt.RDat	ENST00000506265.1	5	114662961	114668406	0.0479	rs4705516	 2.747	rs6895553	-2.11e-04	  3.41	-0.93778	17	 3	lasso	0.0089	0.017	 0.42559	0.670409
NA	/data/songy4/tes/output/weights_control//ENST00000505376.1.wgt.RDat	ENST00000505376.1	5	36670821	36677127	0.0573	rs17290929	 1.383	rs42914	 4.53e-03	  3.62	 0.49693	12	 2	lasso	0.022	0.00033	 0.05363	0.957227
NA	/data/songy4/tes/output/weights_control//ENST00000508916.1.wgt.RDat	ENST00000508916.1	5	80559969	80570250	0.1394	rs11949801	-2.112	rs11949801	 9.49e-02	 -7.28	-2.11224	22	 1	top1	0.095	3e-13	 2.11224	0.034665
NA	/data/songy4/tes/output/weights_control//ENST00000505001.2.wgt.RDat	ENST00000505001.2	5	34190056	34193653	0.0412	rs7735822	 1.661	rs7713279	 3.42e-03	 -3.42	-0.34965	13	 7	enet	0.0093	0.015	 0.02728	0.978236
NA	/data/songy4/tes/output/weights_control//ENST00000508053.5.wgt.RDat	ENST00000508053.5	5	128258037	128659185	0.0562	rs4355569	 2.061	rs4355569	 2.98e-02	  4.51	 2.06061	11	 6	enet	0.04	2.3e-06	 1.70067	0.089006
NA	/data/songy4/tes/output/weights_control//ENST00000506203.2.wgt.RDat	ENST00000506203.2	5	767382	768930	0.0465	rs6554658	 3.000	rs7728035	 1.93e-02	  4.04	-0.00645	15	 1	top1	0.019	0.00082	-0.00645	0.994852
NA	/data/songy4/tes/output/weights_control//ENST00000508060.1.wgt.RDat	ENST00000508060.1	5	102754667	102865912	0.0628	rs402232	 1.928	rs9632474	 2.31e-03	 -3.26	-0.38542	17	16	enet	0.003	0.11	-0.18509	0.853158
NA	/data/songy4/tes/output/weights_control//ENST00000506178.1.wgt.RDat	ENST00000506178.1	5	36680347	36686233	0.0659	rs17290929	 1.383	rs42914	 3.26e-02	  4.50	 0.49693	12	 3	enet	0.034	1.3e-05	 0.15925	0.873472
NA	/data/songy4/tes/output/weights_control//ENST00000652055.1.wgt.RDat	ENST00000652055.1	5	766789	784729	0.0375	rs6554658	 3.000	rs4956936	 3.80e-03	  3.08	-0.18919	16	 8	enet	0.028	7.6e-05	 2.21206	0.026962
NA	/data/songy4/tes/output/weights_control//ENST00000510722.1.wgt.RDat	ENST00000510722.1	5	52989440	53090657	0.0353	rs702604	-2.040	rs40220	 3.31e-02	 -4.57	 1.03468	16	 1	top1	0.033	1.6e-05	-1.03468	0.300817
NA	/data/songy4/tes/output/weights_control//ENST00000505427.1.wgt.RDat	ENST00000505427.1	5	95814563	95822722	0.0434	rs155039	 1.969	rs10059061	-2.94e-04	  2.77	 0.44271	13	10	enet	0.0032	0.1	-0.50912	0.610669
NA	/data/songy4/tes/output/weights_control//ENST00000508022.1.wgt.RDat	ENST00000508022.1	5	443268	447594	0.0288	rs13177896	 2.100	rs7709758	-1.86e-03	 -2.65	-0.30848	11	 3	lasso	-0.00091	0.47	 0.56663	0.570964
NA	/data/songy4/tes/output/weights_control//ENST00000510740.1.wgt.RDat	ENST00000510740.1	5	36666214	36725173	0.0513	rs17290929	 1.383	rs42914	 3.45e-02	  4.39	 0.49693	12	 1	top1	0.035	1.1e-05	 0.49693	0.619237
NA	/data/songy4/tes/output/weights_control//ENST00000506212.1.wgt.RDat	ENST00000506212.1	5	95646777	95652815	0.0385	rs155039	 1.969	rs11738940	 1.47e-02	  3.27	 0.41121	18	 1	top1	0.015	0.0031	 0.41121	0.680915
NA	/data/songy4/tes/output/weights_control//ENST00000511539.1.wgt.RDat	ENST00000511539.1	5	839442	843701	0.0419	rs6554658	 3.000	rs382444	-1.53e-03	 -2.41	-1.00391	16	10	enet	0.022	4e-04	 3.31632	0.000912
NA	/data/songy4/tes/output/weights_control//ENST00000381918.3.wgt.RDat	ENST00000381918.3	5	36608329	36688332	0.0914	rs17290929	 1.383	rs42914	 2.54e-02	  4.86	 0.49693	13	 2	lasso	0.067	1e-09	 0.04693	0.962571
NA	/data/songy4/tes/output/weights_control//ENST00000511134.1.wgt.RDat	ENST00000511134.1	5	126465155	126493202	0.0322	rs1422817	 1.750	rs17165035	 2.00e-02	 -3.47	 0.38158	13	 1	top1	0.02	0.00066	-0.38158	0.702774
NA	/data/songy4/tes/output/weights_control//ENST00000596137.5.wgt.RDat	ENST00000596137.5	5	55022629	55032566	0.0339	rs12515884	-1.450	rs318791	-1.26e-03	  2.75	 1.39844	13	 6	enet	0.0042	0.073	 0.01857	0.985182
NA	/data/songy4/tes/output/weights_control//ENST00000505309.1.wgt.RDat	ENST00000505309.1	5	42804669	42808405	0.0266	rs514567	-1.303	rs1423652	 3.15e-03	  3.36	-0.18421	 6	 4	enet	0.0059	0.043	 0.41386	0.678980
NA	/data/songy4/tes/output/weights_control//ENST00000382496.10.wgt.RDat	ENST00000382496.10	5	9035033	9546075	0.0770	rs3797954	 3.484	rs16882931	 6.45e-04	  3.30	-2.12385	64	31	enet	0.014	0.0038	-0.67973	0.496678
NA	/data/songy4/tes/output/weights_control//ENST00000505654.1.wgt.RDat	ENST00000505654.1	5	102753981	102866282	0.0739	rs402232	 1.928	rs9632474	-1.89e-03	 -2.71	-0.38542	17	15	enet	0.01	0.011	-0.20829	0.835001
NA	/data/songy4/tes/output/weights_control//ENST00000508663.1.wgt.RDat	ENST00000508663.1	5	115493557	115493821	0.0557	rs34849	-2.285	rs13182375	-1.17e-03	  2.70	-0.30097	33	15	enet	0.0082	0.021	 1.35077	0.176769
NA	/data/songy4/tes/output/weights_control//ENST00000511224.5.wgt.RDat	ENST00000511224.5	5	42800112	42811892	0.0416	rs514567	-1.303	rs1423652	 2.66e-02	  4.14	-0.18421	 6	 3	enet	0.03	4.4e-05	 0.49527	0.620411
NA	/data/songy4/tes/output/weights_control//ENST00000508780.5.wgt.RDat	ENST00000508780.5	5	95751319	95822726	0.0516	rs155039	 1.969	rs10059061	-3.17e-04	  2.81	 0.44271	14	10	enet	0.0054	0.05	-0.23329	0.815540
NA	/data/songy4/tes/output/weights_control//ENST00000503039.1.wgt.RDat	ENST00000503039.1	5	177022735	177081189	0.0225	rs7446073	 2.590	rs7446073	 5.83e-04	 -2.49	 2.59048	 9	 6	enet	0.0028	0.12	-1.19108	0.233623
NA	/data/songy4/tes/output/weights_control//ENST00000510965.1.wgt.RDat	ENST00000510965.1	5	42801238	42811893	0.0489	rs514567	-1.303	rs1423652	 2.57e-02	  3.98	-0.18421	 6	 6	enet	0.037	4.7e-06	 1.05590	0.291013
NA	/data/songy4/tes/output/weights_control//ENST00000506006.1.wgt.RDat	ENST00000506006.1	5	102865310	102866280	0.0686	rs402232	 1.928	rs7709635	 8.50e-04	  2.80	 0.37786	17	16	enet	0.01	0.011	-0.17842	0.858393
NA	/data/songy4/tes/output/weights_control//ENST00000505507.6.wgt.RDat	ENST00000505507.6	5	59988517	60488063	0.0352	rs10471513	-4.701	rs1501841	-1.47e-03	 -2.82	 0.61000	17	15	enet	0.0084	0.02	 0.11265	0.910308
NA	/data/songy4/tes/output/weights_control//ENST00000425992.2.wgt.RDat	ENST00000425992.2	5	133980729	134004635	0.0315	rs11950533	 5.797	rs4997055	 2.31e-02	 -4.31	 1.51648	11	 1	top1	0.023	0.00027	-1.51648	0.129397
NA	/data/songy4/tes/output/weights_control//ENST00000511389.1.wgt.RDat	ENST00000511389.1	5	43225506	43225813	0.0260	rs514567	-1.303	rs514567	 1.28e-02	  3.11	-1.30328	 3	 1	top1	0.013	0.0054	-1.30328	0.192480
NA	/data/songy4/tes/output/weights_control//ENST00000508757.1.wgt.RDat	ENST00000508757.1	5	95890949	95898317	0.0568	rs27439	 2.486	rs27439	 3.98e-03	 -2.97	 2.48571	16	16	enet	0.016	0.002	-1.82282	0.068331
NA	/data/songy4/tes/output/weights_control//ENST00000457998.2.wgt.RDat	ENST00000457998.2	5	132366281	132369648	0.0442	rs4958125	 2.337	rs25736	 1.47e-02	  3.40	 0.59615	18	 1	top1	0.015	0.0031	 0.59615	0.551072
NA	/data/songy4/tes/output/weights_control//ENST00000640815.1.wgt.RDat	ENST00000640815.1	5	90899183	91164216	0.0294	rs10036206	-1.290	rs17574989	-1.54e-03	 -2.66	-0.24153	 6	 4	enet	0.0039	0.08	-0.72913	0.465920
NA	/data/songy4/tes/output/weights_control//ENST00000509814.5.wgt.RDat	ENST00000509814.5	5	52989440	53090653	0.0356	rs702604	-2.040	rs40220	 3.32e-02	 -4.60	 1.03468	16	 1	top1	0.033	1.6e-05	-1.03468	0.300817
NA	/data/songy4/tes/output/weights_control//ENST00000509276.5.wgt.RDat	ENST00000509276.5	5	42800928	42808366	0.0602	rs514567	-1.303	rs1423652	 3.24e-02	  4.46	-0.18421	 6	 5	enet	0.042	1.4e-06	 0.76563	0.443894
NA	/data/songy4/tes/output/weights_control//ENST00000670873.1.wgt.RDat	ENST00000670873.1	5	88269019	88293988	0.0336	rs16903468	 1.595	rs16903411	 1.16e-02	 -2.93	-0.23451	 8	 1	top1	0.012	0.0076	 0.23451	0.814587
NA	/data/songy4/tes/output/weights_control//ENST00000509832.5.wgt.RDat	ENST00000509832.5	5	102865479	102867342	0.0538	rs402232	 1.928	rs2665182	 1.91e-03	  2.64	-0.18095	17	 1	top1	0.0019	0.16	-0.18095	0.856405
NA	/data/songy4/tes/output/weights_control//ENST00000509788.1.wgt.RDat	ENST00000509788.1	5	9546290	9549590	0.0485	rs3797954	 3.484	rs3913498	 1.56e-03	 -3.25	-0.34503	58	13	enet	0.01	0.011	 1.04983	0.293795
NA	/data/songy4/tes/output/weights_control//ENST00000503662.1.wgt.RDat	ENST00000503662.1	5	5395972	5396335	0.0900	rs42202	-3.447	rs26806	 1.27e-03	  3.05	 0.81481	42	 1	top1	0.0013	0.2	 0.81481	0.415178
NA	/data/songy4/tes/output/weights_control//ENST00000509718.1.wgt.RDat	ENST00000509718.1	5	115031273	115031894	0.0590	rs34849	-2.285	rs11746700	 5.83e-03	 -3.21	-0.88614	21	 4	lasso	0.039	2.9e-06	 0.13001	0.896562
NA	/data/songy4/tes/output/weights_control//ENST00000338682.8.wgt.RDat	ENST00000338682.8	5	80556755	80570280	0.1374	rs11949801	-2.112	rs11949801	 8.93e-02	 -7.04	-2.11224	22	 9	enet	0.091	9.4e-13	 2.23529	0.025398
NA	/data/songy4/tes/output/weights_control//ENST00000503673.5.wgt.RDat	ENST00000503673.5	5	34684518	34830805	0.0612	rs6451173	 2.559	rs4703457	 1.87e-02	  3.60	-0.44915	27	 1	top1	0.019	0.00096	-0.44915	0.653322
NA	/data/songy4/tes/output/weights_control//ENST00000507047.5.wgt.RDat	ENST00000507047.5	5	60764230	60844269	0.0311	rs10471513	-4.701	rs409912	 7.89e-03	  3.23	-0.51553	20	 2	lasso	0.013	0.0048	-0.43638	0.662558
NA	/data/songy4/tes/output/weights_control//ENST00000509747.5.wgt.RDat	ENST00000509747.5	5	176119646	176121814	0.0467	rs17078748	 2.084	rs10050798	 9.04e-03	  3.25	 1.44715	17	12	enet	0.018	0.0013	 0.21646	0.828630
NA	/data/songy4/tes/output/weights_control//ENST00000509960.5.wgt.RDat	ENST00000509960.5	5	52989440	53090657	0.0336	rs702604	-2.040	rs40220	 3.30e-02	 -4.56	 1.03468	16	 1	top1	0.033	1.6e-05	-1.03468	0.300817
NA	/data/songy4/tes/output/weights_control//ENST00000503706.5.wgt.RDat	ENST00000503706.5	5	114433530	114496500	0.0562	rs4705516	 2.747	rs6895553	 1.09e-02	  3.83	-0.93778	10	 7	enet	0.033	1.6e-05	 0.70654	0.479851
NA	/data/songy4/tes/output/weights_control//ENST00000509993.1.wgt.RDat	ENST00000509993.1	5	122436759	122469067	0.0373	rs6595458	 1.842	rs186749	-7.24e-04	 -3.11	 0.56566	14	 7	enet	0.012	0.0077	 0.38599	0.699507
NA	/data/songy4/tes/output/weights_control//ENST00000510003.5.wgt.RDat	ENST00000510003.5	5	122312237	122441277	0.0340	rs6595458	 1.842	rs335166	 1.57e-02	  3.61	 0.53684	16	 1	top1	0.016	0.0023	 0.53684	0.591377
NA	/data/songy4/tes/output/weights_control//ENST00000506812.2.wgt.RDat	ENST00000506812.2	5	114486671	114496058	0.0248	rs4705516	 2.747	rs3805588	 2.75e-03	  3.22	 0.96154	10	 1	top1	0.0028	0.12	 0.96154	0.336281
NA	/data/songy4/tes/output/weights_control//ENST00000504455.5.wgt.RDat	ENST00000504455.5	5	60754458	60787465	0.0354	rs10471513	-4.701	rs13168452	 6.35e-04	 -3.07	 0.07937	20	 6	enet	0.016	0.0024	-0.23630	0.813203
NA	/data/songy4/tes/output/weights_control//ENST00000507621.1.wgt.RDat	ENST00000507621.1	5	149363069	149369653	0.0589	rs9686770	 2.353	rs2279137	 7.72e-03	 -3.67	 0.71635	32	11	enet	0.024	0.00023	 0.76199	0.446063
NA	/data/songy4/tes/output/weights_control//ENST00000377713.3.wgt.RDat	ENST00000377713.3	5	151277351	151303496	0.0459	rs10476987	-2.344	rs159922	 3.68e-03	  2.93	-2.04950	19	 9	enet	0.028	7.4e-05	 0.82494	0.409408
NA	/data/songy4/tes/output/weights_control//ENST00000653181.1.wgt.RDat	ENST00000653181.1	5	115739041	115756522	0.0580	rs6878801	 2.407	rs11746700	-9.53e-04	 -3.29	-0.88614	30	 7	enet	0.038	3.6e-06	 0.83144	0.405722
NA	/data/songy4/tes/output/weights_control//ENST00000651249.1.wgt.RDat	ENST00000651249.1	5	132618070	132646069	0.0381	rs4958141	-2.852	rs397649	-1.80e-03	  2.74	-0.51639	28	18	enet	-0.00076	0.44	 0.07279	0.941974
NA	/data/songy4/tes/output/weights_control//ENST00000507288.1.wgt.RDat	ENST00000507288.1	5	16814517	16936259	0.0426	rs953431	 2.661	rs29453	 3.47e-02	 -4.64	-0.47525	37	 1	top1	0.035	1e-05	 0.47525	0.634611
NA	/data/songy4/tes/output/weights_control//ENST00000503606.1.wgt.RDat	ENST00000503606.1	5	42972624	42973092	0.0562	rs514567	-1.303	rs514567	 2.69e-02	 -4.20	-1.30328	 6	 6	enet	0.034	1.2e-05	 1.71988	0.085454
NA	/data/songy4/tes/output/weights_control//ENST00000507407.1.wgt.RDat	ENST00000507407.1	5	479637	482644	0.0745	rs13177896	 2.100	rs349583	 4.43e-02	  5.17	-1.61404	11	 7	enet	0.05	1.4e-07	-1.62728	0.103678
NA	/data/songy4/tes/output/weights_control//ENST00000507409.6.wgt.RDat	ENST00000507409.6	5	176063709	176090796	0.0284	rs17078748	 2.084	rs12520273	 4.87e-03	  3.23	 1.08403	17	 4	enet	0.0051	0.056	 1.19148	0.233465
NA	/data/songy4/tes/output/weights_control//ENST00000507444.1.wgt.RDat	ENST00000507444.1	5	6310441	6337292	0.0704	rs12518614	 2.284	rs4701724	 8.07e-02	 -6.62	 0.09278	36	 3	enet	0.084	8.4e-12	 0.22775	0.819842
NA	/data/songy4/tes/output/weights_control//ENST00000503488.2.wgt.RDat	ENST00000503488.2	5	21323873	21341375	0.0230	rs7727211	-2.285	rs13172717	 1.07e-02	  2.98	-0.43434	 5	 1	top1	0.011	0.01	-0.43434	0.664039
NA	/data/songy4/tes/output/weights_control//ENST00000503543.1.wgt.RDat	ENST00000503543.1	5	180911489	180949633	0.0542	rs7380309	-1.884	rs10434810	 8.70e-03	  3.37	-0.77895	 8	 7	enet	0.036	6.1e-06	 0.12878	0.897530
NA	/data/songy4/tes/output/weights_control//ENST00000507251.1.wgt.RDat	ENST00000507251.1	5	33424025	33440619	0.4370	rs4866357	 1.678	rs3756663	 3.87e-01	-14.31	 0.25000	21	 1	top1	0.39	7.7e-58	-0.25000	0.802587
NA	/data/songy4/tes/output/weights_control//ENST00000509381.1.wgt.RDat	ENST00000509381.1	5	33951405	33984644	0.0529	rs4866357	 1.678	rs35405	 9.27e-03	 -3.42	 0.09524	16	 9	enet	0.016	0.0018	 0.47826	0.632462
NA	/data/songy4/tes/output/weights_control//ENST00000644203.1.wgt.RDat	ENST00000644203.1	5	470458	524322	0.1042	rs13177896	 2.100	rs349583	 1.34e-02	  4.60	-1.61404	11	 8	enet	0.072	2.4e-10	-0.49701	0.619183
NA	/data/songy4/tes/output/weights_control//ENST00000646262.1.wgt.RDat	ENST00000646262.1	5	77086732	77427124	0.0480	rs10474548	 2.469	rs4704434	 7.20e-03	 -3.58	-1.24793	23	 8	enet	0.019	0.00097	 2.10963	0.034890
NA	/data/songy4/tes/output/weights_control//ENST00000510373.5.wgt.RDat	ENST00000510373.5	5	96875986	96909030	0.0487	rs30997	-1.409	rs10463198	 2.29e-02	  3.82	-0.45631	12	 1	top1	0.023	3e-04	-0.45631	0.648167
NA	/data/songy4/tes/output/weights_control//ENST00000604345.1.wgt.RDat	ENST00000604345.1	5	50603229	50603511	0.0704	rs987756	-1.463	rs27580	 6.24e-02	 -5.82	 0.76336	10	 3	lasso	0.071	3.6e-10	-0.61158	0.540815
NA	/data/songy4/tes/output/weights_control//ENST00000460178.1.wgt.RDat	ENST00000460178.1	5	180945756	180945907	0.0428	rs7380309	-1.884	rs10434810	 2.44e-02	 -3.99	-0.77895	 7	 4	enet	0.032	2.3e-05	 1.05233	0.292647
NA	/data/songy4/tes/output/weights_control//ENST00000379904.8.wgt.RDat	ENST00000379904.8	5	96876506	96917932	0.0497	rs30997	-1.409	rs10463198	 2.38e-02	  3.89	-0.45631	12	 1	top1	0.024	0.00023	-0.45631	0.648167
NA	/data/songy4/tes/output/weights_control//ENST00000340978.7.wgt.RDat	ENST00000340978.7	5	77210881	77427418	0.0683	rs10474548	 2.469	rs4704434	 1.17e-02	 -3.94	-1.24793	23	 8	enet	0.031	3.1e-05	 2.10138	0.035607
NA	/data/songy4/tes/output/weights_control//ENST00000361970.10.wgt.RDat	ENST00000361970.10	5	42756818	42802439	0.0414	rs514567	-1.303	rs1423652	 3.30e-02	  4.60	-0.18421	 6	 1	top1	0.033	1.6e-05	-0.18421	0.853848
NA	/data/songy4/tes/output/weights_control//ENST00000510309.1.wgt.RDat	ENST00000510309.1	5	96879564	96889488	0.0454	rs30997	-1.409	rs10463198	 2.12e-02	  3.74	-0.45631	12	 1	top1	0.021	0.00047	-0.45631	0.648167
NA	/data/songy4/tes/output/weights_control//ENST00000379618.6.wgt.RDat	ENST00000379618.6	5	115171102	115180546	0.0632	rs34849	-2.285	rs6895553	-1.58e-03	  2.75	-0.93778	21	 8	enet	0.029	5.6e-05	-0.10065	0.919825
NA	/data/songy4/tes/output/weights_control//ENST00000507835.5.wgt.RDat	ENST00000507835.5	5	128328070	128339191	0.0504	rs4355569	 2.061	rs4355569	 3.62e-02	  4.64	 2.06061	 9	 1	top1	0.036	6.5e-06	 2.06061	0.039341
NA	/data/songy4/tes/output/weights_control//ENST00000507920.5.wgt.RDat	ENST00000507920.5	5	42800819	42811892	0.0502	rs514567	-1.303	rs1423652	 2.96e-02	  4.29	-0.18421	 6	 4	enet	0.039	2.8e-06	 0.81562	0.414716
NA	/data/songy4/tes/output/weights_control//ENST00000506376.1.wgt.RDat	ENST00000506376.1	5	34687559	34830785	0.0524	rs6451173	 2.559	rs4703457	 1.68e-02	  3.44	-0.44915	27	 1	top1	0.017	0.0017	-0.44915	0.653322
NA	/data/songy4/tes/output/weights_control//ENST00000492324.1.wgt.RDat	ENST00000492324.1	5	133972726	133981017	0.0391	rs11950533	 5.797	rs4997055	 8.94e-03	 -4.36	 1.51648	11	 2	lasso	0.016	0.0023	-1.76106	0.078229
NA	/data/songy4/tes/output/weights_control//ENST00000652933.1.wgt.RDat	ENST00000652933.1	5	154354615	154445782	0.0437	rs6875019	-1.527	rs2314305	-1.30e-03	  2.91	 1.11765	22	 1	top1	-0.0013	0.57	 1.11765	0.263718
NA	/data/songy4/tes/output/weights_control//ENST00000507888.1.wgt.RDat	ENST00000507888.1	5	6604801	6606926	0.0524	rs12518614	 2.284	rs897709	 3.95e-03	  2.77	-0.43182	38	17	enet	0.016	0.0021	 1.63577	0.101888
NA	/data/songy4/tes/output/weights_control//ENST00000508989.5.wgt.RDat	ENST00000508989.5	5	128328299	128537821	0.0547	rs4355569	 2.061	rs4355569	 3.30e-02	  4.58	 2.06061	10	 4	enet	0.034	1.1e-05	 1.68898	0.091223
NA	/data/songy4/tes/output/weights_control//ENST00000510441.1.wgt.RDat	ENST00000510441.1	5	443175	447314	0.0248	rs13177896	 2.100	rs4956935	-4.72e-04	  3.17	 0.92199	11	 3	lasso	0.0011	0.21	 0.80424	0.421258
NA	/data/songy4/tes/output/weights_control//ENST00000506392.1.wgt.RDat	ENST00000506392.1	5	114576041	114579970	0.0333	rs4705516	 2.747	rs3805588	-1.46e-03	  2.46	 0.96154	10	 9	enet	0.0072	0.029	 1.46384	0.143236
NA	/data/songy4/tes/output/weights_control//ENST00000461013.5.wgt.RDat	ENST00000461013.5	5	132376086	132395611	0.0370	rs4958125	 2.337	rs17166590	 2.18e-02	  3.58	-0.26364	18	 4	enet	0.024	2e-04	-0.20141	0.840378
NA	/data/songy4/tes/output/weights_control//ENST00000653918.1.wgt.RDat	ENST00000653918.1	5	88268977	88296332	0.0446	rs16903468	 1.595	rs7713243	 4.26e-03	 -3.09	 1.05607	 8	 8	enet	0.013	0.0049	-1.33949	0.180412
NA	/data/songy4/tes/output/weights_control//ENST00000346042.7.wgt.RDat	ENST00000346042.7	5	77210881	77427418	0.0646	rs10474548	 2.469	rs4704434	 2.85e-02	 -4.18	-1.24793	23	 9	enet	0.032	2e-05	 1.89291	0.058370
NA	/data/songy4/tes/output/weights_control//ENST00000510208.1.wgt.RDat	ENST00000510208.1	5	102754783	102866080	0.0649	rs402232	 1.928	rs9632474	 1.39e-02	 -3.39	-0.38542	17	 1	top1	0.014	0.0039	 0.38542	0.699929
NA	/data/songy4/tes/output/weights_control//ENST00000506577.5.wgt.RDat	ENST00000506577.5	5	42800131	42825896	0.0313	rs514567	-1.303	rs1423652	 9.46e-03	  3.99	-0.18421	 6	 4	enet	0.024	0.00024	 0.44311	0.657687
NA	/data/songy4/tes/output/weights_control//ENST00000510261.1.wgt.RDat	ENST00000510261.1	5	65486444	65487048	0.0347	rs6884367	-2.440	rs13158904	-1.72e-03	 -3.34	-1.11364	25	 7	enet	0.0078	0.024	 0.53928	0.589693
NA	/data/songy4/tes/output/weights_control//ENST00000637070.1.wgt.RDat	ENST00000637070.1	5	126582779	126583938	0.0278	rs1422817	 1.750	rs35524	-1.51e-03	 -2.63	 0.49541	13	 1	top1	-0.0015	0.65	-0.49541	0.620309
NA	/data/songy4/tes/output/weights_control//ENST00000510138.2.wgt.RDat	ENST00000510138.2	5	71197646	71208130	0.0366	rs2662338	-2.739	rs1010376	-1.04e-03	  3.15	 0.93694	23	12	enet	0.014	0.0037	 0.27216	0.785501
NA	/data/songy4/tes/output/weights_control//ENST00000362682.1.wgt.RDat	ENST00000362682.1	5	40654963	40655094	0.0427	rs351649	-1.364	rs10512747	 3.20e-02	 -4.42	-0.28873	11	 1	top1	0.032	2.2e-05	 0.28873	0.772786
NA	/data/songy4/tes/output/weights_control//ENST00000507750.5.wgt.RDat	ENST00000507750.5	5	114363107	114495946	0.0819	rs4705516	 2.747	rs6895553	 3.43e-02	  4.38	-0.93778	11	 8	enet	0.053	6e-08	 0.88121	0.378205
NA	/data/songy4/tes/output/weights_control//ENST00000504859.5.wgt.RDat	ENST00000504859.5	5	126472238	126483646	0.0286	rs1422817	 1.750	rs12514001	 9.26e-03	 -3.18	-0.04717	 9	 3	lasso	0.011	0.008	-0.11989	0.904568
NA	/data/songy4/tes/output/weights_control//ENST00000566945.1.wgt.RDat	ENST00000566945.1	5	10195121	10197628	0.0755	rs7711645	 3.234	rs2548551	 3.58e-02	  4.74	-1.06207	42	 1	top1	0.036	7.4e-06	-1.06207	0.288204
NA	/data/songy4/tes/output/weights_control//ENST00000444149.7.wgt.RDat	ENST00000444149.7	5	179023804	179035064	0.0477	rs163498	-3.432	rs502729	 5.79e-03	  3.51	 1.98582	38	14	enet	0.021	0.00058	 0.15592	0.876098
NA	/data/songy4/tes/output/weights_control//ENST00000668009.1.wgt.RDat	ENST00000668009.1	5	479508	480602	0.1689	rs13177896	 2.100	rs349583	 9.89e-02	  7.44	-1.61404	11	 8	enet	0.14	8e-19	-1.29460	0.195458
NA	/data/songy4/tes/output/weights_control//ENST00000666278.1.wgt.RDat	ENST00000666278.1	5	115739043	115756543	0.0511	rs6878801	 2.407	rs607930	 2.93e-03	 -3.05	 0.98020	30	10	enet	0.021	0.00057	 0.26260	0.792859
NA	/data/songy4/tes/output/weights_control//ENST00000658225.1.wgt.RDat	ENST00000658225.1	5	476408	480818	0.2200	rs13177896	 2.100	rs349583	 1.29e-01	  8.48	-1.61404	11	11	enet	0.18	3.1e-25	-1.06562	0.286596
NA	/data/songy4/tes/output/weights_control//ENST00000667998.1.wgt.RDat	ENST00000667998.1	5	476535	480122	0.1596	rs13177896	 2.100	rs349583	 1.04e-01	  7.63	-1.61404	11	11	enet	0.13	1.9e-17	-1.18531	0.235896
NA	/data/songy4/tes/output/weights_control//ENST00000626945.2.wgt.RDat	ENST00000626945.2	5	147559994	147662009	0.0745	rs17706942	-2.857	rs3806925	 1.20e-03	  3.37	-1.62400	19	 7	enet	0.041	1.6e-06	-0.55876	0.576325
NA	/data/songy4/tes/output/weights_control//ENST00000296589.9.wgt.RDat	ENST00000296589.9	5	33944623	33984693	0.0422	rs4866357	 1.678	rs4867514	 1.44e-03	 -3.02	 0.01695	16	 4	lasso	0.0064	0.037	 0.63370	0.526276
NA	/data/songy4/tes/output/weights_control//ENST00000296564.9.wgt.RDat	ENST00000296564.9	5	5422677	5490220	0.0654	rs42202	-3.447	rs34950	-8.46e-04	  2.71	 0.11579	45	26	enet	-0.00055	0.4	-2.23679	0.025300
NA	/data/songy4/tes/output/weights_control//ENST00000659215.1.wgt.RDat	ENST00000659215.1	5	88269036	88294547	0.0348	rs16903468	 1.595	rs16903411	 3.30e-03	 -2.76	-0.23451	 8	 8	enet	0.02	0.00069	-1.04403	0.296471
NA	/data/songy4/tes/output/weights_control//ENST00000610313.1.wgt.RDat	ENST00000610313.1	5	34840672	34880313	0.0407	rs244777	 2.808	rs4703457	 4.49e-03	  2.50	-0.44915	28	 3	lasso	0.019	0.00095	-0.65418	0.512998
NA	/data/songy4/tes/output/weights_control//ENST00000518275.1.wgt.RDat	ENST00000518275.1	5	71062752	71067638	0.0426	rs2662338	-2.739	rs277970	 1.46e-02	  3.23	 0.29255	22	 1	top1	0.015	0.0032	 0.29255	0.769864
NA	/data/songy4/tes/output/weights_control//ENST00000667376.1.wgt.RDat	ENST00000667376.1	5	476974	480830	0.1730	rs13177896	 2.100	rs349583	 1.01e-01	  7.61	-1.61404	11	 8	enet	0.15	7e-20	-1.27058	0.203878
NA	/data/songy4/tes/output/weights_control//ENST00000437043.7.wgt.RDat	ENST00000437043.7	5	96875939	96919716	0.0504	rs30997	-1.409	rs10463198	 5.10e-03	  3.68	-0.45631	12	11	enet	0.021	0.00051	-0.44019	0.659799
NA	/data/songy4/tes/output/weights_control//ENST00000619676.4.wgt.RDat	ENST00000619676.4	5	35065089	35118122	0.0358	rs244777	 2.808	rs6897259	 3.03e-02	 -4.14	-1.27885	27	 1	top1	0.03	3.5e-05	 1.27885	0.200951
NA	/data/songy4/tes/output/weights_control//ENST00000515095.5.wgt.RDat	ENST00000515095.5	5	96892418	96902816	0.0493	rs30997	-1.409	rs10463198	 2.70e-02	  4.06	-0.45631	12	 1	top1	0.027	8.9e-05	-0.45631	0.648167
NA	/data/songy4/tes/output/weights_control//ENST00000265109.8.wgt.RDat	ENST00000265109.8	5	34656328	34832612	0.0492	rs6451173	 2.559	rs4703457	 2.76e-02	  4.22	-0.44915	27	 1	top1	0.028	7.7e-05	-0.44915	0.653322
NA	/data/songy4/tes/output/weights_control//ENST00000514941.1.wgt.RDat	ENST00000514941.1	5	95834424	95835046	0.0585	rs155039	 1.969	rs10059061	 1.31e-02	  3.06	 0.44271	13	 1	top1	0.013	0.005	 0.44271	0.657977
NA	/data/songy4/tes/output/weights_control//ENST00000292641.4.wgt.RDat	ENST00000292641.4	5	180590105	180591499	0.0497	rs34362037	-1.975	rs10434810	-4.76e-04	 -3.41	-0.77895	16	 5	enet	0.023	3e-04	-0.04230	0.966261
NA	/data/songy4/tes/output/weights_control//ENST00000265113.9.wgt.RDat	ENST00000265113.9	5	36606606	36688334	0.0968	rs17290929	 1.383	rs42914	 2.93e-02	  5.10	 0.49693	13	 2	lasso	0.068	7.8e-10	 0.07587	0.939522
NA	/data/songy4/tes/output/weights_control//ENST00000657475.1.wgt.RDat	ENST00000657475.1	5	127940902	127966509	0.0317	rs4355569	 2.061	rs251215	 1.37e-02	 -3.32	-0.47368	11	 1	top1	0.014	0.0041	 0.47368	0.635725
NA	/data/songy4/tes/output/weights_control//ENST00000514994.1.wgt.RDat	ENST00000514994.1	5	1057211	1063882	0.0826	rs6554658	 3.000	rs6864667	 4.64e-02	 -5.37	 0.04167	27	 1	top1	0.046	3.7e-07	-0.04167	0.966764
NA	/data/songy4/tes/output/weights_control//ENST00000514985.6.wgt.RDat	ENST00000514985.6	5	42799880	42811892	0.0424	rs514567	-1.303	rs1423652	 1.81e-02	  3.73	-0.18421	 6	 4	enet	0.025	0.00017	 0.86274	0.388280
NA	/data/songy4/tes/output/weights_control//ENST00000395469.6.wgt.RDat	ENST00000395469.6	5	122391135	122463496	0.0321	rs6595458	 1.842	rs335166	 3.67e-03	  3.21	 0.53684	15	 6	enet	0.012	0.0074	-0.24120	0.809398
NA	/data/songy4/tes/output/weights_control//ENST00000515626.5.wgt.RDat	ENST00000515626.5	5	42806902	42811892	0.0332	rs514567	-1.303	rs1423652	 2.47e-02	  3.77	-0.18421	 6	 1	top1	0.025	0.00018	-0.18421	0.853848
NA	/data/songy4/tes/output/weights_control//ENST00000428746.6.wgt.RDat	ENST00000428746.6	5	34656470	34832611	0.0531	rs6451173	 2.559	rs4703457	 2.79e-02	  4.20	-0.44915	27	 1	top1	0.028	7.1e-05	-0.44915	0.653322
NA	/data/songy4/tes/output/weights_control//ENST00000627433.2.wgt.RDat	ENST00000627433.2	5	147560027	147660809	0.0660	rs17706942	-2.857	rs3806925	-7.58e-05	  3.15	-1.62400	18	 7	enet	0.029	4.7e-05	-0.47408	0.635440
NA	/data/songy4/tes/output/weights_control//ENST00000658094.1.wgt.RDat	ENST00000658094.1	5	88268915	88294850	0.0406	rs16903468	 1.595	rs16903411	 4.59e-03	 -3.01	-0.23451	 8	 7	enet	0.024	0.00023	-0.82479	0.409492
NA	/data/songy4/tes/output/weights_control//ENST00000658086.1.wgt.RDat	ENST00000658086.1	5	473748	475297	0.1659	rs13177896	 2.100	rs349583	 1.14e-01	  8.06	-1.61404	11	 8	enet	0.14	6.5e-19	-1.34138	0.179798
NA	/data/songy4/tes/output/weights_control//ENST00000515799.5.wgt.RDat	ENST00000515799.5	5	34684554	34830807	0.0644	rs6451173	 2.559	rs4703457	 2.78e-02	  4.17	-0.44915	27	14	enet	0.029	4.8e-05	-1.09755	0.272399
NA	/data/songy4/tes/output/weights_control//ENST00000264773.7.wgt.RDat	ENST00000264773.7	5	114362319	114496497	0.0617	rs4705516	 2.747	rs6895553	 2.49e-03	  3.58	-0.93778	11	10	enet	0.033	1.5e-05	 1.08309	0.278771
NA	/data/songy4/tes/output/weights_control//ENST00000610748.4.wgt.RDat	ENST00000610748.4	5	114362319	114496495	0.0665	rs4705516	 2.747	rs6895553	 3.32e-03	  3.75	-0.93778	11	 7	enet	0.042	1.2e-06	 0.90546	0.365219
NA	/data/songy4/tes/output/weights_control//ENST00000616793.5.wgt.RDat	ENST00000616793.5	5	147585438	147782728	0.0424	rs17706942	-2.857	rs17107298	 1.19e-03	  3.47	-0.69291	24	 9	enet	0.015	0.0031	-1.28298	0.199497
NA	/data/songy4/tes/output/weights_control//ENST00000395047.6.wgt.RDat	ENST00000395047.6	5	133971952	134004842	0.0403	rs11950533	 5.797	rs4997055	 1.04e-02	 -4.46	 1.51648	11	 2	lasso	0.019	0.00093	-1.74715	0.080612
NA	/data/songy4/tes/output/weights_control//ENST00000410666.1.wgt.RDat	ENST00000410666.1	5	115774319	115774502	0.0614	rs6878801	 2.356	rs607930	 4.64e-04	 -3.55	 0.98020	29	 8	enet	0.037	4.8e-06	 0.65928	0.509714
NA	/data/songy4/tes/output/weights_control//ENST00000395044.7.wgt.RDat	ENST00000395044.7	5	133971915	134004742	0.0406	rs11950533	 5.797	rs4997055	 1.04e-02	 -4.48	 1.51648	11	 2	lasso	0.019	0.00094	-1.74876	0.080332
NA	/data/songy4/tes/output/weights_control//ENST00000515817.5.wgt.RDat	ENST00000515817.5	5	176063537	176114798	0.0347	rs17078748	 2.084	rs10050798	 4.22e-04	  3.07	 1.44715	17	 9	enet	0.014	0.0036	 1.58034	0.114028
NA	/data/songy4/tes/output/weights_control//ENST00000264917.9.wgt.RDat	ENST00000264917.9	5	77210881	77429807	0.0526	rs10474548	 2.469	rs4704434	 3.37e-02	 -4.57	-1.24793	23	 9	enet	0.042	1.1e-06	 0.98126	0.326465
NA	/data/songy4/tes/output/weights_control//ENST00000264930.10.wgt.RDat	ENST00000264930.10	5	1050384	1112063	0.0967	rs6554658	 3.000	rs6864667	 4.68e-02	 -5.55	 0.04167	27	 1	top1	0.047	3.3e-07	-0.04167	0.966764
NA	/data/songy4/tes/output/weights_control//ENST00000264938.8.wgt.RDat	ENST00000264938.8	5	470456	524449	0.1262	rs13177896	 2.100	rs349583	 4.56e-02	  5.59	-1.61404	11	10	enet	0.096	2.4e-13	-0.78090	0.434859
NA	/data/songy4/tes/output/weights_control//ENST00000521373.1.wgt.RDat	ENST00000521373.1	5	173689459	173705849	0.0420	rs11951020	 2.366	rs10476097	 1.25e-02	 -3.73	 1.29371	32	 3	lasso	0.016	0.0021	-0.41264	0.679874
NA	/data/songy4/tes/output/weights_control//ENST00000661296.1.wgt.RDat	ENST00000661296.1	5	127939722	128082161	0.0420	rs4355569	 2.061	rs251215	 2.97e-02	 -4.43	-0.47368	13	 1	top1	0.03	4.2e-05	 0.47368	0.635725
NA	/data/songy4/tes/output/weights_control//ENST00000521669.1.wgt.RDat	ENST00000521669.1	5	179872416	179873135	0.0483	rs4516815	 2.552	rs2242217	 2.75e-03	  3.13	-0.17143	27	 8	enet	0.0046	0.065	 0.38862	0.697560
NA	/data/songy4/tes/output/weights_control//ENST00000520900.5.wgt.RDat	ENST00000520900.5	5	179840590	179844325	0.0530	rs4516815	 2.552	rs307822	-1.88e-03	  2.63	-0.72308	29	18	enet	-0.00029	0.36	 0.53752	0.590911
NA	/data/songy4/tes/output/weights_control//ENST00000623327.1.wgt.RDat	ENST00000623327.1	5	10675317	10675575	0.0538	rs7711645	 3.234	rs2454606	-1.78e-03	 -3.08	 1.22439	29	 3	lasso	-0.0014	0.6	-1.44169	0.149389
NA	/data/songy4/tes/output/weights_control//ENST00000520995.5.wgt.RDat	ENST00000520995.5	5	179840921	179858839	0.0454	rs4516815	 2.552	rs2387207	-1.71e-03	  2.53	 0.70909	29	 2	lasso	-0.00083	0.45	-0.25149	0.801434
NA	/data/songy4/tes/output/weights_control//ENST00000609792.1.wgt.RDat	ENST00000609792.1	5	55028262	55032729	0.0424	rs12515884	-1.450	rs1144496	 1.39e-04	  3.23	-0.10417	13	10	enet	0.0072	0.029	 0.18672	0.851883
NA	/data/songy4/tes/output/weights_control//ENST00000523737.5.wgt.RDat	ENST00000523737.5	5	179840809	179858844	0.0528	rs4516815	 2.552	rs2162760	-1.87e-03	  2.56	-0.54945	29	 3	lasso	-0.0015	0.63	-0.31096	0.755828
NA	/data/songy4/tes/output/weights_control//ENST00000523835.5.wgt.RDat	ENST00000523835.5	5	179842047	179858808	0.0485	rs4516815	 2.552	rs2387207	-1.84e-03	  2.55	 0.70909	29	 2	lasso	0.00045	0.27	 0.51498	0.606566
NA	/data/songy4/tes/output/weights_control//ENST00000522157.5.wgt.RDat	ENST00000522157.5	5	179842008	179858808	0.0468	rs4516815	 2.552	rs918481	-1.88e-03	  2.37	-0.62857	29	 3	lasso	0.00039	0.27	-1.11486	0.264910
NA	/data/songy4/tes/output/weights_control//ENST00000522095.1.wgt.RDat	ENST00000522095.1	5	72295315	72320228	0.0263	rs12651948	-1.703	rs3935430	 2.16e-04	 -2.97	 0.57000	10	 3	enet	0.013	0.0057	-0.29755	0.766043
NA	/data/songy4/tes/output/weights_control//ENST00000403666.5.wgt.RDat	ENST00000403666.5	5	66828776	67167264	0.0744	rs10805422	-2.007	rs1697142	 3.06e-02	 -4.56	 1.96939	29	 1	top1	0.031	3.2e-05	-1.96939	0.048909
NA	/data/songy4/tes/output/weights_control//ENST00000523452.5.wgt.RDat	ENST00000523452.5	5	140072857	140108630	0.0214	rs13190290	 2.719	rs31851	 3.56e-03	 -3.14	 0.57038	 5	 3	enet	0.013	0.0056	-0.79166	0.428561
NA	/data/songy4/tes/output/weights_control//ENST00000522356.2.wgt.RDat	ENST00000522356.2	5	710355	732671	0.0490	rs6554658	 3.000	rs6864667	 7.98e-04	  2.93	 0.04167	14	 8	enet	0.022	0.00038	 2.54975	0.010780
NA	/data/songy4/tes/output/weights_control//ENST00000522442.1.wgt.RDat	ENST00000522442.1	5	179023804	179032352	0.0456	rs163498	-3.432	rs502729	 4.18e-03	  3.55	 1.98582	38	16	enet	0.0075	0.026	 0.03352	0.973259
NA	/data/songy4/tes/output/weights_control//ENST00000262464.9.wgt.RDat	ENST00000262464.9	5	128257909	128538245	0.0523	rs4355569	 2.061	rs4355569	 3.01e-02	  4.51	 2.06061	10	 4	enet	0.032	2.4e-05	 1.77633	0.075678
NA	/data/songy4/tes/output/weights_control//ENST00000519208.5.wgt.RDat	ENST00000519208.5	5	179840713	179858838	0.0610	rs4516815	 2.552	rs3756616	-1.42e-03	 -2.70	 1.08036	29	 1	top1	-0.0014	0.61	-1.08036	0.279983
NA	/data/songy4/tes/output/weights_control//ENST00000405643.5.wgt.RDat	ENST00000405643.5	5	66958870	67167051	0.0765	rs10805422	-2.007	rs1697142	 3.19e-02	 -4.63	 1.96939	27	 1	top1	0.032	2.2e-05	-1.96939	0.048909
NA	/data/songy4/tes/output/weights_control//ENST00000561496.1.wgt.RDat	ENST00000561496.1	5	153901459	153903223	0.0432	rs10053802	-2.000	rs10515705	 2.21e-03	 -3.22	 0.70160	29	15	enet	0.0054	0.051	-0.53443	0.593041
NA	/data/songy4/tes/output/weights_control//ENST00000311450.9.wgt.RDat	ENST00000311450.9	5	146084313	146105577	0.0514	rs9325009	 2.007	rs1201598	 3.27e-02	 -4.35	 0.16346	20	 1	top1	0.033	1.8e-05	-0.16346	0.870155
NA	/data/songy4/tes/output/weights_control//ENST00000624112.1.wgt.RDat	ENST00000624112.1	5	36667717	36669958	0.1030	rs17290929	 1.383	rs42914	 2.92e-02	  5.37	 0.49693	12	 2	lasso	0.078	4.3e-11	 0.12782	0.898295
NA	/data/songy4/tes/output/weights_control//ENST00000519896.5.wgt.RDat	ENST00000519896.5	5	179023804	179032321	0.0463	rs163498	-3.432	rs502729	 3.63e-03	  3.43	 1.98582	38	17	enet	0.0089	0.017	-0.11024	0.912216
NA	/data/songy4/tes/output/weights_control//ENST00000520150.5.wgt.RDat	ENST00000520150.5	5	179840240	179858846	0.0471	rs4516815	 2.552	rs2162760	-1.85e-03	  2.46	-0.54945	29	 7	enet	-0.0018	0.82	 0.06137	0.951065
NA	/data/songy4/tes/output/weights_control//ENST00000524288.1.wgt.RDat	ENST00000524288.1	5	134173387	134176950	0.0324	rs11950533	 5.797	rs4997055	 2.97e-03	 -3.85	 1.51648	18	 4	enet	0.0085	0.019	-0.33838	0.735075
NA	/data/songy4/tes/output/weights_control//ENST00000630514.2.wgt.RDat	ENST00000630514.2	5	147560014	147660814	0.0536	rs17706942	-2.857	rs3806925	 3.63e-03	  3.37	-1.62400	18	 7	enet	0.019	0.00092	-0.87911	0.379342
NA	/data/songy4/tes/output/weights_control//ENST00000535381.5.wgt.RDat	ENST00000535381.5	5	127042558	127073492	0.0353	rs1422817	 1.750	rs17165035	 1.74e-02	 -3.29	 0.38158	16	 1	top1	0.017	0.0014	-0.38158	0.702774
NA	/data/songy4/tes/output/weights_control//ENST00000612708.4.wgt.RDat	ENST00000612708.4	5	36606355	36688332	0.0838	rs17290929	 1.383	rs42914	 2.32e-02	  4.91	 0.49693	13	 2	lasso	0.06	7.7e-09	 0.09847	0.921560
NA	/data/songy4/tes/output/weights_control//ENST00000502644.1.wgt.RDat	ENST00000502644.1	5	6337239	6339884	0.1213	rs12518614	 2.284	rs4701724	 1.01e-01	 -7.44	 0.09278	36	 1	top1	0.1	4.5e-14	-0.09278	0.926076
NA	/data/songy4/tes/output/weights_control//ENST00000512315.5.wgt.RDat	ENST00000512315.5	5	177022696	177080554	0.0270	rs7446073	 2.590	rs12654812	-1.26e-03	 -2.44	 0.71569	 9	 4	lasso	0.0076	0.026	-1.27802	0.201241
NA	/data/songy4/tes/output/weights_control//ENST00000606288.1.wgt.RDat	ENST00000606288.1	5	477245	480665	0.1713	rs13177896	 2.100	rs349583	 1.09e-01	  7.85	-1.61404	11	 8	enet	0.14	1e-18	-1.19605	0.231675
NA	/data/songy4/tes/output/weights_control//ENST00000628593.1.wgt.RDat	ENST00000628593.1	5	56909352	56925532	0.0384	rs11739464	-1.611	rs2046797	 5.47e-03	 -3.54	 0.13074	15	 1	top1	0.0055	0.049	-0.13074	0.895979
NA	/data/songy4/tes/output/weights_control//ENST00000606319.1.wgt.RDat	ENST00000606319.1	5	475284	476490	0.1661	rs13177896	 2.100	rs349583	 8.70e-02	  6.95	-1.61404	11	10	enet	0.14	9.1e-19	-1.36252	0.173033
NA	/data/songy4/tes/output/weights_control//ENST00000630801.1.wgt.RDat	ENST00000630801.1	5	147632762	147660937	0.0331	rs17706942	-2.857	rs17107298	 3.12e-03	  3.28	-0.69291	17	 9	enet	0.005	0.058	-0.53187	0.594817
NA	/data/songy4/tes/output/weights_control//ENST00000664546.1.wgt.RDat	ENST00000664546.1	5	88268923	88294980	0.0415	rs16903468	 1.595	rs16903411	 1.10e-03	 -2.92	-0.23451	 8	 7	enet	0.023	3e-04	-1.02501	0.305359
NA	/data/songy4/tes/output/weights_control//ENST00000513223.2.wgt.RDat	ENST00000513223.2	5	1057528	1075434	0.0844	rs6554658	 3.000	rs6864667	 4.42e-02	 -5.44	 0.04167	27	 1	top1	0.044	6.7e-07	-0.04167	0.966764
NA	/data/songy4/tes/output/weights_control//ENST00000669641.1.wgt.RDat	ENST00000669641.1	5	14356886	14359285	0.0219	rs32811	-1.946	rs31934	-1.89e-03	  2.52	 0.88393	11	 7	enet	-0.0011	0.52	-0.58627	0.557696
NA	/data/songy4/tes/output/weights_control//ENST00000513303.5.wgt.RDat	ENST00000513303.5	5	42801105	42811893	0.0405	rs514567	-1.303	rs1423652	 2.09e-02	  3.76	-0.18421	 6	 4	enet	0.03	3.8e-05	 0.75335	0.451240
NA	/data/songy4/tes/output/weights_control//ENST00000513316.1.wgt.RDat	ENST00000513316.1	5	58582221	58617871	0.0399	rs736736	 1.919	rs27170	 3.85e-03	 -3.09	 0.65000	20	 8	enet	0.0096	0.014	-0.06732	0.946326
NA	/data/songy4/tes/output/weights_control//ENST00000612585.1.wgt.RDat	ENST00000612585.1	5	24449351	24449615	0.0327	rs3815909	 2.092	rs1395026	 3.24e-03	  3.27	 0.83766	 9	 4	enet	0.0076	0.025	 0.52542	0.599293
NA	/data/songy4/tes/output/weights_control//ENST00000512073.1.wgt.RDat	ENST00000512073.1	5	102755343	102866270	0.0674	rs402232	 1.928	rs9632474	 5.39e-04	 -2.74	-0.38542	17	17	enet	0.0079	0.023	-0.03869	0.969141
NA	/data/songy4/tes/output/weights_control//ENST00000669389.1.wgt.RDat	ENST00000669389.1	5	122714897	122730641	0.0336	rs6595458	 1.842	rs186749	-1.82e-03	 -3.08	 0.56566	14	 6	enet	0.0081	0.022	 0.13402	0.893388
NA	/data/songy4/tes/output/weights_control//ENST00000513708.1.wgt.RDat	ENST00000513708.1	5	127935243	127941507	0.0300	rs4355569	 2.061	rs251215	 1.51e-02	 -3.40	-0.47368	10	 1	top1	0.015	0.0028	 0.47368	0.635725
NA	/data/songy4/tes/output/weights_control//ENST00000634447.1.wgt.RDat	ENST00000634447.1	5	1052186	1093575	0.0876	rs6554658	 3.000	rs6864667	 4.42e-02	 -5.38	 0.04167	27	 1	top1	0.044	6.8e-07	-0.04167	0.966764
NA	/data/songy4/tes/output/weights_control//ENST00000513685.5.wgt.RDat	ENST00000513685.5	5	52989440	53090646	0.0348	rs702604	-2.040	rs40220	 3.14e-02	 -4.49	 1.03468	16	 1	top1	0.031	2.6e-05	-1.03468	0.300817
NA	/data/songy4/tes/output/weights_control//ENST00000512097.8.wgt.RDat	ENST00000512097.8	5	114055545	114496500	0.0391	rs4705516	 2.747	rs6895553	 1.72e-03	  3.28	-0.93778	21	 4	lasso	0.014	0.0036	-0.09587	0.923623
NA	/data/songy4/tes/output/weights_control//ENST00000512159.1.wgt.RDat	ENST00000512159.1	5	45557919	45559986	0.0181	rs3923826	 0.727	rs12659024	 7.19e-03	  3.11	 0.14346	 2	 1	top1	0.0072	0.029	 0.14346	0.885927
NA	/data/songy4/tes/output/weights_control//ENST00000501221.2.wgt.RDat	ENST00000501221.2	5	43231812	43233173	0.0369	rs514567	-1.303	rs514567	 2.77e-02	  4.22	-1.30328	 3	 1	top1	0.028	7.4e-05	-1.30328	0.192480
NA	/data/songy4/tes/output/weights_control//ENST00000534918.1.wgt.RDat	ENST00000534918.1	5	478123	480884	0.1432	rs13177896	 2.100	rs349583	 9.42e-02	  7.29	-1.61404	11	 8	enet	0.11	8.5e-16	-1.19286	0.232925
NA	/data/songy4/tes/output/weights_control//ENST00000500779.2.wgt.RDat	ENST00000500779.2	5	111512226	111739726	0.0351	rs154082	-2.536	rs1145123	-4.80e-05	 -2.70	-0.04059	14	10	enet	0.0018	0.16	 0.01744	0.986083
NA	/data/songy4/tes/output/weights_control//ENST00000427352.1.wgt.RDat	ENST00000427352.1	5	116218026	116218295	0.0375	rs1494826	-2.140	rs1014643	 2.08e-02	 -3.74	 1.74615	31	 1	top1	0.021	0.00053	-1.74615	0.080784
NA	/data/songy4/tes/output/weights_control//ENST00000512120.1.wgt.RDat	ENST00000512120.1	5	180590105	180591163	0.0464	rs34362037	-1.975	rs10434810	-7.92e-04	 -3.22	-0.77895	16	 6	enet	0.018	0.0013	-0.37182	0.710029
NA	/data/songy4/tes/output/weights_control//ENST00000502674.5.wgt.RDat	ENST00000502674.5	5	34840672	34896778	0.0601	rs244777	 2.808	rs4703457	 1.33e-03	  3.18	-0.44915	28	20	enet	0.0064	0.037	-0.96450	0.334794
NA	/data/songy4/tes/output/weights_control//ENST00000656081.1.wgt.RDat	ENST00000656081.1	5	1345197	1350786	0.1418	rs6554658	 3.000	rs2963265	 1.01e-01	 -7.48	-1.36735	32	 1	top1	0.1	5.7e-14	 1.36735	0.171517
NA	/data/songy4/tes/output/weights_control//ENST00000485852.7.wgt.RDat	ENST00000485852.7	5	126544753	126550164	0.0412	rs1422817	 1.750	rs35524	 7.09e-04	 -2.75	 0.49541	13	 6	enet	0.017	0.0018	-1.71025	0.087220
NA	/data/songy4/tes/output/weights_control//ENST00000502511.1.wgt.RDat	ENST00000502511.1	5	472107	472743	0.0505	rs13177896	 2.100	rs11741126	 2.82e-02	  4.16	 0.30556	11	 2	lasso	0.038	3.6e-06	 0.74960	0.453495
NA	/data/songy4/tes/output/weights_control//ENST00000631899.2.wgt.RDat	ENST00000631899.2	5	114362738	114496493	0.0608	rs4705516	 2.747	rs6895553	 1.47e-03	  3.63	-0.93778	11	 8	enet	0.039	2.6e-06	 1.05237	0.292629
NA	/data/songy4/tes/output/weights_control//ENST00000512796.1.wgt.RDat	ENST00000512796.1	5	43192852	43280848	0.0432	rs514567	-1.303	rs514567	 3.09e-02	  4.49	-1.30328	 3	 1	top1	0.031	3e-05	-1.30328	0.192480
NA	/data/songy4/tes/output/weights_control//ENST00000512908.2.wgt.RDat	ENST00000512908.2	5	71102898	71128753	0.0864	rs2662338	-2.739	rs277970	 4.83e-02	  5.27	 0.29255	22	10	enet	0.053	4.9e-08	-0.22846	0.819287
NA	/data/songy4/tes/output/weights_control//ENST00000512900.2.wgt.RDat	ENST00000512900.2	5	115738978	115756527	0.0468	rs6878801	 2.407	rs1014643	-1.43e-03	  2.98	 1.74615	30	 9	enet	0.029	4.9e-05	 1.35644	0.174960
NA	/data/songy4/tes/output/weights_control//ENST00000512469.2.wgt.RDat	ENST00000512469.2	5	95816410	95822711	0.0468	rs155039	 1.969	rs10059061	-1.43e-03	  2.57	 0.44271	13	10	enet	0.0033	0.098	-0.44926	0.653246
NA	/data/songy4/tes/output/weights_control//ENST00000384587.1.wgt.RDat	ENST00000384587.1	5	140019492	140019592	0.0323	rs13190290	 2.719	rs31851	-1.68e-03	 -2.43	 1.31058	 4	 4	enet	0.013	0.0055	 0.47835	0.632402
NA	/data/songy4/tes/output/weights_control//ENST00000502436.5.wgt.RDat	ENST00000502436.5	5	16780734	16935938	0.0675	rs953431	 2.661	rs29453	 4.69e-02	 -5.43	-0.47525	37	 1	top1	0.047	3.2e-07	 0.47525	0.634611
NA	/data/songy4/tes/output/weights_control//ENST00000512608.5.wgt.RDat	ENST00000512608.5	5	5420664	5454615	0.0735	rs42202	-3.447	rs34950	-1.32e-03	  2.88	 0.11579	42	26	enet	0.00066	0.25	-2.18284	0.029047
NA	/data/songy4/tes/output/weights_control//ENST00000502468.5.wgt.RDat	ENST00000502468.5	5	128441998	128538223	0.0508	rs4355569	 2.061	rs4355569	 3.97e-02	  4.95	 2.06061	10	 1	top1	0.04	2.4e-06	 2.06061	0.039341
NA	/data/songy4/tes/output/weights_control//ENST00000512579.1.wgt.RDat	ENST00000512579.1	5	126480094	126485752	0.0374	rs1422817	 1.750	rs17165035	 7.60e-03	 -3.15	 0.38158	10	 2	enet	0.0086	0.019	-0.35030	0.726110
NA	/data/songy4/tes/output/weights_control//ENST00000512629.5.wgt.RDat	ENST00000512629.5	5	34656439	34830765	0.0549	rs6451173	 2.559	rs4703457	 1.34e-02	  3.32	-0.44915	27	 1	top1	0.013	0.0045	-0.44915	0.653322
NA	/data/songy4/tes/output/weights_control//ENST00000237853.9.wgt.RDat	ENST00000237853.9	5	95885098	95961851	0.0663	rs27439	 2.486	rs27439	-1.80e-03	 -2.35	 2.48571	16	16	enet	0.018	0.0011	-1.63737	0.101553
NA	/data/songy4/tes/output/weights_control//ENST00000632892.1.wgt.RDat	ENST00000632892.1	5	114486702	114496015	0.0412	rs4705516	 2.747	rs3805588	 1.10e-03	  3.14	 0.96154	10	 6	enet	0.009	0.017	 0.88852	0.374262
NA	/data/songy4/tes/output/weights_control//ENST00000513084.5.wgt.RDat	ENST00000513084.5	5	96876500	96917905	0.0492	rs30997	-1.409	rs10463198	 2.38e-02	  3.89	-0.45631	12	 1	top1	0.024	0.00023	-0.45631	0.648167
NA	/data/songy4/tes/output/weights_control//ENST00000606203.1.wgt.RDat	ENST00000606203.1	5	10195187	10197622	0.0769	rs7711645	 3.234	rs2548551	 3.63e-02	  4.74	-1.06207	42	 1	top1	0.036	6.5e-06	-1.06207	0.288204
NA	/data/songy4/tes/output/weights_control//ENST00000513157.1.wgt.RDat	ENST00000513157.1	5	16373361	16440081	0.1070	rs11133864	-2.466	rs32144	 1.02e-01	  7.54	-0.72477	28	 1	top1	0.1	3.3e-14	-0.72477	0.468593
NA	/data/songy4/tes/output/weights_control//ENST00000388827.4.wgt.RDat	ENST00000388827.4	5	42756818	42800351	0.0336	rs514567	-1.303	rs1423652	 2.23e-02	  4.05	-0.18421	 6	 1	top1	0.022	0.00035	-0.18421	0.853848
NA	/data/songy4/tes/output/weights_control//ENST00000512980.5.wgt.RDat	ENST00000512980.5	5	42799883	42811892	0.0401	rs514567	-1.303	rs1423652	 8.12e-03	  3.92	-0.18421	 6	 3	enet	0.024	0.00022	 0.57844	0.562964
NA	/data/songy4/tes/output/weights_control//ENST00000613445.4.wgt.RDat	ENST00000613445.4	5	36606355	36688332	0.1006	rs17290929	 1.383	rs42914	 2.90e-02	  5.23	 0.49693	13	 2	lasso	0.074	1.5e-10	 0.09336	0.925615
NA	/data/songy4/tes/output/weights_control//ENST00000489906.5.wgt.RDat	ENST00000489906.5	5	133972726	133976369	0.0356	rs11950533	 5.797	rs4997055	 9.00e-03	 -4.28	 1.51648	11	 2	lasso	0.013	0.0056	-1.75535	0.079200
NA	/data/songy4/tes/output/weights_control//ENST00000606107.5.wgt.RDat	ENST00000606107.5	5	477104	480508	0.1830	rs13177896	 2.100	rs349583	 1.07e-01	  7.76	-1.61404	11	10	enet	0.15	4.6e-21	-0.96063	0.336736
NA	/data/songy4/tes/output/weights_control//ENST00000513041.1.wgt.RDat	ENST00000513041.1	5	16428536	16432436	0.0560	rs11133864	-2.466	rs32144	 6.80e-02	  6.29	-0.72477	27	 1	top1	0.068	7.5e-10	-0.72477	0.468593
NA	/data/songy4/tes/output/weights_control//ENST00000606074.1.wgt.RDat	ENST00000606074.1	5	477245	478651	0.1655	rs13177896	 2.100	rs349583	 1.09e-01	  7.75	-1.61404	11	 7	enet	0.13	3.8e-18	-1.08717	0.276964
NA	/data/songy4/tes/output/weights_control//ENST00000606056.1.wgt.RDat	ENST00000606056.1	5	42806394	42806997	0.0199	rs514567	-1.303	rs1423652	 1.79e-03	  3.15	-0.18421	 6	 1	top1	0.0018	0.16	-0.18421	0.853848
NA	/data/songy4/tes/output/weights_control//ENST00000581683.1.wgt.RDat	ENST00000581683.1	5	72878591	72878663	0.0621	rs12651948	-1.703	rs608104	 4.95e-02	  5.19	 0.05825	27	 1	top1	0.05	1.5e-07	 0.05825	0.953548
NA	/data/songy4/tes/output/weights_control//ENST00000514306.1.wgt.RDat	ENST00000514306.1	5	58458297	58459859	0.0550	rs736736	 1.919	rs925824	-1.45e-03	  3.35	 1.40990	21	11	enet	0.0055	0.049	-0.36052	0.718459
NA	/data/songy4/tes/output/weights_control//ENST00000326035.6.wgt.RDat	ENST00000326035.6	5	43192225	43280850	0.0327	rs514567	-1.303	rs514567	 2.24e-02	  3.92	-1.30328	 3	 1	top1	0.022	0.00033	-1.30328	0.192480
NA	/data/songy4/tes/output/weights_control//ENST00000412243.2.wgt.RDat	ENST00000412243.2	5	97056402	97057358	0.0312	rs1363886	 1.368	rs10044333	-1.91e-03	  2.71	 0.09848	 6	 6	enet	0.0074	0.027	 0.65627	0.511649
NA	/data/songy4/tes/output/weights_control//ENST00000514235.5.wgt.RDat	ENST00000514235.5	5	176084906	176090709	0.0263	rs17078748	 2.084	rs12520273	 4.81e-03	  2.84	 1.08403	17	 1	top1	0.0048	0.061	 1.08403	0.278350
NA	/data/songy4/tes/output/weights_control//ENST00000265333.8.wgt.RDat	ENST00000265333.8	5	133971871	134004975	0.0399	rs11950533	 5.797	rs4997055	 1.03e-02	 -4.46	 1.51648	11	 2	lasso	0.018	0.0012	-1.74114	0.081660
NA	/data/songy4/tes/output/weights_control//ENST00000514218.5.wgt.RDat	ENST00000514218.5	5	42800934	42887392	0.0382	rs514567	-1.303	rs1423652	 3.39e-02	  4.47	-0.18421	 6	 1	top1	0.034	1.3e-05	-0.18421	0.853848
NA	/data/songy4/tes/output/weights_control//ENST00000514497.6.wgt.RDat	ENST00000514497.6	5	122312183	122403797	0.0266	rs6595458	 1.842	rs186749	-1.89e-03	 -2.81	 0.56566	16	 6	enet	0.0047	0.064	 0.35502	0.722573
NA	/data/songy4/tes/output/weights_control//ENST00000511684.5.wgt.RDat	ENST00000511684.5	5	95646754	95656190	0.0518	rs155039	 1.969	rs11738940	 1.46e-03	  3.19	 0.41121	18	 9	enet	0.013	0.0058	-0.14051	0.888256
NA	/data/songy4/tes/output/weights_control//ENST00000333482.4.wgt.RDat	ENST00000333482.4	5	115691462	115692167	0.0575	rs11241349	 1.836	rs11958116	-6.12e-04	 -2.98	 1.20561	28	15	enet	0.007	0.031	-0.45228	0.651069
NA	/data/songy4/tes/output/weights_control//ENST00000514375.1.wgt.RDat	ENST00000514375.1	5	473361	524330	0.1649	rs13177896	 2.100	rs349583	 8.11e-02	  6.85	-1.61404	11	10	enet	0.14	1.1e-18	-1.37471	0.169223
NA	/data/songy4/tes/output/weights_control//ENST00000514403.1.wgt.RDat	ENST00000514403.1	5	42801200	42807298	0.0298	rs514567	-1.303	rs1423652	 6.83e-03	  3.59	-0.18421	 6	 3	enet	0.02	0.00064	 0.33183	0.740016
NA	/data/songy4/tes/output/weights_control//ENST00000607005.6.wgt.RDat	ENST00000607005.6	5	477054	480006	0.1509	rs13177896	 2.100	rs349583	 9.35e-02	  7.34	-1.61404	11	10	enet	0.13	5.7e-18	-1.26084	0.207365
NA	/data/songy4/tes/output/weights_control//ENST00000514409.6.wgt.RDat	ENST00000514409.6	5	127939250	128083097	0.0420	rs4355569	 2.061	rs251215	 2.88e-02	 -4.28	-0.47368	13	 1	top1	0.029	5.5e-05	 0.47368	0.635725
NA	/data/songy4/tes/output/weights_control//ENST00000486501.3.wgt.RDat	ENST00000486501.3	5	72314397	72314688	0.0282	rs12651948	-1.703	rs2663073	-4.39e-04	  2.86	 0.71569	 9	 5	enet	0.0098	0.013	-0.20053	0.841063
NA	/data/songy4/tes/output/weights_control//ENST00000513882.5.wgt.RDat	ENST00000513882.5	5	16702977	16916527	0.0508	rs953431	 2.661	rs29453	 3.22e-02	 -4.96	-0.47525	35	 1	top1	0.032	2.1e-05	 0.47525	0.634611
NA	/data/songy4/tes/output/weights_control//ENST00000611761.1.wgt.RDat	ENST00000611761.1	5	60487713	60487929	0.0268	rs10471513	-4.701	rs1501841	 2.07e-02	 -3.71	 0.61000	14	 1	top1	0.021	0.00055	-0.61000	0.541862
NA	/data/songy4/tes/output/weights_control//ENST00000607286.5.wgt.RDat	ENST00000607286.5	5	473236	480467	0.2119	rs13177896	 2.100	rs349583	 1.09e-01	  7.81	-1.61404	11	11	enet	0.18	1.1e-24	-1.20370	0.228707
NA	/data/songy4/tes/output/weights_control//ENST00000655313.1.wgt.RDat	ENST00000655313.1	5	477322	480440	0.1680	rs13177896	 2.100	rs349583	 1.07e-01	  7.87	-1.61404	11	11	enet	0.12	1.1e-16	-1.08025	0.280029
NA	/data/songy4/tes/output/weights_control//ENST00000514809.1.wgt.RDat	ENST00000514809.1	5	60764261	60844210	0.0332	rs10471513	-4.701	rs409912	 5.62e-03	  3.20	-0.51553	20	 6	enet	0.016	0.0024	-0.01975	0.984240
NA	/data/songy4/tes/output/weights_control//ENST00000511839.5.wgt.RDat	ENST00000511839.5	5	102864537	102867388	0.0472	rs402232	 1.928	rs2665182	-1.69e-03	  2.45	-0.18095	17	14	enet	0.0013	0.19	-0.31310	0.754203
NA	/data/songy4/tes/output/weights_control//ENST00000265272.9.wgt.RDat	ENST00000265272.9	5	147588566	147782775	0.0364	rs17706942	-2.857	rs17107298	 1.58e-03	  3.57	-0.69291	24	 7	enet	0.016	0.0024	-1.10301	0.270022
NA	/data/songy4/tes/output/weights_control//ENST00000514009.1.wgt.RDat	ENST00000514009.1	5	43206709	43207811	0.0358	rs514567	-1.303	rs514567	 2.68e-02	  4.06	-1.30328	 3	 1	top1	0.027	9.5e-05	-1.30328	0.192480
NA	/data/songy4/tes/output/weights_control//ENST00000455837.2.wgt.RDat	ENST00000455837.2	5	50633124	50633602	0.1203	rs987756	-1.463	rs27580	 1.03e-01	 -7.51	 0.76336	10	 2	lasso	0.12	3.4e-16	-0.62877	0.529499
NA	/data/songy4/tes/output/weights_control//ENST00000499346.7.wgt.RDat	ENST00000499346.7	5	127939152	128083100	0.0412	rs4355569	 2.061	rs251215	 2.39e-02	 -3.92	-0.47368	13	 5	enet	0.031	2.6e-05	 0.86793	0.385433
NA	/data/songy4/tes/output/weights_control//ENST00000513950.2.wgt.RDat	ENST00000513950.2	5	95654061	95656333	0.0538	rs155039	 1.969	rs11738940	-1.89e-03	  2.79	 0.41121	17	 8	enet	0.0095	0.014	-0.60692	0.543901
NA	/data/songy4/tes/output/weights_control//ENST00000514115.6.wgt.RDat	ENST00000514115.6	5	114475339	114668410	0.0335	rs4705516	 2.747	rs6594879	 6.95e-03	  3.25	 1.60577	17	 1	top1	0.0069	0.031	 1.60577	0.108325
NA	/data/songy4/tes/output/weights_control//ENST00000514742.1.wgt.RDat	ENST00000514742.1	5	128446076	128538223	0.0582	rs4355569	 2.061	rs4355569	 4.15e-02	  5.09	 2.06061	10	 1	top1	0.042	1.5e-06	 2.06061	0.039341
