PANEL	FILE	ID	CHR	P0	P1	HSQ	BEST.GWAS.ID	BEST.GWAS.Z	EQTL.ID	EQTL.R2	EQTL.Z	EQTL.GWAS.Z	NSNP	NWGT	MODEL	MODELCV.R2	MODELCV.PV	TWAS.Z	TWAS.P
NA	/data/songy4/tes/output/weights_control//ENST00000514698.5.wgt.RDat	ENST00000514698.5	4	987044	1004505	0.0551	rs1051613	 11.153	rs1051613	 3.43e-02	 -4.65	11.1531	17	 1	top1	0.034	1.1e-05	-11.1531	6.92e-29
NA	/data/songy4/tes/output/weights_control//ENST00000515182.1.wgt.RDat	ENST00000515182.1	4	960615	962440	0.1444	rs1051613	 11.153	rs1051613	 9.86e-02	 -7.35	11.1531	17	10	enet	0.12	9.3e-17	 -8.2324	1.84e-16
NA	/data/songy4/tes/output/weights_control//ENST00000515124.5.wgt.RDat	ENST00000515124.5	4	15469912	15482259	0.1840	rs4698412	-11.011	rs2302467	 6.89e-02	 -7.50	-0.4105	14	 9	enet	0.19	1.8e-25	  1.1777	2.39e-01
NA	/data/songy4/tes/output/weights_control//ENST00000509419.1.wgt.RDat	ENST00000509419.1	4	5015144	5019441	0.0434	rs1374621	 -2.777	rs10937615	 4.90e-02	  5.29	-0.1296	30	 1	top1	0.049	1.7e-07	 -0.1296	8.97e-01
NA	/data/songy4/tes/output/weights_control//ENST00000668586.1.wgt.RDat	ENST00000668586.1	4	38612097	38664893	0.0563	rs17499919	  2.903	rs1824652	 2.90e-02	  4.10	 0.8200	26	 8	enet	0.033	1.4e-05	  1.4577	1.45e-01
NA	/data/songy4/tes/output/weights_control//ENST00000657282.1.wgt.RDat	ENST00000657282.1	4	3049157	3074470	0.1864	rs1263345	 -4.521	rs2298969	 9.74e-02	 -7.59	-1.1720	13	 5	enet	0.14	5e-19	  1.0249	3.05e-01
NA	/data/songy4/tes/output/weights_control//ENST00000514450.2.wgt.RDat	ENST00000514450.2	4	15469921	15511675	0.1754	rs4698412	-11.011	rs2302467	 1.16e-01	 -7.91	-0.4105	17	 9	enet	0.18	4.3e-24	  0.4391	6.61e-01
NA	/data/songy4/tes/output/weights_control//ENST00000514490.5.wgt.RDat	ENST00000514490.5	4	1172000	1173170	0.0575	rs1051613	 11.153	rs13118159	-1.60e-03	  2.96	 0.4407	19	 9	enet	0.021	0.00049	 -1.4853	1.37e-01
NA	/data/songy4/tes/output/weights_control//ENST00000604030.6.wgt.RDat	ENST00000604030.6	4	151120287	151325632	0.0231	rs4835617	 -0.481	rs11931842	 5.47e-03	  2.84	 0.4579	 6	 6	enet	0.0076	0.025	  0.3924	6.95e-01
NA	/data/songy4/tes/output/weights_control//ENST00000322224.8.wgt.RDat	ENST00000322224.8	4	681829	689441	0.0315	rs1051613	 11.153	rs11730652	 2.86e-04	 -3.03	 0.7806	14	 8	enet	0.0047	0.062	  0.2227	8.24e-01
NA	/data/songy4/tes/output/weights_control//ENST00000503421.5.wgt.RDat	ENST00000503421.5	4	90649511	90911313	0.0298	rs3857047	  7.276	rs17015692	 1.61e-02	 -3.27	-0.6190	10	 5	enet	0.017	0.0016	 -0.0310	9.75e-01
NA	/data/songy4/tes/output/weights_control//ENST00000515118.5.wgt.RDat	ENST00000515118.5	4	681858	689191	0.0366	rs1051613	 11.153	rs11730652	 3.64e-03	 -3.54	 0.7806	14	 7	enet	0.011	0.01	 -0.1518	8.79e-01
NA	/data/songy4/tes/output/weights_control//ENST00000421491.4.wgt.RDat	ENST00000421491.4	4	134196333	134201789	0.0231	rs11725788	 -1.933	rs6839838	 1.45e-03	  3.00	-0.6862	 6	 1	top1	0.0014	0.19	 -0.6862	4.93e-01
NA	/data/songy4/tes/output/weights_control//ENST00000509697.1.wgt.RDat	ENST00000509697.1	4	1169763	1171070	0.0433	rs1051613	 11.153	rs900030	 1.56e-02	  3.24	 1.0056	18	 1	top1	0.016	0.0024	  1.0056	3.15e-01
NA	/data/songy4/tes/output/weights_control//ENST00000514863.1.wgt.RDat	ENST00000514863.1	4	14164455	14242813	0.0694	rs3931695	 -2.194	rs3096584	 5.91e-02	 -6.04	-1.3900	26	 1	top1	0.059	9.7e-09	  1.3900	1.65e-01
NA	/data/songy4/tes/output/weights_control//ENST00000338806.4.wgt.RDat	ENST00000338806.4	4	3369879	3439905	0.0331	rs1263345	 -4.521	rs762864	-1.39e-03	 -2.98	 2.4416	16	 6	enet	0.0051	0.055	 -1.2634	2.06e-01
NA	/data/songy4/tes/output/weights_control//ENST00000509754.5.wgt.RDat	ENST00000509754.5	4	38800472	38804789	0.0457	NA	     NA	NA	       NA	    NA	     NA	16	 0	top1	0.025	0.00017	      NA	      NA
NA	/data/songy4/tes/output/weights_control//ENST00000509465.5.wgt.RDat	ENST00000509465.5	4	958888	973322	0.1665	rs1051613	 11.153	rs1051613	 1.13e-01	 -7.85	11.1531	17	10	enet	0.14	2.5e-19	 -7.9879	1.37e-15
NA	/data/songy4/tes/output/weights_control//ENST00000515071.1.wgt.RDat	ENST00000515071.1	4	154754756	154781873	0.0340	rs9999890	 -1.951	rs2241839	 1.28e-02	 -3.16	-0.3772	16	 1	top1	0.013	0.0053	  0.3772	7.06e-01
NA	/data/songy4/tes/output/weights_control//ENST00000503612.1.wgt.RDat	ENST00000503612.1	4	680746	682028	0.0297	rs1051613	 11.153	rs11730652	-1.76e-03	 -2.91	 0.7806	14	 5	lasso	-0.00028	0.36	 -2.3244	2.01e-02
NA	/data/songy4/tes/output/weights_control//ENST00000657576.1.wgt.RDat	ENST00000657576.1	4	31997379	32155711	0.0682	rs7661647	 -0.954	rs1541548	 5.53e-02	  5.69	-0.6066	10	 1	top1	0.055	2.9e-08	 -0.6066	5.44e-01
NA	/data/songy4/tes/output/weights_control//ENST00000515004.5.wgt.RDat	ENST00000515004.5	4	1171879	1195134	0.0365	rs1051613	 11.153	rs13118159	-1.83e-03	  2.67	 0.4407	19	 7	enet	0.0016	0.17	 -1.4205	1.55e-01
NA	/data/songy4/tes/output/weights_control//ENST00000653420.1.wgt.RDat	ENST00000653420.1	4	141302910	141332617	0.0372	rs6817684	 -2.278	rs6817684	 8.13e-03	 -3.44	-2.2783	20	 1	top1	0.0081	0.022	  2.2783	2.27e-02
NA	/data/songy4/tes/output/weights_control//ENST00000475288.5.wgt.RDat	ENST00000475288.5	4	705782	731345	0.0337	rs1051613	 11.153	rs6837180	-5.91e-04	  2.94	-0.7857	14	 8	enet	0.0074	0.027	 -0.7408	4.59e-01
NA	/data/songy4/tes/output/weights_control//ENST00000641328.1.wgt.RDat	ENST00000641328.1	4	143559457	143913947	0.0345	rs13102150	 -1.784	rs13125853	 4.63e-03	  3.46	-0.8776	 9	 5	enet	0.026	0.00013	 -1.3269	1.85e-01
NA	/data/songy4/tes/output/weights_control//ENST00000396724.3.wgt.RDat	ENST00000396724.3	4	143572413	143573674	0.0347	rs13102150	 -1.784	rs13125853	 2.99e-02	  4.21	-0.8776	 7	 1	top1	0.03	4e-05	 -0.8776	3.80e-01
NA	/data/songy4/tes/output/weights_control//ENST00000667687.1.wgt.RDat	ENST00000667687.1	4	134248514	134327463	0.0220	rs11725788	 -1.933	rs1058267	-1.72e-03	  2.81	-0.2718	 5	 5	enet	-0.0015	0.66	  0.4894	6.25e-01
NA	/data/songy4/tes/output/weights_control//ENST00000503840.2.wgt.RDat	ENST00000503840.2	4	77311397	77312111	0.0483	rs2034004	 -5.856	rs2053486	-1.71e-03	 -2.52	-5.3915	21	13	enet	0.0058	0.044	  6.5068	7.68e-11
NA	/data/songy4/tes/output/weights_control//ENST00000641428.1.wgt.RDat	ENST00000641428.1	4	144089901	144188367	0.0181	rs28924077	  1.309	rs28924077	 7.57e-03	 -3.14	 1.3089	 3	 2	enet	0.018	0.0011	 -0.8861	3.76e-01
NA	/data/songy4/tes/output/weights_control//ENST00000463952.5.wgt.RDat	ENST00000463952.5	4	40762606	40776188	0.0547	rs9684412	 -1.792	rs7695920	-1.06e-03	 -3.32	 0.0515	29	12	enet	0.0087	0.018	 -1.4286	1.53e-01
NA	/data/songy4/tes/output/weights_control//ENST00000480875.1.wgt.RDat	ENST00000480875.1	4	22594196	22594450	0.0273	rs13132256	 -1.530	rs439863	 1.49e-02	 -3.09	-0.0991	 6	 1	top1	0.015	0.0029	  0.0991	9.21e-01
NA	/data/songy4/tes/output/weights_control//ENST00000444304.2.wgt.RDat	ENST00000444304.2	4	15427789	15443136	0.2295	rs4698412	-11.011	rs13133213	 1.49e-01	  8.98	-0.5319	14	 4	enet	0.25	1.6e-34	  0.3424	7.32e-01
NA	/data/songy4/tes/output/weights_control//ENST00000503821.5.wgt.RDat	ENST00000503821.5	4	47661488	47838067	0.1089	rs4499679	 -2.241	rs4694890	-4.81e-04	 -3.34	-0.2990	16	15	enet	0.069	5.9e-10	  1.4008	1.61e-01
NA	/data/songy4/tes/output/weights_control//ENST00000608442.1.wgt.RDat	ENST00000608442.1	4	7754090	7778928	0.3154	rs17757615	  2.298	rs6447872	 1.55e-01	 -9.73	 0.9439	64	 4	lasso	0.25	2.2e-35	 -0.2435	8.08e-01
NA	/data/songy4/tes/output/weights_control//ENST00000641208.1.wgt.RDat	ENST00000641208.1	4	86010431	86360059	0.0519	rs744597	 -1.510	rs17383297	-6.34e-04	 -2.80	-0.7377	10	 8	enet	0.014	0.0037	  2.6544	7.95e-03
NA	/data/songy4/tes/output/weights_control//ENST00000658551.1.wgt.RDat	ENST00000658551.1	4	143912331	143982454	0.0277	rs13102150	 -1.784	rs28924077	 1.72e-02	 -3.31	 1.3089	 6	 4	enet	0.018	0.0013	 -0.8857	3.76e-01
NA	/data/songy4/tes/output/weights_control//ENST00000652844.1.wgt.RDat	ENST00000652844.1	4	47831340	47896707	0.0759	rs4499679	 -2.241	rs16861108	 1.77e-03	 -2.83	-0.9698	13	11	enet	0.042	1.4e-06	  1.4930	1.35e-01
NA	/data/songy4/tes/output/weights_control//ENST00000508566.2.wgt.RDat	ENST00000508566.2	4	10254926	10256621	0.1680	rs4697648	 -1.660	rs4447863	 1.07e-01	 -7.67	-0.5745	 6	 6	enet	0.18	1.5e-24	 -0.2965	7.67e-01
NA	/data/songy4/tes/output/weights_control//ENST00000641864.1.wgt.RDat	ENST00000641864.1	4	86026509	86360053	0.0695	rs744597	 -1.510	rs17383297	 2.45e-02	 -4.07	-0.7377	10	10	enet	0.029	4.8e-05	  2.0753	3.80e-02
NA	/data/songy4/tes/output/weights_control//ENST00000563286.1.wgt.RDat	ENST00000563286.1	4	47840122	47844339	0.0590	rs4499679	 -2.241	rs2457415	 8.30e-04	  2.69	 0.0000	13	10	enet	0.03	3.4e-05	  1.0500	2.94e-01
NA	/data/songy4/tes/output/weights_control//ENST00000641803.1.wgt.RDat	ENST00000641803.1	4	86010608	86358527	0.0324	rs744597	 -1.510	rs346500	-1.87e-03	 -2.72	 0.0198	10	 9	enet	0.00061	0.25	  2.2740	2.30e-02
NA	/data/songy4/tes/output/weights_control//ENST00000609172.1.wgt.RDat	ENST00000609172.1	4	661209	661945	0.0456	rs1051613	 11.153	rs28675771	 1.09e-02	 -3.44	 0.4247	14	 8	enet	0.03	4.3e-05	 -1.8649	6.22e-02
NA	/data/songy4/tes/output/weights_control//ENST00000508487.3.wgt.RDat	ENST00000508487.3	4	74097040	74099195	0.0181	rs12506479	  0.941	rs16849080	 1.82e-02	 -3.64	 0.4244	 5	 1	top1	0.018	0.0011	 -0.4244	6.71e-01
NA	/data/songy4/tes/output/weights_control//ENST00000508498.5.wgt.RDat	ENST00000508498.5	4	47595482	47790260	0.0574	rs4499679	 -2.241	rs2457415	 2.10e-03	  3.15	 0.0000	15	11	enet	0.016	0.0019	  1.0657	2.87e-01
NA	/data/songy4/tes/output/weights_control//ENST00000397958.5.wgt.RDat	ENST00000397958.5	4	4386256	4419058	0.1365	rs4279148	  2.000	rs4689329	 6.59e-02	  6.31	 1.6589	24	16	enet	0.093	4.9e-13	  1.3479	1.78e-01
NA	/data/songy4/tes/output/weights_control//ENST00000641903.1.wgt.RDat	ENST00000641903.1	4	86010453	86360051	0.0241	rs744597	 -1.510	rs17383297	-1.85e-03	 -2.92	-0.7377	10	 4	enet	0.00073	0.24	  1.3021	1.93e-01
NA	/data/songy4/tes/output/weights_control//ENST00000508535.1.wgt.RDat	ENST00000508535.1	4	38800870	38805533	0.0533	NA	     NA	NA	       NA	    NA	     NA	16	 0	top1	0.028	6.6e-05	      NA	      NA
NA	/data/songy4/tes/output/weights_control//ENST00000464513.2.wgt.RDat	ENST00000464513.2	4	131857343	131857913	0.0222	rs1382171	 -2.113	rs1382171	 9.22e-03	 -2.97	-2.1127	 4	 2	lasso	0.0099	0.013	  1.7426	8.14e-02
NA	/data/songy4/tes/output/weights_control//ENST00000641954.1.wgt.RDat	ENST00000641954.1	4	86023931	86360055	0.0397	rs744597	 -1.510	rs346500	-1.90e-03	 -2.47	 0.0198	10	 9	enet	0.011	0.0082	  1.4872	1.37e-01
NA	/data/songy4/tes/output/weights_control//ENST00000316607.5.wgt.RDat	ENST00000316607.5	4	40749925	40809985	0.0615	rs9684412	 -1.792	rs7695920	 3.38e-03	 -3.46	 0.0515	29	15	enet	0.0065	0.036	 -1.4910	1.36e-01
NA	/data/songy4/tes/output/weights_control//ENST00000503893.1.wgt.RDat	ENST00000503893.1	4	3063471	3074514	0.0747	rs1263345	 -4.521	rs2298969	 5.91e-02	 -5.74	-1.1720	13	 3	enet	0.074	1.3e-10	  1.8569	6.33e-02
NA	/data/songy4/tes/output/weights_control//ENST00000641556.1.wgt.RDat	ENST00000641556.1	4	143700734	143982274	0.0319	rs13102150	 -1.784	rs28924077	 8.33e-03	 -3.22	 1.3089	 8	 5	enet	0.011	0.01	 -1.9324	5.33e-02
NA	/data/songy4/tes/output/weights_control//ENST00000641485.1.wgt.RDat	ENST00000641485.1	4	86026436	86360053	0.0737	rs744597	 -1.510	rs17383297	 1.83e-02	 -4.07	-0.7377	10	 8	enet	0.031	2.7e-05	  2.0903	3.66e-02
NA	/data/songy4/tes/output/weights_control//ENST00000641462.2.wgt.RDat	ENST00000641462.2	4	86010405	86360053	0.0527	rs744597	 -1.510	rs346500	-9.53e-04	 -2.77	 0.0198	10	 9	enet	0.013	0.0051	  2.7158	6.61e-03
NA	/data/songy4/tes/output/weights_control//ENST00000397700.6.wgt.RDat	ENST00000397700.6	4	15339818	15442362	0.2376	rs4698412	-11.011	rs13133213	 1.59e-01	  9.21	-0.5319	21	 8	enet	0.26	1.3e-36	  0.2910	7.71e-01
NA	/data/songy4/tes/output/weights_control//ENST00000481042.1.wgt.RDat	ENST00000481042.1	4	10034225	10040388	0.1107	rs6814532	  0.978	rs4447863	 1.03e-01	  7.48	-0.5745	 4	 4	enet	0.11	1.4e-14	 -0.1454	8.84e-01
NA	/data/songy4/tes/output/weights_control//ENST00000429690.5.wgt.RDat	ENST00000429690.5	4	15374551	15446166	0.2600	rs4698412	-11.011	rs13133213	 1.51e-01	  9.00	-0.5319	19	 8	enet	0.26	1.1e-35	  0.8334	4.05e-01
NA	/data/songy4/tes/output/weights_control//ENST00000658372.1.wgt.RDat	ENST00000658372.1	4	141321129	141332617	0.0386	rs6817684	 -2.278	rs6817684	 8.80e-03	 -3.47	-2.2783	20	 1	top1	0.0088	0.018	  2.2783	2.27e-02
NA	/data/songy4/tes/output/weights_control//ENST00000428702.6.wgt.RDat	ENST00000428702.6	4	17486527	17512086	0.0419	rs740672	  3.316	rs6843189	 1.69e-02	  3.65	 0.8317	16	 1	top1	0.017	0.0016	  0.8317	4.06e-01
NA	/data/songy4/tes/output/weights_control//ENST00000503716.5.wgt.RDat	ENST00000503716.5	4	150264659	150581722	0.0262	rs4835617	 -0.481	rs6852150	 1.51e-02	  3.14	-0.2202	 4	 1	top1	0.015	0.0027	 -0.2202	8.26e-01
NA	/data/songy4/tes/output/weights_control//ENST00000509214.1.wgt.RDat	ENST00000509214.1	4	10025724	10029300	0.1008	rs6814532	  0.978	rs4447863	 6.37e-02	  5.91	-0.5745	 4	 4	enet	0.086	4.1e-12	  0.2154	8.29e-01
NA	/data/songy4/tes/output/weights_control//ENST00000515495.1.wgt.RDat	ENST00000515495.1	4	15358141	15420032	0.2538	rs4698412	-11.011	rs13133213	 1.24e-01	  8.81	-0.5319	19	 6	enet	0.25	3.4e-35	  0.5670	5.71e-01
NA	/data/songy4/tes/output/weights_control//ENST00000515604.5.wgt.RDat	ENST00000515604.5	4	76251721	76311120	0.0325	rs1007044	 -2.222	rs3796683	 2.32e-02	  3.75	-0.5355	 7	 1	top1	0.023	0.00026	 -0.5355	5.92e-01
NA	/data/songy4/tes/output/weights_control//ENST00000653270.1.wgt.RDat	ENST00000653270.1	4	40743627	40750865	0.0504	rs9684412	 -1.792	rs7695920	 3.78e-03	 -3.64	 0.0515	29	 6	enet	0.017	0.0017	 -1.0634	2.88e-01
NA	/data/songy4/tes/output/weights_control//ENST00000503658.2.wgt.RDat	ENST00000503658.2	4	15470013	15481351	0.1953	rs4698412	-11.011	rs13133213	 9.11e-02	  7.71	-0.5319	14	 9	enet	0.19	4.1e-26	  1.2960	1.95e-01
NA	/data/songy4/tes/output/weights_control//ENST00000509233.5.wgt.RDat	ENST00000509233.5	4	1172022	1208145	0.0538	rs1051613	 11.153	rs900030	-1.42e-03	  2.90	 1.0056	19	10	enet	0.015	0.0027	 -0.9520	3.41e-01
NA	/data/songy4/tes/output/weights_control//ENST00000503693.1.wgt.RDat	ENST00000503693.1	4	1289908	1329276	0.0430	rs1051613	 11.153	rs7663735	 2.00e-02	 -3.58	 0.8293	17	 5	enet	0.03	3.7e-05	  0.7497	4.53e-01
NA	/data/songy4/tes/output/weights_control//ENST00000515886.5.wgt.RDat	ENST00000515886.5	4	3484544	3494481	0.0392	rs762864	  1.702	rs10937927	 3.68e-02	 -4.72	-0.9091	16	 1	top1	0.037	5.5e-06	  0.9091	3.63e-01
NA	/data/songy4/tes/output/weights_control//ENST00000668013.1.wgt.RDat	ENST00000668013.1	4	134097234	134327458	0.0275	rs11725788	 -1.933	rs1058267	-1.91e-03	  2.96	-0.2718	 6	 6	enet	-0.0017	0.75	 -0.4078	6.83e-01
NA	/data/songy4/tes/output/weights_control//ENST00000603775.1.wgt.RDat	ENST00000603775.1	4	10238213	10238235	0.0892	rs4697648	 -1.660	rs1860910	 3.67e-02	 -5.65	-0.7917	 6	 6	enet	0.082	1.3e-11	 -0.2552	7.99e-01
NA	/data/songy4/tes/output/weights_control//ENST00000429019.4.wgt.RDat	ENST00000429019.4	4	7939001	7940296	0.3236	rs6855453	 -2.105	rs7356321	 1.65e-01	 10.22	 0.7184	48	22	enet	0.29	7.1e-41	 -0.1076	9.14e-01
NA	/data/songy4/tes/output/weights_control//ENST00000503765.5.wgt.RDat	ENST00000503765.5	4	1171381	1173211	0.0561	rs1051613	 11.153	rs13118159	-9.56e-04	  2.83	 0.4407	19	14	enet	0.012	0.0061	 -1.1923	2.33e-01
NA	/data/songy4/tes/output/weights_control//ENST00000627566.1.wgt.RDat	ENST00000627566.1	4	21843341	21853188	0.0505	rs4377576	 -2.420	rs4377576	 5.36e-02	  5.47	-2.4200	10	 1	top1	0.054	4.7e-08	 -2.4200	1.55e-02
NA	/data/songy4/tes/output/weights_control//ENST00000652978.1.wgt.RDat	ENST00000652978.1	4	141322534	141332703	0.0371	rs6817684	 -2.278	rs6817684	 6.65e-03	 -3.37	-2.2783	20	 1	top1	0.0067	0.034	  2.2783	2.27e-02
NA	/data/songy4/tes/output/weights_control//ENST00000463238.1.wgt.RDat	ENST00000463238.1	4	1655536	1684302	0.0541	rs3135123	  2.069	rs6828404	 9.38e-04	  2.93	-0.6987	15	11	enet	0.025	0.00014	 -1.4108	1.58e-01
NA	/data/songy4/tes/output/weights_control//ENST00000381538.7.wgt.RDat	ENST00000381538.7	4	47847240	47914616	0.0692	rs4499679	 -2.241	rs2457415	 1.40e-02	  3.06	 0.0000	13	11	enet	0.036	6.4e-06	  1.3330	1.83e-01
NA	/data/songy4/tes/output/weights_control//ENST00000381582.3.wgt.RDat	ENST00000381582.3	4	47031581	47033013	0.0293	rs4499679	 -2.241	rs4508853	 1.56e-03	 -3.25	 0.4228	10	 5	enet	0.0071	0.03	  0.7444	4.57e-01
NA	/data/songy4/tes/output/weights_control//ENST00000503041.5.wgt.RDat	ENST00000503041.5	4	3385699	3414844	0.0379	rs1263345	 -4.521	rs6446740	 2.16e-03	  3.19	 1.1856	16	 8	enet	0.0078	0.024	 -0.4495	6.53e-01
NA	/data/songy4/tes/output/weights_control//ENST00000226444.4.wgt.RDat	ENST00000226444.4	4	69841212	69860145	0.0308	rs1569343	 -0.614	rs7441743	 2.41e-02	  3.96	-0.6038	 3	 3	enet	0.028	6.6e-05	 -0.5951	5.52e-01
NA	/data/songy4/tes/output/weights_control//ENST00000512597.5.wgt.RDat	ENST00000512597.5	4	151482609	151577524	0.0367	rs11931842	  0.458	rs11931842	 1.39e-02	  3.18	 0.4579	 2	 2	enet	0.021	0.00058	  0.6586	5.10e-01
NA	/data/songy4/tes/output/weights_control//ENST00000478503.6.wgt.RDat	ENST00000478503.6	4	151120287	151166320	0.0298	rs4835617	 -0.481	rs11931842	 1.40e-02	  3.21	 0.4579	 6	 6	enet	0.02	0.00067	  0.5477	5.84e-01
NA	/data/songy4/tes/output/weights_control//ENST00000502483.5.wgt.RDat	ENST00000502483.5	4	1171889	1195139	0.0334	rs1051613	 11.153	rs13118159	-1.33e-03	  2.65	 0.4407	19	 7	enet	0.002	0.15	 -1.5894	1.12e-01
NA	/data/songy4/tes/output/weights_control//ENST00000635323.1.wgt.RDat	ENST00000635323.1	4	119449570	119454628	0.0529	rs6828669	  1.276	rs6828669	 8.64e-03	 -4.02	 1.2755	 7	 7	enet	0.026	0.00011	 -1.0445	2.96e-01
NA	/data/songy4/tes/output/weights_control//ENST00000512289.5.wgt.RDat	ENST00000512289.5	4	1329057	1340113	0.0616	rs1051613	 11.153	rs7663735	 9.94e-03	 -3.88	 0.8293	16	 5	enet	0.046	4.4e-07	  0.8057	4.20e-01
NA	/data/songy4/tes/output/weights_control//ENST00000512421.1.wgt.RDat	ENST00000512421.1	4	10294463	10295579	0.0848	rs4697648	 -1.660	rs1860910	 5.95e-02	 -6.60	-0.7917	 6	 5	enet	0.096	2.1e-13	  0.3435	7.31e-01
NA	/data/songy4/tes/output/weights_control//ENST00000512393.1.wgt.RDat	ENST00000512393.1	4	47580399	47583315	0.0343	rs4499679	 -2.241	rs4508853	 2.85e-02	  4.44	 0.4228	11	 1	top1	0.029	5.9e-05	  0.4228	6.72e-01
NA	/data/songy4/tes/output/weights_control//ENST00000511123.1.wgt.RDat	ENST00000511123.1	4	48025127	48038860	0.0852	rs6818432	 -1.622	rs2457415	 4.09e-02	  4.80	 0.0000	 9	 3	lasso	0.058	1.2e-08	 -0.0493	9.61e-01
NA	/data/songy4/tes/output/weights_control//ENST00000381795.10.wgt.RDat	ENST00000381795.10	4	40423267	40515973	0.0496	NA	     NA	NA	       NA	    NA	     NA	 0	 0	enet	-9.8e-05	0.33	      NA	      NA
NA	/data/songy4/tes/output/weights_control//ENST00000381793.6.wgt.RDat	ENST00000381793.6	4	40423267	40514758	0.0492	rs9998717	 -2.310	rs7695920	-7.90e-04	 -2.75	 0.0515	31	13	enet	0.00015	0.3	 -0.3381	7.35e-01
NA	/data/songy4/tes/output/weights_control//ENST00000512400.1.wgt.RDat	ENST00000512400.1	4	681829	685101	0.0370	rs1051613	 11.153	rs11730652	-1.89e-03	 -3.24	 0.7806	14	11	enet	0.0062	0.04	 -0.1203	9.04e-01
NA	/data/songy4/tes/output/weights_control//ENST00000381782.7.wgt.RDat	ENST00000381782.7	4	40749955	40811184	0.0605	rs9684412	 -1.792	rs7695920	 3.30e-03	 -3.49	 0.0515	29	15	enet	0.0062	0.04	 -1.4549	1.46e-01
NA	/data/songy4/tes/output/weights_control//ENST00000656052.1.wgt.RDat	ENST00000656052.1	4	134248897	134327458	0.0207	rs11725788	 -1.933	rs1058267	-1.90e-03	  2.89	-0.2718	 5	 4	enet	-0.0016	0.68	  0.2209	8.25e-01
NA	/data/songy4/tes/output/weights_control//ENST00000510871.5.wgt.RDat	ENST00000510871.5	4	40423681	40629864	0.0486	rs9998717	 -2.310	rs7695920	 3.44e-03	 -3.01	 0.0515	32	 1	top1	0.0034	0.094	 -0.0515	9.59e-01
NA	/data/songy4/tes/output/weights_control//ENST00000510794.5.wgt.RDat	ENST00000510794.5	4	1309443	1339384	0.0434	rs1051613	 11.153	rs13118159	 2.34e-02	  3.72	 0.4407	16	 1	top1	0.023	0.00025	  0.4407	6.59e-01
NA	/data/songy4/tes/output/weights_control//ENST00000512888.1.wgt.RDat	ENST00000512888.1	4	1171526	1172845	0.0481	rs1051613	 11.153	rs6840253	-1.03e-03	 -2.73	 3.5472	19	 4	lasso	0.0021	0.15	 -1.9162	5.53e-02
NA	/data/songy4/tes/output/weights_control//ENST00000237642.6.wgt.RDat	ENST00000237642.6	4	76306026	76311599	0.0300	rs1007044	 -2.222	rs3796683	 5.54e-03	  3.20	-0.5355	 7	 3	enet	0.019	0.00081	 -1.3219	1.86e-01
NA	/data/songy4/tes/output/weights_control//ENST00000510958.1.wgt.RDat	ENST00000510958.1	4	15340007	15374196	0.1979	rs4698412	-11.011	rs13133213	 1.15e-01	  7.89	-0.5319	17	 4	lasso	0.2	5.9e-27	 -0.1106	9.12e-01
NA	/data/songy4/tes/output/weights_control//ENST00000510947.1.wgt.RDat	ENST00000510947.1	4	10259445	10260138	0.1687	rs4697648	 -1.660	rs4447863	 1.07e-01	 -7.57	-0.5745	 6	 5	enet	0.17	2.5e-23	 -0.0963	9.23e-01
NA	/data/songy4/tes/output/weights_control//ENST00000510968.5.wgt.RDat	ENST00000510968.5	4	183640460	183659151	0.0396	rs4467618	  1.600	rs11132152	 3.43e-03	 -3.54	 0.4214	33	 4	enet	0.016	0.0019	 -0.0940	9.25e-01
NA	/data/songy4/tes/output/weights_control//ENST00000502448.5.wgt.RDat	ENST00000502448.5	4	47847240	47878704	0.0642	rs4499679	 -2.241	rs2457415	 1.43e-02	  3.10	 0.0000	13	12	enet	0.035	1.1e-05	  1.3783	1.68e-01
NA	/data/songy4/tes/output/weights_control//ENST00000510974.1.wgt.RDat	ENST00000510974.1	4	47786724	47837507	0.0704	rs4499679	 -2.241	rs12643755	 3.89e-04	  3.01	 0.8468	14	13	enet	0.027	8.4e-05	  1.6593	9.71e-02
NA	/data/songy4/tes/output/weights_control//ENST00000512740.1.wgt.RDat	ENST00000512740.1	4	183640729	183659156	0.0399	rs4467618	  1.600	rs11132152	 2.75e-03	 -3.44	 0.4214	33	 4	enet	0.015	0.0025	 -0.0504	9.60e-01
NA	/data/songy4/tes/output/weights_control//ENST00000655951.1.wgt.RDat	ENST00000655951.1	4	31997385	32228543	0.0612	rs7661647	 -0.954	rs1541548	 4.77e-02	  5.31	-0.6066	10	 1	top1	0.048	2.5e-07	 -0.6066	5.44e-01
NA	/data/songy4/tes/output/weights_control//ENST00000512702.5.wgt.RDat	ENST00000512702.5	4	15469891	15537076	0.2148	rs4698412	-11.011	rs2302467	 1.43e-01	 -8.83	-0.4105	20	10	enet	0.22	1.1e-30	  0.0654	9.48e-01
NA	/data/songy4/tes/output/weights_control//ENST00000420489.6.wgt.RDat	ENST00000420489.6	4	47936014	48012944	0.0928	rs4499679	 -2.241	rs2457415	 2.80e-02	  3.99	 0.0000	13	13	enet	0.057	2e-08	  1.2127	2.25e-01
NA	/data/songy4/tes/output/weights_control//ENST00000511811.1.wgt.RDat	ENST00000511811.1	4	155452526	155453044	0.0296	NA	     NA	NA	       NA	    NA	     NA	16	 0	lasso	0.02	0.00061	      NA	      NA
NA	/data/songy4/tes/output/weights_control//ENST00000511805.5.wgt.RDat	ENST00000511805.5	4	3318039	3378591	0.0451	NA	     NA	NA	       NA	    NA	     NA	17	 0	lasso	0.016	0.0019	      NA	      NA
NA	/data/songy4/tes/output/weights_control//ENST00000511452.1.wgt.RDat	ENST00000511452.1	4	47851083	47852208	0.0365	rs4499679	 -2.241	rs2457415	 4.23e-03	  2.67	 0.0000	13	10	enet	0.012	0.0076	  0.6655	5.06e-01
NA	/data/songy4/tes/output/weights_control//ENST00000511779.1.wgt.RDat	ENST00000511779.1	4	10143367	10143655	0.1355	rs6814532	  0.978	rs1860910	 7.29e-02	 -7.22	-0.7917	 4	 4	enet	0.14	5.5e-19	 -0.0671	9.46e-01
NA	/data/songy4/tes/output/weights_control//ENST00000502726.5.wgt.RDat	ENST00000502726.5	4	47679531	47838106	0.0908	rs4499679	 -2.241	rs2457415	-2.90e-04	  3.39	 0.0000	16	13	enet	0.05	1.2e-07	  1.2505	2.11e-01
NA	/data/songy4/tes/output/weights_control//ENST00000502947.1.wgt.RDat	ENST00000502947.1	4	3316068	3343189	0.0874	NA	     NA	NA	       NA	    NA	     NA	17	 0	lasso	0.084	7e-12	      NA	      NA
NA	/data/songy4/tes/output/weights_control//ENST00000382788.7.wgt.RDat	ENST00000382788.7	4	3316068	3432250	0.0802	rs1263345	 -4.521	rs762864	 3.39e-02	 -4.89	 2.7966	17	 9	enet	0.08	2.6e-11	 -1.3051	1.92e-01
NA	/data/songy4/tes/output/weights_control//ENST00000511852.5.wgt.RDat	ENST00000511852.5	4	48016810	48035884	0.0603	rs4499679	 -2.241	rs33964061	 3.30e-02	 -4.65	 0.1789	10	 2	lasso	0.043	8.5e-07	 -0.1811	8.56e-01
NA	/data/songy4/tes/output/weights_control//ENST00000382865.5.wgt.RDat	ENST00000382865.5	4	2071918	2229231	0.0322	rs612428	 -2.176	rs1052682	 2.16e-02	  3.77	-0.4375	19	 1	top1	0.022	0.00042	 -0.4375	6.62e-01
NA	/data/songy4/tes/output/weights_control//ENST00000420658.5.wgt.RDat	ENST00000420658.5	4	7758715	7939926	0.3728	rs17757615	  2.298	rs6447872	 1.68e-01	-10.79	 0.9439	67	 3	lasso	0.3	3.9e-42	 -0.1981	8.43e-01
NA	/data/songy4/tes/output/weights_control//ENST00000511870.1.wgt.RDat	ENST00000511870.1	4	10199823	10200672	0.1617	rs4697648	 -1.660	rs1860910	 1.12e-01	 -7.78	-0.7917	 6	 6	enet	0.16	5.5e-22	 -0.2506	8.02e-01
NA	/data/songy4/tes/output/weights_control//ENST00000511672.5.wgt.RDat	ENST00000511672.5	4	1172049	1205088	0.0414	rs1051613	 11.153	rs13118159	-1.10e-03	  3.05	 0.4407	19	 5	enet	0.005	0.057	 -2.0568	3.97e-02
NA	/data/songy4/tes/output/weights_control//ENST00000511645.1.wgt.RDat	ENST00000511645.1	4	105959	107114	0.0816	rs6819316	  1.427	rs6819316	 5.60e-02	  5.88	 1.4266	 4	 4	enet	0.065	2.1e-09	  0.7386	4.60e-01
NA	/data/songy4/tes/output/weights_control//ENST00000502829.1.wgt.RDat	ENST00000502829.1	4	1002741	1003389	0.0337	rs1051613	 11.153	rs1051613	 2.55e-02	 -3.99	11.1531	17	 1	top1	0.025	0.00014	-11.1531	6.92e-29
NA	/data/songy4/tes/output/weights_control//ENST00000634611.2.wgt.RDat	ENST00000634611.2	4	47831333	47896944	0.0822	rs4499679	 -2.241	rs2457415	 2.57e-04	  2.81	 0.0000	13	10	enet	0.045	4.9e-07	  1.5406	1.23e-01
NA	/data/songy4/tes/output/weights_control//ENST00000456547.2.wgt.RDat	ENST00000456547.2	4	119440561	119450157	0.0744	rs6828669	  1.276	rs6828669	 2.27e-02	 -4.79	 1.2755	 7	 7	enet	0.048	2.1e-07	 -1.0871	2.77e-01
NA	/data/songy4/tes/output/weights_control//ENST00000511679.5.wgt.RDat	ENST00000511679.5	4	1172025	1208846	0.0541	rs1051613	 11.153	rs11730652	 1.83e-03	 -3.19	 0.7806	19	 9	enet	0.017	0.0018	 -0.6938	4.88e-01
NA	/data/songy4/tes/output/weights_control//ENST00000502910.5.wgt.RDat	ENST00000502910.5	4	987044	1002003	0.0608	rs1051613	 11.153	rs1051613	 2.22e-02	 -3.83	11.1531	17	 7	enet	0.038	4.2e-06	 -5.7721	7.83e-09
NA	/data/songy4/tes/output/weights_control//ENST00000511544.5.wgt.RDat	ENST00000511544.5	4	15469891	15482317	0.1812	rs4698412	-11.011	rs2302467	 6.96e-02	 -7.38	-0.4105	14	 8	enet	0.18	7.3e-25	  1.3418	1.80e-01
NA	/data/songy4/tes/output/weights_control//ENST00000512150.5.wgt.RDat	ENST00000512150.5	4	1171754	1173127	0.0471	rs1051613	 11.153	rs900030	-6.74e-04	  2.88	 1.0056	19	 9	enet	0.0071	0.03	 -1.6688	9.52e-02
NA	/data/songy4/tes/output/weights_control//ENST00000512144.1.wgt.RDat	ENST00000512144.1	4	15339988	15381867	0.1698	rs4698412	-11.011	rs13133213	 1.24e-01	  8.14	-0.5319	17	 4	enet	0.18	1.9e-24	  0.5728	5.67e-01
NA	/data/songy4/tes/output/weights_control//ENST00000512110.1.wgt.RDat	ENST00000512110.1	4	15492729	15492972	0.1227	rs4698412	-11.011	rs13133213	 5.58e-02	  6.26	-0.5319	15	 8	enet	0.12	6.9e-17	  1.1189	2.63e-01
NA	/data/songy4/tes/output/weights_control//ENST00000634317.1.wgt.RDat	ENST00000634317.1	4	119407967	119454638	0.0568	rs6828669	  1.276	rs6828669	 1.63e-02	 -4.56	 1.2755	 7	 2	lasso	0.045	5.1e-07	 -1.4699	1.42e-01
NA	/data/songy4/tes/output/weights_control//ENST00000634028.1.wgt.RDat	ENST00000634028.1	4	15479223	15601546	0.0977	rs4698412	-11.011	rs2302467	 7.22e-02	 -6.47	-0.4105	20	 9	enet	0.09	1.1e-12	 -0.5451	5.86e-01
NA	/data/songy4/tes/output/weights_control//ENST00000511169.1.wgt.RDat	ENST00000511169.1	4	10167159	10167765	0.1085	rs6814532	  0.978	rs4447863	 8.99e-02	 -7.50	-0.5745	 4	 4	enet	0.13	4.6e-18	  0.0503	9.60e-01
NA	/data/songy4/tes/output/weights_control//ENST00000512266.5.wgt.RDat	ENST00000512266.5	4	3412986	3419510	0.0614	NA	     NA	NA	       NA	    NA	     NA	16	 0	lasso	0.047	3.3e-07	      NA	      NA
NA	/data/songy4/tes/output/weights_control//ENST00000511213.2.wgt.RDat	ENST00000511213.2	4	141321263	141332617	0.0371	rs6817684	 -2.278	rs6817684	 8.08e-03	 -3.41	-2.2783	20	 1	top1	0.0081	0.022	  2.2783	2.27e-02
NA	/data/songy4/tes/output/weights_control//ENST00000512202.1.wgt.RDat	ENST00000512202.1	4	15550738	15557373	0.1671	rs4698412	-11.011	rs2302467	 1.23e-01	 -8.20	-0.4105	20	11	enet	0.16	1.8e-22	 -0.1627	8.71e-01
NA	/data/songy4/tes/output/weights_control//ENST00000382114.9.wgt.RDat	ENST00000382114.9	4	24998847	25030946	0.0394	rs10517060	  2.438	rs758951	 1.06e-02	 -3.40	 0.1687	26	 3	lasso	0.017	0.0017	 -0.4561	6.48e-01
NA	/data/songy4/tes/output/weights_control//ENST00000382543.3.wgt.RDat	ENST00000382543.3	4	7763624	7872082	0.3255	rs17757615	  2.298	rs6447872	 1.42e-01	-10.06	 0.9439	67	 2	lasso	0.26	1.9e-36	 -0.1631	8.70e-01
NA	/data/songy4/tes/output/weights_control//ENST00000655295.1.wgt.RDat	ENST00000655295.1	4	181590255	181591969	0.0493	rs11934651	  2.515	rs11726591	 9.84e-03	  3.94	 0.9565	39	17	enet	0.01	0.012	 -0.9512	3.42e-01
NA	/data/songy4/tes/output/weights_control//ENST00000382383.7.wgt.RDat	ENST00000382383.7	4	15374549	15442266	0.2144	rs4698412	-11.011	rs13133213	 1.36e-01	  8.55	-0.5319	18	 5	enet	0.22	9.3e-30	  0.6173	5.37e-01
NA	/data/songy4/tes/output/weights_control//ENST00000511279.1.wgt.RDat	ENST00000511279.1	4	42706107	42707335	0.0573	rs11722892	  1.493	rs9291224	 2.70e-02	  4.23	-0.7805	 9	 1	top1	0.027	9.1e-05	 -0.7805	4.35e-01
NA	/data/songy4/tes/output/weights_control//ENST00000634948.2.wgt.RDat	ENST00000634948.2	4	47831330	47882746	0.0867	rs4499679	 -2.241	rs16861108	 9.86e-03	 -3.29	-0.9698	13	11	enet	0.058	1.4e-08	  1.7016	8.88e-02
NA	/data/songy4/tes/output/weights_control//ENST00000511298.1.wgt.RDat	ENST00000511298.1	4	84583269	84619511	0.0520	rs13116667	 -3.088	rs4693644	 9.33e-03	 -3.21	-0.5900	26	 3	lasso	0.032	2.4e-05	 -1.5518	1.21e-01
NA	/data/songy4/tes/output/weights_control//ENST00000513829.5.wgt.RDat	ENST00000513829.5	4	4387039	4419058	0.1225	rs4279148	  2.000	rs4689329	 6.57e-02	  6.25	 1.6589	24	13	enet	0.085	6e-12	  1.6115	1.07e-01
NA	/data/songy4/tes/output/weights_control//ENST00000503300.5.wgt.RDat	ENST00000503300.5	4	674503	682027	0.0280	rs1051613	 11.153	rs11730652	 1.40e-03	 -3.18	 0.7806	14	 9	enet	0.0055	0.049	 -0.3273	7.43e-01
NA	/data/songy4/tes/output/weights_control//ENST00000513811.5.wgt.RDat	ENST00000513811.5	4	15469896	15543961	0.1703	rs4698412	-11.011	rs2302467	 1.14e-01	 -7.90	-0.4105	20	11	enet	0.17	7.3e-23	  0.3304	7.41e-01
NA	/data/songy4/tes/output/weights_control//ENST00000513856.1.wgt.RDat	ENST00000513856.1	4	7838588	7862311	0.2392	rs17757615	  2.298	rs7356321	 1.01e-01	  8.63	 0.7184	60	 3	lasso	0.19	1.5e-25	 -0.1007	9.20e-01
NA	/data/songy4/tes/output/weights_control//ENST00000513842.1.wgt.RDat	ENST00000513842.1	4	7763567	7799160	0.3004	rs17757615	  2.298	rs6447872	 1.41e-01	 -9.96	 0.9439	64	 3	lasso	0.23	1.7e-32	 -0.2433	8.08e-01
NA	/data/songy4/tes/output/weights_control//ENST00000378763.1.wgt.RDat	ENST00000378763.1	4	190024367	190027257	0.0450	rs1350180	 -1.693	rs10213624	-2.33e-04	  2.64	-0.8757	26	 2	lasso	0.0027	0.12	 -0.8263	4.09e-01
NA	/data/songy4/tes/output/weights_control//ENST00000513991.5.wgt.RDat	ENST00000513991.5	4	3413229	3428475	0.0666	rs1263345	 -4.521	rs2298969	 1.77e-02	  4.28	-1.0270	16	16	enet	0.054	4.1e-08	 -0.3060	7.60e-01
NA	/data/songy4/tes/output/weights_control//ENST00000247933.9.wgt.RDat	ENST00000247933.9	4	986997	1004529	0.0464	rs1051613	 11.153	rs1051613	 3.09e-02	 -4.45	11.1531	17	 1	top1	0.031	2.9e-05	-11.1531	6.92e-29
NA	/data/songy4/tes/output/weights_control//ENST00000669212.1.wgt.RDat	ENST00000669212.1	4	38611793	38664873	0.0439	rs17499919	  2.903	rs1824652	 2.19e-02	  3.63	 0.8200	26	 1	top1	0.022	0.00039	  0.8200	4.12e-01
NA	/data/songy4/tes/output/weights_control//ENST00000513952.5.wgt.RDat	ENST00000513952.5	4	932404	958656	0.0414	rs1051613	 11.153	rs1051613	 1.09e-02	 -3.91	11.1531	17	 2	lasso	0.016	0.0022	-10.0755	7.09e-24
NA	/data/songy4/tes/output/weights_control//ENST00000500571.2.wgt.RDat	ENST00000500571.2	4	47914227	47959141	0.0671	rs4499679	 -2.241	rs16861108	-1.77e-03	 -3.01	-0.9698	13	11	enet	0.029	5e-05	  1.5110	1.31e-01
NA	/data/songy4/tes/output/weights_control//ENST00000510286.1.wgt.RDat	ENST00000510286.1	4	968291	986895	0.1517	rs1051613	 11.153	rs1051613	 9.28e-02	 -7.09	11.1531	17	 8	enet	0.13	2.3e-17	 -7.5588	4.07e-14
NA	/data/songy4/tes/output/weights_control//ENST00000513662.1.wgt.RDat	ENST00000513662.1	4	677954	681990	0.0301	rs1051613	 11.153	rs11730652	 4.29e-03	 -3.03	 0.7806	14	 9	enet	0.0066	0.034	 -0.7405	4.59e-01
NA	/data/songy4/tes/output/weights_control//ENST00000327570.13.wgt.RDat	ENST00000327570.13	4	183639636	183659178	0.0397	rs4467618	  1.600	rs11132152	 1.34e-02	 -3.58	 0.4214	33	 5	enet	0.015	0.0027	 -0.1059	9.16e-01
NA	/data/songy4/tes/output/weights_control//ENST00000513653.1.wgt.RDat	ENST00000513653.1	4	89836408	89841978	0.0441	rs1560489	 -2.852	rs2037038	-1.43e-03	 -3.01	 0.1583	13	 9	enet	0.00064	0.25	  0.6621	5.08e-01
NA	/data/songy4/tes/output/weights_control//ENST00000503292.5.wgt.RDat	ENST00000503292.5	4	15469930	15601557	0.1001	rs4698412	-11.011	rs2302467	 7.39e-02	 -6.55	-0.4105	20	 9	enet	0.093	4.9e-13	 -0.4985	6.18e-01
NA	/data/songy4/tes/output/weights_control//ENST00000513724.1.wgt.RDat	ENST00000513724.1	4	47914142	48025194	0.0692	rs4499679	 -2.241	rs2457415	-3.20e-04	  2.79	 0.0000	13	13	enet	0.03	3.8e-05	  1.6595	9.70e-02
NA	/data/songy4/tes/output/weights_control//ENST00000670611.1.wgt.RDat	ENST00000670611.1	4	141319009	141332618	0.0370	rs6817684	 -2.278	rs6817684	 5.48e-03	 -3.36	-2.2783	20	10	enet	0.0064	0.036	  0.3861	6.99e-01
NA	/data/songy4/tes/output/weights_control//ENST00000510220.1.wgt.RDat	ENST00000510220.1	4	15527619	15533453	0.1905	rs4698412	-11.011	rs2302467	 1.27e-01	 -8.37	-0.4105	20	12	enet	0.18	4.8e-25	 -0.7099	4.78e-01
NA	/data/songy4/tes/output/weights_control//ENST00000514322.1.wgt.RDat	ENST00000514322.1	4	183641339	183659203	0.0371	rs4467618	  1.600	rs11132152	 2.51e-03	 -3.28	 0.4214	33	 4	enet	0.0089	0.017	 -0.0556	9.56e-01
NA	/data/songy4/tes/output/weights_control//ENST00000629223.1.wgt.RDat	ENST00000629223.1	4	1237103	1237522	0.0422	rs1051613	 11.153	rs13118159	-1.60e-03	  2.78	 0.4407	16	 4	enet	0.0081	0.022	  1.9416	5.22e-02
NA	/data/songy4/tes/output/weights_control//ENST00000514268.5.wgt.RDat	ENST00000514268.5	4	3316068	3417450	0.0881	NA	     NA	NA	       NA	    NA	     NA	17	 0	lasso	0.087	3.3e-12	      NA	      NA
NA	/data/songy4/tes/output/weights_control//ENST00000509873.5.wgt.RDat	ENST00000509873.5	4	143912331	143982454	0.0272	rs13102150	 -1.784	rs28924077	 1.62e-02	 -3.26	 1.3089	 6	 4	enet	0.02	0.00071	 -0.8628	3.88e-01
NA	/data/songy4/tes/output/weights_control//ENST00000638225.1.wgt.RDat	ENST00000638225.1	4	86010395	86360222	0.0574	rs744597	 -1.510	rs346500	 1.45e-03	 -3.06	 0.0198	10	 9	enet	0.012	0.0075	  2.6446	8.18e-03
NA	/data/songy4/tes/output/weights_control//ENST00000514140.1.wgt.RDat	ENST00000514140.1	4	76263812	76311129	0.0367	rs1007044	 -2.222	rs3796683	 2.61e-02	  3.95	-0.5355	 7	 1	top1	0.026	0.00012	 -0.5355	5.92e-01
NA	/data/songy4/tes/output/weights_control//ENST00000509974.1.wgt.RDat	ENST00000509974.1	4	53592956	53604047	0.0312	rs10517279	 -2.340	rs10012324	 1.51e-02	 -3.08	 1.0702	 7	 1	top1	0.015	0.0027	 -1.0702	2.85e-01
NA	/data/songy4/tes/output/weights_control//ENST00000514192.5.wgt.RDat	ENST00000514192.5	4	991825	1002069	0.0335	rs1051613	 11.153	rs1051613	 1.63e-02	 -3.41	11.1531	17	 1	top1	0.016	0.0019	-11.1531	6.92e-29
NA	/data/songy4/tes/output/weights_control//ENST00000514224.2.wgt.RDat	ENST00000514224.2	4	987044	1004564	0.0460	rs1051613	 11.153	rs1051613	 3.12e-02	 -4.47	11.1531	17	 1	top1	0.031	2.7e-05	-11.1531	6.92e-29
NA	/data/songy4/tes/output/weights_control//ENST00000514223.2.wgt.RDat	ENST00000514223.2	4	24658072	24658375	0.0432	rs10517060	  2.438	rs13151271	 7.61e-04	 -2.99	 0.5324	31	 8	enet	0.0031	0.1	 -0.3711	7.11e-01
NA	/data/songy4/tes/output/weights_control//ENST00000514152.5.wgt.RDat	ENST00000514152.5	4	151120287	151228030	0.0200	rs4835617	 -0.481	rs11931842	 3.02e-03	  2.79	 0.4579	 6	 5	enet	0.01	0.011	  0.5602	5.75e-01
NA	/data/songy4/tes/output/weights_control//ENST00000514170.5.wgt.RDat	ENST00000514170.5	4	47935977	48016592	0.0911	rs4499679	 -2.241	rs2457415	 1.69e-02	  4.02	 0.0000	13	13	enet	0.057	1.6e-08	  1.3791	1.68e-01
NA	/data/songy4/tes/output/weights_control//ENST00000326397.10.wgt.RDat	ENST00000326397.10	4	183639635	183659185	0.0400	rs4467618	  1.600	rs11132152	 5.04e-03	 -3.51	 0.4214	33	 5	enet	0.015	0.0027	 -0.0739	9.41e-01
NA	/data/songy4/tes/output/weights_control//ENST00000654413.1.wgt.RDat	ENST00000654413.1	4	134259080	134327977	0.0223	rs11725788	 -1.933	rs1058267	 3.58e-04	  2.79	-0.2718	 5	 1	top1	0.00036	0.28	 -0.2718	7.86e-01
NA	/data/songy4/tes/output/weights_control//ENST00000654404.1.wgt.RDat	ENST00000654404.1	4	134097333	134327455	0.0305	rs11725788	 -1.933	rs1058267	-1.14e-03	  2.82	-0.2718	 6	 5	enet	0.0052	0.054	 -0.4349	6.64e-01
NA	/data/songy4/tes/output/weights_control//ENST00000670431.1.wgt.RDat	ENST00000670431.1	4	38612774	38636047	0.1815	rs17499919	  2.903	rs1824652	 9.55e-02	  7.27	 0.8200	26	20	enet	0.13	1.6e-17	  0.2528	8.00e-01
NA	/data/songy4/tes/output/weights_control//ENST00000389652.10.wgt.RDat	ENST00000389652.10	4	15511247	15601552	0.0992	rs4698412	-11.011	rs2302467	 7.37e-02	 -6.54	-0.4105	20	 8	enet	0.092	6.3e-13	 -0.4952	6.20e-01
NA	/data/songy4/tes/output/weights_control//ENST00000503162.1.wgt.RDat	ENST00000503162.1	4	1332167	1340113	0.0395	rs1051613	 11.153	rs13118159	 1.94e-02	  3.41	 0.4407	16	 3	lasso	0.025	0.00017	  1.2463	2.13e-01
NA	/data/songy4/tes/output/weights_control//ENST00000503156.5.wgt.RDat	ENST00000503156.5	4	681862	687325	0.0384	rs1051613	 11.153	rs11730652	 1.61e-03	 -3.13	 0.7806	14	 1	top1	0.0016	0.17	 -0.7806	4.35e-01
NA	/data/songy4/tes/output/weights_control//ENST00000513211.2.wgt.RDat	ENST00000513211.2	4	31997379	32155833	0.0574	rs7661647	 -0.954	rs1541548	 4.51e-02	  5.19	-0.6066	10	 1	top1	0.045	5.3e-07	 -0.6066	5.44e-01
NA	/data/songy4/tes/output/weights_control//ENST00000513239.5.wgt.RDat	ENST00000513239.5	4	530840	539529	0.0960	rs1051613	 11.153	rs1135945	 4.02e-02	  5.10	 1.2276	15	 9	enet	0.052	7.4e-08	 -3.1147	1.84e-03
NA	/data/songy4/tes/output/weights_control//ENST00000513238.5.wgt.RDat	ENST00000513238.5	4	74933095	75050115	0.0404	rs10518121	 -2.318	rs11942051	-6.38e-04	 -2.56	 0.9109	17	10	enet	0.0023	0.14	 -0.9911	3.22e-01
NA	/data/songy4/tes/output/weights_control//ENST00000502252.5.wgt.RDat	ENST00000502252.5	4	47595660	47838072	0.0877	rs4499679	 -2.241	rs2457415	-9.05e-04	  3.03	 0.0000	16	15	enet	0.045	5.6e-07	  1.4326	1.52e-01
NA	/data/songy4/tes/output/weights_control//ENST00000513192.1.wgt.RDat	ENST00000513192.1	4	532114	539525	0.0444	rs1051613	 11.153	rs1135945	-5.16e-04	  3.21	 1.2276	15	 8	enet	0.0023	0.14	 -3.8067	1.41e-04
NA	/data/songy4/tes/output/weights_control//ENST00000329043.7.wgt.RDat	ENST00000329043.7	4	47847233	47914667	0.0697	rs4499679	 -2.241	rs2457415	 1.42e-02	  3.08	 0.0000	13	11	enet	0.036	6.1e-06	  1.3257	1.85e-01
NA	/data/songy4/tes/output/weights_control//ENST00000478857.1.wgt.RDat	ENST00000478857.1	4	40798874	40808543	0.0399	rs278980	 -1.700	rs9790441	 4.45e-03	 -3.54	-1.3762	28	 1	lasso	0.0054	0.051	  1.3762	1.69e-01
NA	/data/songy4/tes/output/weights_control//ENST00000510643.5.wgt.RDat	ENST00000510643.5	4	56403063	56435508	0.0373	rs10050046	 -2.795	rs6829976	 3.82e-03	  2.95	-2.0000	16	 5	enet	0.019	0.00098	 -0.4243	6.71e-01
NA	/data/songy4/tes/output/weights_control//ENST00000502309.1.wgt.RDat	ENST00000502309.1	4	963142	967175	0.1772	rs1051613	 11.153	rs1051613	 1.22e-01	 -8.18	11.1531	17	 8	enet	0.15	8.8e-21	 -8.5076	1.78e-17
NA	/data/songy4/tes/output/weights_control//ENST00000656214.1.wgt.RDat	ENST00000656214.1	4	47831331	47897965	0.0909	rs4499679	 -2.241	rs2457415	 1.07e-03	  3.01	 0.0000	13	11	enet	0.049	2e-07	  1.2945	1.95e-01
NA	/data/songy4/tes/output/weights_control//ENST00000510702.5.wgt.RDat	ENST00000510702.5	4	183640628	183659201	0.0386	rs4467618	  1.600	rs11132152	 3.05e-03	 -3.50	 0.4214	33	 4	enet	0.015	0.0025	 -0.0988	9.21e-01
NA	/data/songy4/tes/output/weights_control//ENST00000513035.1.wgt.RDat	ENST00000513035.1	4	15595872	15597465	0.0380	rs4698412	-11.011	rs2302467	 1.18e-03	 -3.66	-0.4105	20	 9	enet	0.02	0.00066	 -1.2648	2.06e-01
NA	/data/songy4/tes/output/weights_control//ENST00000669860.1.wgt.RDat	ENST00000669860.1	4	155496364	155520353	0.0224	rs12498643	 -2.527	rs12186294	 4.08e-03	 -3.73	-0.4908	13	 4	enet	0.0069	0.032	  0.4141	6.79e-01
NA	/data/songy4/tes/output/weights_control//ENST00000501215.1.wgt.RDat	ENST00000501215.1	4	89836424	89840595	0.0332	rs1560489	 -2.852	rs2037038	 2.79e-03	 -2.91	 0.1583	13	 1	top1	0.0028	0.12	 -0.1583	8.74e-01
NA	/data/songy4/tes/output/weights_control//ENST00000327939.4.wgt.RDat	ENST00000327939.4	4	48490252	48494389	0.0357	rs17656641	  1.504	rs309890	 1.62e-02	  3.30	-0.2323	10	 1	top1	0.016	0.002	 -0.2323	8.16e-01
NA	/data/songy4/tes/output/weights_control//ENST00000513473.5.wgt.RDat	ENST00000513473.5	4	40438315	40514543	0.0481	rs9998717	 -2.310	rs4516756	-1.78e-03	  2.75	-1.3333	31	13	enet	-0.00035	0.37	 -0.8661	3.86e-01
NA	/data/songy4/tes/output/weights_control//ENST00000513470.1.wgt.RDat	ENST00000513470.1	4	10267895	10268231	0.1200	rs4697648	 -1.660	rs1860910	 7.35e-02	 -7.01	-0.7917	 6	 6	enet	0.12	6.5e-17	 -0.2200	8.26e-01
NA	/data/songy4/tes/output/weights_control//ENST00000513555.5.wgt.RDat	ENST00000513555.5	4	4348313	4419058	0.1526	rs4279148	  2.000	rs4689329	 6.92e-02	  6.51	 1.6589	24	18	enet	0.092	6.4e-13	  1.0176	3.09e-01
NA	/data/songy4/tes/output/weights_control//ENST00000669561.1.wgt.RDat	ENST00000669561.1	4	7798527	7808051	0.2373	rs17757615	  2.298	rs6447872	 1.12e-01	 -9.05	 0.9439	59	 3	lasso	0.2	4.7e-28	 -0.2582	7.96e-01
NA	/data/songy4/tes/output/weights_control//ENST00000630678.1.wgt.RDat	ENST00000630678.1	4	190071232	190072506	0.0648	rs1350180	 -1.693	rs4863432	-3.05e-04	  2.89	-0.7104	22	16	enet	0.017	0.0016	  0.5068	6.12e-01
NA	/data/songy4/tes/output/weights_control//ENST00000510415.1.wgt.RDat	ENST00000510415.1	4	25160641	25161687	0.0468	rs10517060	  2.438	rs6817894	 2.79e-03	  3.16	-1.0935	30	 1	top1	0.0028	0.12	 -1.0935	2.74e-01
NA	/data/songy4/tes/output/weights_control//ENST00000336727.7.wgt.RDat	ENST00000336727.7	4	3316068	3439911	0.0848	rs1263345	 -4.521	rs762864	 2.84e-02	 -5.07	 2.7966	17	 9	enet	0.085	5.1e-12	 -1.4355	1.51e-01
NA	/data/songy4/tes/output/weights_control//ENST00000421177.6.wgt.RDat	ENST00000421177.6	4	4348140	4419058	0.1461	rs4279148	  2.000	rs4689329	 6.56e-02	  6.35	 1.6589	24	20	enet	0.085	5.7e-12	  0.6157	5.38e-01
NA	/data/songy4/tes/output/weights_control//ENST00000506643.4.wgt.RDat	ENST00000506643.4	4	15536985	15601552	0.0851	rs4698412	-11.011	rs2302467	 6.29e-02	 -6.10	-0.4105	20	 9	enet	0.076	6.6e-11	 -0.5385	5.90e-01
NA	/data/songy4/tes/output/weights_control//ENST00000506645.1.wgt.RDat	ENST00000506645.1	4	141319450	141323562	0.0414	rs6817684	 -2.278	rs6817684	 1.08e-02	 -3.49	-2.2783	20	 1	top1	0.011	0.0097	  2.2783	2.27e-02
NA	/data/songy4/tes/output/weights_control//ENST00000504871.1.wgt.RDat	ENST00000504871.1	4	1172587	1208367	0.0464	rs1051613	 11.153	rs900030	 6.77e-03	  3.09	 1.0056	19	 1	top1	0.0068	0.033	  1.0056	3.15e-01
NA	/data/songy4/tes/output/weights_control//ENST00000506631.5.wgt.RDat	ENST00000506631.5	4	3293028	3418119	0.0375	NA	     NA	NA	       NA	    NA	     NA	17	 0	enet	0.038	3.7e-06	      NA	      NA
NA	/data/songy4/tes/output/weights_control//ENST00000662669.1.wgt.RDat	ENST00000662669.1	4	31997376	32155823	0.0572	rs7661647	 -0.954	rs1541548	 4.38e-02	  5.11	-0.6066	10	 1	top1	0.044	7.7e-07	 -0.6066	5.44e-01
NA	/data/songy4/tes/output/weights_control//ENST00000666430.1.wgt.RDat	ENST00000666430.1	4	38626911	38664888	0.0644	rs17499919	  2.903	rs1824652	 3.26e-02	  4.29	 0.8200	26	 3	lasso	0.038	4.5e-06	  2.0154	4.39e-02
NA	/data/songy4/tes/output/weights_control//ENST00000506380.5.wgt.RDat	ENST00000506380.5	4	4385445	4417483	0.1456	rs4279148	  2.000	rs4689329	 7.73e-02	  6.82	 1.6589	24	 4	lasso	0.081	1.6e-11	  1.7087	8.75e-02
NA	/data/songy4/tes/output/weights_control//ENST00000296464.9.wgt.RDat	ENST00000296464.9	4	127782322	127840733	0.0302	rs11098878	 -1.168	rs7695327	 2.48e-02	 -3.94	 0.2367	 5	 1	top1	0.025	0.00017	 -0.2367	8.13e-01
NA	/data/songy4/tes/output/weights_control//ENST00000506404.1.wgt.RDat	ENST00000506404.1	4	786390	792692	0.0533	rs1051613	 11.153	rs1799846	-1.90e-03	 -3.24	 3.3214	15	 6	enet	0.025	0.00018	  4.9417	7.74e-07
NA	/data/songy4/tes/output/weights_control//ENST00000506540.1.wgt.RDat	ENST00000506540.1	4	10410996	10411644	0.0220	rs4697648	 -1.660	rs1860910	 3.03e-02	 -4.28	-0.7917	 8	 1	top1	0.03	3.6e-05	  0.7917	4.29e-01
NA	/data/songy4/tes/output/weights_control//ENST00000436901.3.wgt.RDat	ENST00000436901.3	4	38626408	38664914	0.0823	rs17499919	  2.903	rs1824652	 4.13e-02	  4.82	 0.8200	26	 4	lasso	0.054	3.9e-08	  1.9454	5.17e-02
NA	/data/songy4/tes/output/weights_control//ENST00000469033.1.wgt.RDat	ENST00000469033.1	4	40774265	40776476	0.0540	rs9684412	 -1.792	rs7695920	 5.07e-03	 -3.73	 0.0515	29	 2	lasso	0.0098	0.013	 -0.3134	7.54e-01
NA	/data/songy4/tes/output/weights_control//ENST00000506561.5.wgt.RDat	ENST00000506561.5	4	987076	1001179	0.0413	rs1051613	 11.153	rs1051613	 2.43e-02	 -3.83	11.1531	17	 1	top1	0.024	0.00019	-11.1531	6.92e-29
NA	/data/songy4/tes/output/weights_control//ENST00000506530.5.wgt.RDat	ENST00000506530.5	4	1329344	1340136	0.0362	rs1051613	 11.153	rs13118159	 7.97e-03	  3.41	 0.4407	16	 5	enet	0.027	1e-04	  0.7251	4.68e-01
NA	/data/songy4/tes/output/weights_control//ENST00000296741.7.wgt.RDat	ENST00000296741.7	4	184088706	184217873	0.0488	rs4861543	  2.059	rs4535371	 5.88e-04	 -2.86	 1.1875	37	 1	top1	0.00059	0.25	 -1.1875	2.35e-01
NA	/data/songy4/tes/output/weights_control//ENST00000302327.4.wgt.RDat	ENST00000302327.4	4	183505058	183512429	0.0462	rs2726806	  2.765	rs11132152	 6.08e-03	 -3.41	 0.4214	40	 3	lasso	0.014	0.0039	 -0.1608	8.72e-01
NA	/data/songy4/tes/output/weights_control//ENST00000506508.1.wgt.RDat	ENST00000506508.1	4	5014827	5019437	0.0490	rs1374621	 -2.777	rs10937615	 5.15e-02	  5.39	-0.1296	30	 1	top1	0.052	8.5e-08	 -0.1296	8.97e-01
NA	/data/songy4/tes/output/weights_control//ENST00000651133.1.wgt.RDat	ENST00000651133.1	4	76251726	76311095	0.0311	rs1007044	 -2.222	rs3796683	 2.41e-02	  3.80	-0.5355	 7	 1	top1	0.024	2e-04	 -0.5355	5.92e-01
NA	/data/songy4/tes/output/weights_control//ENST00000402813.7.wgt.RDat	ENST00000402813.7	4	47935977	47981535	0.0989	rs4499679	 -2.241	rs2457415	 3.30e-02	  4.34	 0.0000	13	13	enet	0.069	5.8e-10	  1.3151	1.88e-01
NA	/data/songy4/tes/output/weights_control//ENST00000507131.5.wgt.RDat	ENST00000507131.5	4	47848304	47914616	0.0688	rs4499679	 -2.241	rs2457415	 2.66e-03	  2.96	 0.0000	13	10	enet	0.036	6.7e-06	  1.3389	1.81e-01
NA	/data/songy4/tes/output/weights_control//ENST00000661050.1.wgt.RDat	ENST00000661050.1	4	38612646	38636048	0.1868	rs17499919	  2.903	rs1824652	 1.07e-01	  7.71	 0.8200	26	19	enet	0.14	8.8e-20	  0.4363	6.63e-01
NA	/data/songy4/tes/output/weights_control//ENST00000651116.1.wgt.RDat	ENST00000651116.1	4	134057468	134085506	0.0291	rs11725788	 -1.933	rs6839838	-1.78e-03	  2.96	-0.6862	 6	 3	lasso	-0.0014	0.62	 -1.1435	2.53e-01
NA	/data/songy4/tes/output/weights_control//ENST00000507367.1.wgt.RDat	ENST00000507367.1	4	145482792	145514643	0.0276	rs7689179	 -0.958	rs2175586	 1.30e-02	 -2.93	 0.6056	 6	 1	top1	0.013	0.0051	 -0.6056	5.45e-01
NA	/data/songy4/tes/output/weights_control//ENST00000347950.9.wgt.RDat	ENST00000347950.9	4	681829	689271	0.0360	rs1051613	 11.153	rs11730652	 3.09e-03	 -3.44	 0.7806	14	 8	enet	0.0094	0.015	 -0.2421	8.09e-01
NA	/data/songy4/tes/output/weights_control//ENST00000507378.1.wgt.RDat	ENST00000507378.1	4	40786110	40786710	0.0494	rs9684412	 -1.792	rs17443616	 8.39e-03	 -3.33	 0.6718	29	 3	lasso	0.023	0.00029	 -1.2173	2.23e-01
NA	/data/songy4/tes/output/weights_control//ENST00000307746.9.wgt.RDat	ENST00000307746.9	4	5014586	5019458	0.0400	rs1374621	 -2.777	rs10937615	 4.23e-02	  4.90	-0.1296	30	 1	top1	0.042	1.2e-06	 -0.1296	8.97e-01
NA	/data/songy4/tes/output/weights_control//ENST00000504568.5.wgt.RDat	ENST00000504568.5	4	987087	1001715	0.0463	rs1051613	 11.153	rs1051613	 2.08e-02	 -3.68	11.1531	17	 6	enet	0.025	0.00016	 -6.4232	1.33e-10
NA	/data/songy4/tes/output/weights_control//ENST00000504584.1.wgt.RDat	ENST00000504584.1	4	47642843	47838106	0.1076	rs4499679	 -2.241	rs2457415	-1.51e-03	  3.28	 0.0000	16	15	enet	0.062	3.7e-09	  1.2611	2.07e-01
NA	/data/songy4/tes/output/weights_control//ENST00000504750.5.wgt.RDat	ENST00000504750.5	4	190024351	190027254	0.0474	rs1350180	 -1.693	rs10213624	 7.13e-04	  2.77	-0.8757	26	 2	lasso	0.0094	0.015	 -0.8004	4.23e-01
NA	/data/songy4/tes/output/weights_control//ENST00000404286.6.wgt.RDat	ENST00000404286.6	4	681831	689143	0.0318	rs1051613	 11.153	rs11730652	 2.20e-03	 -3.28	 0.7806	14	 7	enet	0.0066	0.034	 -0.0691	9.45e-01
NA	/data/songy4/tes/output/weights_control//ENST00000650860.1.wgt.RDat	ENST00000650860.1	4	15479216	15601437	0.1073	rs4698412	-11.011	rs2302467	 8.43e-02	 -6.93	-0.4105	20	 9	enet	0.1	2.1e-14	 -0.4994	6.18e-01
NA	/data/songy4/tes/output/weights_control//ENST00000650915.1.wgt.RDat	ENST00000650915.1	4	119444395	119454630	0.0554	rs6828669	  1.276	rs11938552	 1.37e-02	  3.89	-0.9045	 7	 7	enet	0.036	7.3e-06	 -1.0065	3.14e-01
NA	/data/songy4/tes/output/weights_control//ENST00000621129.4.wgt.RDat	ENST00000621129.4	4	4387039	4419055	0.1210	rs4279148	  2.000	rs4689329	 6.49e-02	  6.21	 1.6589	24	12	enet	0.084	6.9e-12	  1.6485	9.92e-02
NA	/data/songy4/tes/output/weights_control//ENST00000506933.1.wgt.RDat	ENST00000506933.1	4	169010430	169010939	0.0242	rs7682960	  1.317	rs1356513	-2.23e-04	 -2.90	-0.2656	 9	 6	enet	0.0054	0.05	  0.5858	5.58e-01
NA	/data/songy4/tes/output/weights_control//ENST00000506835.1.wgt.RDat	ENST00000506835.1	4	183445176	183446759	0.0439	rs2726806	  2.765	rs11132152	 4.85e-03	 -3.54	 0.4214	40	 3	lasso	0.011	0.0093	 -0.2087	8.35e-01
NA	/data/songy4/tes/output/weights_control//ENST00000302350.4.wgt.RDat	ENST00000302350.4	4	183444635	183448198	0.0411	rs2726806	  2.765	rs11132152	 1.59e-02	 -3.64	 0.4214	40	 3	lasso	0.016	0.0019	 -0.2030	8.39e-01
NA	/data/songy4/tes/output/weights_control//ENST00000507033.1.wgt.RDat	ENST00000507033.1	4	39480485	39481466	0.0141	rs2066789	  2.221	rs7684747	 1.37e-02	 -3.12	-1.6677	 3	 1	top1	0.014	0.0041	  1.6677	9.54e-02
NA	/data/songy4/tes/output/weights_control//ENST00000438836.6.wgt.RDat	ENST00000438836.6	4	932472	958656	0.0394	rs1051613	 11.153	rs1051613	 1.04e-02	 -3.79	11.1531	17	 2	lasso	0.015	0.0029	 -9.8186	9.37e-23
NA	/data/songy4/tes/output/weights_control//ENST00000504722.5.wgt.RDat	ENST00000504722.5	4	47943245	48012944	0.0552	rs4499679	 -2.241	rs12643755	-1.04e-03	  2.92	 0.8468	13	 9	enet	0.021	0.00051	 -0.2125	8.32e-01
NA	/data/songy4/tes/output/weights_control//ENST00000473399.5.wgt.RDat	ENST00000473399.5	4	40749964	40775456	0.0751	rs9684412	 -1.792	rs7695920	 1.12e-02	 -4.23	 0.0515	29	10	enet	0.034	1.3e-05	 -1.4131	1.58e-01
NA	/data/songy4/tes/output/weights_control//ENST00000506998.5.wgt.RDat	ENST00000506998.5	4	3370186	3418267	0.0486	rs1263345	 -4.521	rs2298969	 3.48e-03	  3.61	-1.0270	16	 9	enet	0.022	0.00041	 -0.7872	4.31e-01
NA	/data/songy4/tes/output/weights_control//ENST00000438599.6.wgt.RDat	ENST00000438599.6	4	15469865	15482262	0.1962	rs4698412	-11.011	rs2302467	 7.79e-02	 -7.90	-0.4105	14	 9	enet	0.2	3.1e-27	  0.9048	3.66e-01
NA	/data/songy4/tes/output/weights_control//ENST00000505246.5.wgt.RDat	ENST00000505246.5	4	4385081	4417620	0.1332	rs4279148	  2.000	rs4689329	 6.88e-02	  6.42	 1.6589	24	16	enet	0.08	2.4e-11	  1.4036	1.60e-01
NA	/data/songy4/tes/output/weights_control//ENST00000665931.1.wgt.RDat	ENST00000665931.1	4	38612041	38630578	0.1965	rs17499919	  2.903	rs1824652	 1.10e-01	  7.77	 0.8200	26	16	enet	0.14	2.4e-19	  0.7405	4.59e-01
NA	/data/songy4/tes/output/weights_control//ENST00000648588.1.wgt.RDat	ENST00000648588.1	4	122610108	122621066	0.0354	rs6852589	  1.660	rs4833765	 1.41e-02	  3.01	 0.1130	13	 1	top1	0.014	0.0037	  0.1130	9.10e-01
NA	/data/songy4/tes/output/weights_control//ENST00000433477.4.wgt.RDat	ENST00000433477.4	4	155924118	155953866	0.0391	NA	     NA	NA	       NA	    NA	     NA	16	 0	enet	0.017	0.0014	      NA	      NA
NA	/data/songy4/tes/output/weights_control//ENST00000505277.1.wgt.RDat	ENST00000505277.1	4	47582031	47591295	0.0321	rs4499679	 -2.241	rs4508853	 2.42e-02	  4.02	 0.4228	11	 1	top1	0.024	2e-04	  0.4228	6.72e-01
NA	/data/songy4/tes/output/weights_control//ENST00000505628.1.wgt.RDat	ENST00000505628.1	4	14235249	14242812	0.1595	rs3931695	 -2.194	rs3096584	 1.11e-01	 -7.79	-1.3900	25	 1	top1	0.11	2.9e-15	  1.3900	1.65e-01
NA	/data/songy4/tes/output/weights_control//ENST00000544810.5.wgt.RDat	ENST00000544810.5	4	47935979	47971100	0.0901	rs4499679	 -2.241	rs2457415	 1.07e-02	  3.68	 0.0000	13	13	enet	0.055	2.8e-08	  1.5980	1.10e-01
NA	/data/songy4/tes/output/weights_control//ENST00000664397.1.wgt.RDat	ENST00000664397.1	4	134146330	134327458	0.0224	rs11725788	 -1.933	rs6839838	-1.06e-03	  2.87	-0.6862	 6	 1	top1	-0.0011	0.51	 -0.6862	4.93e-01
NA	/data/songy4/tes/output/weights_control//ENST00000358461.6.wgt.RDat	ENST00000358461.6	4	7758715	7939926	0.3686	rs17757615	  2.298	rs6447872	 1.67e-01	-10.74	 0.9439	67	 3	lasso	0.29	1.1e-41	 -0.1973	8.44e-01
NA	/data/songy4/tes/output/weights_control//ENST00000358519.8.wgt.RDat	ENST00000358519.8	4	47935979	47981502	0.1051	rs4499679	 -2.241	rs2457415	 3.43e-02	  4.38	 0.0000	13	13	enet	0.072	2.7e-10	  1.4630	1.43e-01
NA	/data/songy4/tes/output/weights_control//ENST00000505447.5.wgt.RDat	ENST00000505447.5	4	7763222	7779187	0.2380	rs17757615	  2.298	rs6447872	 1.04e-01	 -8.40	 0.9439	64	 3	lasso	0.17	3.2e-23	 -0.1400	8.89e-01
NA	/data/songy4/tes/output/weights_control//ENST00000665582.1.wgt.RDat	ENST00000665582.1	4	31997385	32228543	0.0642	rs7661647	 -0.954	rs1541548	 4.75e-02	  5.31	-0.6066	10	 1	top1	0.047	2.7e-07	 -0.6066	5.44e-01
NA	/data/songy4/tes/output/weights_control//ENST00000505343.1.wgt.RDat	ENST00000505343.1	4	13569786	13578201	0.0498	rs3931695	 -2.194	rs12506352	 7.03e-03	  3.42	 1.0464	28	10	enet	0.017	0.0018	  1.5757	1.15e-01
NA	/data/songy4/tes/output/weights_control//ENST00000505476.5.wgt.RDat	ENST00000505476.5	4	47578312	47591103	0.0246	rs4499679	 -2.241	rs4508853	 1.95e-02	  3.76	 0.4228	11	 1	top1	0.019	0.00078	  0.4228	6.72e-01
NA	/data/songy4/tes/output/weights_control//ENST00000356347.3.wgt.RDat	ENST00000356347.3	4	212610	255985	0.0352	rs6840253	  3.547	rs17721913	 1.76e-02	  3.35	-1.9509	 9	 1	top1	0.018	0.0013	 -1.9509	5.11e-02
NA	/data/songy4/tes/output/weights_control//ENST00000423784.5.wgt.RDat	ENST00000423784.5	4	40776075	40808503	0.0513	rs9684412	 -1.792	rs9790441	 9.71e-05	 -3.36	-1.3762	29	12	enet	0.0066	0.035	 -0.5343	5.93e-01
NA	/data/songy4/tes/output/weights_control//ENST00000665526.1.wgt.RDat	ENST00000665526.1	4	38611779	38664845	0.0684	rs17499919	  2.903	rs1824652	 3.55e-02	  4.53	 0.8200	26	13	enet	0.037	5e-06	  1.2792	2.01e-01
NA	/data/songy4/tes/output/weights_control//ENST00000648823.1.wgt.RDat	ENST00000648823.1	4	150264665	150487803	0.0315	rs4835617	 -0.481	rs6852150	 1.93e-02	  3.45	-0.2202	 4	 1	top1	0.019	0.00081	 -0.2202	8.26e-01
NA	/data/songy4/tes/output/weights_control//ENST00000433139.6.wgt.RDat	ENST00000433139.6	4	4386538	4418999	0.1175	rs4279148	  2.000	rs4689329	 5.87e-02	  5.93	 1.6589	24	12	enet	0.086	4.2e-12	  1.5524	1.21e-01
NA	/data/songy4/tes/output/weights_control//ENST00000612914.1.wgt.RDat	ENST00000612914.1	4	3063472	3063701	0.1278	rs1263345	 -4.521	rs2298969	 8.64e-02	 -6.96	-1.1720	13	 3	lasso	0.099	7.8e-14	  0.8675	3.86e-01
NA	/data/songy4/tes/output/weights_control//ENST00000665766.1.wgt.RDat	ENST00000665766.1	4	134097343	134327476	0.0251	rs11725788	 -1.933	rs1058267	-7.64e-04	  2.68	-0.2718	 6	 5	enet	0.0025	0.13	 -0.6969	4.86e-01
NA	/data/songy4/tes/output/weights_control//ENST00000273814.8.wgt.RDat	ENST00000273814.8	4	958887	973569	0.1599	rs1051613	 11.153	rs1051613	 1.10e-01	 -7.75	11.1531	17	 3	lasso	0.14	9.6e-19	 -8.7869	1.54e-18
NA	/data/songy4/tes/output/weights_control//ENST00000612691.1.wgt.RDat	ENST00000612691.1	4	7842688	7843837	0.1828	rs17757615	  2.298	rs6447872	 1.00e-01	 -8.62	 0.9439	59	 4	lasso	0.17	4e-23	 -0.4235	6.72e-01
NA	/data/songy4/tes/output/weights_control//ENST00000274024.4.wgt.RDat	ENST00000274024.4	4	119317250	119322138	0.0282	rs10518325	 -0.790	rs11940444	 2.84e-02	  4.14	-0.2900	 4	 1	top1	0.028	6.2e-05	 -0.2900	7.72e-01
NA	/data/songy4/tes/output/weights_control//ENST00000648878.1.wgt.RDat	ENST00000648878.1	4	150264697	150487760	0.0266	rs4835617	 -0.481	rs6852150	 1.71e-02	  3.29	-0.2202	 4	 1	top1	0.017	0.0015	 -0.2202	8.26e-01
NA	/data/songy4/tes/output/weights_control//ENST00000505037.1.wgt.RDat	ENST00000505037.1	4	10292195	10292708	0.0846	rs4697648	 -1.660	rs1860910	 4.82e-02	 -5.93	-0.7917	 6	 6	enet	0.094	3.6e-13	  0.0701	9.44e-01
NA	/data/songy4/tes/output/weights_control//ENST00000506266.1.wgt.RDat	ENST00000506266.1	4	1172575	1208838	0.0541	rs1051613	 11.153	rs11730652	 4.46e-03	 -3.20	 0.7806	19	 4	enet	0.0099	0.013	 -0.2850	7.76e-01
NA	/data/songy4/tes/output/weights_control//ENST00000295971.12.wgt.RDat	ENST00000295971.12	4	40423280	40629864	0.0476	rs9998717	 -2.310	rs7695920	 3.00e-03	 -2.94	 0.0515	32	 1	top1	0.003	0.11	 -0.0515	9.59e-01
NA	/data/songy4/tes/output/weights_control//ENST00000506341.2.wgt.RDat	ENST00000506341.2	4	143760399	143762093	0.0284	rs13102150	 -1.784	rs13125853	 2.36e-02	  4.11	-0.8776	 6	 1	top1	0.024	0.00024	 -0.8776	3.80e-01
NA	/data/songy4/tes/output/weights_control//ENST00000264771.9.wgt.RDat	ENST00000264771.9	4	932460	958656	0.0411	rs1051613	 11.153	rs1051613	 2.47e-02	 -4.02	11.1531	17	 1	top1	0.025	0.00017	-11.1531	6.92e-29
NA	/data/songy4/tes/output/weights_control//ENST00000617421.4.wgt.RDat	ENST00000617421.4	4	1166937	1208962	0.0559	rs1051613	 11.153	rs900030	 1.96e-04	  2.90	 1.0056	19	11	enet	0.01	0.012	 -0.0419	9.67e-01
NA	/data/songy4/tes/output/weights_control//ENST00000295461.10.wgt.RDat	ENST00000295461.10	4	48016772	48040173	0.0999	rs4499679	 -2.241	rs33964061	 4.39e-02	 -5.03	 0.1789	10	 8	enet	0.082	1.5e-11	  0.5250	6.00e-01
NA	/data/songy4/tes/output/weights_control//ENST00000295297.4.wgt.RDat	ENST00000295297.4	4	15339936	15446165	0.2636	rs4698412	-11.011	rs13133213	 1.56e-01	  9.13	-0.5319	22	 4	lasso	0.25	1.3e-34	 -0.1663	8.68e-01
NA	/data/songy4/tes/output/weights_control//ENST00000431380.5.wgt.RDat	ENST00000431380.5	4	1166937	1173211	0.0569	rs1051613	 11.153	rs900030	 7.12e-04	  2.93	 1.0056	19	11	enet	0.011	0.0087	 -0.2381	8.12e-01
NA	/data/songy4/tes/output/weights_control//ENST00000424120.5.wgt.RDat	ENST00000424120.5	4	15469865	15601557	0.1001	rs4698412	-11.011	rs2302467	 7.41e-02	 -6.55	-0.4105	20	 9	enet	0.093	5.6e-13	 -0.5042	6.14e-01
NA	/data/songy4/tes/output/weights_control//ENST00000664062.1.wgt.RDat	ENST00000664062.1	4	3049094	3074538	0.1715	NA	     NA	NA	       NA	    NA	     NA	13	 0	lasso	0.14	9.3e-19	      NA	      NA
NA	/data/songy4/tes/output/weights_control//ENST00000505177.6.wgt.RDat	ENST00000505177.6	4	1289887	1339177	0.0469	rs1051613	 11.153	rs13118159	 3.13e-02	  4.24	 0.4407	17	 1	top1	0.031	2.7e-05	  0.4407	6.59e-01
NA	/data/songy4/tes/output/weights_control//ENST00000614385.1.wgt.RDat	ENST00000614385.1	4	7809439	7816048	0.2373	rs17757615	  2.298	rs6447872	 9.83e-02	 -8.27	 0.9439	59	 2	lasso	0.17	6.7e-24	 -0.1453	8.84e-01
NA	/data/songy4/tes/output/weights_control//ENST00000647962.1.wgt.RDat	ENST00000647962.1	4	3041422	3073479	0.0590	rs1263345	 -4.521	rs2298969	 3.01e-02	 -4.44	-1.1720	13	 8	enet	0.031	2.7e-05	  0.3594	7.19e-01
NA	/data/songy4/tes/output/weights_control//ENST00000505909.5.wgt.RDat	ENST00000505909.5	4	47595721	47837949	0.0838	rs4499679	 -2.241	rs2457415	-2.29e-04	  3.31	 0.0000	16	15	enet	0.045	5.6e-07	  1.5813	1.14e-01
NA	/data/songy4/tes/output/weights_control//ENST00000506118.1.wgt.RDat	ENST00000506118.1	4	47942917	47952689	0.0568	rs4499679	 -2.241	rs11725773	 2.36e-02	 -3.84	-0.8621	13	10	enet	0.042	1.1e-06	  0.6228	5.33e-01
NA	/data/songy4/tes/output/weights_control//ENST00000360265.8.wgt.RDat	ENST00000360265.8	4	7758714	7872313	0.3545	rs17757615	  2.298	rs6447872	 1.58e-01	-10.55	 0.9439	67	 3	lasso	0.28	4.8e-40	 -0.1918	8.48e-01
NA	/data/songy4/tes/output/weights_control//ENST00000290902.10.wgt.RDat	ENST00000290902.10	4	1166932	1172583	0.0565	rs1051613	 11.153	rs900030	 5.99e-04	  2.99	 1.0056	19	11	enet	0.011	0.0083	 -0.1429	8.86e-01
NA	/data/songy4/tes/output/weights_control//ENST00000435205.6.wgt.RDat	ENST00000435205.6	4	151409176	151670503	0.0328	rs12509302	 -0.630	rs12509302	 2.04e-02	 -3.53	-0.6304	 4	 4	enet	0.027	8.7e-05	  0.5418	5.88e-01
NA	/data/songy4/tes/output/weights_control//ENST00000506077.1.wgt.RDat	ENST00000506077.1	4	10284961	10285708	0.1039	rs4697648	 -1.660	rs4447863	 7.30e-02	 -6.97	-0.5745	 6	 6	enet	0.12	7.1e-16	 -0.2159	8.29e-01
NA	/data/songy4/tes/output/weights_control//ENST00000663875.1.wgt.RDat	ENST00000663875.1	4	134141694	134327494	0.0295	rs11725788	 -1.933	rs6839838	 1.84e-03	  2.90	-0.6862	 6	 1	top1	0.0018	0.16	 -0.6862	4.93e-01
NA	/data/songy4/tes/output/weights_control//ENST00000313946.12.wgt.RDat	ENST00000313946.12	4	3941760	3955415	0.0472	rs4279148	  2.000	rs4689329	 4.79e-03	  3.10	 1.6589	21	 4	lasso	0.016	0.0019	  1.7292	8.38e-02
NA	/data/songy4/tes/output/weights_control//ENST00000508168.5.wgt.RDat	ENST00000508168.5	4	987066	1001138	0.0633	rs1051613	 11.153	rs1051613	 2.90e-02	 -4.10	11.1531	17	 8	enet	0.039	2.9e-06	 -5.7752	7.69e-09
NA	/data/songy4/tes/output/weights_control//ENST00000659613.1.wgt.RDat	ENST00000659613.1	4	31997379	32155820	0.0667	rs7661647	 -0.954	rs1541548	 4.55e-02	  5.26	-0.6066	10	 1	top1	0.046	4.7e-07	 -0.6066	5.44e-01
NA	/data/songy4/tes/output/weights_control//ENST00000609724.1.wgt.RDat	ENST00000609724.1	4	15563698	15564253	0.0596	rs4698412	-11.011	rs2302467	 4.91e-02	 -5.41	-0.4105	20	 1	top1	0.049	1.7e-07	  0.4105	6.81e-01
NA	/data/songy4/tes/output/weights_control//ENST00000508180.1.wgt.RDat	ENST00000508180.1	4	48016772	48035613	0.0767	rs4499679	 -2.241	rs33964061	 5.22e-02	 -5.71	 0.1789	10	 5	enet	0.052	6.5e-08	 -0.0736	9.41e-01
NA	/data/songy4/tes/output/weights_control//ENST00000622959.3.wgt.RDat	ENST00000622959.3	4	932517	958652	0.0425	rs1051613	 11.153	rs1051613	 1.10e-02	 -3.92	11.1531	17	 2	lasso	0.017	0.0017	 -9.8687	5.69e-23
NA	/data/songy4/tes/output/weights_control//ENST00000652344.1.wgt.RDat	ENST00000652344.1	4	119444948	119451235	0.0628	rs6828669	  1.276	rs6828669	 1.92e-02	 -4.42	 1.2755	 7	 3	lasso	0.04	2.1e-06	 -1.3863	1.66e-01
NA	/data/songy4/tes/output/weights_control//ENST00000504462.1.wgt.RDat	ENST00000504462.1	4	186157896	186158843	0.0514	rs7661225	  2.406	rs6835984	 1.11e-02	 -4.05	-0.8019	44	 2	lasso	0.013	0.0057	  0.7372	4.61e-01
NA	/data/songy4/tes/output/weights_control//ENST00000660373.1.wgt.RDat	ENST00000660373.1	4	31997379	32228527	0.0656	rs7661647	 -0.954	rs1541548	 4.53e-02	  5.21	-0.6066	10	 1	top1	0.045	4.9e-07	 -0.6066	5.44e-01
NA	/data/songy4/tes/output/weights_control//ENST00000667252.1.wgt.RDat	ENST00000667252.1	4	31997745	32228541	0.0621	rs7661647	 -0.954	rs1541548	 4.67e-02	  5.22	-0.6066	10	 1	top1	0.047	3.4e-07	 -0.6066	5.44e-01
NA	/data/songy4/tes/output/weights_control//ENST00000466692.1.wgt.RDat	ENST00000466692.1	4	1574062	1580253	0.0552	rs3135123	  2.069	rs1867924	 3.67e-02	 -4.61	 0.3232	14	 3	enet	0.041	1.7e-06	 -0.2295	8.18e-01
NA	/data/songy4/tes/output/weights_control//ENST00000623059.1.wgt.RDat	ENST00000623059.1	4	7939001	7940295	0.3237	rs6855453	 -2.105	rs7356321	 1.65e-01	 10.22	 0.7184	48	22	enet	0.29	6.8e-41	 -0.1087	9.13e-01
NA	/data/songy4/tes/output/weights_control//ENST00000507611.1.wgt.RDat	ENST00000507611.1	4	120818171	120821348	0.0210	rs17009453	 -1.020	rs2201330	 2.27e-02	  3.70	 0.0388	 3	 1	top1	0.023	0.00031	  0.0388	9.69e-01
NA	/data/songy4/tes/output/weights_control//ENST00000660368.1.wgt.RDat	ENST00000660368.1	4	3049166	3074513	0.1842	rs1263345	 -4.521	rs2298969	 9.72e-02	 -7.58	-1.1720	13	 5	enet	0.14	1e-18	  1.0665	2.86e-01
NA	/data/songy4/tes/output/weights_control//ENST00000344733.9.wgt.RDat	ENST00000344733.9	4	3314147	3439905	0.0760	rs1263345	 -4.521	rs762864	 2.20e-02	 -4.69	 2.7966	17	 9	enet	0.069	6.3e-10	 -1.4265	1.54e-01
NA	/data/songy4/tes/output/weights_control//ENST00000507880.1.wgt.RDat	ENST00000507880.1	4	201409	205009	0.0650	rs6840253	  3.547	rs6819316	 2.87e-02	 -4.23	 1.4266	 8	 8	enet	0.039	3.3e-06	 -1.2709	2.04e-01
NA	/data/songy4/tes/output/weights_control//ENST00000504171.1.wgt.RDat	ENST00000504171.1	4	4387105	4417879	0.1270	rs4279148	  2.000	rs4689329	 6.65e-02	  6.35	 1.6589	24	14	enet	0.081	1.6e-11	  1.5194	1.29e-01
NA	/data/songy4/tes/output/weights_control//ENST00000504169.2.wgt.RDat	ENST00000504169.2	4	183444636	183449064	0.0429	rs2726806	  2.765	rs11132152	 1.66e-02	 -3.73	 0.4214	40	 3	lasso	0.019	0.00085	 -0.1974	8.44e-01
NA	/data/songy4/tes/output/weights_control//ENST00000507954.5.wgt.RDat	ENST00000507954.5	4	15469903	15481290	0.2092	rs4698412	-11.011	rs13133213	 9.06e-02	  7.73	-0.5319	14	 3	lasso	0.2	1.2e-27	 -0.0852	9.32e-01
NA	/data/songy4/tes/output/weights_control//ENST00000504194.5.wgt.RDat	ENST00000504194.5	4	3385971	3439905	0.0606	rs1263345	 -4.521	rs6446740	 4.11e-02	  4.85	 1.1856	16	 7	enet	0.046	4.1e-07	 -0.2510	8.02e-01
NA	/data/songy4/tes/output/weights_control//ENST00000504219.2.wgt.RDat	ENST00000504219.2	4	38619690	38664893	0.0718	rs17499919	  2.903	rs1824652	 3.63e-02	  4.55	 0.8200	26	19	enet	0.045	5.9e-07	  1.5826	1.14e-01
NA	/data/songy4/tes/output/weights_control//ENST00000507914.2.wgt.RDat	ENST00000507914.2	4	40043199	40044135	0.0328	rs9998717	 -2.310	rs11097003	 4.57e-03	  3.64	 1.0348	22	 5	enet	0.015	0.0028	  0.4495	6.53e-01
NA	/data/songy4/tes/output/weights_control//ENST00000508115.1.wgt.RDat	ENST00000508115.1	4	47851057	47877144	0.0644	rs4499679	 -2.241	rs2457415	 2.97e-03	  2.86	 0.0000	13	12	enet	0.035	9.5e-06	  1.5966	1.10e-01
NA	/data/songy4/tes/output/weights_control//ENST00000624774.1.wgt.RDat	ENST00000624774.1	4	145376909	145377957	0.0257	rs7689179	 -0.958	rs11935505	 2.22e-02	 -3.56	-0.8622	 6	 2	lasso	0.024	0.00022	  0.5670	5.71e-01
NA	/data/songy4/tes/output/weights_control//ENST00000400159.6.wgt.RDat	ENST00000400159.6	4	677922	682033	0.0300	rs1051613	 11.153	rs11730652	-1.86e-03	 -2.98	 0.7806	14	 9	enet	0.0064	0.037	 -1.0871	2.77e-01
NA	/data/songy4/tes/output/weights_control//ENST00000652083.2.wgt.RDat	ENST00000652083.2	4	32005076	32022483	0.0474	rs7661647	 -0.954	rs1541548	 4.14e-02	  5.04	-0.6066	 8	 1	top1	0.041	1.5e-06	 -0.6066	5.44e-01
NA	/data/songy4/tes/output/weights_control//ENST00000652070.1.wgt.RDat	ENST00000652070.1	4	999710	1004505	0.0399	rs1051613	 11.153	rs1051613	 2.48e-02	 -3.98	11.1531	17	 1	top1	0.025	0.00017	-11.1531	6.92e-29
NA	/data/songy4/tes/output/weights_control//ENST00000609548.1.wgt.RDat	ENST00000609548.1	4	1167778	1168174	0.0385	rs1051613	 11.153	rs900030	 1.76e-02	  3.47	 1.0056	18	 1	top1	0.018	0.0013	  1.0056	3.15e-01
NA	/data/songy4/tes/output/weights_control//ENST00000308132.10.wgt.RDat	ENST00000308132.10	4	1639881	1684261	0.0360	rs3135123	  2.069	rs6828404	 2.84e-03	  3.37	-0.6987	15	 9	enet	0.0061	0.041	 -0.8242	4.10e-01
NA	/data/songy4/tes/output/weights_control//ENST00000507489.2.wgt.RDat	ENST00000507489.2	4	47847240	47914583	0.0698	rs4499679	 -2.241	rs2457415	 3.06e-03	  3.05	 0.0000	13	11	enet	0.037	5.2e-06	  1.3466	1.78e-01
NA	/data/songy4/tes/output/weights_control//ENST00000504008.1.wgt.RDat	ENST00000504008.1	4	86887871	86892413	0.0405	rs769378	  1.277	rs17409687	 4.02e-04	 -2.54	 0.7732	12	12	enet	0.0074	0.027	 -0.8079	4.19e-01
NA	/data/songy4/tes/output/weights_control//ENST00000652443.1.wgt.RDat	ENST00000652443.1	4	15479216	15481713	0.1639	rs4698412	-11.011	rs13133213	 7.74e-02	  7.20	-0.5319	14	 4	lasso	0.16	5.8e-22	 -0.1690	8.66e-01
NA	/data/songy4/tes/output/weights_control//ENST00000507448.1.wgt.RDat	ENST00000507448.1	4	336258	336786	0.0389	rs6840253	  3.547	rs28675771	 6.21e-03	 -3.55	 0.4247	11	 6	enet	0.024	0.00021	 -0.4145	6.79e-01
NA	/data/songy4/tes/output/weights_control//ENST00000507500.5.wgt.RDat	ENST00000507500.5	4	140911053	141133049	0.0456	rs6817684	 -2.278	rs17050838	 5.49e-03	 -2.65	 0.5619	34	 1	top1	0.0055	0.049	 -0.5619	5.74e-01
NA	/data/songy4/tes/output/weights_control//ENST00000651385.1.wgt.RDat	ENST00000651385.1	4	15479216	15540276	0.2184	rs4698412	-11.011	rs2302467	 1.41e-01	 -8.80	-0.4105	20	 9	enet	0.23	4.2e-31	 -0.1028	9.18e-01
NA	/data/songy4/tes/output/weights_control//ENST00000508415.1.wgt.RDat	ENST00000508415.1	4	7788607	7793812	0.2441	rs17757615	  2.298	rs7356321	 1.22e-01	  8.85	 0.7184	60	10	enet	0.21	3.2e-29	 -0.1872	8.51e-01
NA	/data/songy4/tes/output/weights_control//ENST00000507466.1.wgt.RDat	ENST00000507466.1	4	1171029	1171625	0.0509	rs1051613	 11.153	rs13118159	 3.03e-03	  2.93	 0.4407	18	14	enet	0.018	0.0011	 -1.0870	2.77e-01
NA	/data/songy4/tes/output/weights_control//ENST00000504002.1.wgt.RDat	ENST00000504002.1	4	69849126	69860145	0.0238	rs1569343	 -0.614	rs7441743	 2.20e-02	  3.79	-0.6038	 3	 1	top1	0.022	0.00037	 -0.6038	5.46e-01
NA	/data/songy4/tes/output/weights_control//ENST00000642060.1.wgt.RDat	ENST00000642060.1	4	86010431	86360053	0.0546	rs744597	 -1.510	rs346500	-9.97e-04	 -2.76	 0.0198	10	10	enet	0.014	0.0035	  2.6422	8.24e-03
NA	/data/songy4/tes/output/weights_control//ENST00000464756.6.wgt.RDat	ENST00000464756.6	4	47847240	47914636	0.0710	rs4499679	 -2.241	rs2457415	 8.18e-03	  3.11	 0.0000	13	11	enet	0.038	4e-06	  1.3542	1.76e-01
