PANEL	FILE	ID	CHR	P0	P1	HSQ	BEST.GWAS.ID	BEST.GWAS.Z	EQTL.ID	EQTL.R2	EQTL.Z	EQTL.GWAS.Z	NSNP	NWGT	MODEL	MODELCV.R2	MODELCV.PV	TWAS.Z	TWAS.P
NA	/data/songy4/tes/output/weights_control//ENST00000395526.9.wgt.RDat	ENST00000395526.9	10	50182778	50279720	0.0402	rs4838429	 4.59	rs11101462	-1.04e-03	-3.26	 1.8177	28	 3	lasso	1.1e-05	0.32	-2.1540	0.03124
NA	/data/songy4/tes/output/weights_control//ENST00000395810.5.wgt.RDat	ENST00000395810.5	10	43194536	43266919	0.0573	rs11239753	-2.03	rs7093409	 3.69e-02	 4.64	-1.1066	 7	 1	top1	0.037	5.4e-06	-1.1066	0.26849
NA	/data/songy4/tes/output/weights_control//ENST00000372387.1.wgt.RDat	ENST00000372387.1	10	77866875	77869610	0.0391	rs10824350	 3.25	rs12260955	-1.55e-03	-2.98	-0.8750	22	12	enet	0.0018	0.16	 1.7968	0.07237
NA	/data/songy4/tes/output/weights_control//ENST00000372336.4.wgt.RDat	ENST00000372336.4	10	79382325	79445624	0.0494	rs17482756	-2.53	rs605089	 1.53e-02	-3.35	-1.2800	31	 1	top1	0.015	0.0026	 1.2800	0.20055
NA	/data/songy4/tes/output/weights_control//ENST00000372185.5.wgt.RDat	ENST00000372185.5	10	80408494	80432997	0.0688	rs41385044	 2.29	rs1025558	 1.65e-03	-3.20	-0.4286	41	 1	top1	0.0017	0.17	 0.4286	0.66824
NA	/data/songy4/tes/output/weights_control//ENST00000372181.1.wgt.RDat	ENST00000372181.1	10	80419998	80432997	0.0592	rs41385044	 2.29	rs1025558	 1.92e-02	-3.64	-0.4286	41	 1	top1	0.019	0.00085	 0.4286	0.66824
NA	/data/songy4/tes/output/weights_control//ENST00000666021.1.wgt.RDat	ENST00000666021.1	10	31602916	31606218	0.0440	rs2050888	 2.18	rs12781751	 2.42e-02	 4.01	-0.4356	 8	 6	enet	0.029	5.7e-05	-0.0696	0.94454
NA	/data/songy4/tes/output/weights_control//ENST00000669330.1.wgt.RDat	ENST00000669330.1	10	3486631	3502866	0.0656	rs7919625	-2.51	rs17135269	 2.21e-02	 3.91	-0.4976	56	 1	top1	0.022	0.00037	-0.4976	0.61874
NA	/data/songy4/tes/output/weights_control//ENST00000468050.1.wgt.RDat	ENST00000468050.1	10	3104747	3109394	0.0691	rs7920115	-2.05	rs3814593	-5.06e-04	-3.16	-0.1321	40	 5	lasso	0.0057	0.046	 0.2829	0.77728
NA	/data/songy4/tes/output/weights_control//ENST00000481592.5.wgt.RDat	ENST00000481592.5	10	20813740	20819480	0.0675	rs11012415	-2.43	rs608788	 9.61e-03	 3.59	-0.2807	23	15	enet	0.026	0.00012	-0.0165	0.98683
NA	/data/songy4/tes/output/weights_control//ENST00000615554.4.wgt.RDat	ENST00000615554.4	10	80408486	80432996	0.0614	rs41385044	 2.29	rs1025558	 7.22e-03	-3.32	-0.4286	41	 1	top1	0.0072	0.029	 0.4286	0.66824
NA	/data/songy4/tes/output/weights_control//ENST00000436485.1.wgt.RDat	ENST00000436485.1	10	18541586	18544387	0.0347	rs10829239	 2.57	rs4748474	 2.39e-03	-3.08	-2.3918	26	 1	top1	0.0024	0.13	 2.3918	0.01677
NA	/data/songy4/tes/output/weights_control//ENST00000669251.1.wgt.RDat	ENST00000669251.1	10	16526187	16528795	0.1039	rs11254269	 2.09	rs11254053	 2.88e-02	 5.28	 0.1651	21	12	enet	0.076	6.9e-11	 0.5098	0.61019
NA	/data/songy4/tes/output/weights_control//ENST00000497342.1.wgt.RDat	ENST00000497342.1	10	29697935	29698174	0.0587	rs10826721	 2.82	rs561406	 1.84e-02	 3.84	-0.8661	38	 1	top1	0.018	0.001	-0.8661	0.38645
NA	/data/songy4/tes/output/weights_control//ENST00000666104.1.wgt.RDat	ENST00000666104.1	10	7008964	7118414	0.0621	rs2147289	 2.11	rs2892380	 3.56e-02	 4.52	 0.4371	52	 1	top1	0.036	7.9e-06	 0.4371	0.66205
NA	/data/songy4/tes/output/weights_control//ENST00000433193.2.wgt.RDat	ENST00000433193.2	10	3133235	3137715	0.0651	rs7920115	-2.05	rs3814593	-1.00e-03	-3.36	-0.1321	39	 9	enet	0.02	0.00064	 0.3678	0.71301
NA	/data/songy4/tes/output/weights_control//ENST00000435712.1.wgt.RDat	ENST00000435712.1	10	130106046	130108481	0.0598	rs11595394	 2.02	rs7089981	 1.17e-02	 3.70	 1.6078	52	14	enet	0.038	4e-06	 0.8407	0.40050
NA	/data/songy4/tes/output/weights_control//ENST00000605781.5.wgt.RDat	ENST00000605781.5	10	5035354	5102210	0.0826	rs9423407	-2.53	rs9423407	 2.98e-02	-4.45	-2.5347	44	 1	top1	0.03	4.1e-05	 2.5347	0.01126
NA	/data/songy4/tes/output/weights_control//ENST00000460124.5.wgt.RDat	ENST00000460124.5	10	4989789	5004023	0.0830	rs12415117	-2.66	rs11252540	-5.40e-04	 2.86	 2.6324	42	27	enet	0.0027	0.12	 0.8853	0.37599
NA	/data/songy4/tes/output/weights_control//ENST00000480697.6.wgt.RDat	ENST00000480697.6	10	5094414	5098176	0.0699	rs9423407	-2.53	rs9423407	 3.18e-02	-4.33	-2.5347	41	 1	top1	0.032	2.3e-05	 2.5347	0.01126
NA	/data/songy4/tes/output/weights_control//ENST00000467153.5.wgt.RDat	ENST00000467153.5	10	116663786	116669959	0.0288	rs2475239	-1.28	rs11196799	 1.36e-03	 3.30	-0.6166	 8	 6	enet	0.012	0.0078	-0.6782	0.49762
NA	/data/songy4/tes/output/weights_control//ENST00000366376.3.wgt.RDat	ENST00000366376.3	10	33684755	33709868	0.0505	rs16933862	 2.10	rs17296526	-1.39e-03	-2.54	 0.0000	22	14	enet	0.0027	0.12	 0.5526	0.58051
NA	/data/songy4/tes/output/weights_control//ENST00000480822.5.wgt.RDat	ENST00000480822.5	10	5035358	5097537	0.0550	rs9423407	-2.53	rs9423407	 2.61e-02	-4.12	-2.5347	42	 1	top1	0.026	0.00012	 2.5347	0.01126
NA	/data/songy4/tes/output/weights_control//ENST00000529198.1.wgt.RDat	ENST00000529198.1	10	21125763	21146559	0.1570	rs11012415	-2.43	rs1841530	 7.50e-02	 6.60	 0.6567	27	16	enet	0.085	5.2e-12	 0.1879	0.85093
NA	/data/songy4/tes/output/weights_control//ENST00000369250.7.wgt.RDat	ENST00000369250.7	10	114821744	114899832	0.0552	rs11196150	-2.28	rs11196266	-1.61e-03	-2.77	 0.4970	34	11	enet	0.0098	0.013	 0.2591	0.79555
NA	/data/songy4/tes/output/weights_control//ENST00000369248.9.wgt.RDat	ENST00000369248.9	10	114821780	114864717	0.0590	rs11196150	-2.28	rs7893991	 2.55e-03	-3.10	-0.0621	33	19	enet	0.015	0.0028	 0.1809	0.85641
NA	/data/songy4/tes/output/weights_control//ENST00000497699.1.wgt.RDat	ENST00000497699.1	10	28677510	28682677	0.0367	rs2255018	 1.69	rs1248990	 1.46e-02	-3.69	-0.9853	12	 1	top1	0.015	0.0032	 0.9853	0.32448
NA	/data/songy4/tes/output/weights_control//ENST00000660269.1.wgt.RDat	ENST00000660269.1	10	7444340	7471860	0.0928	rs2147289	 2.11	rs2892380	 3.61e-03	 3.67	 0.4371	36	24	enet	0.016	0.0022	-0.7040	0.48145
NA	/data/songy4/tes/output/weights_control//ENST00000632314.1.wgt.RDat	ENST00000632314.1	10	13684036	13707126	0.0491	rs2296222	-2.38	rs3814667	-1.40e-03	-3.32	 0.3711	38	10	enet	0.023	0.00031	-0.1036	0.91749
NA	/data/songy4/tes/output/weights_control//ENST00000609742.2.wgt.RDat	ENST00000609742.2	10	32887255	32889311	0.0383	rs16933862	 2.10	rs2666279	 5.35e-03	-3.38	 0.7600	 4	 4	enet	0.028	6.3e-05	-1.2741	0.20263
NA	/data/songy4/tes/output/weights_control//ENST00000498424.2.wgt.RDat	ENST00000498424.2	10	20831146	20831583	0.0520	rs11012415	-2.43	rs599087	 4.61e-03	-3.13	-0.2042	23	 8	enet	0.012	0.007	-0.8064	0.42002
NA	/data/songy4/tes/output/weights_control//ENST00000432689.2.wgt.RDat	ENST00000432689.2	10	5275206	5285925	0.1949	rs9423407	-2.53	rs9423407	 7.61e-02	-6.45	-2.5347	41	17	enet	0.13	2.2e-18	 2.3796	0.01733
NA	/data/songy4/tes/output/weights_control//ENST00000460652.1.wgt.RDat	ENST00000460652.1	10	20813740	20826471	0.0462	rs11012415	-2.43	rs608788	 9.85e-03	 3.44	-0.2807	23	 4	enet	0.018	0.0013	-0.1937	0.84639
NA	/data/songy4/tes/output/weights_control//ENST00000425092.1.wgt.RDat	ENST00000425092.1	10	21110682	21113388	0.1289	rs11012415	-2.43	rs1841530	 5.78e-02	 5.79	 0.6567	28	17	enet	0.067	1e-09	 0.4046	0.68579
NA	/data/songy4/tes/output/weights_control//ENST00000667228.1.wgt.RDat	ENST00000667228.1	10	11092275	11105494	0.0815	rs2093623	-3.72	rs1291828	 8.66e-03	 4.59	 1.0459	32	 8	enet	0.048	2.6e-07	 0.9843	0.32496
NA	/data/songy4/tes/output/weights_control//ENST00000302316.12.wgt.RDat	ENST00000302316.12	10	32567836	32876553	0.0263	rs16933862	 2.10	rs2475193	 2.07e-02	-3.52	-0.1475	 4	 2	lasso	0.021	0.00055	-0.0433	0.96548
NA	/data/songy4/tes/output/weights_control//ENST00000661681.1.wgt.RDat	ENST00000661681.1	10	11071541	11105498	0.0835	rs2093623	-3.72	rs1291828	 3.25e-02	 4.47	 1.0459	33	 1	top1	0.032	1.9e-05	 1.0459	0.29562
NA	/data/songy4/tes/output/weights_control//ENST00000460445.1.wgt.RDat	ENST00000460445.1	10	3104879	3107233	0.0723	rs7920115	-2.05	rs12784859	 5.63e-04	-3.01	 0.3178	40	 4	lasso	0.0069	0.032	 0.8558	0.39209
NA	/data/songy4/tes/output/weights_control//ENST00000619991.1.wgt.RDat	ENST00000619991.1	10	16514467	16521145	0.1908	rs11254269	 2.09	rs11254053	 1.07e-01	 7.58	 0.1651	21	11	enet	0.17	3.7e-23	 0.5109	0.60945
NA	/data/songy4/tes/output/weights_control//ENST00000635624.2.wgt.RDat	ENST00000635624.2	10	11092276	11105498	0.0561	rs2093623	-3.72	rs1291828	-1.31e-03	 3.24	 1.0459	32	 7	enet	-0.001	0.5	 0.8161	0.41446
NA	/data/songy4/tes/output/weights_control//ENST00000381496.7.wgt.RDat	ENST00000381496.7	10	274190	486558	0.0455	rs1581843	-1.10	rs7074221	 2.28e-02	 3.68	 0.3786	 7	 7	enet	0.033	1.7e-05	 0.4575	0.64730
NA	/data/songy4/tes/output/weights_control//ENST00000474119.5.wgt.RDat	ENST00000474119.5	10	4826177	4848062	0.0480	rs1679444	-2.81	rs3812663	 2.17e-02	 3.71	 1.5255	38	 1	top1	0.022	0.00041	 1.5255	0.12713
NA	/data/songy4/tes/output/weights_control//ENST00000533295.5.wgt.RDat	ENST00000533295.5	10	4786629	4837583	0.0522	rs1679444	-2.84	rs3812663	 2.02e-02	 3.64	 1.5255	39	 1	top1	0.02	0.00063	 1.5255	0.12713
NA	/data/songy4/tes/output/weights_control//ENST00000381125.9.wgt.RDat	ENST00000381125.9	10	3067548	3136802	0.0837	rs7920115	-2.05	rs3814593	 3.91e-03	-3.52	-0.1321	41	 5	lasso	0.015	0.0031	 0.1092	0.91303
NA	/data/songy4/tes/output/weights_control//ENST00000381312.6.wgt.RDat	ENST00000381312.6	10	1177313	1737525	0.4208	rs1912334	-2.46	rs3793735	 3.92e-01	14.43	 1.0185	47	 1	top1	0.39	7.8e-59	 1.0185	0.30843
NA	/data/songy4/tes/output/weights_control//ENST00000463345.5.wgt.RDat	ENST00000463345.5	10	4826234	4848062	0.0458	rs1679444	-2.81	rs3812663	 2.02e-02	 3.61	 1.5255	38	 1	top1	0.02	0.00062	 1.5255	0.12713
NA	/data/songy4/tes/output/weights_control//ENST00000381305.1.wgt.RDat	ENST00000381305.1	10	1183151	1200385	0.3914	rs1912334	-2.46	rs3793735	 3.39e-01	13.41	 1.0185	25	13	enet	0.34	4.4e-50	 0.9487	0.34276
NA	/data/songy4/tes/output/weights_control//ENST00000381310.7.wgt.RDat	ENST00000381310.7	10	1182134	1200360	0.3896	rs1912334	-2.46	rs3793735	 3.39e-01	13.44	 1.0185	25	 3	lasso	0.34	1.5e-49	 0.9960	0.31923
NA	/data/songy4/tes/output/weights_control//ENST00000417845.1.wgt.RDat	ENST00000417845.1	10	21174354	21174923	0.0830	rs11012415	-2.43	rs1841530	 2.91e-02	 4.32	 0.6567	26	20	enet	0.031	2.8e-05	 0.2838	0.77655
NA	/data/songy4/tes/output/weights_control//ENST00000473616.5.wgt.RDat	ENST00000473616.5	10	20813740	20817650	0.0520	rs11012415	-2.43	rs608788	 7.39e-03	 3.50	-0.2807	23	 7	enet	0.022	0.00034	-0.4687	0.63927
NA	/data/songy4/tes/output/weights_control//ENST00000603888.2.wgt.RDat	ENST00000603888.2	10	48010132	48031640	0.0967	rs10788705	-1.66	rs7899683	 2.03e-02	 4.27	-0.7985	14	11	enet	0.062	4.2e-09	-0.2989	0.76498
NA	/data/songy4/tes/output/weights_control//ENST00000475252.2.wgt.RDat	ENST00000475252.2	10	95974029	96032675	0.0327	rs1935960	-1.56	rs7897783	 7.74e-04	 3.08	 0.4571	15	 9	enet	0.00086	0.23	 0.0146	0.98837
NA	/data/songy4/tes/output/weights_control//ENST00000604507.5.wgt.RDat	ENST00000604507.5	10	4995834	5017955	0.1197	rs12415117	-2.66	rs3812663	 1.43e-03	-3.23	 1.5255	42	29	enet	0.026	0.00012	-0.0388	0.96907
NA	/data/songy4/tes/output/weights_control//ENST00000380448.5.wgt.RDat	ENST00000380448.5	10	5195463	5218949	0.1014	rs9423407	-2.53	rs9423594	 2.37e-02	 5.19	 1.2090	44	 2	lasso	0.037	4.9e-06	 1.7416	0.08157
NA	/data/songy4/tes/output/weights_control//ENST00000469792.6.wgt.RDat	ENST00000469792.6	10	101770142	101776097	0.0313	rs6584294	 1.66	rs7099144	 1.16e-03	 2.65	 0.6000	13	 1	top1	0.0012	0.21	 0.6000	0.54851
NA	/data/songy4/tes/output/weights_control//ENST00000535642.5.wgt.RDat	ENST00000535642.5	10	43556347	43574618	0.0384	rs11239753	-2.03	rs3122227	 2.29e-02	 3.71	-1.1221	 8	 1	top1	0.023	3e-04	-1.1221	0.26180
NA	/data/songy4/tes/output/weights_control//ENST00000381075.6.wgt.RDat	ENST00000381075.6	10	3068627	3136793	0.0808	rs7920115	-2.05	rs3814593	-7.75e-04	-3.13	-0.1321	41	 8	enet	0.0091	0.016	 0.1021	0.91870
NA	/data/songy4/tes/output/weights_control//ENST00000380946.3.wgt.RDat	ENST00000380946.3	10	3781808	3785183	0.0723	rs7919625	-2.51	rs12784859	 2.02e-02	-3.55	 0.3178	48	 1	top1	0.02	0.00064	-0.3178	0.75067
NA	/data/songy4/tes/output/weights_control//ENST00000604184.1.wgt.RDat	ENST00000604184.1	10	5000303	5003861	0.1590	rs12415117	-2.66	rs7080649	 7.74e-04	-3.85	 0.6131	41	33	enet	0.056	2.5e-08	-1.2938	0.19573
NA	/data/songy4/tes/output/weights_control//ENST00000421196.7.wgt.RDat	ENST00000421196.7	10	4989434	5003860	0.1136	rs12415117	-2.66	rs3812663	-1.66e-03	-2.84	 1.5255	42	29	enet	0.012	0.0075	-0.4567	0.64790
NA	/data/songy4/tes/output/weights_control//ENST00000380554.5.wgt.RDat	ENST00000380554.5	10	5094414	5107686	0.0737	rs9423407	-2.53	rs9423407	 2.91e-02	-4.33	-2.5347	44	 1	top1	0.029	5e-05	 2.5347	0.01126
NA	/data/songy4/tes/output/weights_control//ENST00000668409.1.wgt.RDat	ENST00000668409.1	10	7008453	7118432	0.0662	rs2147289	 2.11	rs2892380	 1.53e-02	 3.88	 0.4371	52	 3	lasso	0.025	0.00014	 0.8347	0.40391
NA	/data/songy4/tes/output/weights_control//ENST00000474762.5.wgt.RDat	ENST00000474762.5	10	1182845	1186566	0.3582	rs1912334	-2.46	rs3793735	 3.23e-01	13.11	 1.0185	25	 4	lasso	0.33	6.6e-47	 1.0007	0.31696
NA	/data/songy4/tes/output/weights_control//ENST00000422707.1.wgt.RDat	ENST00000422707.1	10	27331357	27341252	0.0213	rs703009	-2.59	rs2483499	 1.79e-02	 3.75	 0.6102	10	 1	top1	0.018	0.0012	 0.6102	0.54175
NA	/data/songy4/tes/output/weights_control//ENST00000602440.2.wgt.RDat	ENST00000602440.2	10	48050282	48060016	0.0513	rs10788705	-1.66	rs743509	 3.71e-03	-3.04	 0.7925	16	10	enet	0.02	0.00063	-0.5377	0.59082
NA	/data/songy4/tes/output/weights_control//ENST00000434381.1.wgt.RDat	ENST00000434381.1	10	20880874	20899691	0.0470	rs11012415	-2.43	rs608788	 8.45e-03	 3.24	-0.2807	26	10	enet	0.013	0.0047	 0.0734	0.94148
NA	/data/songy4/tes/output/weights_control//ENST00000659369.1.wgt.RDat	ENST00000659369.1	10	3486631	3502866	0.0576	rs7919625	-2.51	rs12415614	-1.18e-03	-2.80	 1.6379	56	17	enet	0.0045	0.068	-1.2813	0.20008
NA	/data/songy4/tes/output/weights_control//ENST00000603484.1.wgt.RDat	ENST00000603484.1	10	5105275	5107686	0.0767	rs9423407	-2.53	rs9423407	 3.03e-02	-4.43	-2.5347	44	 1	top1	0.03	3.6e-05	 2.5347	0.01126
NA	/data/songy4/tes/output/weights_control//ENST00000472454.6.wgt.RDat	ENST00000472454.6	10	95949968	95984695	0.0269	rs1935960	-1.56	rs11187736	-1.76e-03	-2.81	 0.0000	15	 8	enet	-0.0013	0.58	 0.0959	0.92359
NA	/data/songy4/tes/output/weights_control//ENST00000464278.1.wgt.RDat	ENST00000464278.1	10	21171547	21173838	0.1469	rs11012415	-2.43	rs1841530	 6.15e-02	 6.14	 0.6567	26	16	enet	0.063	3.3e-09	 0.4134	0.67928
NA	/data/songy4/tes/output/weights_control//ENST00000602997.5.wgt.RDat	ENST00000602997.5	10	5048789	5099414	0.0632	rs9423407	-2.53	rs9423407	 2.99e-02	-4.39	-2.5347	42	 1	top1	0.03	3.9e-05	 2.5347	0.01126
NA	/data/songy4/tes/output/weights_control//ENST00000305623.12.wgt.RDat	ENST00000305623.12	10	5275173	5288470	0.2115	rs9423407	-2.53	rs9423594	 5.28e-02	 5.80	 1.2090	41	17	enet	0.16	7.7e-22	 2.0799	0.03753
NA	/data/songy4/tes/output/weights_control//ENST00000602647.5.wgt.RDat	ENST00000602647.5	10	102714635	102726657	0.0459	rs11190730	 2.76	rs12780429	-6.61e-04	-2.48	 0.5070	22	19	enet	0.0054	0.051	-1.5610	0.11852
NA	/data/songy4/tes/output/weights_control//ENST00000534331.6.wgt.RDat	ENST00000534331.6	10	21125764	21146559	0.1549	rs11012415	-2.43	rs1841530	 7.55e-02	 6.61	 0.6567	27	17	enet	0.082	1.2e-11	 0.0658	0.94750
NA	/data/songy4/tes/output/weights_control//ENST00000384029.1.wgt.RDat	ENST00000384029.1	10	74551392	74551493	0.0158	rs11818126	 2.67	rs17737927	 1.87e-03	-2.70	-0.6684	 2	 2	enet	0.0086	0.019	-1.0759	0.28198
NA	/data/songy4/tes/output/weights_control//ENST00000417816.2.wgt.RDat	ENST00000417816.2	10	20783906	21174187	0.1504	rs11012415	-2.43	rs1841530	 6.81e-02	 6.42	 0.6567	33	16	enet	0.072	2.3e-10	 0.6272	0.53050
NA	/data/songy4/tes/output/weights_control//ENST00000263126.3.wgt.RDat	ENST00000263126.3	10	5196837	5218949	0.1093	rs9423407	-2.53	rs9423594	 4.67e-02	 5.16	 1.2090	44	 1	top1	0.047	3.3e-07	 1.2090	0.22668
NA	/data/songy4/tes/output/weights_control//ENST00000634311.1.wgt.RDat	ENST00000634311.1	10	277323	689668	0.0437	rs1912334	-2.46	rs7074221	 2.00e-02	 3.66	 0.3786	13	 2	lasso	0.028	6.4e-05	 0.5479	0.58373
NA	/data/songy4/tes/output/weights_control//ENST00000668038.1.wgt.RDat	ENST00000668038.1	10	95938106	96090250	0.0305	rs1935960	-1.56	rs7897783	-1.68e-03	 2.92	 0.4571	15	10	enet	0.00057	0.25	 0.2578	0.79660
NA	/data/songy4/tes/output/weights_control//ENST00000417559.1.wgt.RDat	ENST00000417559.1	10	80529597	80535942	0.0565	rs4980054	-2.90	rs1025558	 5.16e-03	-3.16	-0.4286	41	18	enet	0.02	6e-04	-0.5644	0.57250
NA	/data/songy4/tes/output/weights_control//ENST00000421751.1.wgt.RDat	ENST00000421751.1	10	3069233	3103937	0.0762	rs7920115	-2.05	rs12784859	-1.31e-03	-2.96	 0.3178	40	10	enet	0.0097	0.014	 0.0872	0.93050
NA	/data/songy4/tes/output/weights_control//ENST00000477751.1.wgt.RDat	ENST00000477751.1	10	7729865	7732473	0.1154	rs2147289	 2.11	rs11255412	 4.76e-02	-5.23	-1.5682	36	 7	enet	0.072	2.1e-10	 0.8104	0.41768
NA	/data/songy4/tes/output/weights_control//ENST00000411414.1.wgt.RDat	ENST00000411414.1	10	114860791	114863914	0.0613	rs11196150	-2.28	rs7893991	 3.28e-03	-3.09	-0.0621	32	19	enet	0.02	0.00076	-0.1176	0.90637
NA	/data/songy4/tes/output/weights_control//ENST00000669017.1.wgt.RDat	ENST00000669017.1	10	11072026	11098475	0.0896	rs2093623	-3.72	rs1291828	 5.99e-02	 5.75	 1.0459	33	 1	top1	0.06	7.7e-09	 1.0459	0.29562
NA	/data/songy4/tes/output/weights_control//ENST00000433839.1.wgt.RDat	ENST00000433839.1	10	121133090	121133723	0.0358	rs10510056	 2.24	rs4752324	 3.76e-04	 2.30	-1.8583	13	10	enet	0.0067	0.034	-0.4735	0.63586
NA	/data/songy4/tes/output/weights_control//ENST00000666263.1.wgt.RDat	ENST00000666263.1	10	16521714	16539710	0.1030	rs11254269	 2.09	rs11254053	 7.87e-03	 4.20	 0.1651	22	 8	enet	0.069	6.2e-10	 0.4977	0.61871
NA	/data/songy4/tes/output/weights_control//ENST00000605149.5.wgt.RDat	ENST00000605149.5	10	5077638	5107680	0.0820	rs9423407	-2.53	rs9423407	 2.90e-02	-4.42	-2.5347	44	 1	top1	0.029	5.1e-05	 2.5347	0.01126
NA	/data/songy4/tes/output/weights_control//ENST00000377119.5.wgt.RDat	ENST00000377119.5	10	20867759	20897215	0.0423	rs11012415	-2.43	rs608788	-1.13e-03	 2.82	-0.2807	26	12	enet	0.011	0.01	 0.1176	0.90642
NA	/data/songy4/tes/output/weights_control//ENST00000377122.8.wgt.RDat	ENST00000377122.8	10	20779973	20897602	0.0421	rs11012415	-2.43	rs608788	 9.81e-03	 3.36	-0.2807	29	 1	top1	0.0098	0.013	-0.2807	0.77894
NA	/data/songy4/tes/output/weights_control//ENST00000420395.1.wgt.RDat	ENST00000420395.1	10	7445558	7471942	0.0879	rs2147289	 2.11	rs946287	 3.41e-03	 3.74	-1.8615	36	24	enet	0.023	0.00026	-1.4470	0.14790
NA	/data/songy4/tes/output/weights_control//ENST00000375533.6.wgt.RDat	ENST00000375533.6	10	28677521	28682932	0.0399	rs2255018	 1.69	rs1248990	 1.61e-02	-3.81	-0.9853	12	 1	top1	0.016	0.0021	 0.9853	0.32448
NA	/data/songy4/tes/output/weights_control//ENST00000478580.1.wgt.RDat	ENST00000478580.1	10	15132817	15141353	0.0612	rs896435	-7.28	rs10906857	 5.61e-02	-5.65	-0.2059	37	 1	top1	0.056	2.3e-08	 0.2059	0.83688
NA	/data/songy4/tes/output/weights_control//ENST00000374823.9.wgt.RDat	ENST00000374823.9	10	33201018	33334382	0.0344	rs16933862	 2.10	rs2475193	 2.14e-03	-3.30	-0.1475	12	 8	enet	0.0055	0.049	 0.6858	0.49281
NA	/data/songy4/tes/output/weights_control//ENST00000432370.3.wgt.RDat	ENST00000432370.3	10	11071541	11105504	0.0826	rs2093623	-3.72	rs1291828	 3.12e-02	 4.43	 1.0459	33	15	enet	0.031	2.6e-05	 1.1248	0.26065
NA	/data/songy4/tes/output/weights_control//ENST00000407806.2.wgt.RDat	ENST00000407806.2	10	3070245	3105473	0.0640	rs7920115	-2.05	rs12784859	-4.31e-05	-2.91	 0.3178	40	 5	lasso	0.0044	0.068	-0.1859	0.85248
NA	/data/songy4/tes/output/weights_control//ENST00000375940.8.wgt.RDat	ENST00000375940.8	10	27155370	27186919	0.0779	rs703009	-2.59	rs10764690	 5.53e-02	 5.63	 0.6238	13	 3	lasso	0.056	2.4e-08	 0.3361	0.73679
NA	/data/songy4/tes/output/weights_control//ENST00000375946.8.wgt.RDat	ENST00000375946.8	10	27154824	27186919	0.0692	rs703009	-2.59	rs10764690	 5.45e-02	 5.57	 0.6238	13	 2	lasso	0.056	2.3e-08	 0.3875	0.69835
NA	/data/songy4/tes/output/weights_control//ENST00000605322.1.wgt.RDat	ENST00000605322.1	10	5094418	5099893	0.0588	rs9423407	-2.53	rs9423407	 2.26e-02	-3.88	-2.5347	41	 1	top1	0.023	0.00032	 2.5347	0.01126
NA	/data/songy4/tes/output/weights_control//ENST00000607886.5.wgt.RDat	ENST00000607886.5	10	3066333	3101554	0.0751	rs7920115	-2.05	rs7893752	-3.57e-04	 3.40	-0.3363	40	10	enet	0.011	0.0088	 0.0535	0.95733
NA	/data/songy4/tes/output/weights_control//ENST00000462718.7.wgt.RDat	ENST00000462718.7	10	4786709	4839819	0.0510	rs1679444	-2.84	rs3812663	 2.43e-02	 3.86	 1.5255	39	 1	top1	0.024	2e-04	 1.5255	0.12713
NA	/data/songy4/tes/output/weights_control//ENST00000469464.1.wgt.RDat	ENST00000469464.1	10	1215676	1240530	0.5688	rs1912334	-2.46	rs3793735	 5.12e-01	16.42	 1.0185	27	 1	top1	0.51	6.5e-84	 1.0185	0.30843
NA	/data/songy4/tes/output/weights_control//ENST00000660919.1.wgt.RDat	ENST00000660919.1	10	3489922	3502865	0.0666	rs7919625	-2.51	rs17135269	-5.93e-05	 3.08	-0.4976	54	13	enet	0.022	4e-04	-0.5160	0.60587
NA	/data/songy4/tes/output/weights_control//ENST00000469435.1.wgt.RDat	ENST00000469435.1	10	3780327	3785193	0.0660	rs7919625	-2.51	rs12784859	 2.01e-02	-3.58	 0.3178	48	 1	top1	0.02	0.00066	-0.3178	0.75067
NA	/data/songy4/tes/output/weights_control//ENST00000379587.4.wgt.RDat	ENST00000379587.4	10	7703400	7749339	0.2408	rs2147289	 2.11	rs11255412	 1.00e-01	-7.48	-1.5682	36	16	enet	0.18	8.7e-25	 0.5520	0.58094
NA	/data/songy4/tes/output/weights_control//ENST00000477034.2.wgt.RDat	ENST00000477034.2	10	27169944	27186718	0.0587	rs703009	-2.59	rs10764690	 3.73e-02	 4.77	 0.6238	13	 1	top1	0.037	4.9e-06	 0.6238	0.53278
NA	/data/songy4/tes/output/weights_control//ENST00000477140.1.wgt.RDat	ENST00000477140.1	10	1199446	1200371	0.2658	rs1912334	-2.46	rs3793735	 2.14e-01	10.70	 1.0185	25	11	enet	0.22	9.5e-31	 0.9158	0.35975
NA	/data/songy4/tes/output/weights_control//ENST00000532248.5.wgt.RDat	ENST00000532248.5	10	4826296	4847296	0.0504	rs1679444	-2.81	rs3812663	 2.28e-02	 3.78	 1.5255	38	 1	top1	0.023	3e-04	 1.5255	0.12713
NA	/data/songy4/tes/output/weights_control//ENST00000666348.1.wgt.RDat	ENST00000666348.1	10	1159833	1202982	0.3968	rs1912334	-2.46	rs3793735	 3.65e-01	13.89	 1.0185	25	 2	lasso	0.37	5.7e-54	 1.0181	0.30863
NA	/data/songy4/tes/output/weights_control//ENST00000378150.1.wgt.RDat	ENST00000378150.1	10	15108294	15168628	0.0465	rs896435	-7.28	rs10906857	 4.47e-02	-5.08	-0.2059	40	 1	top1	0.045	5.9e-07	 0.2059	0.83688
NA	/data/songy4/tes/output/weights_control//ENST00000426961.1.wgt.RDat	ENST00000426961.1	10	43556347	43574618	0.0363	rs11239753	-2.03	rs3122227	 2.24e-02	 3.72	-1.1221	 8	 1	top1	0.022	0.00034	-1.1221	0.26180
NA	/data/songy4/tes/output/weights_control//ENST00000656403.1.wgt.RDat	ENST00000656403.1	10	3486631	3502866	0.1187	rs7919625	-2.51	rs7920115	-1.57e-03	 3.35	-2.0463	56	31	enet	0.033	1.9e-05	-0.5629	0.57349
NA	/data/songy4/tes/output/weights_control//ENST00000173785.4.wgt.RDat	ENST00000173785.4	10	3779047	3782051	0.0721	rs7919625	-2.51	rs12784859	 1.15e-02	-3.35	 0.3178	48	 1	top1	0.011	0.0079	-0.3178	0.75067
NA	/data/songy4/tes/output/weights_control//ENST00000486974.1.wgt.RDat	ENST00000486974.1	10	130159746	130160873	0.0455	rs10764730	-1.91	rs7089981	 4.90e-03	 3.87	 1.6078	53	11	enet	0.019	0.00078	 1.0580	0.29007
NA	/data/songy4/tes/output/weights_control//ENST00000345253.9.wgt.RDat	ENST00000345253.9	10	4826296	4847745	0.0487	rs1679444	-2.81	rs3812663	 2.15e-02	 3.68	 1.5255	38	 1	top1	0.021	0.00044	 1.5255	0.12713
NA	/data/songy4/tes/output/weights_control//ENST00000415473.1.wgt.RDat	ENST00000415473.1	10	15154802	15155320	0.0829	rs896435	-7.28	rs10906857	 4.97e-02	-5.24	-0.2059	36	 1	top1	0.05	1.4e-07	 0.2059	0.83688
NA	/data/songy4/tes/output/weights_control//ENST00000574795.1.wgt.RDat	ENST00000574795.1	10	27251104	27251795	0.0621	rs703009	-2.59	rs10764690	 4.30e-02	 5.02	 0.6238	12	 1	top1	0.043	9.5e-07	 0.6238	0.53278
NA	/data/songy4/tes/output/weights_control//ENST00000574842.1.wgt.RDat	ENST00000574842.1	10	27243130	27250804	0.0358	rs703009	-2.59	rs10764690	 3.53e-02	 4.58	 0.6238	13	 1	top1	0.035	8.5e-06	 0.6238	0.53278
NA	/data/songy4/tes/output/weights_control//ENST00000342409.3.wgt.RDat	ENST00000342409.3	10	13693703	14008533	0.0631	rs2296222	-2.38	rs3750883	 5.00e-03	 3.40	-0.7731	48	16	enet	0.016	0.0021	 0.9254	0.35474
NA	/data/songy4/tes/output/weights_control//ENST00000342386.10.wgt.RDat	ENST00000342386.10	10	27155370	27186924	0.0744	rs703009	-2.59	rs10764690	 5.23e-02	 5.49	 0.6238	13	 3	lasso	0.052	6.8e-08	 0.3337	0.73858
NA	/data/songy4/tes/output/weights_control//ENST00000656002.1.wgt.RDat	ENST00000656002.1	10	5215408	5217014	0.0980	rs9423407	-2.53	rs9423594	 6.00e-02	 5.79	 1.2090	42	 1	top1	0.06	7.6e-09	 1.2090	0.22668
NA	/data/songy4/tes/output/weights_control//ENST00000652683.1.wgt.RDat	ENST00000652683.1	10	1159811	1180923	0.2480	rs1912334	-2.46	rs3793735	 1.95e-01	10.20	 1.0185	25	11	enet	0.21	4.9e-29	 0.6383	0.52330
NA	/data/songy4/tes/output/weights_control//ENST00000455190.2.wgt.RDat	ENST00000455190.2	10	4999911	5004014	0.0970	rs12415117	-2.66	rs1869210	 4.38e-04	-2.66	-1.4667	41	27	enet	0.0093	0.015	 0.0240	0.98083
NA	/data/songy4/tes/output/weights_control//ENST00000623982.1.wgt.RDat	ENST00000623982.1	10	10394670	10395737	0.0640	rs4747842	 2.02	rs1885740	 4.61e-02	 5.36	-0.1053	20	 1	top1	0.046	4e-07	-0.1053	0.91617
NA	/data/songy4/tes/output/weights_control//ENST00000490172.1.wgt.RDat	ENST00000490172.1	10	1183043	1188246	0.3947	rs1912334	-2.46	rs3793735	 3.61e-01	13.81	 1.0185	25	 1	top1	0.36	3.6e-53	 1.0185	0.30843
NA	/data/songy4/tes/output/weights_control//ENST00000427165.1.wgt.RDat	ENST00000427165.1	10	5122087	5135226	0.1155	rs9423407	-2.53	rs9423407	 1.82e-02	-4.64	-2.5347	42	 3	lasso	0.058	1.4e-08	 2.8574	0.00427
NA	/data/songy4/tes/output/weights_control//ENST00000485750.1.wgt.RDat	ENST00000485750.1	10	21170262	21172452	0.1522	rs11012415	-2.43	rs1841530	 6.42e-02	 6.15	 0.6567	26	17	enet	0.07	4e-10	 0.2946	0.76828
NA	/data/songy4/tes/output/weights_control//ENST00000298943.4.wgt.RDat	ENST00000298943.4	10	16513734	16521879	0.1797	rs11254269	 2.09	rs11254053	 9.51e-02	 7.18	 0.1651	21	11	enet	0.15	3.1e-20	 0.6438	0.51969
NA	/data/songy4/tes/output/weights_control//ENST00000649911.1.wgt.RDat	ENST00000649911.1	10	95311773	95339327	0.0377	rs1935960	-1.56	rs12250288	 1.66e-03	-2.90	-1.3359	22	16	enet	0.0086	0.019	 0.2091	0.83436
NA	/data/songy4/tes/output/weights_control//ENST00000492325.5.wgt.RDat	ENST00000492325.5	10	20813740	20815825	0.0366	rs11012415	-2.43	rs608788	 8.86e-03	 3.51	-0.2807	23	 6	enet	0.0097	0.014	-0.4121	0.68027
NA	/data/songy4/tes/output/weights_control//ENST00000525572.1.wgt.RDat	ENST00000525572.1	10	4833400	4841857	0.0553	rs1679444	-2.81	rs3812663	 2.70e-02	 4.00	 1.5255	38	 1	top1	0.027	9e-05	 1.5255	0.12713
NA	/data/songy4/tes/output/weights_control//ENST00000325980.10.wgt.RDat	ENST00000325980.10	10	133237855	133241928	0.0607	rs4751335	-2.38	rs750635	 1.26e-03	-3.64	-1.2516	42	11	enet	0.01	0.011	 0.5692	0.56920
NA	/data/songy4/tes/output/weights_control//ENST00000650030.1.wgt.RDat	ENST00000650030.1	10	5161731	5185181	0.0471	rs9423407	-2.53	rs9423594	 1.21e-02	 3.85	 1.2090	41	 2	lasso	0.013	0.0051	 1.4669	0.14240
NA	/data/songy4/tes/output/weights_control//ENST00000525627.1.wgt.RDat	ENST00000525627.1	10	4826286	4837566	0.0417	rs1679444	-2.81	rs3812663	 5.82e-03	 3.54	 1.5255	38	 3	lasso	0.012	0.007	 1.4007	0.16131
NA	/data/songy4/tes/output/weights_control//ENST00000649682.2.wgt.RDat	ENST00000649682.2	10	31602862	31606218	0.0402	rs2050888	 2.18	rs12781751	 3.04e-02	 4.32	-0.4356	 8	 1	top1	0.03	3.5e-05	-0.4356	0.66310
NA	/data/songy4/tes/output/weights_control//ENST00000516629.1.wgt.RDat	ENST00000516629.1	10	12415928	12416000	0.0679	rs3781076	 2.59	rs1111056	 5.26e-02	 5.51	 0.4356	43	 1	top1	0.053	6.3e-08	 0.4356	0.66310
NA	/data/songy4/tes/output/weights_control//ENST00000525281.5.wgt.RDat	ENST00000525281.5	10	4826255	4846199	0.0416	rs1679444	-2.81	rs3812663	 1.85e-04	 3.13	 1.5255	38	11	enet	0.0025	0.13	 1.5616	0.11839
NA	/data/songy4/tes/output/weights_control//ENST00000663606.1.wgt.RDat	ENST00000663606.1	10	11082125	11096474	0.0976	rs2093623	-3.72	rs1291828	 7.87e-02	 6.54	 1.0459	33	11	enet	0.087	3.5e-12	 0.6769	0.49848
NA	/data/songy4/tes/output/weights_control//ENST00000670953.1.wgt.RDat	ENST00000670953.1	10	3486631	3502851	0.0739	rs7919625	-2.51	rs17135269	-1.90e-03	 3.06	-0.4976	56	15	enet	0.0076	0.025	-1.0492	0.29410
NA	/data/songy4/tes/output/weights_control//ENST00000456149.1.wgt.RDat	ENST00000456149.1	10	101990551	102002064	0.0220	rs10883537	 1.46	rs1410079	 9.41e-04	-3.23	 1.4316	 8	 1	top1	0.00094	0.22	-1.4316	0.15226
NA	/data/songy4/tes/output/weights_control//ENST00000450947.2.wgt.RDat	ENST00000450947.2	10	102465981	102470026	0.0476	rs11190730	 2.76	rs807029	-1.72e-03	-2.24	-2.5315	20	11	enet	0.015	0.0026	 0.2350	0.81418
NA	/data/songy4/tes/output/weights_control//ENST00000611255.5.wgt.RDat	ENST00000611255.5	10	75431624	76560168	0.0361	rs2675661	 2.84	rs7075347	 8.77e-03	 3.67	-0.2478	 9	 9	enet	0.022	4e-04	-1.5002	0.13355
NA	/data/songy4/tes/output/weights_control//ENST00000448648.2.wgt.RDat	ENST00000448648.2	10	27246350	27251793	0.1517	rs703009	-2.59	rs10764690	 1.34e-01	 8.49	 0.6238	13	 4	enet	0.14	2.9e-19	 0.4410	0.65920
NA	/data/songy4/tes/output/weights_control//ENST00000280886.12.wgt.RDat	ENST00000280886.12	10	274201	689668	0.0490	rs1912334	-2.46	rs7074221	 2.23e-02	 3.65	 0.3786	13	 3	lasso	0.031	2.9e-05	 0.5213	0.60214
NA	/data/songy4/tes/output/weights_control//ENST00000671624.1.wgt.RDat	ENST00000671624.1	10	11092280	11105498	0.0768	rs2093623	-3.72	rs1291828	 4.03e-02	 4.81	 1.0459	32	 6	enet	0.054	4.3e-08	 0.8723	0.38305
NA	/data/songy4/tes/output/weights_control//ENST00000451097.5.wgt.RDat	ENST00000451097.5	10	97713173	97717348	0.0351	rs4918979	 1.83	rs6584004	 1.48e-03	-2.51	 0.3608	13	 8	enet	0.014	0.0042	 0.3253	0.74496
NA	/data/songy4/tes/output/weights_control//ENST00000451503.1.wgt.RDat	ENST00000451503.1	10	43732334	43732584	0.0697	rs10899857	 1.74	rs10899857	 3.88e-03	 3.36	 1.7398	12	 6	enet	0.038	4.1e-06	 2.7712	0.00558
NA	/data/songy4/tes/output/weights_control//ENST00000664601.1.wgt.RDat	ENST00000664601.1	10	11092280	11105515	0.0719	rs2093623	-3.72	rs1291828	 1.20e-02	 4.20	 1.0459	32	 5	enet	0.047	3.1e-07	 0.8536	0.39335
NA	/data/songy4/tes/output/weights_control//ENST00000451364.5.wgt.RDat	ENST00000451364.5	10	95861313	96090155	0.0388	rs1935960	-1.56	rs11187736	-1.47e-03	-3.05	 0.0000	17	10	enet	0.0062	0.04	 0.5885	0.55622
NA	/data/songy4/tes/output/weights_control//ENST00000439082.7.wgt.RDat	ENST00000439082.7	10	5048812	5107503	0.0840	rs9423407	-2.53	rs9423407	 3.29e-02	-4.61	-2.5347	44	 1	top1	0.033	1.7e-05	 2.5347	0.01126
NA	/data/songy4/tes/output/weights_control//ENST00000493005.5.wgt.RDat	ENST00000493005.5	10	20809867	20835561	0.0551	rs11012415	-2.43	rs608788	 5.83e-03	 3.39	-0.2807	24	 9	enet	0.013	0.005	-0.2729	0.78493
NA	/data/songy4/tes/output/weights_control//ENST00000284414.4.wgt.RDat	ENST00000284414.4	10	27247301	27250562	0.1490	rs703009	-2.59	rs10764690	 1.37e-01	 8.57	 0.6238	13	 1	top1	0.14	9.8e-19	 0.6238	0.53278
NA	/data/songy4/tes/output/weights_control//ENST00000412991.1.wgt.RDat	ENST00000412991.1	10	20804293	20804577	0.0369	rs11012415	-2.43	rs599087	 5.37e-03	-3.26	-0.2042	19	 1	top1	0.0054	0.051	 0.2042	0.83821
NA	/data/songy4/tes/output/weights_control//ENST00000334019.4.wgt.RDat	ENST00000334019.4	10	4826296	4847745	0.0480	rs1679444	-2.81	rs3812663	 2.01e-02	 3.59	 1.5255	38	 1	top1	0.02	0.00065	 1.5255	0.12713
NA	/data/songy4/tes/output/weights_control//ENST00000449457.1.wgt.RDat	ENST00000449457.1	10	5266033	5271236	0.1996	rs9423407	-2.53	rs9423594	 4.77e-02	 5.79	 1.2090	41	 5	lasso	0.12	3.2e-16	 1.7451	0.08097
NA	/data/songy4/tes/output/weights_control//ENST00000654694.1.wgt.RDat	ENST00000654694.1	10	6848870	6987684	0.0809	rs2147289	 2.11	rs7079137	 2.08e-02	 4.28	 0.6610	50	14	enet	0.038	4e-06	-0.1494	0.88120
NA	/data/songy4/tes/output/weights_control//ENST00000413079.1.wgt.RDat	ENST00000413079.1	10	3113458	3129941	0.0768	rs7920115	-2.05	rs3814593	 6.58e-03	-3.31	-0.1321	39	 1	top1	0.0066	0.035	 0.1321	0.89492
NA	/data/songy4/tes/output/weights_control//ENST00000578467.2.wgt.RDat	ENST00000578467.2	10	5154460	5185187	0.0523	rs9423407	-2.53	rs9423594	 4.03e-03	 3.86	 1.2090	41	 2	lasso	0.0084	0.02	 1.3528	0.17612
NA	/data/songy4/tes/output/weights_control//ENST00000439097.1.wgt.RDat	ENST00000439097.1	10	21174014	21175048	0.1942	rs11012415	-2.43	rs1841530	 6.72e-02	 6.21	 0.6567	26	23	enet	0.11	2.3e-15	 0.0466	0.96280
NA	/data/songy4/tes/output/weights_control//ENST00000487985.1.wgt.RDat	ENST00000487985.1	10	4839784	4847345	0.0517	rs1679444	-2.81	rs3812663	 2.59e-02	 3.97	 1.5255	38	 1	top1	0.026	0.00012	 1.5255	0.12713
NA	/data/songy4/tes/output/weights_control//ENST00000664866.1.wgt.RDat	ENST00000664866.1	10	3486631	3502874	0.0630	rs7919625	-2.51	rs7920115	-9.55e-04	 2.96	-2.0463	56	19	enet	0.0044	0.07	-1.2931	0.19599
NA	/data/songy4/tes/output/weights_control//ENST00000653050.1.wgt.RDat	ENST00000653050.1	10	11092276	11105504	0.0836	rs2093623	-3.72	rs1291828	 9.04e-04	 4.10	 1.0459	32	 9	enet	0.027	8.3e-05	 0.9713	0.33141
NA	/data/songy4/tes/output/weights_control//ENST00000664907.1.wgt.RDat	ENST00000664907.1	10	10326875	10337876	0.0466	rs4747842	 2.02	rs1885740	 4.52e-02	 5.21	-0.1053	21	 1	top1	0.045	5.2e-07	-0.1053	0.91617
NA	/data/songy4/tes/output/weights_control//ENST00000655941.1.wgt.RDat	ENST00000655941.1	10	16526083	16539737	0.0977	rs11254269	 2.09	rs11254053	 2.34e-02	 4.99	 0.1651	22	 8	enet	0.077	6.4e-11	 0.2080	0.83524
NA	/data/songy4/tes/output/weights_control//ENST00000454056.5.wgt.RDat	ENST00000454056.5	10	8259331	8260804	0.0566	rs1244159	 1.70	rs1556479	 1.37e-02	-3.21	-1.4872	36	 1	top1	0.014	0.0041	 1.4872	0.13697
NA	/data/songy4/tes/output/weights_control//ENST00000652934.1.wgt.RDat	ENST00000652934.1	10	102898649	102918335	0.0515	rs11190730	 2.76	rs12765071	 6.88e-05	-3.17	 2.2349	23	 1	top1	6.9e-05	0.31	-2.2349	0.02542
NA	/data/songy4/tes/output/weights_control//ENST00000652917.1.wgt.RDat	ENST00000652917.1	10	11074929	11105494	0.0539	rs2093623	-3.72	rs1291828	-1.78e-03	 3.12	 1.0459	33	 8	enet	-0.00073	0.43	 0.5646	0.57235
NA	/data/songy4/tes/output/weights_control//ENST00000568270.1.wgt.RDat	ENST00000568270.1	10	27343436	27344917	0.0270	rs703009	-2.59	rs2483499	 1.35e-02	 3.02	 0.6102	10	 6	enet	0.018	0.001	 0.4370	0.66215
NA	/data/songy4/tes/output/weights_control//ENST00000428200.1.wgt.RDat	ENST00000428200.1	10	102466018	102468640	0.0476	rs11190730	 2.76	rs10883569	-1.05e-03	 2.65	 0.7447	20	13	enet	0.016	0.0022	 1.3362	0.18149
NA	/data/songy4/tes/output/weights_control//ENST00000438729.1.wgt.RDat	ENST00000438729.1	10	102887874	102888188	0.0496	rs11190730	 2.76	rs11190730	 1.37e-02	 3.46	 2.7554	24	 3	lasso	0.037	5.1e-06	 1.9254	0.05418
NA	/data/songy4/tes/output/weights_control//ENST00000415005.6.wgt.RDat	ENST00000415005.6	10	3104724	3137718	0.0751	rs7920115	-2.05	rs3814593	 2.99e-03	-3.48	-0.1321	40	 8	enet	0.01	0.011	 0.1753	0.86081
NA	/data/songy4/tes/output/weights_control//ENST00000664039.1.wgt.RDat	ENST00000664039.1	10	3487551	3502857	0.0547	rs7919625	-2.51	rs17135269	 2.11e-02	 3.88	-0.4976	55	 1	top1	0.021	0.00048	-0.4976	0.61874
NA	/data/songy4/tes/output/weights_control//ENST00000358415.9.wgt.RDat	ENST00000358415.9	10	7703316	7749520	0.1965	rs2147289	 2.11	rs11255412	 7.73e-02	-6.70	-1.5682	36	17	enet	0.13	3.7e-18	 0.3025	0.76229
NA	/data/songy4/tes/output/weights_control//ENST00000662998.1.wgt.RDat	ENST00000662998.1	10	31608500	31620862	0.0253	rs2050888	 2.18	rs12781751	 1.39e-02	 4.02	-0.4356	 8	 3	enet	0.019	0.00092	-0.7813	0.43465
NA	/data/songy4/tes/output/weights_control//ENST00000661890.1.wgt.RDat	ENST00000661890.1	10	11071541	11105498	0.0883	rs2093623	-3.72	rs1291828	 4.77e-02	 5.13	 1.0459	33	 4	lasso	0.053	5.8e-08	 0.9757	0.32924
NA	/data/songy4/tes/output/weights_control//ENST00000622799.1.wgt.RDat	ENST00000622799.1	10	13648205	13655925	0.0478	rs2296222	-2.38	rs2274352	-1.87e-03	-3.20	 0.1602	37	 8	enet	0.0041	0.075	-0.2376	0.81217
NA	/data/songy4/tes/output/weights_control//ENST00000665584.1.wgt.RDat	ENST00000665584.1	10	3495945	3502854	0.0799	rs7919625	-2.51	rs7920115	 2.76e-02	 4.18	-2.0463	53	 1	top1	0.028	7.6e-05	-2.0463	0.04073
NA	/data/songy4/tes/output/weights_control//ENST00000399165.8.wgt.RDat	ENST00000399165.8	10	68827624	68893060	0.0458	rs4626963	 1.92	rs2620924	 4.75e-03	-3.49	 1.3168	18	 2	lasso	0.013	0.0053	-1.0380	0.29928
NA	/data/songy4/tes/output/weights_control//ENST00000399169.8.wgt.RDat	ENST00000399169.8	10	68827541	68895432	0.0526	rs4626963	 1.92	rs2620924	 9.68e-03	-3.39	 1.3168	18	 8	enet	0.028	6.4e-05	 0.0143	0.98856
NA	/data/songy4/tes/output/weights_control//ENST00000585227.6.wgt.RDat	ENST00000585227.6	10	48009873	48031599	0.1278	rs10788705	-1.66	rs7899683	 2.60e-02	 5.00	-0.7985	14	10	enet	0.085	5.8e-12	-0.5091	0.61069
NA	/data/songy4/tes/output/weights_control//ENST00000413993.2.wgt.RDat	ENST00000413993.2	10	3486631	3502915	0.0791	rs7919625	-2.51	rs17135269	-1.89e-03	 3.00	-0.4976	56	18	enet	0.007	0.031	-0.8618	0.38878
NA	/data/songy4/tes/output/weights_control//ENST00000648637.1.wgt.RDat	ENST00000648637.1	10	6779580	6840873	0.0782	rs2147289	 2.11	rs7079137	 4.97e-03	 3.65	 0.6610	50	20	enet	0.015	0.0033	-0.5775	0.56364
NA	/data/songy4/tes/output/weights_control//ENST00000428920.2.wgt.RDat	ENST00000428920.2	10	5234358	5263408	0.0908	rs9423407	-2.53	rs9423594	 1.38e-02	 4.17	 1.2090	41	12	enet	0.027	9.7e-05	 2.5292	0.01143
NA	/data/songy4/tes/output/weights_control//ENST00000482754.1.wgt.RDat	ENST00000482754.1	10	20835513	20845495	0.0674	rs11012415	-2.43	rs608788	 1.46e-02	 3.79	-0.2807	24	 3	lasso	0.026	0.00013	-0.1332	0.89403
NA	/data/songy4/tes/output/weights_control//ENST00000441452.1.wgt.RDat	ENST00000441452.1	10	5207169	5207742	0.0841	rs9423407	-2.53	rs9423407	 7.09e-03	-4.17	-2.5347	42	 8	enet	0.029	5.1e-05	 2.3206	0.02031
NA	/data/songy4/tes/output/weights_control//ENST00000647558.1.wgt.RDat	ENST00000647558.1	10	21126086	21146508	0.1688	rs11012415	-2.43	rs1841530	 7.86e-02	 6.73	 0.6567	27	18	enet	0.087	3.2e-12	 0.1018	0.91894
NA	/data/songy4/tes/output/weights_control//ENST00000298596.11.wgt.RDat	ENST00000298596.11	10	68827531	68893060	0.0542	rs4626963	 1.92	rs2620924	 2.13e-02	-3.62	 1.3168	18	10	enet	0.028	6.5e-05	-0.4666	0.64076
NA	/data/songy4/tes/output/weights_control//ENST00000491188.1.wgt.RDat	ENST00000491188.1	10	43557529	43574597	0.0330	rs11239753	-2.03	rs3122227	 2.00e-02	 3.45	-1.1221	 8	 1	top1	0.02	0.00066	-1.1221	0.26180
NA	/data/songy4/tes/output/weights_control//ENST00000457848.1.wgt.RDat	ENST00000457848.1	10	33578931	33600040	0.0304	rs16933862	 2.10	rs10437419	 1.45e-02	 3.07	-0.9800	14	 1	top1	0.015	0.0033	-0.9800	0.32709
NA	/data/songy4/tes/output/weights_control//ENST00000414106.1.wgt.RDat	ENST00000414106.1	10	132181225	132184999	0.0574	rs7099645	 2.14	rs16910188	 8.24e-04	-2.95	 0.1497	36	17	enet	0.014	0.0041	-0.9924	0.32101
NA	/data/songy4/tes/output/weights_control//ENST00000425669.1.wgt.RDat	ENST00000425669.1	10	18513115	18545651	0.0374	rs10829239	 2.57	rs4748474	 6.23e-03	-4.01	-2.3918	26	 1	top1	0.0062	0.039	 2.3918	0.01677
NA	/data/songy4/tes/output/weights_control//ENST00000647943.1.wgt.RDat	ENST00000647943.1	10	130213488	130216381	0.0609	rs2027140	-1.96	rs1572760	 5.52e-03	-3.47	-0.2718	54	 1	top1	0.0055	0.048	 0.2718	0.78574
NA	/data/songy4/tes/output/weights_control//ENST00000588224.1.wgt.RDat	ENST00000588224.1	10	116664286	116670264	0.0185	rs2475239	-1.28	rs11196799	-1.21e-03	 2.75	-0.6166	 8	 3	lasso	-8e-04	0.45	 0.0265	0.97882
NA	/data/songy4/tes/output/weights_control//ENST00000588184.2.wgt.RDat	ENST00000588184.2	10	116663696	116669966	0.0190	rs2475239	-1.28	rs11196799	-1.89e-03	 2.68	-0.6166	 8	 6	enet	0.00038	0.27	-0.4136	0.67914
NA	/data/songy4/tes/output/weights_control//ENST00000662900.1.wgt.RDat	ENST00000662900.1	10	129621988	129626664	0.0701	rs7904011	-2.08	rs7085243	-1.78e-03	-3.11	 0.9800	58	 7	enet	6.4e-05	0.31	-0.9920	0.32120
NA	/data/songy4/tes/output/weights_control//ENST00000658498.1.wgt.RDat	ENST00000658498.1	10	1201406	1208389	0.5008	rs1912334	-2.46	rs3793735	 4.47e-01	15.39	 1.0185	25	 2	lasso	0.45	7.7e-70	 1.0170	0.30918
NA	/data/songy4/tes/output/weights_control//ENST00000658499.1.wgt.RDat	ENST00000658499.1	10	11072026	11105504	0.1132	rs2093623	-3.72	rs1291828	 6.59e-02	 6.02	 1.0459	33	 1	top1	0.066	1.4e-09	 1.0459	0.29562
NA	/data/songy4/tes/output/weights_control//ENST00000441590.5.wgt.RDat	ENST00000441590.5	10	4833355	4845811	0.0525	rs1679444	-2.81	rs3812663	 2.19e-02	 3.70	 1.5255	38	 3	lasso	0.022	0.00034	 1.4564	0.14529
NA	/data/songy4/tes/output/weights_control//ENST00000428853.3.wgt.RDat	ENST00000428853.3	10	11030334	11030868	0.0886	rs2093623	-3.72	rs1291828	 4.66e-02	 5.21	 1.0459	36	10	enet	0.058	1.5e-08	 1.0907	0.27540
NA	/data/songy4/tes/output/weights_control//ENST00000492155.5.wgt.RDat	ENST00000492155.5	10	13692169	13707757	0.0385	NA	   NA	NA	       NA	   NA	     NA	37	 0	top1	0.0076	0.026	     NA	     NA
NA	/data/songy4/tes/output/weights_control//ENST00000670632.1.wgt.RDat	ENST00000670632.1	10	7444373	7472040	0.0894	rs2147289	 2.11	rs946287	 1.66e-02	 3.85	-1.8615	36	20	enet	0.032	2e-05	-1.0234	0.30610
NA	/data/songy4/tes/output/weights_control//ENST00000661975.1.wgt.RDat	ENST00000661975.1	10	16523819	16539716	0.0721	rs11254269	 2.09	rs11254053	 3.48e-02	 4.46	 0.1651	22	 5	enet	0.054	3.9e-08	 0.4046	0.68580
NA	/data/songy4/tes/output/weights_control//ENST00000649437.1.wgt.RDat	ENST00000649437.1	10	21125763	21146559	0.1550	rs11012415	-2.43	rs1841530	 7.56e-02	 6.61	 0.6567	27	17	enet	0.083	1.1e-11	 0.0658	0.94757
NA	/data/songy4/tes/output/weights_control//ENST00000649291.1.wgt.RDat	ENST00000649291.1	10	27564430	27594588	0.0583	rs2808284	 1.67	rs2808284	 4.32e-02	-4.96	 1.6733	11	 1	top1	0.043	9e-07	-1.6733	0.09427
NA	/data/songy4/tes/output/weights_control//ENST00000492125.1.wgt.RDat	ENST00000492125.1	10	3779550	3780496	0.0681	rs7919625	-2.51	rs12784859	 4.87e-03	-3.12	 0.3178	48	 1	top1	0.0049	0.059	-0.3178	0.75067
NA	/data/songy4/tes/output/weights_control//ENST00000495715.1.wgt.RDat	ENST00000495715.1	10	3067672	3069380	0.0686	rs7920115	-2.05	rs7079506	 6.45e-03	-3.17	 0.9020	40	 4	lasso	0.016	0.0024	-0.8158	0.41460
NA	/data/songy4/tes/output/weights_control//ENST00000482547.1.wgt.RDat	ENST00000482547.1	10	129467262	129537164	0.0508	rs7904011	-2.08	rs7089981	 2.32e-03	 3.36	 1.6078	60	 1	top1	0.0023	0.14	 1.6078	0.10787
NA	/data/songy4/tes/output/weights_control//ENST00000298375.12.wgt.RDat	ENST00000298375.12	10	4826207	4848062	0.0478	rs1679444	-2.81	rs3812663	 2.04e-02	 3.62	 1.5255	38	 1	top1	0.02	0.00059	 1.5255	0.12713
NA	/data/songy4/tes/output/weights_control//ENST00000584929.7.wgt.RDat	ENST00000584929.7	10	5154143	5185104	0.0704	rs9423407	-2.53	rs9423594	 3.03e-02	 4.32	 1.2090	41	 2	lasso	0.031	3.1e-05	 1.5086	0.13140
NA	/data/songy4/tes/output/weights_control//ENST00000648824.1.wgt.RDat	ENST00000648824.1	10	5154140	5185104	0.0678	rs9423407	-2.53	rs9423594	 3.16e-02	 4.41	 1.2090	41	 2	lasso	0.032	2.4e-05	 1.4957	0.13473
