PANEL	FILE	ID	CHR	P0	P1	HSQ	BEST.GWAS.ID	BEST.GWAS.Z	EQTL.ID	EQTL.R2	EQTL.Z	EQTL.GWAS.Z	NSNP	NWGT	MODEL	MODELCV.R2	MODELCV.PV	TWAS.Z	TWAS.P
NA	/data/songy4/tes/output/weights_control//ENST00000420902.1.wgt.RDat	ENST00000420902.1	22	49612657	49615716	0.0590	rs134474	-2.20	rs4824056	 4.70e-02	  5.22	 0.3051	59	 1	top1	0.047	3.1e-07	 0.3051	0.760302
NA	/data/songy4/tes/output/weights_control//ENST00000658236.1.wgt.RDat	ENST00000658236.1	22	19196402	19200083	0.1237	rs9604969	-1.96	rs1061325	 4.73e-02	  5.22	 1.9043	14	 8	enet	0.081	1.7e-11	 1.3911	0.164189
NA	/data/songy4/tes/output/weights_control//ENST00000662490.1.wgt.RDat	ENST00000662490.1	22	48475085	48487743	0.0645	rs5767064	-2.69	rs5768450	 1.34e-03	 -3.31	-2.3137	60	 2	enet	0.0038	0.084	 2.1975	0.027988
NA	/data/songy4/tes/output/weights_control//ENST00000407587.6.wgt.RDat	ENST00000407587.6	22	25742234	26030644	0.0480	rs6004338	-1.43	rs133866	 4.60e-02	  5.22	 0.5245	45	 1	top1	0.046	4.1e-07	 0.5245	0.599948
NA	/data/songy4/tes/output/weights_control//ENST00000642412.2.wgt.RDat	ENST00000642412.2	22	42692121	42720870	0.0411	NA	   NA	NA	       NA	    NA	     NA	16	 0	enet	0.021	0.00048	     NA	      NA
NA	/data/songy4/tes/output/weights_control//ENST00000479606.5.wgt.RDat	ENST00000479606.5	22	20979462	20998121	0.0427	rs1153427	-2.22	rs178280	 3.58e-02	  4.54	 1.1748	19	 1	top1	0.036	7.3e-06	 1.1748	0.240092
NA	/data/songy4/tes/output/weights_control//ENST00000407472.5.wgt.RDat	ENST00000407472.5	22	19846138	19854896	0.0576	rs9604969	-1.96	rs3788305	 4.61e-02	 -5.07	 1.0500	36	 1	top1	0.046	3.9e-07	-1.0500	0.293718
NA	/data/songy4/tes/output/weights_control//ENST00000484021.5.wgt.RDat	ENST00000484021.5	22	38057255	38075693	0.0593	rs229492	 2.13	rs3952	 6.59e-02	 -6.03	 0.8835	24	 1	top1	0.066	1.4e-09	-0.8835	0.376969
NA	/data/songy4/tes/output/weights_control//ENST00000496097.1.wgt.RDat	ENST00000496097.1	22	20967263	20974267	0.2204	rs1153427	-2.22	rs178255	 1.50e-01	 -9.23	 0.4150	19	 8	enet	0.19	9.2e-26	 0.2826	0.777467
NA	/data/songy4/tes/output/weights_control//ENST00000484039.5.wgt.RDat	ENST00000484039.5	22	29215577	29233667	0.0311	rs4140643	 3.13	rs11704738	 2.09e-02	 -3.94	-1.1681	10	 3	enet	0.03	3.6e-05	 1.0487	0.294316
NA	/data/songy4/tes/output/weights_control//ENST00000484072.5.wgt.RDat	ENST00000484072.5	22	19846146	19854863	0.0504	rs9604969	-1.96	rs3788305	 4.12e-02	 -4.87	 1.0500	36	 2	lasso	0.05	1.5e-07	-0.3269	0.743731
NA	/data/songy4/tes/output/weights_control//ENST00000617926.4.wgt.RDat	ENST00000617926.4	22	19179775	19207674	0.2124	rs9604969	-1.96	rs1061325	 1.12e-01	  7.79	 1.9043	14	13	enet	0.15	4.3e-21	 1.3066	0.191336
NA	/data/songy4/tes/output/weights_control//ENST00000484206.5.wgt.RDat	ENST00000484206.5	22	20967255	20973678	0.1472	rs1153427	-2.22	rs178255	 1.12e-01	 -8.09	 0.4150	19	 5	enet	0.13	3.3e-17	 0.3381	0.735279
NA	/data/songy4/tes/output/weights_control//ENST00000399167.6.wgt.RDat	ENST00000399167.6	22	20965108	20981360	0.2622	rs1153427	-2.22	rs178255	 1.70e-01	 -9.74	 0.4150	19	 8	enet	0.23	1.6e-32	 0.5530	0.580247
NA	/data/songy4/tes/output/weights_control//ENST00000401548.8.wgt.RDat	ENST00000401548.8	22	41699503	41799454	0.0483	rs1883828	-3.11	rs1883828	 4.28e-02	 -4.88	-3.1134	 3	 3	enet	0.052	8.4e-08	 3.4315	0.000600
NA	/data/songy4/tes/output/weights_control//ENST00000479523.5.wgt.RDat	ENST00000479523.5	22	20965177	20967036	0.0647	rs1153427	-2.22	rs178255	 7.23e-02	 -6.55	 0.4150	19	 1	top1	0.072	2.2e-10	-0.4150	0.678142
NA	/data/songy4/tes/output/weights_control//ENST00000484235.1.wgt.RDat	ENST00000484235.1	22	42079700	42082225	0.0434	rs1883828	-3.11	rs5751191	 4.34e-02	 -4.94	-0.9062	 3	 1	top1	0.043	8.5e-07	 0.9063	0.364804
NA	/data/songy4/tes/output/weights_control//ENST00000420768.1.wgt.RDat	ENST00000420768.1	22	22223187	22224566	0.0398	rs365783	-1.20	rs240054	 1.25e-02	  3.03	-1.0085	13	 1	top1	0.012	0.0059	-1.0085	0.313227
NA	/data/songy4/tes/output/weights_control//ENST00000405369.3.wgt.RDat	ENST00000405369.3	22	47461299	47487111	0.0559	rs11704468	-2.71	rs5769101	 3.09e-02	  4.23	-0.0357	32	 1	top1	0.031	3e-05	-0.0357	0.971510
NA	/data/songy4/tes/output/weights_control//ENST00000479755.1.wgt.RDat	ENST00000479755.1	22	29142030	29154769	0.0525	NA	   NA	NA	       NA	    NA	     NA	11	 0	top1	0.053	5e-08	     NA	      NA
NA	/data/songy4/tes/output/weights_control//ENST00000399163.6.wgt.RDat	ENST00000399163.6	22	20965163	20981358	0.2585	rs1153427	-2.22	rs178255	 1.76e-01	 -9.85	 0.4150	19	 9	enet	0.24	1.3e-32	 0.5208	0.602494
NA	/data/songy4/tes/output/weights_control//ENST00000420689.1.wgt.RDat	ENST00000420689.1	22	44913916	45008986	0.0502	rs7284581	 2.50	rs6007414	-1.82e-03	  3.05	-1.3418	72	12	enet	0.00038	0.27	-1.2436	0.213647
NA	/data/songy4/tes/output/weights_control//ENST00000498456.1.wgt.RDat	ENST00000498456.1	22	41776111	41784360	0.0189	rs1883828	-3.11	rs1883828	 1.78e-02	 -3.25	-3.1134	 3	 1	top1	0.018	0.0013	 3.1134	0.001849
NA	/data/songy4/tes/output/weights_control//ENST00000498140.1.wgt.RDat	ENST00000498140.1	22	24519801	24528390	0.0329	rs2236626	-3.19	rs6004146	 2.16e-02	  3.58	 1.0870	 7	 1	top1	0.022	0.00042	 1.0870	0.277056
NA	/data/songy4/tes/output/weights_control//ENST00000495869.1.wgt.RDat	ENST00000495869.1	22	20965268	20966798	0.0614	rs1153427	-2.22	rs178255	 4.35e-02	 -5.28	 0.4150	19	 1	top1	0.044	8.2e-07	-0.4150	0.678142
NA	/data/songy4/tes/output/weights_control//ENST00000440602.1.wgt.RDat	ENST00000440602.1	22	23322543	23322927	0.0525	rs5759758	 2.63	rs1004040	 4.42e-02	 -5.18	 1.0842	10	 6	enet	0.054	4.2e-08	-1.3272	0.184455
NA	/data/songy4/tes/output/weights_control//ENST00000626321.1.wgt.RDat	ENST00000626321.1	22	48538900	48547387	0.0816	rs5767064	-2.69	rs4823783	 1.21e-02	  3.48	-0.5351	57	15	enet	0.024	0.00019	-0.9879	0.323192
NA	/data/songy4/tes/output/weights_control//ENST00000440375.1.wgt.RDat	ENST00000440375.1	22	39230184	39241130	0.0375	rs17753650	-1.34	rs11704525	 9.78e-03	  3.13	-0.7339	13	 6	enet	0.025	0.00017	-1.6249	0.104174
NA	/data/songy4/tes/output/weights_control//ENST00000401751.5.wgt.RDat	ENST00000401751.5	22	30459506	30471986	0.1691	rs11090574	-2.56	rs2097919	 1.39e-01	  8.71	 0.5158	13	13	enet	0.14	1.2e-19	 0.5403	0.588974
NA	/data/songy4/tes/output/weights_control//ENST00000441376.6.wgt.RDat	ENST00000441376.6	22	20965172	20974096	0.2371	rs1153427	-2.22	rs178255	 1.97e-01	-10.36	 0.4150	19	 8	enet	0.23	3e-32	 0.3139	0.753583
NA	/data/songy4/tes/output/weights_control//ENST00000321753.8.wgt.RDat	ENST00000321753.8	22	42074248	42079438	0.0237	rs1883828	-3.11	rs5751191	 2.15e-02	 -3.74	-0.9062	 3	 1	top1	0.022	0.00043	 0.9063	0.364804
NA	/data/songy4/tes/output/weights_control//ENST00000669789.1.wgt.RDat	ENST00000669789.1	22	49047783	49052403	0.1163	rs9628591	 3.17	rs6009142	 3.36e-02	 -4.66	-1.5652	58	 2	lasso	0.046	4.1e-07	 1.3957	0.162817
NA	/data/songy4/tes/output/weights_control//ENST00000422252.1.wgt.RDat	ENST00000422252.1	22	42079691	42083353	0.0476	rs1883828	-3.11	rs5751191	 4.75e-02	 -5.14	-0.9062	 3	 1	top1	0.047	2.7e-07	 0.9063	0.364804
NA	/data/songy4/tes/output/weights_control//ENST00000401850.5.wgt.RDat	ENST00000401850.5	22	42692121	42694986	0.0360	rs4822100	 1.85	rs5758871	 4.38e-03	 -3.23	 0.7104	16	 3	enet	0.026	0.00012	-1.6538	0.098159
NA	/data/songy4/tes/output/weights_control//ENST00000400335.8.wgt.RDat	ENST00000400335.8	22	29073078	29146820	0.0488	NA	   NA	NA	       NA	    NA	     NA	10	 0	top1	0.058	1.2e-08	     NA	      NA
NA	/data/songy4/tes/output/weights_control//ENST00000441544.2.wgt.RDat	ENST00000441544.2	22	17121595	17132104	0.0360	rs5992600	 2.93	rs5994165	 1.07e-03	 -3.16	-1.3302	14	 6	enet	0.0021	0.15	 2.7060	0.006810
NA	/data/songy4/tes/output/weights_control//ENST00000364001.1.wgt.RDat	ENST00000364001.1	22	29134014	29134120	0.0266	rs4140643	 3.13	rs11704738	 6.18e-03	 -3.75	-1.1805	10	 5	enet	0.018	0.0014	 0.1526	0.878720
NA	/data/songy4/tes/output/weights_control//ENST00000657875.1.wgt.RDat	ENST00000657875.1	22	49047484	49052413	0.1290	rs9628591	 3.17	rs6009142	 3.63e-02	 -4.81	-1.5652	58	 2	lasso	0.051	1.1e-07	 1.4050	0.160021
NA	/data/songy4/tes/output/weights_control//ENST00000401702.5.wgt.RDat	ENST00000401702.5	22	35606764	35615713	0.0348	rs1540297	 2.02	rs4645752	-1.81e-03	  2.85	-0.9702	21	 5	enet	-0.0016	0.69	 0.0250	0.980038
NA	/data/songy4/tes/output/weights_control//ENST00000405188.8.wgt.RDat	ENST00000405188.8	22	21207973	21225554	0.0318	rs1153427	-2.22	rs2541925	-1.58e-04	  3.00	 0.2430	19	 6	enet	0.011	0.0099	 1.8914	0.058567
NA	/data/songy4/tes/output/weights_control//ENST00000442317.2.wgt.RDat	ENST00000442317.2	22	40673484	40674451	0.0783	NA	   NA	NA	       NA	    NA	     NA	 9	 0	top1	0.059	9.4e-09	     NA	      NA
NA	/data/songy4/tes/output/weights_control//ENST00000496729.2.wgt.RDat	ENST00000496729.2	22	19914900	19941808	0.0631	rs9604969	-1.96	rs5992493	 6.61e-02	 -6.01	 1.2097	36	 1	top1	0.066	1.3e-09	-1.2097	0.226403
NA	/data/songy4/tes/output/weights_control//ENST00000483062.5.wgt.RDat	ENST00000483062.5	22	32513576	32529071	0.2705	rs2710359	 2.56	rs4820079	 1.10e-01	  7.73	-1.0515	32	 5	lasso	0.21	4.3e-29	-1.6158	0.106142
NA	/data/songy4/tes/output/weights_control//ENST00000483102.5.wgt.RDat	ENST00000483102.5	22	45335025	45340761	0.0448	rs7284581	 2.50	rs1135360	 2.29e-02	 -4.00	-1.3585	34	 1	top1	0.023	0.00029	 1.3585	0.174308
NA	/data/songy4/tes/output/weights_control//ENST00000483107.5.wgt.RDat	ENST00000483107.5	22	20975692	20981356	0.2359	rs1153427	-2.22	rs178255	 1.47e-01	 -9.04	 0.4150	19	 9	enet	0.21	3.5e-29	 0.3811	0.703113
NA	/data/songy4/tes/output/weights_control//ENST00000618236.1.wgt.RDat	ENST00000618236.1	22	19523027	19524400	0.0592	rs9604969	-1.96	rs5748260	 3.41e-02	  4.59	 0.7769	29	 1	top1	0.034	1.2e-05	 0.7769	0.437242
NA	/data/songy4/tes/output/weights_control//ENST00000408031.1.wgt.RDat	ENST00000408031.1	22	46674608	46679683	0.0383	rs9626891	-2.41	rs5769101	 3.68e-02	 -4.63	-0.0357	28	 1	top1	0.037	5.5e-06	 0.0357	0.971510
NA	/data/songy4/tes/output/weights_control//ENST00000441876.7.wgt.RDat	ENST00000441876.7	22	45309934	45341955	0.0568	rs7284581	 2.50	rs1135360	 2.48e-02	 -4.16	-1.3585	35	 1	top1	0.025	0.00017	 1.3585	0.174308
NA	/data/songy4/tes/output/weights_control//ENST00000401885.5.wgt.RDat	ENST00000401885.5	22	24627180	24628996	0.0401	rs2236626	-3.19	rs140335	 1.99e-02	  3.68	 0.6389	 6	 6	enet	0.021	0.00054	-0.2873	0.773884
NA	/data/songy4/tes/output/weights_control//ENST00000440238.3.wgt.RDat	ENST00000440238.3	22	20967724	20981360	0.2561	rs1153427	-2.22	rs178255	 1.67e-01	 -9.62	 0.4150	19	 8	enet	0.23	2.1e-32	 0.5203	0.602822
NA	/data/songy4/tes/output/weights_control//ENST00000421232.1.wgt.RDat	ENST00000421232.1	22	33166387	33221751	0.0686	rs3788504	-2.69	rs5994697	 3.21e-02	  4.29	 0.3333	49	 1	top1	0.032	2.1e-05	 0.3333	0.738883
NA	/data/songy4/tes/output/weights_control//ENST00000498400.1.wgt.RDat	ENST00000498400.1	22	40679273	40682083	0.0880	NA	   NA	NA	       NA	    NA	     NA	 9	 0	top1	0.069	6.1e-10	     NA	      NA
NA	/data/songy4/tes/output/weights_control//ENST00000623197.1.wgt.RDat	ENST00000623197.1	22	49534062	49534926	0.0892	rs9628591	 3.17	rs4824056	 4.57e-02	  5.22	 0.3051	62	 1	top1	0.046	4.5e-07	 0.3051	0.760302
NA	/data/songy4/tes/output/weights_control//ENST00000622493.4.wgt.RDat	ENST00000622493.4	22	19179476	19207676	0.2064	rs9604969	-1.96	rs1061325	 1.13e-01	  7.79	 1.9043	14	12	enet	0.16	9.5e-22	 1.3510	0.176701
NA	/data/songy4/tes/output/weights_control//ENST00000434642.5.wgt.RDat	ENST00000434642.5	22	30459506	30471986	0.1758	rs11090574	-2.56	rs2097919	 1.40e-01	  8.72	 0.5158	13	13	enet	0.15	3.6e-20	 0.4195	0.674858
NA	/data/songy4/tes/output/weights_control//ENST00000543212.5.wgt.RDat	ENST00000543212.5	22	42019713	42032650	0.1131	rs1883828	-3.11	rs5751191	 8.69e-02	 -7.04	-0.9062	 3	 3	enet	0.1	7.2e-14	 1.7855	0.074176
NA	/data/songy4/tes/output/weights_control//ENST00000434714.5.wgt.RDat	ENST00000434714.5	22	20967159	20975778	0.2011	rs1153427	-2.22	rs178255	 1.58e-01	 -9.39	 0.4150	19	 4	enet	0.18	2.7e-24	 0.0287	0.977098
NA	/data/songy4/tes/output/weights_control//ENST00000489812.1.wgt.RDat	ENST00000489812.1	22	37906882	37922036	0.0440	rs229492	 2.13	rs2235320	 2.74e-03	  2.67	 1.0548	28	 1	top1	0.0027	0.12	 1.0548	0.291519
NA	/data/songy4/tes/output/weights_control//ENST00000489651.5.wgt.RDat	ENST00000489651.5	22	20573678	20587617	0.0513	rs1153427	-2.22	rs165747	 1.99e-03	 -3.36	-0.8595	22	 1	top1	0.002	0.15	 0.8595	0.390062
NA	/data/songy4/tes/output/weights_control//ENST00000432052.5.wgt.RDat	ENST00000432052.5	22	20507594	20564606	0.0366	rs1153427	-2.22	rs165747	-6.38e-04	 -2.96	-0.8595	23	 2	lasso	0.00088	0.23	-0.1140	0.909217
NA	/data/songy4/tes/output/weights_control//ENST00000406644.7.wgt.RDat	ENST00000406644.7	22	41367333	41399324	0.0422	rs1883828	-3.11	rs1883828	 4.32e-02	 -4.94	-3.1134	 4	 1	top1	0.043	9.2e-07	 3.1134	0.001849
NA	/data/songy4/tes/output/weights_control//ENST00000659917.1.wgt.RDat	ENST00000659917.1	22	48474224	48488866	0.0557	rs5767064	-2.69	rs4823783	-1.45e-03	  3.01	-0.5351	60	 1	top1	-0.0015	0.62	-0.5351	0.592589
NA	/data/songy4/tes/output/weights_control//ENST00000216211.9.wgt.RDat	ENST00000216211.9	22	45284949	45295874	0.1672	rs7284581	 2.50	rs2742621	 1.19e-01	 -8.08	 2.4854	36	 1	top1	0.12	2.3e-16	-2.4854	0.012939
NA	/data/songy4/tes/output/weights_control//ENST00000216214.7.wgt.RDat	ENST00000216214.7	22	45308982	45341955	0.0583	rs7284581	 2.50	rs1135360	 2.61e-02	 -4.24	-1.3585	35	 1	top1	0.026	0.00012	 1.3585	0.174308
NA	/data/songy4/tes/output/weights_control//ENST00000435166.1.wgt.RDat	ENST00000435166.1	22	38057653	38069085	0.0509	rs229492	 2.13	rs3952	 5.91e-02	 -5.77	 0.8835	24	 1	top1	0.059	9.7e-09	-0.8835	0.376969
NA	/data/songy4/tes/output/weights_control//ENST00000423862.5.wgt.RDat	ENST00000423862.5	22	20551290	20566536	0.0366	rs1153427	-2.22	rs165747	 1.44e-02	 -3.18	-0.8595	22	 1	top1	0.014	0.0034	 0.8595	0.390062
NA	/data/songy4/tes/output/weights_control//ENST00000215812.8.wgt.RDat	ENST00000215812.8	22	30459229	30472049	0.1659	rs11090574	-2.56	rs2097919	 1.39e-01	  8.70	 0.5158	13	10	enet	0.15	6.2e-20	 0.5081	0.611381
NA	/data/songy4/tes/output/weights_control//ENST00000435069.1.wgt.RDat	ENST00000435069.1	22	30461670	30470577	0.1664	rs11090574	-2.56	rs2097919	 1.46e-01	  8.91	 0.5158	13	 3	lasso	0.15	1.2e-20	 0.5245	0.599907
NA	/data/songy4/tes/output/weights_control//ENST00000215886.6.wgt.RDat	ENST00000215886.6	22	37570248	37580087	0.0706	rs229492	 2.13	rs12167035	 2.80e-02	  4.21	-0.3308	48	 1	top1	0.028	6.7e-05	-0.3308	0.740775
NA	/data/songy4/tes/output/weights_control//ENST00000215906.6.wgt.RDat	ENST00000215906.6	22	26429260	26445015	0.0586	rs6004985	 1.43	rs761670	-1.70e-03	  2.71	-0.2758	51	23	enet	0.0085	0.02	-0.5169	0.605193
NA	/data/songy4/tes/output/weights_control//ENST00000381278.4.wgt.RDat	ENST00000381278.4	22	42692122	42720819	0.0428	NA	   NA	NA	       NA	    NA	     NA	16	 0	enet	0.026	0.00014	     NA	      NA
NA	/data/songy4/tes/output/weights_control//ENST00000382974.6.wgt.RDat	ENST00000382974.6	22	20507641	20586867	0.0371	rs1153427	-2.22	rs165747	-1.06e-03	 -2.95	-0.8595	23	 1	top1	-0.0011	0.51	 0.8595	0.390062
NA	/data/songy4/tes/output/weights_control//ENST00000433317.1.wgt.RDat	ENST00000433317.1	22	27993113	28000723	0.0723	rs5762338	 3.10	rs6005518	 5.55e-03	  3.20	-1.3243	60	 1	top1	0.0056	0.048	-1.3243	0.185395
NA	/data/songy4/tes/output/weights_control//ENST00000382760.2.wgt.RDat	ENST00000382760.2	22	24495242	24503738	0.0230	rs2236626	-3.19	rs2282476	 2.20e-03	  3.10	-0.0381	 7	 5	enet	0.01	0.012	 0.7686	0.442123
NA	/data/songy4/tes/output/weights_control//ENST00000634537.1.wgt.RDat	ENST00000634537.1	22	19875522	19898041	0.0507	rs9604969	-1.96	rs5992493	 5.34e-02	 -5.47	 1.2097	36	 1	top1	0.053	5e-08	-1.2097	0.226403
NA	/data/songy4/tes/output/weights_control//ENST00000406477.7.wgt.RDat	ENST00000406477.7	22	43999211	44168923	0.0477	rs2267610	 2.09	rs738482	 1.78e-03	 -3.11	 1.4845	59	 6	enet	0.0068	0.033	-2.1821	0.029105
NA	/data/songy4/tes/output/weights_control//ENST00000382734.9.wgt.RDat	ENST00000382734.9	22	25448105	25461678	0.0326	rs2236626	-3.19	rs13054678	 7.79e-06	 -2.82	 0.7810	26	 3	lasso	0.0014	0.19	-1.3253	0.185055
NA	/data/songy4/tes/output/weights_control//ENST00000539302.5.wgt.RDat	ENST00000539302.5	22	25761034	26030586	0.0545	rs6004338	-1.43	rs133866	 4.81e-02	  5.30	 0.5245	44	 1	top1	0.048	2.3e-07	 0.5245	0.599948
NA	/data/songy4/tes/output/weights_control//ENST00000536101.5.wgt.RDat	ENST00000536101.5	22	25742144	26027766	0.0493	rs6004338	-1.43	rs133866	 4.44e-02	  5.16	 0.5245	45	 1	top1	0.044	6.4e-07	 0.5245	0.599948
NA	/data/songy4/tes/output/weights_control//ENST00000538828.1.wgt.RDat	ENST00000538828.1	22	19183476	19187728	0.0860	rs9604969	-1.96	rs1061325	 2.99e-02	  4.65	 1.9043	14	14	enet	0.041	1.6e-06	 1.3110	0.189870
NA	/data/songy4/tes/output/weights_control//ENST00000491939.6.wgt.RDat	ENST00000491939.6	22	19893902	19933526	0.0870	rs9604969	-1.96	rs5992493	 9.87e-02	 -7.38	 1.2097	36	 1	top1	0.099	9.9e-14	-1.2097	0.226403
NA	/data/songy4/tes/output/weights_control//ENST00000406361.6.wgt.RDat	ENST00000406361.6	22	30554635	30574665	0.0480	rs5997591	-2.43	rs8138196	-1.66e-03	 -2.61	 1.0515	12	10	enet	0.0064	0.037	-2.5232	0.011630
NA	/data/songy4/tes/output/weights_control//ENST00000406259.1.wgt.RDat	ENST00000406259.1	22	19971228	19990794	0.0490	rs9604969	-1.96	rs165849	-1.54e-03	 -3.35	-0.6655	36	 3	lasso	-0.0015	0.62	 0.2446	0.806774
NA	/data/songy4/tes/output/weights_control//ENST00000432867.5.wgt.RDat	ENST00000432867.5	22	24607639	24615078	0.0250	rs2236626	-3.19	rs140335	 2.50e-03	  3.10	 0.6389	 7	 5	enet	0.0094	0.015	-0.5008	0.616497
NA	/data/songy4/tes/output/weights_control//ENST00000381551.8.wgt.RDat	ENST00000381551.8	22	39224935	39240909	0.0372	rs17753650	-1.34	rs11704525	 1.14e-02	  3.34	-0.7339	13	 7	enet	0.024	0.00024	-1.5303	0.125944
NA	/data/songy4/tes/output/weights_control//ENST00000432756.6.wgt.RDat	ENST00000432756.6	22	38057656	38071728	0.0476	rs229492	 2.13	rs3952	 6.29e-02	 -5.90	 0.8835	24	 1	top1	0.063	3.3e-09	-0.8835	0.376969
NA	/data/songy4/tes/output/weights_control//ENST00000490087.1.wgt.RDat	ENST00000490087.1	22	24627876	24628976	0.0307	rs2236626	-3.19	rs140335	 2.11e-02	  3.72	 0.6389	 6	 1	top1	0.021	0.00049	 0.6389	0.522895
NA	/data/songy4/tes/output/weights_control//ENST00000406028.1.wgt.RDat	ENST00000406028.1	22	19523024	19527545	0.0640	rs9604969	-1.96	rs5748260	 4.16e-02	  4.92	 0.7769	29	 1	top1	0.042	1.4e-06	 0.7769	0.437242
NA	/data/songy4/tes/output/weights_control//ENST00000381433.2.wgt.RDat	ENST00000381433.2	22	40679273	40682083	0.0603	NA	   NA	NA	       NA	    NA	     NA	 9	 0	top1	0.052	8.2e-08	     NA	      NA
NA	/data/songy4/tes/output/weights_control//ENST00000492625.5.wgt.RDat	ENST00000492625.5	22	19981382	19987155	0.0519	rs9604969	-1.96	rs165849	-1.76e-03	 -2.80	-0.6655	36	10	enet	0.00059	0.25	-0.8327	0.405020
NA	/data/songy4/tes/output/weights_control//ENST00000635155.1.wgt.RDat	ENST00000635155.1	22	19891438	19918177	0.0550	rs9604969	-1.96	rs5992493	 5.58e-02	 -5.67	 1.2097	36	 1	top1	0.056	2.5e-08	-1.2097	0.226403
NA	/data/songy4/tes/output/weights_control//ENST00000423311.1.wgt.RDat	ENST00000423311.1	22	35119824	35231056	0.0398	rs2609850	 2.51	rs5999731	-1.68e-03	 -2.63	 1.3937	15	 3	lasso	0.0046	0.066	-1.9237	0.054397
NA	/data/songy4/tes/output/weights_control//ENST00000540665.5.wgt.RDat	ENST00000540665.5	22	27992928	27997423	0.0782	rs5762338	 3.10	rs5752640	 1.70e-04	  2.74	-1.6296	60	28	enet	0.017	0.0017	-0.8377	0.402172
NA	/data/songy4/tes/output/weights_control//ENST00000540910.5.wgt.RDat	ENST00000540910.5	22	30459230	30470585	0.1643	rs11090574	-2.56	rs2097919	 1.40e-01	  8.74	 0.5158	13	10	enet	0.15	4e-20	 0.5541	0.579520
NA	/data/songy4/tes/output/weights_control//ENST00000492381.5.wgt.RDat	ENST00000492381.5	22	20554239	20587617	0.0410	rs1153427	-2.22	rs165747	-1.90e-03	 -2.52	-0.8595	22	11	enet	-0.00042	0.38	 0.5352	0.592539
NA	/data/songy4/tes/output/weights_control//ENST00000429226.5.wgt.RDat	ENST00000429226.5	22	29205906	29233428	0.0541	NA	   NA	NA	       NA	    NA	     NA	11	 0	lasso	0.04	2.5e-06	     NA	      NA
NA	/data/songy4/tes/output/weights_control//ENST00000486003.1.wgt.RDat	ENST00000486003.1	22	20976873	20981355	0.2240	rs1153427	-2.22	rs178255	 1.43e-01	 -8.87	 0.4150	19	 7	enet	0.23	2.1e-31	 0.5086	0.611014
NA	/data/songy4/tes/output/weights_control//ENST00000429025.1.wgt.RDat	ENST00000429025.1	22	31816379	31817491	0.0790	rs761746	 2.08	rs2232183	 2.66e-02	  4.66	 0.2569	 8	 6	enet	0.051	9.4e-08	 0.7576	0.448718
NA	/data/songy4/tes/output/weights_control//ENST00000422915.1.wgt.RDat	ENST00000422915.1	22	26886909	26887548	0.0524	rs1109081	-2.39	rs1109081	 4.28e-03	  3.99	-2.3852	45	 4	enet	0.01	0.011	-1.8771	0.060501
NA	/data/songy4/tes/output/weights_control//ENST00000437453.5.wgt.RDat	ENST00000437453.5	22	38057395	38068114	0.0542	rs229492	 2.13	rs3952	 6.31e-02	 -5.99	 0.8835	24	 1	top1	0.063	3.1e-09	-0.8835	0.376969
NA	/data/songy4/tes/output/weights_control//ENST00000424694.5.wgt.RDat	ENST00000424694.5	22	38057228	38072608	0.0519	rs229492	 2.13	rs3952	 6.59e-02	 -6.06	 0.8835	24	 1	top1	0.066	1.4e-09	-0.8835	0.376969
NA	/data/songy4/tes/output/weights_control//ENST00000436990.2.wgt.RDat	ENST00000436990.2	22	23309474	23318034	0.0338	rs5759758	 2.63	rs2301555	 3.78e-02	 -4.59	-0.5464	10	 2	enet	0.041	1.9e-06	 0.8547	0.392695
NA	/data/songy4/tes/output/weights_control//ENST00000430127.1.wgt.RDat	ENST00000430127.1	22	29205923	29231615	0.0442	NA	   NA	NA	       NA	    NA	     NA	11	 0	lasso	0.04	2.5e-06	     NA	      NA
NA	/data/songy4/tes/output/weights_control//ENST00000527167.5.wgt.RDat	ENST00000527167.5	22	42553935	42574381	0.0408	rs4822100	 1.85	rs2071846	 9.56e-03	 -3.15	 1.8140	15	 4	lasso	0.014	0.0041	-1.7772	0.075538
NA	/data/songy4/tes/output/weights_control//ENST00000564152.1.wgt.RDat	ENST00000564152.1	22	46761894	46762563	0.0525	rs9626891	-2.41	rs17221476	 2.83e-02	 -4.86	 0.7157	25	 3	enet	0.055	3.5e-08	-0.6543	0.512942
NA	/data/songy4/tes/output/weights_control//ENST00000397906.6.wgt.RDat	ENST00000397906.6	22	27978014	28679865	0.0850	rs5762338	 3.10	rs138657	 1.54e-03	  3.27	 1.0600	65	26	enet	0.03	3.3e-05	 0.1893	0.849844
NA	/data/songy4/tes/output/weights_control//ENST00000670559.1.wgt.RDat	ENST00000670559.1	22	26860553	26968763	0.0915	rs1109081	-2.39	rs2213770	 3.80e-02	 -4.79	-0.7788	60	 1	top1	0.038	4e-06	 0.7788	0.436120
NA	/data/songy4/tes/output/weights_control//ENST00000484711.1.wgt.RDat	ENST00000484711.1	22	43166623	43170274	0.0485	rs4822100	 1.85	rs138999	-1.58e-03	 -2.59	 0.0874	31	11	enet	0.005	0.057	-0.7195	0.471830
NA	/data/songy4/tes/output/weights_control//ENST00000484966.1.wgt.RDat	ENST00000484966.1	22	41781446	41795773	0.0208	rs1883828	-3.11	rs1883828	 1.79e-02	 -3.26	-3.1134	 3	 1	top1	0.018	0.0012	 3.1134	0.001849
NA	/data/songy4/tes/output/weights_control//ENST00000428855.5.wgt.RDat	ENST00000428855.5	22	24607664	24615125	0.0271	rs2236626	-3.19	rs140335	 2.19e-03	  3.20	 0.6389	 7	 5	enet	0.012	0.0061	-0.6125	0.540236
NA	/data/songy4/tes/output/weights_control//ENST00000642172.1.wgt.RDat	ENST00000642172.1	22	42500671	42512237	0.0380	rs4822100	 1.85	rs11703700	-1.64e-03	  2.67	-1.7624	11	 8	enet	0.0075	0.026	-0.2647	0.791279
NA	/data/songy4/tes/output/weights_control//ENST00000484672.5.wgt.RDat	ENST00000484672.5	22	19910935	19918221	0.0708	rs9604969	-1.96	rs5992493	 6.74e-02	 -6.13	 1.2097	36	 1	top1	0.067	9.1e-10	-1.2097	0.226403
NA	/data/songy4/tes/output/weights_control//ENST00000400382.6.wgt.RDat	ENST00000400382.6	22	24603193	24628996	0.0256	rs2236626	-3.19	rs140335	 1.39e-02	  3.30	 0.6389	 7	 1	top1	0.014	0.0039	 0.6389	0.522895
NA	/data/songy4/tes/output/weights_control//ENST00000485142.1.wgt.RDat	ENST00000485142.1	22	43782210	43812274	0.0390	rs2071883	 1.75	rs138060	 3.01e-02	 -4.38	-0.1667	27	 1	top1	0.03	3.8e-05	 0.1667	0.867632
NA	/data/songy4/tes/output/weights_control//ENST00000407188.5.wgt.RDat	ENST00000407188.5	22	29073131	29142112	0.0463	NA	   NA	NA	       NA	    NA	     NA	10	 0	top1	0.049	2e-07	     NA	      NA
NA	/data/songy4/tes/output/weights_control//ENST00000487732.5.wgt.RDat	ENST00000487732.5	22	45330457	45336410	0.0520	rs7284581	 2.50	rs1135360	 2.31e-02	 -4.11	-1.3585	34	 1	top1	0.023	0.00028	 1.3585	0.174308
NA	/data/songy4/tes/output/weights_control//ENST00000400521.7.wgt.RDat	ENST00000400521.7	22	19875522	19941818	0.0506	rs9604969	-1.96	rs5992493	 5.32e-02	 -5.50	 1.2097	36	 1	top1	0.053	5.2e-08	-1.2097	0.226403
NA	/data/songy4/tes/output/weights_control//ENST00000400525.6.wgt.RDat	ENST00000400525.6	22	19875522	19941820	0.0504	rs9604969	-1.96	rs5992493	 5.32e-02	 -5.49	 1.2097	36	 1	top1	0.053	5.3e-08	-1.2097	0.226403
NA	/data/songy4/tes/output/weights_control//ENST00000431039.1.wgt.RDat	ENST00000431039.1	22	27983599	27996239	0.0709	rs5762338	 3.10	rs138657	-3.93e-04	  3.41	 1.0600	63	16	enet	0.021	0.00048	 0.2337	0.815219
NA	/data/songy4/tes/output/weights_control//ENST00000487550.5.wgt.RDat	ENST00000487550.5	22	20551407	20566490	0.0408	rs1153427	-2.22	rs165747	 1.64e-02	 -3.32	-0.8595	22	 1	top1	0.016	0.0019	 0.8595	0.390062
NA	/data/songy4/tes/output/weights_control//ENST00000487535.5.wgt.RDat	ENST00000487535.5	22	41781351	41799340	0.0207	rs1883828	-3.11	rs1883828	 1.82e-02	 -3.29	-3.1134	 3	 1	top1	0.018	0.0011	 3.1134	0.001849
NA	/data/songy4/tes/output/weights_control//ENST00000400519.6.wgt.RDat	ENST00000400519.6	22	19875522	19941803	0.0494	rs9604969	-1.96	rs5992493	 4.87e-02	 -5.23	 1.2097	36	 1	top1	0.049	1.9e-07	-1.2097	0.226403
NA	/data/songy4/tes/output/weights_control//ENST00000431155.1.wgt.RDat	ENST00000431155.1	22	46577129	46626899	0.0389	rs9626891	-2.41	rs5769101	 3.72e-02	 -4.94	-0.0357	25	 1	top1	0.037	5e-06	 0.0357	0.971510
NA	/data/songy4/tes/output/weights_control//ENST00000400518.5.wgt.RDat	ENST00000400518.5	22	19875517	19932553	0.0717	rs9604969	-1.96	rs5992493	 6.59e-02	 -6.04	 1.2097	36	 1	top1	0.066	1.4e-09	-1.2097	0.226403
NA	/data/songy4/tes/output/weights_control//ENST00000493791.3.wgt.RDat	ENST00000493791.3	22	20481935	20482213	0.0379	rs1153427	-2.22	rs165747	-4.55e-04	 -2.68	-0.8595	20	 1	top1	-0.00045	0.38	 0.8595	0.390062
NA	/data/songy4/tes/output/weights_control//ENST00000488442.1.wgt.RDat	ENST00000488442.1	22	42126535	42130813	0.0177	rs1883828	-3.11	rs5751191	 1.47e-02	  3.39	-0.9062	 3	 1	top1	0.015	0.0031	-0.9063	0.364804
NA	/data/songy4/tes/output/weights_control//ENST00000435427.5.wgt.RDat	ENST00000435427.5	22	29205959	29232345	0.0363	NA	   NA	NA	       NA	    NA	     NA	11	 0	lasso	0.027	7.9e-05	     NA	      NA
NA	/data/songy4/tes/output/weights_control//ENST00000423900.1.wgt.RDat	ENST00000423900.1	22	41795422	41799455	0.0242	rs1883828	-3.11	rs1883828	 1.83e-02	 -3.35	-3.1134	 3	 1	top1	0.018	0.0011	 3.1134	0.001849
NA	/data/songy4/tes/output/weights_control//ENST00000493460.2.wgt.RDat	ENST00000493460.2	22	20982297	20987162	0.0528	rs1153427	-2.22	rs178280	 4.93e-02	  5.23	 1.1748	19	 1	top1	0.049	1.6e-07	 1.1748	0.240092
NA	/data/songy4/tes/output/weights_control//ENST00000494454.5.wgt.RDat	ENST00000494454.5	22	19875518	19916366	0.0581	rs9604969	-1.96	rs5992493	 6.10e-02	 -5.79	 1.2097	36	 1	top1	0.061	5.6e-09	-1.2097	0.226403
NA	/data/songy4/tes/output/weights_control//ENST00000494434.1.wgt.RDat	ENST00000494434.1	22	38067477	38072534	0.0956	rs9306321	 2.02	rs3952	 9.55e-02	 -7.20	 0.8835	22	 1	top1	0.095	2.5e-13	-0.8835	0.376969
NA	/data/songy4/tes/output/weights_control//ENST00000625038.1.wgt.RDat	ENST00000625038.1	22	49500568	49501585	0.1415	rs9628591	 3.17	rs4824056	 6.82e-02	  6.16	 0.3051	62	29	enet	0.081	1.7e-11	-1.3238	0.185585
NA	/data/songy4/tes/output/weights_control//ENST00000406902.6.wgt.RDat	ENST00000406902.6	22	46620386	46679785	0.0379	rs9626891	-2.41	rs5769101	 3.45e-02	 -4.53	-0.0357	28	 1	top1	0.035	1.1e-05	 0.0357	0.971510
NA	/data/songy4/tes/output/weights_control//ENST00000486651.1.wgt.RDat	ENST00000486651.1	22	31934040	31945518	0.0391	rs761746	 2.08	rs4820932	 5.40e-03	  3.32	 1.0364	10	 4	enet	0.016	0.0019	 0.4926	0.622308
NA	/data/songy4/tes/output/weights_control//ENST00000436210.1.wgt.RDat	ENST00000436210.1	22	35897270	35898404	0.0333	rs1540297	 2.02	rs133426	 3.06e-03	 -3.52	-1.0100	16	 1	top1	0.0031	0.11	 1.0100	0.312495
NA	/data/songy4/tes/output/weights_control//ENST00000405673.5.wgt.RDat	ENST00000405673.5	22	45310124	45329412	0.0650	rs7284581	 2.50	rs1135360	 2.97e-02	 -4.48	-1.3585	35	10	enet	0.03	3.5e-05	 0.9454	0.344462
NA	/data/songy4/tes/output/weights_control//ENST00000487165.5.wgt.RDat	ENST00000487165.5	22	19875522	19884504	0.0838	rs9604969	-1.96	rs5992493	 3.30e-02	 -4.49	 1.2097	36	 3	lasso	0.063	3.6e-09	-0.1912	0.848359
NA	/data/songy4/tes/output/weights_control//ENST00000487176.1.wgt.RDat	ENST00000487176.1	22	42027163	42032769	0.0674	rs1883828	-3.11	rs5751191	 4.57e-02	 -5.13	-0.9062	 3	 2	lasso	0.055	3.1e-08	 1.9549	0.050600
NA	/data/songy4/tes/output/weights_control//ENST00000619710.4.wgt.RDat	ENST00000619710.4	22	44026304	44169221	0.0654	rs2267610	 2.09	rs5764084	 8.72e-03	 -3.65	-1.3117	58	 1	top1	0.0087	0.018	 1.3117	0.189625
NA	/data/songy4/tes/output/weights_control//ENST00000430687.1.wgt.RDat	ENST00000430687.1	22	37560480	37566559	0.0504	rs229492	 2.13	rs9306321	 8.97e-03	 -3.79	 2.0164	48	 9	enet	0.012	0.006	-1.3909	0.164241
NA	/data/songy4/tes/output/weights_control//ENST00000405640.1.wgt.RDat	ENST00000405640.1	22	19846146	19854886	0.0573	rs9604969	-1.96	rs3788305	 4.62e-02	 -5.07	 1.0500	36	 1	top1	0.046	3.9e-07	-1.0500	0.293718
NA	/data/songy4/tes/output/weights_control//ENST00000414658.5.wgt.RDat	ENST00000414658.5	22	20507582	20564500	0.0378	rs1153427	-2.22	rs165747	-1.72e-03	 -2.92	-0.8595	23	 2	lasso	-0.0012	0.55	-0.3750	0.707684
NA	/data/songy4/tes/output/weights_control//ENST00000428078.4.wgt.RDat	ENST00000428078.4	22	17121586	17130443	0.0365	rs5992600	 2.93	rs5994165	-3.08e-04	 -2.64	-1.3302	14	 1	top1	-0.00031	0.36	 1.3302	0.183456
NA	/data/songy4/tes/output/weights_control//ENST00000452284.1.wgt.RDat	ENST00000452284.1	22	21002208	21010342	0.0523	rs1153427	-2.22	rs6005267	 3.34e-02	  4.48	 1.6311	19	 1	top1	0.033	1.5e-05	 1.6311	0.102876
NA	/data/songy4/tes/output/weights_control//ENST00000404038.5.wgt.RDat	ENST00000404038.5	22	43683664	43812337	0.0346	rs2071883	 1.75	rs2071883	 1.31e-02	 -4.61	 1.7548	27	 5	enet	0.023	0.00029	-1.4888	0.136531
NA	/data/songy4/tes/output/weights_control//ENST00000611723.1.wgt.RDat	ENST00000611723.1	22	19196363	19209327	0.1603	rs9604969	-1.96	rs1061325	 8.46e-02	  6.78	 1.9043	14	 8	enet	0.12	2.9e-16	 1.2562	0.209030
NA	/data/songy4/tes/output/weights_control//ENST00000403066.5.wgt.RDat	ENST00000403066.5	22	30447959	30472017	0.1452	rs11090574	-2.56	rs2097919	 1.16e-01	  7.96	 0.5158	13	 2	lasso	0.12	2e-16	 0.5276	0.597800
NA	/data/songy4/tes/output/weights_control//ENST00000403084.1.wgt.RDat	ENST00000403084.1	22	19523027	19525383	0.0650	rs9604969	-1.96	rs5748260	 4.05e-02	  4.88	 0.7769	29	 1	top1	0.04	2e-06	 0.7769	0.437242
NA	/data/songy4/tes/output/weights_control//ENST00000655196.1.wgt.RDat	ENST00000655196.1	22	27991470	28002588	0.0937	rs5762338	 3.10	rs138657	 1.32e-02	  4.41	 1.0600	60	15	enet	0.027	9.5e-05	-0.2668	0.789596
NA	/data/songy4/tes/output/weights_control//ENST00000414854.5.wgt.RDat	ENST00000414854.5	22	45205221	45236277	0.0527	rs7284581	 2.50	rs5765226	-1.89e-03	  2.85	 0.3366	53	 1	enet	-0.0017	0.72	 0.3366	0.736393
NA	/data/songy4/tes/output/weights_control//ENST00000630584.1.wgt.RDat	ENST00000630584.1	22	48538902	48547342	0.0625	rs5767064	-2.69	rs4823783	-7.82e-04	  3.02	-0.5351	57	16	enet	0.011	0.0085	-1.2003	0.230016
NA	/data/songy4/tes/output/weights_control//ENST00000651180.1.wgt.RDat	ENST00000651180.1	22	24583750	24628968	0.0286	rs2236626	-3.19	rs140335	 3.94e-03	  3.29	 0.6389	 8	 3	lasso	0.01	0.011	 0.4866	0.626514
NA	/data/songy4/tes/output/weights_control//ENST00000411974.5.wgt.RDat	ENST00000411974.5	22	24594814	24615107	0.0239	rs2236626	-3.19	rs140335	 1.10e-02	  3.05	 0.6389	 7	 1	top1	0.011	0.009	 0.6389	0.522895
NA	/data/songy4/tes/output/weights_control//ENST00000651135.1.wgt.RDat	ENST00000651135.1	22	41731056	41799414	0.0554	rs1883828	-3.11	rs1883828	 4.60e-02	 -5.03	-3.1134	 3	 3	enet	0.058	1.4e-08	 3.4318	0.000599
NA	/data/songy4/tes/output/weights_control//ENST00000263205.11.wgt.RDat	ENST00000263205.11	22	20507610	20587619	0.0400	rs1153427	-2.22	rs165747	-1.37e-03	 -2.78	-0.8595	23	 3	lasso	-0.00023	0.35	-0.0597	0.952424
NA	/data/songy4/tes/output/weights_control//ENST00000263207.8.wgt.RDat	ENST00000263207.8	22	19969896	20016823	0.0531	NA	   NA	NA	       NA	    NA	     NA	36	 0	top1	0.027	1e-04	     NA	      NA
NA	/data/songy4/tes/output/weights_control//ENST00000414287.5.wgt.RDat	ENST00000414287.5	22	49414524	49657504	0.1636	rs9628591	 3.17	rs4824056	 8.95e-02	  6.95	 0.3051	71	11	enet	0.091	9.4e-13	-0.4927	0.622231
NA	/data/songy4/tes/output/weights_control//ENST00000624350.1.wgt.RDat	ENST00000624350.1	22	22264601	22273020	0.0752	rs365783	-1.20	rs5757568	 3.77e-02	  4.69	-1.0849	14	 9	enet	0.053	5.4e-08	-0.7020	0.482703
NA	/data/songy4/tes/output/weights_control//ENST00000412113.5.wgt.RDat	ENST00000412113.5	22	41998725	42032769	0.0638	rs1883828	-3.11	rs5751191	 5.71e-02	 -5.63	-0.9062	 3	 2	lasso	0.059	1.1e-08	 1.4724	0.140904
NA	/data/songy4/tes/output/weights_control//ENST00000334363.14.wgt.RDat	ENST00000334363.14	22	19894258	19941804	0.1011	rs9604969	-1.96	rs5992493	 1.06e-01	 -7.61	 1.2097	36	 1	top1	0.11	1.1e-14	-1.2097	0.226403
NA	/data/songy4/tes/output/weights_control//ENST00000463886.1.wgt.RDat	ENST00000463886.1	22	41602001	41604225	0.0191	rs1883828	-3.11	rs1883828	 1.09e-02	 -3.28	-3.1134	 2	 1	top1	0.011	0.0094	 3.1134	0.001849
NA	/data/songy4/tes/output/weights_control//ENST00000450250.1.wgt.RDat	ENST00000450250.1	22	42001069	42001966	0.0365	rs1883828	-3.11	rs5751191	 3.66e-02	 -4.51	-0.9062	 3	 1	top1	0.037	5.9e-06	 0.9063	0.364804
NA	/data/songy4/tes/output/weights_control//ENST00000389970.7.wgt.RDat	ENST00000389970.7	22	42126501	42130881	0.0191	rs1883828	-3.11	rs5751191	 1.59e-02	  3.41	-0.9062	 3	 1	top1	0.016	0.0022	-0.9063	0.364804
NA	/data/songy4/tes/output/weights_control//ENST00000390289.2.wgt.RDat	ENST00000390289.2	22	22318727	22319226	0.0451	rs365783	-1.20	rs5757568	-3.53e-04	  3.01	-1.0849	13	 9	enet	0.013	0.0051	-0.7794	0.435716
NA	/data/songy4/tes/output/weights_control//ENST00000402876.3.wgt.RDat	ENST00000402876.3	22	44024302	44119934	0.0489	rs2267610	 2.09	rs5764084	 4.02e-03	 -3.56	-1.3117	55	 1	top1	0.004	0.078	 1.3117	0.189625
NA	/data/songy4/tes/output/weights_control//ENST00000467095.5.wgt.RDat	ENST00000467095.5	22	32513675	32519686	0.3410	rs2710359	 2.56	rs4820079	 1.35e-01	  8.52	-1.0515	31	11	enet	0.28	2.9e-40	-1.8852	0.059408
NA	/data/songy4/tes/output/weights_control//ENST00000467926.5.wgt.RDat	ENST00000467926.5	22	20965172	20973645	0.1660	rs1153427	-2.22	rs178255	 1.28e-01	 -8.43	 0.4150	19	 9	enet	0.14	1.3e-19	 0.3631	0.716518
NA	/data/songy4/tes/output/weights_control//ENST00000404223.5.wgt.RDat	ENST00000404223.5	22	24627408	24628996	0.0375	rs2236626	-3.19	rs140335	 2.25e-02	  3.77	 0.6389	 6	 4	enet	0.027	9.2e-05	-0.2459	0.805777
NA	/data/songy4/tes/output/weights_control//ENST00000449918.1.wgt.RDat	ENST00000449918.1	22	19254034	19291716	0.0465	rs9604969	-1.96	rs9604969	 3.72e-02	  4.69	-1.9615	21	 1	top1	0.037	4.9e-06	-1.9615	0.049816
NA	/data/songy4/tes/output/weights_control//ENST00000468124.5.wgt.RDat	ENST00000468124.5	22	20967249	20974297	0.2213	rs1153427	-2.22	rs178255	 1.63e-01	 -9.58	 0.4150	19	 6	enet	0.19	4.8e-26	 0.1297	0.896801
NA	/data/songy4/tes/output/weights_control//ENST00000467828.1.wgt.RDat	ENST00000467828.1	22	19981991	20016745	0.1727	NA	   NA	NA	       NA	    NA	     NA	36	 0	top1	0.13	1.8e-18	     NA	      NA
NA	/data/songy4/tes/output/weights_control//ENST00000615606.4.wgt.RDat	ENST00000615606.4	22	19180733	19291661	0.0612	rs9604969	-1.96	rs1061325	 6.16e-03	  3.61	 1.9043	21	 9	enet	0.027	8.3e-05	 0.2341	0.814885
NA	/data/songy4/tes/output/weights_control//ENST00000332840.9.wgt.RDat	ENST00000332840.9	22	32513692	32541716	0.1725	rs2710359	 2.56	rs4820079	 4.89e-02	  5.41	-1.0515	32	 5	lasso	0.1	5.9e-14	-1.7481	0.080449
NA	/data/songy4/tes/output/weights_control//ENST00000451058.5.wgt.RDat	ENST00000451058.5	22	20524275	20555091	0.0392	rs1153427	-2.22	rs165747	-1.86e-03	 -2.99	-0.8595	22	 3	enet	-0.00035	0.37	-0.6590	0.509877
NA	/data/songy4/tes/output/weights_control//ENST00000404072.7.wgt.RDat	ENST00000404072.7	22	38057200	38075701	0.0574	rs229492	 2.13	rs3952	 6.44e-02	 -5.98	 0.8835	24	 1	top1	0.064	2.1e-09	-0.8835	0.376969
NA	/data/songy4/tes/output/weights_control//ENST00000465606.5.wgt.RDat	ENST00000465606.5	22	20974513	20981348	0.2458	rs1153427	-2.22	rs178255	 1.65e-01	 -9.54	 0.4150	19	 8	enet	0.23	2.9e-31	 0.4164	0.677091
NA	/data/songy4/tes/output/weights_control//ENST00000451366.5.wgt.RDat	ENST00000451366.5	22	24607659	24615093	0.0329	rs2236626	-3.19	rs140335	 5.25e-03	  3.59	 0.6389	 7	 6	enet	0.017	0.0014	-0.4210	0.673751
NA	/data/songy4/tes/output/weights_control//ENST00000399875.1.wgt.RDat	ENST00000399875.1	22	17116299	17121367	0.0351	rs5992600	 2.93	rs740422	 3.73e-03	 -4.48	-2.2719	14	 7	enet	0.011	0.01	 2.2013	0.027712
NA	/data/songy4/tes/output/weights_control//ENST00000466374.1.wgt.RDat	ENST00000466374.1	22	38057483	38068085	0.0678	rs229492	 2.13	rs3952	 7.62e-02	 -6.56	 0.8835	24	 1	top1	0.076	7.2e-11	-0.8835	0.376969
NA	/data/songy4/tes/output/weights_control//ENST00000390325.2.wgt.RDat	ENST00000390325.2	22	22906342	22906803	0.0445	rs1475930	 1.48	rs1475930	 9.11e-03	 -3.47	 1.4839	13	 4	enet	0.028	6.4e-05	-1.1597	0.246162
NA	/data/songy4/tes/output/weights_control//ENST00000390316.2.wgt.RDat	ENST00000390316.2	22	22819010	22819756	0.0507	rs1475930	 1.48	rs365783	 1.46e-02	 -3.96	-1.1988	16	 4	lasso	0.02	0.00069	 0.5257	0.599098
NA	/data/songy4/tes/output/weights_control//ENST00000466310.5.wgt.RDat	ENST00000466310.5	22	24620408	24628976	0.0324	rs2236626	-3.19	rs140335	 3.81e-03	  3.38	 0.6389	 6	 6	enet	0.014	0.0033	-0.5626	0.573736
NA	/data/songy4/tes/output/weights_control//ENST00000459849.1.wgt.RDat	ENST00000459849.1	22	45329635	45332691	0.0688	rs7284581	 2.50	rs1135360	 3.29e-02	 -4.66	-1.3585	34	12	enet	0.039	3.2e-06	 0.6678	0.504248
NA	/data/songy4/tes/output/weights_control//ENST00000403492.5.wgt.RDat	ENST00000403492.5	22	41781735	41799456	0.0271	rs1883828	-3.11	rs1883828	 2.32e-02	 -3.65	-3.1134	 3	 3	enet	0.027	9.9e-05	 3.4293	0.000605
NA	/data/songy4/tes/output/weights_control//ENST00000459160.1.wgt.RDat	ENST00000459160.1	22	35249772	35249833	0.0311	rs2609850	 2.51	rs10483190	-3.06e-04	  2.88	-0.2209	15	 5	enet	0.011	0.0082	 0.5418	0.587954
NA	/data/songy4/tes/output/weights_control//ENST00000266304.9.wgt.RDat	ENST00000266304.9	22	41381942	41399326	0.0456	rs1883828	-3.11	rs1883828	 4.46e-02	 -5.03	-3.1134	 4	 3	enet	0.046	4.1e-07	 3.1215	0.001799
NA	/data/songy4/tes/output/weights_control//ENST00000341280.5.wgt.RDat	ENST00000341280.5	22	49994513	50008692	0.0539	rs134474	-2.20	rs136772	 1.10e-02	 -3.23	 0.2525	48	 1	top1	0.011	0.0092	-0.2525	0.800674
NA	/data/songy4/tes/output/weights_control//ENST00000455578.5.wgt.RDat	ENST00000455578.5	22	42500579	42512559	0.0348	rs4822100	 1.85	rs11703700	-1.22e-03	  2.48	-1.7624	11	 6	enet	0.014	0.0043	-0.3350	0.737647
NA	/data/songy4/tes/output/weights_control//ENST00000403838.5.wgt.RDat	ENST00000403838.5	22	24627255	24629005	0.0377	rs2236626	-3.19	rs140335	 1.99e-02	  3.68	 0.6389	 6	 6	enet	0.023	0.00025	-0.3496	0.726665
NA	/data/songy4/tes/output/weights_control//ENST00000338754.9.wgt.RDat	ENST00000338754.9	22	26521996	26590132	0.0766	rs6004985	 1.43	rs7364248	 1.84e-02	 -4.13	 0.1881	49	 3	lasso	0.068	7.7e-10	 0.0851	0.932215
NA	/data/songy4/tes/output/weights_control//ENST00000665529.1.wgt.RDat	ENST00000665529.1	22	27994560	28002602	0.0654	rs5762338	 3.10	rs5752634	-1.78e-03	  2.99	 0.2279	60	 3	lasso	-0.00071	0.43	 0.6416	0.521135
NA	/data/songy4/tes/output/weights_control//ENST00000456740.1.wgt.RDat	ENST00000456740.1	22	29099041	29111683	0.0495	NA	   NA	NA	       NA	    NA	     NA	10	 0	top1	0.052	7.6e-08	     NA	      NA
NA	/data/songy4/tes/output/weights_control//ENST00000665704.1.wgt.RDat	ENST00000665704.1	22	45133701	45139757	0.0640	rs7284581	 2.50	rs13056283	 6.18e-03	  4.01	-1.3529	52	 9	enet	0.0068	0.033	-0.7564	0.449422
NA	/data/songy4/tes/output/weights_control//ENST00000665699.1.wgt.RDat	ENST00000665699.1	22	49047651	49052069	0.1146	rs9628591	 3.17	rs6009142	 3.43e-02	 -4.66	-1.5652	58	 2	lasso	0.046	4.1e-07	 1.4203	0.155513
NA	/data/songy4/tes/output/weights_control//ENST00000458188.2.wgt.RDat	ENST00000458188.2	22	19221573	19226320	0.0401	rs9604969	-1.96	rs9604969	 2.41e-02	  3.85	-1.9615	18	 1	top1	0.024	0.00021	-1.9615	0.049816
NA	/data/songy4/tes/output/weights_control//ENST00000413119.2.wgt.RDat	ENST00000413119.2	22	19523052	19525423	0.0642	rs9604969	-1.96	rs5748260	 3.72e-02	  4.75	 0.7769	29	 1	top1	0.037	5e-06	 0.7769	0.437242
NA	/data/songy4/tes/output/weights_control//ENST00000652665.1.wgt.RDat	ENST00000652665.1	22	42000446	42001991	0.0521	rs1883828	-3.11	rs5751191	 4.98e-02	 -5.31	-0.9062	 3	 1	top1	0.05	1.4e-07	 0.9063	0.364804
NA	/data/songy4/tes/output/weights_control//ENST00000462361.1.wgt.RDat	ENST00000462361.1	22	45335216	45340846	0.0445	rs7284581	 2.50	rs1135360	 2.23e-02	 -3.94	-1.3585	34	 1	top1	0.022	0.00034	 1.3585	0.174308
NA	/data/songy4/tes/output/weights_control//ENST00000462330.5.wgt.RDat	ENST00000462330.5	22	19875522	19881369	0.0420	rs9604969	-1.96	rs5992493	 7.01e-03	 -3.81	 1.2097	36	10	enet	0.022	0.00035	-0.5708	0.568107
NA	/data/songy4/tes/output/weights_control//ENST00000509460.2.wgt.RDat	ENST00000509460.2	22	25455796	25520854	0.0526	rs2236626	-3.19	rs577596	 2.29e-02	  3.74	 0.6161	27	 9	enet	0.023	0.00027	-0.1387	0.889703
NA	/data/songy4/tes/output/weights_control//ENST00000652112.1.wgt.RDat	ENST00000652112.1	22	22298124	22329122	0.0341	rs365783	-1.20	rs4821685	-6.54e-04	 -3.09	 1.1792	14	 7	enet	0.0017	0.17	-0.3233	0.746506
NA	/data/songy4/tes/output/weights_control//ENST00000462450.5.wgt.RDat	ENST00000462450.5	22	41776049	41781824	0.0246	rs1883828	-3.11	rs1883828	 2.21e-02	 -3.57	-3.1134	 3	 1	top1	0.022	0.00037	 3.1134	0.001849
NA	/data/songy4/tes/output/weights_control//ENST00000335473.11.wgt.RDat	ENST00000335473.11	22	25742153	26031041	0.0454	rs6004338	-1.43	rs133866	 4.04e-02	  4.94	 0.5245	45	 1	top1	0.04	2e-06	 0.5245	0.599948
NA	/data/songy4/tes/output/weights_control//ENST00000462246.5.wgt.RDat	ENST00000462246.5	22	41774180	41781737	0.0221	rs1883828	-3.11	rs1883828	 1.70e-02	 -3.22	-3.1134	 3	 3	enet	0.022	0.00035	 3.3656	0.000764
NA	/data/songy4/tes/output/weights_control//ENST00000621271.4.wgt.RDat	ENST00000621271.4	22	19179473	19291685	0.0665	rs9604969	-1.96	rs1061325	 8.50e-03	  3.81	 1.9043	21	 9	enet	0.033	1.8e-05	 0.2857	0.775091
NA	/data/songy4/tes/output/weights_control//ENST00000453585.1.wgt.RDat	ENST00000453585.1	22	29121441	29138771	0.0435	rs4140643	 3.13	rs11704738	 4.52e-02	 -5.14	-1.1805	10	 5	enet	0.047	2.8e-07	 0.6525	0.514097
NA	/data/songy4/tes/output/weights_control//ENST00000427926.6.wgt.RDat	ENST00000427926.6	22	19179473	19291719	0.0686	rs9604969	-1.96	rs1061325	 8.61e-03	  3.82	 1.9043	21	 9	enet	0.033	1.7e-05	 0.2791	0.780136
NA	/data/songy4/tes/output/weights_control//ENST00000453866.1.wgt.RDat	ENST00000453866.1	22	48448890	48451217	0.0601	NA	   NA	NA	       NA	    NA	     NA	 0	 0	enet	0.0025	0.13	     NA	      NA
NA	/data/songy4/tes/output/weights_control//ENST00000664918.1.wgt.RDat	ENST00000664918.1	22	19291969	19328901	0.0698	rs9604969	-1.96	rs1061325	 4.51e-02	  5.10	 1.9043	21	 1	top1	0.045	5.2e-07	 1.9043	0.056877
NA	/data/songy4/tes/output/weights_control//ENST00000461076.1.wgt.RDat	ENST00000461076.1	22	20583338	20585803	0.0381	rs1153427	-2.22	rs1110462	-1.90e-03	 -2.38	-1.0773	22	17	enet	0.0011	0.21	 1.5774	0.114699
NA	/data/songy4/tes/output/weights_control//ENST00000654312.1.wgt.RDat	ENST00000654312.1	22	27999395	28002612	0.0582	NA	   NA	NA	       NA	    NA	     NA	 0	 0	enet	-0.0018	0.78	     NA	      NA
NA	/data/songy4/tes/output/weights_control//ENST00000412649.5.wgt.RDat	ENST00000412649.5	22	19179476	19184831	0.0741	rs9604969	-1.96	rs1061325	 4.27e-02	  5.05	 1.9043	14	 7	enet	0.043	8.6e-07	 1.5086	0.131391
NA	/data/songy4/tes/output/weights_control//ENST00000391625.2.wgt.RDat	ENST00000391625.2	22	49548681	49556473	0.1119	rs9628591	 3.17	rs4824056	 6.46e-02	  6.09	 0.3051	62	 1	top1	0.065	2e-09	 0.3051	0.760302
NA	/data/songy4/tes/output/weights_control//ENST00000412658.5.wgt.RDat	ENST00000412658.5	22	24603147	24628134	0.0234	rs2236626	-3.19	rs140335	 1.14e-02	  3.13	 0.6389	 7	 1	top1	0.011	0.0081	 0.6389	0.522895
NA	/data/songy4/tes/output/weights_control//ENST00000461730.1.wgt.RDat	ENST00000461730.1	22	41998793	42003463	0.0255	rs1883828	-3.11	rs5751191	 2.09e-02	 -3.51	-0.9062	 3	 1	top1	0.021	0.00051	 0.9063	0.364804
NA	/data/songy4/tes/output/weights_control//ENST00000454608.3.wgt.RDat	ENST00000454608.3	22	20363621	20390758	0.0496	rs1153427	-2.22	rs3788305	 1.60e-02	  3.23	 1.0500	24	 1	top1	0.016	0.0021	 1.0500	0.293718
NA	/data/songy4/tes/output/weights_control//ENST00000413942.1.wgt.RDat	ENST00000413942.1	22	41382935	41394274	0.0367	rs1883828	-3.11	rs1883828	 3.57e-02	 -4.60	-3.1134	 4	 1	top1	0.036	7.6e-06	 3.1134	0.001849
NA	/data/songy4/tes/output/weights_control//ENST00000666116.1.wgt.RDat	ENST00000666116.1	22	48474156	48488425	0.0518	rs5767064	-2.69	rs4823783	-8.59e-04	  2.83	-0.5351	60	 7	enet	0.002	0.15	-0.7597	0.447433
NA	/data/songy4/tes/output/weights_control//ENST00000612946.4.wgt.RDat	ENST00000612946.4	22	27978014	28306645	0.0868	rs5762338	 3.10	rs138657	 3.62e-03	  3.33	 1.0600	64	29	enet	0.029	5.1e-05	-0.2240	0.822759
NA	/data/songy4/tes/output/weights_control//ENST00000461446.1.wgt.RDat	ENST00000461446.1	22	32514439	32529082	0.2359	rs2710359	 2.56	rs4820079	 9.67e-02	  7.20	-1.0515	32	13	enet	0.18	1.5e-24	-1.8818	0.059859
NA	/data/songy4/tes/output/weights_control//ENST00000475995.3.wgt.RDat	ENST00000475995.3	22	19895016	19915789	0.0706	rs9604969	-1.96	rs5992493	 7.73e-02	 -6.57	 1.2097	36	 1	top1	0.077	5.2e-11	-1.2097	0.226403
NA	/data/songy4/tes/output/weights_control//ENST00000358763.6.wgt.RDat	ENST00000358763.6	22	32512552	33058372	0.2098	rs3788504	-2.69	rs4820079	 8.36e-02	  6.84	-1.0515	54	 6	lasso	0.17	2.9e-23	-1.8266	0.067759
NA	/data/songy4/tes/output/weights_control//ENST00000623458.1.wgt.RDat	ENST00000623458.1	22	39379610	39380015	0.0406	rs4820357	 1.25	rs11704525	-1.26e-03	 -2.75	-0.7339	12	 8	enet	0.0066	0.034	 0.0672	0.946406
NA	/data/songy4/tes/output/weights_control//ENST00000327813.9.wgt.RDat	ENST00000327813.9	22	29073118	29168333	0.0620	NA	   NA	NA	       NA	    NA	     NA	11	 0	top1	0.065	1.7e-09	     NA	      NA
NA	/data/songy4/tes/output/weights_control//ENST00000358295.9.wgt.RDat	ENST00000358295.9	22	48576306	48751932	0.0555	rs9628591	 3.17	rs4823783	-7.75e-04	  3.05	-0.5351	70	14	enet	0.0042	0.074	-0.4367	0.662319
NA	/data/songy4/tes/output/weights_control//ENST00000476157.5.wgt.RDat	ENST00000476157.5	22	38057404	38058158	0.0573	rs229492	 2.13	rs3952	 5.74e-02	 -5.60	 0.8835	24	 2	enet	0.058	1.2e-08	-1.3898	0.164591
NA	/data/songy4/tes/output/weights_control//ENST00000476478.1.wgt.RDat	ENST00000476478.1	22	45329148	45330719	0.0442	rs7284581	 2.50	rs1135360	 1.97e-02	 -3.83	-1.3585	34	 1	top1	0.02	0.00072	 1.3585	0.174308
NA	/data/songy4/tes/output/weights_control//ENST00000476754.1.wgt.RDat	ENST00000476754.1	22	45329644	45332655	0.0661	rs7284581	 2.50	rs1135360	 3.27e-02	 -4.63	-1.3585	34	13	enet	0.036	6.2e-06	 0.6206	0.534830
NA	/data/songy4/tes/output/weights_control//ENST00000617103.4.wgt.RDat	ENST00000617103.4	22	19180733	19291661	0.0604	rs9604969	-1.96	rs1061325	 5.75e-03	  3.58	 1.9043	21	 9	enet	0.027	8.7e-05	 0.2194	0.826353
NA	/data/songy4/tes/output/weights_control//ENST00000476767.5.wgt.RDat	ENST00000476767.5	22	20553097	20566526	0.0377	rs1153427	-2.22	rs165747	 7.17e-03	 -3.07	-0.8595	22	 1	top1	0.0072	0.029	 0.8595	0.390062
NA	/data/songy4/tes/output/weights_control//ENST00000402286.5.wgt.RDat	ENST00000402286.5	22	30459506	30471986	0.1668	rs11090574	-2.56	rs2097919	 1.38e-01	  8.67	 0.5158	13	13	enet	0.14	2.3e-19	 0.5939	0.552563
NA	/data/songy4/tes/output/weights_control//ENST00000608354.1.wgt.RDat	ENST00000608354.1	22	30246205	30246998	0.0317	rs11090574	-2.56	rs140120	-1.21e-03	 -2.68	 0.2500	11	 8	enet	-0.00055	0.4	-1.7623	0.078025
NA	/data/songy4/tes/output/weights_control//ENST00000417515.5.wgt.RDat	ENST00000417515.5	22	20965167	20974814	0.2613	rs1153427	-2.22	rs178255	 2.05e-01	-10.58	 0.4150	19	 8	enet	0.24	4.6e-33	 0.3644	0.715589
NA	/data/songy4/tes/output/weights_control//ENST00000445628.5.wgt.RDat	ENST00000445628.5	22	38056311	38059306	0.0537	rs229492	 2.13	rs3952	 7.30e-02	 -6.37	 0.8835	24	 1	top1	0.073	1.8e-10	-0.8835	0.376969
NA	/data/songy4/tes/output/weights_control//ENST00000328554.9.wgt.RDat	ENST00000328554.9	22	19846146	19854874	0.0575	rs9604969	-1.96	rs3788305	 4.62e-02	 -5.07	 1.0500	36	 1	top1	0.046	3.8e-07	-1.0500	0.293718
NA	/data/songy4/tes/output/weights_control//ENST00000445483.1.wgt.RDat	ENST00000445483.1	22	38057180	38073940	0.0530	rs229492	 2.13	rs3952	 5.95e-02	 -5.72	 0.8835	24	 1	top1	0.059	8.8e-09	-0.8835	0.376969
NA	/data/songy4/tes/output/weights_control//ENST00000608497.1.wgt.RDat	ENST00000608497.1	22	50622754	50625656	0.0664	rs7284093	-1.71	rs140510	 6.54e-03	 -4.05	-0.0957	16	16	enet	0.018	0.0011	-1.0314	0.302335
NA	/data/songy4/tes/output/weights_control//ENST00000445185.1.wgt.RDat	ENST00000445185.1	22	41998793	42026794	0.0302	rs1883828	-3.11	rs5751191	 3.02e-02	 -4.22	-0.9062	 3	 1	top1	0.03	3.7e-05	 0.9063	0.364804
NA	/data/songy4/tes/output/weights_control//ENST00000607943.1.wgt.RDat	ENST00000607943.1	22	50191724	50192402	0.0563	rs134474	-2.20	rs4838857	 3.61e-03	  3.65	-1.4204	41	 2	lasso	0.0045	0.066	-1.1174	0.263819
NA	/data/songy4/tes/output/weights_control//ENST00000253255.7.wgt.RDat	ENST00000253255.7	22	46255663	46263343	0.0622	rs9626891	-2.41	rs4823613	 3.27e-02	 -4.41	 0.0357	25	 1	top1	0.033	1.8e-05	-0.0357	0.971510
NA	/data/songy4/tes/output/weights_control//ENST00000475341.5.wgt.RDat	ENST00000475341.5	22	41998788	42027040	0.0350	rs1883828	-3.11	rs5751191	 3.13e-02	 -4.40	-0.9062	 3	 1	top1	0.031	2.6e-05	 0.9063	0.364804
NA	/data/songy4/tes/output/weights_control//ENST00000248923.9.wgt.RDat	ENST00000248923.9	22	24583750	24629005	0.0291	rs2236626	-3.19	rs140335	 4.35e-03	  3.33	 0.6389	 8	 3	lasso	0.011	0.0091	 0.4972	0.619034
NA	/data/songy4/tes/output/weights_control//ENST00000405089.5.wgt.RDat	ENST00000405089.5	22	20967255	20981360	0.2560	rs1153427	-2.22	rs178255	 1.71e-01	 -9.82	 0.4150	19	 9	enet	0.23	5.6e-32	 0.4003	0.688944
NA	/data/songy4/tes/output/weights_control//ENST00000443839.1.wgt.RDat	ENST00000443839.1	22	20616230	20656914	0.0444	rs1153427	-2.22	rs741194	 2.40e-02	 -3.83	-0.1759	22	 1	top1	0.024	0.00021	 0.1759	0.860352
NA	/data/songy4/tes/output/weights_control//ENST00000517313.1.wgt.RDat	ENST00000517313.1	22	22070225	22070707	0.0254	rs365783	-1.20	rs4821685	 4.57e-03	  3.45	 1.1792	10	 1	top1	0.0046	0.065	 1.1792	0.238301
NA	/data/songy4/tes/output/weights_control//ENST00000444029.5.wgt.RDat	ENST00000444029.5	22	44031365	44132965	0.0639	rs2267610	 2.09	rs5764084	-1.87e-03	 -3.47	-1.3117	55	 1	enet	-0.00036	0.37	 1.3117	0.189625
NA	/data/songy4/tes/output/weights_control//ENST00000444039.1.wgt.RDat	ENST00000444039.1	22	20957092	20964679	0.0446	rs1153427	-2.22	rs178255	 4.23e-02	 -5.20	 0.4150	19	 1	top1	0.042	1.2e-06	-0.4150	0.678142
NA	/data/songy4/tes/output/weights_control//ENST00000249005.3.wgt.RDat	ENST00000249005.3	22	42692122	42695633	0.0417	NA	   NA	NA	       NA	    NA	     NA	16	 0	enet	0.023	3e-04	     NA	      NA
NA	/data/songy4/tes/output/weights_control//ENST00000249016.4.wgt.RDat	ENST00000249016.4	22	40678750	40682814	0.0580	NA	   NA	NA	       NA	    NA	     NA	 9	 0	top1	0.047	3.1e-07	     NA	      NA
NA	/data/songy4/tes/output/weights_control//ENST00000479180.1.wgt.RDat	ENST00000479180.1	22	45336395	45340882	0.0421	rs7284581	 2.50	rs1135360	 2.61e-02	 -4.12	-1.3585	34	 1	top1	0.026	0.00012	 1.3585	0.174308
NA	/data/songy4/tes/output/weights_control//ENST00000478831.5.wgt.RDat	ENST00000478831.5	22	20566465	20583227	0.0370	rs1153427	-2.22	rs165747	 1.72e-02	 -3.52	-0.8595	22	 1	top1	0.017	0.0015	 0.8595	0.390062
NA	/data/songy4/tes/output/weights_control//ENST00000361034.7.wgt.RDat	ENST00000361034.7	22	46626761	46679790	0.0378	rs9626891	-2.41	rs5769101	 3.48e-02	 -4.54	-0.0357	28	 1	top1	0.035	1e-05	 0.0357	0.971510
NA	/data/songy4/tes/output/weights_control//ENST00000443490.5.wgt.RDat	ENST00000443490.5	22	46080312	46098558	0.0536	rs2742621	 2.49	rs6520015	 2.30e-02	 -4.09	-0.7353	33	 6	enet	0.039	3.3e-06	 0.9346	0.349975
NA	/data/songy4/tes/output/weights_control//ENST00000292729.12.wgt.RDat	ENST00000292729.12	22	20363621	20377251	0.0383	rs1153427	-2.22	rs3788305	 4.26e-03	  2.78	 1.0500	23	 1	top1	0.0043	0.072	 1.0500	0.293718
NA	/data/songy4/tes/output/weights_control//ENST00000359906.6.wgt.RDat	ENST00000359906.6	22	42500590	42512560	0.0327	rs4822100	 1.85	rs11703700	-1.41e-03	  2.41	-1.7624	11	 6	enet	0.011	0.0083	-0.3013	0.763216
NA	/data/songy4/tes/output/weights_control//ENST00000404920.1.wgt.RDat	ENST00000404920.1	22	24627444	24628839	0.0346	rs2236626	-3.19	rs140335	 1.64e-02	  3.42	 0.6389	 6	 6	enet	0.021	0.00058	-0.5175	0.604839
NA	/data/songy4/tes/output/weights_control//ENST00000476893.5.wgt.RDat	ENST00000476893.5	22	41781399	41799305	0.0232	rs1883828	-3.11	rs1883828	 2.11e-02	 -3.50	-3.1134	 3	 1	top1	0.021	0.00049	 3.1134	0.001849
NA	/data/songy4/tes/output/weights_control//ENST00000419229.1.wgt.RDat	ENST00000419229.1	22	35610970	35622524	0.0386	rs1540297	 2.02	rs133426	-5.86e-04	 -2.55	-1.0100	21	 6	lasso	9.9e-05	0.31	 0.9221	0.356484
NA	/data/songy4/tes/output/weights_control//ENST00000617303.4.wgt.RDat	ENST00000617303.4	22	20338805	20354372	0.0393	rs1153427	-2.22	rs1978058	-1.25e-03	  2.83	-1.2157	24	 1	top1	-0.0013	0.56	-1.2157	0.224104
NA	/data/songy4/tes/output/weights_control//ENST00000396082.2.wgt.RDat	ENST00000396082.2	22	45284991	45295822	0.1398	rs7284581	 2.50	rs2742621	 8.87e-02	 -7.07	 2.4854	36	 8	enet	0.09	1.4e-12	-1.3740	0.169456
NA	/data/songy4/tes/output/weights_control//ENST00000477836.2.wgt.RDat	ENST00000477836.2	22	23814991	23833587	0.0447	NA	   NA	NA	       NA	    NA	     NA	19	 0	top1	0.029	4.5e-05	     NA	      NA
NA	/data/songy4/tes/output/weights_control//ENST00000477824.5.wgt.RDat	ENST00000477824.5	22	20507612	20564466	0.0367	rs1153427	-2.22	rs165747	-1.69e-03	 -2.81	-0.8595	23	 2	lasso	-0.0016	0.7	-0.6570	0.511164
NA	/data/songy4/tes/output/weights_control//ENST00000326010.10.wgt.RDat	ENST00000326010.10	22	24495332	24528390	0.0424	rs2236626	-3.19	rs6004146	 3.31e-02	  4.36	 1.0870	 7	 1	top1	0.033	1.6e-05	 1.0870	0.277056
NA	/data/songy4/tes/output/weights_control//ENST00000663363.1.wgt.RDat	ENST00000663363.1	22	48474156	48489324	0.0487	NA	   NA	NA	       NA	    NA	     NA	 0	 0	enet	-0.00079	0.44	     NA	      NA
NA	/data/songy4/tes/output/weights_control//ENST00000477714.1.wgt.RDat	ENST00000477714.1	22	45310137	45328241	0.0966	rs7284581	 2.50	rs1135360	 4.42e-02	 -5.18	-1.3585	35	 1	top1	0.044	6.8e-07	 1.3585	0.174308
NA	/data/songy4/tes/output/weights_control//ENST00000426258.5.wgt.RDat	ENST00000426258.5	22	38057404	38070891	0.0466	rs229492	 2.13	rs3952	 5.35e-02	 -5.55	 0.8835	24	 1	top1	0.054	4.8e-08	-0.8835	0.376969
NA	/data/songy4/tes/output/weights_control//ENST00000426282.6.wgt.RDat	ENST00000426282.6	22	45133020	45163781	0.0499	rs7284581	 2.50	rs9614616	-1.27e-03	  3.20	 0.4146	53	 1	top1	-0.0013	0.56	 0.4146	0.678410
NA	/data/songy4/tes/output/weights_control//ENST00000667675.1.wgt.RDat	ENST00000667675.1	22	36766478	36769022	0.0664	rs1573708	-1.91	rs2009667	 7.04e-02	  6.21	-1.7864	37	 1	top1	0.07	3.8e-10	-1.7864	0.074033
NA	/data/songy4/tes/output/weights_control//ENST00000470655.5.wgt.RDat	ENST00000470655.5	22	37180167	37198301	0.0542	NA	   NA	NA	       NA	    NA	     NA	48	 0	lasso	0.022	4e-04	     NA	      NA
NA	/data/songy4/tes/output/weights_control//ENST00000583722.5.wgt.RDat	ENST00000583722.5	22	20340996	20352255	0.0376	rs1153427	-2.22	rs730669	-1.91e-03	 -2.89	-0.2330	24	 2	enet	0.00013	0.3	 0.7651	0.444221
NA	/data/songy4/tes/output/weights_control//ENST00000415709.5.wgt.RDat	ENST00000415709.5	22	25455712	25459681	0.0307	rs2236626	-3.19	rs13054678	 1.42e-02	 -3.18	 0.7810	26	 1	top1	0.014	0.0036	-0.7810	0.434831
NA	/data/songy4/tes/output/weights_control//ENST00000470202.1.wgt.RDat	ENST00000470202.1	22	20363625	20364317	0.0398	rs1153427	-2.22	rs730669	 2.12e-03	 -3.28	-0.2330	23	 1	top1	0.0021	0.15	 0.2330	0.815754
NA	/data/songy4/tes/output/weights_control//ENST00000470812.1.wgt.RDat	ENST00000470812.1	22	42030546	42032931	0.0300	rs1883828	-3.11	rs5751191	 2.02e-02	 -3.53	-0.9062	 3	 1	top1	0.02	0.00064	 0.9063	0.364804
NA	/data/songy4/tes/output/weights_control//ENST00000404532.5.wgt.RDat	ENST00000404532.5	22	24627252	24628975	0.0388	rs2236626	-3.19	rs140335	 2.03e-02	  3.73	 0.6389	 6	 6	enet	0.021	0.00055	-0.4019	0.687766
NA	/data/songy4/tes/output/weights_control//ENST00000664057.1.wgt.RDat	ENST00000664057.1	22	26860568	26881431	0.0535	rs1109081	-2.39	rs1109081	-8.77e-04	  3.40	-2.3852	45	 6	enet	0.016	0.0023	-0.5212	0.602195
NA	/data/songy4/tes/output/weights_control//ENST00000667851.1.wgt.RDat	ENST00000667851.1	22	49047491	49052549	0.1192	rs9628591	 3.17	rs6009142	 3.32e-02	 -4.65	-1.5652	58	 2	lasso	0.049	1.7e-07	 1.3799	0.167625
NA	/data/songy4/tes/output/weights_control//ENST00000470922.5.wgt.RDat	ENST00000470922.5	22	19175610	19178739	0.0452	rs9604969	-1.96	rs1061325	 1.39e-02	  3.28	 1.9043	14	 1	top1	0.014	0.0039	 1.9043	0.056877
NA	/data/songy4/tes/output/weights_control//ENST00000610191.1.wgt.RDat	ENST00000610191.1	22	50622754	50623326	0.0499	rs7284093	-1.71	rs140510	 4.55e-03	 -3.34	-0.0957	16	 9	enet	0.011	0.0082	-0.5680	0.570018
NA	/data/songy4/tes/output/weights_control//ENST00000468807.1.wgt.RDat	ENST00000468807.1	22	28629428	28679812	0.0351	rs5762338	 3.10	rs6005843	-1.26e-03	 -2.47	-1.7902	13	 9	enet	0.00012	0.3	 1.1773	0.239086
NA	/data/songy4/tes/output/weights_control//ENST00000331437.4.wgt.RDat	ENST00000331437.4	22	17116297	17121360	0.0386	rs5992600	 2.93	rs740422	 1.09e-02	 -4.98	-2.2719	14	 6	enet	0.013	0.0051	 2.1747	0.029649
NA	/data/songy4/tes/output/weights_control//ENST00000354451.6.wgt.RDat	ENST00000354451.6	22	25455718	25511628	0.0892	rs2236626	-3.19	rs577596	 5.87e-02	  5.66	 0.6161	26	11	enet	0.079	3e-11	 0.5050	0.613582
NA	/data/songy4/tes/output/weights_control//ENST00000331479.4.wgt.RDat	ENST00000331479.4	22	42079700	42084284	0.0345	rs1883828	-3.11	rs5751191	 3.61e-02	 -4.50	-0.9062	 3	 1	top1	0.036	6.8e-06	 0.9063	0.364804
NA	/data/songy4/tes/output/weights_control//ENST00000415388.5.wgt.RDat	ENST00000415388.5	22	24494107	24526668	0.0537	rs2236626	-3.19	rs6004146	 4.38e-02	  5.00	 1.0870	 7	 1	top1	0.044	7.6e-07	 1.0870	0.277056
NA	/data/songy4/tes/output/weights_control//ENST00000469601.1.wgt.RDat	ENST00000469601.1	22	20242597	20271747	0.0453	rs6005267	 1.63	rs1978058	-9.70e-04	  2.76	-1.2157	23	 3	lasso	0.0016	0.18	-1.3234	0.185719
NA	/data/songy4/tes/output/weights_control//ENST00000469819.5.wgt.RDat	ENST00000469819.5	22	38057407	38065226	0.0795	rs229492	 2.13	rs3952	 9.12e-02	 -7.04	 0.8835	24	 1	top1	0.091	9.1e-13	-0.8835	0.376969
NA	/data/songy4/tes/output/weights_control//ENST00000331163.11.wgt.RDat	ENST00000331163.11	22	39223359	39244982	0.0811	rs17753650	-1.34	rs5750761	-2.99e-04	 -3.25	 0.9643	13	12	enet	0.045	4.8e-07	-1.8709	0.061359
NA	/data/songy4/tes/output/weights_control//ENST00000623735.1.wgt.RDat	ENST00000623735.1	22	31933521	31945350	0.0551	rs761746	 2.08	rs4820932	 6.55e-03	  3.65	 1.0364	10	 5	enet	0.03	4.2e-05	 0.6156	0.538138
NA	/data/songy4/tes/output/weights_control//ENST00000609839.1.wgt.RDat	ENST00000609839.1	22	19023056	19023550	0.0406	rs9604969	-1.96	rs17743906	 3.89e-02	 -4.83	-0.1923	14	 1	top1	0.039	3.1e-06	 0.1923	0.847501
NA	/data/songy4/tes/output/weights_control//ENST00000609084.1.wgt.RDat	ENST00000609084.1	22	25459976	25461668	0.0381	rs2236626	-3.19	rs5752176	-3.59e-04	 -2.99	-0.4421	26	14	enet	0.009	0.017	-0.4356	0.663121
NA	/data/songy4/tes/output/weights_control//ENST00000473624.1.wgt.RDat	ENST00000473624.1	22	46361174	46365380	0.0613	rs9626891	-2.41	rs7285515	 5.11e-02	  5.48	 0.2517	26	 5	enet	0.053	5.7e-08	 0.1433	0.886040
NA	/data/songy4/tes/output/weights_control//ENST00000609284.2.wgt.RDat	ENST00000609284.2	22	45133706	45152623	0.0527	rs7284581	 2.50	rs13056283	-1.41e-03	  3.34	-1.3529	52	 1	top1	-0.0014	0.61	-1.3529	0.176074
NA	/data/songy4/tes/output/weights_control//ENST00000473028.5.wgt.RDat	ENST00000473028.5	22	20524287	20564624	0.0361	rs1153427	-2.22	rs165747	-1.83e-03	 -2.95	-0.8595	22	 3	enet	-0.00058	0.4	-1.3109	0.189908
NA	/data/songy4/tes/output/weights_control//ENST00000445867.1.wgt.RDat	ENST00000445867.1	22	45275599	45276085	0.0488	rs7284581	 2.50	rs6007414	 1.37e-03	  3.62	-1.3418	38	 4	enet	0.0031	0.1	-1.6102	0.107353
NA	/data/songy4/tes/output/weights_control//ENST00000608642.5.wgt.RDat	ENST00000608642.5	22	33162226	33384227	0.0551	rs3788504	-2.69	rs5994697	-8.80e-04	  3.29	 0.3333	57	 3	lasso	0.0023	0.14	-0.4239	0.671659
NA	/data/songy4/tes/output/weights_control//ENST00000474308.5.wgt.RDat	ENST00000474308.5	22	19875519	19941807	0.0555	rs9604969	-1.96	rs5992493	 5.74e-02	 -5.68	 1.2097	36	 1	top1	0.057	1.6e-08	-1.2097	0.226403
NA	/data/songy4/tes/output/weights_control//ENST00000446147.2.wgt.RDat	ENST00000446147.2	22	38574931	38575431	0.0558	rs1997644	 1.67	rs4821792	 5.58e-02	 -5.58	-0.4895	10	 1	top1	0.056	2.5e-08	 0.4895	0.624522
NA	/data/songy4/tes/output/weights_control//ENST00000356976.8.wgt.RDat	ENST00000356976.8	22	38057404	38075701	0.0554	rs229492	 2.13	rs3952	 6.29e-02	 -5.92	 0.8835	24	 1	top1	0.063	3.3e-09	-0.8835	0.376969
NA	/data/songy4/tes/output/weights_control//ENST00000328933.10.wgt.RDat	ENST00000328933.10	22	39349991	39385575	0.1306	rs4820357	 1.25	rs4820378	 3.56e-02	  5.26	-0.4225	13	11	enet	0.1	3e-14	-0.8381	0.401973
NA	/data/songy4/tes/output/weights_control//ENST00000328823.13.wgt.RDat	ENST00000328823.13	22	41998788	42028475	0.0631	rs1883828	-3.11	rs5751191	 5.44e-02	 -5.61	-0.9062	 3	 3	enet	0.061	5.5e-09	 2.1145	0.034475
NA	/data/songy4/tes/output/weights_control//ENST00000474001.1.wgt.RDat	ENST00000474001.1	22	29125197	29138642	0.0409	NA	   NA	NA	       NA	    NA	     NA	10	 0	top1	0.043	8.9e-07	     NA	      NA
NA	/data/songy4/tes/output/weights_control//ENST00000356087.8.wgt.RDat	ENST00000356087.8	22	43716671	43812305	0.0479	rs2071883	 1.75	rs2071883	 1.22e-02	 -4.31	 1.7548	27	 5	enet	0.029	5.3e-05	-0.9087	0.363495
NA	/data/songy4/tes/output/weights_control//ENST00000416411.1.wgt.RDat	ENST00000416411.1	22	49436224	49657457	0.0940	rs9628591	 3.17	rs4824056	 6.46e-02	  5.98	 0.3051	71	 1	top1	0.065	2e-09	 0.3051	0.760302
NA	/data/songy4/tes/output/weights_control//ENST00000609630.2.wgt.RDat	ENST00000609630.2	22	18989919	19020248	0.0307	rs9604969	-1.96	rs7292750	 3.51e-02	  4.45	-0.8333	14	 1	top1	0.035	9e-06	-0.8333	0.404657
NA	/data/songy4/tes/output/weights_control//ENST00000447416.5.wgt.RDat	ENST00000447416.5	22	24607621	24615125	0.0274	rs2236626	-3.19	rs140335	 1.57e-02	  3.43	 0.6389	 7	 1	top1	0.016	0.0023	 0.6389	0.522895
NA	/data/songy4/tes/output/weights_control//ENST00000416480.1.wgt.RDat	ENST00000416480.1	22	37571849	37582616	0.0727	rs229492	 2.13	rs12167035	 2.75e-02	  4.17	-0.3308	48	 1	top1	0.027	7.9e-05	-0.3308	0.740775
NA	/data/songy4/tes/output/weights_control//ENST00000471835.1.wgt.RDat	ENST00000471835.1	22	19911258	19915837	0.0513	rs9604969	-1.96	rs5992493	 6.47e-02	 -5.95	 1.2097	36	 1	top1	0.065	2e-09	-1.2097	0.226403
NA	/data/songy4/tes/output/weights_control//ENST00000468288.5.wgt.RDat	ENST00000468288.5	22	38057404	38070891	0.0571	rs229492	 2.13	rs3952	 6.37e-02	 -5.95	 0.8835	24	 1	top1	0.064	2.6e-09	-0.8835	0.376969
NA	/data/songy4/tes/output/weights_control//ENST00000416717.6.wgt.RDat	ENST00000416717.6	22	20602595	20626134	0.0436	rs1153427	-2.22	rs6005267	 1.40e-02	  3.27	 1.6311	22	 1	top1	0.014	0.0038	 1.6311	0.102876
NA	/data/songy4/tes/output/weights_control//ENST00000472724.5.wgt.RDat	ENST00000472724.5	22	38065113	38072007	0.0807	rs9306321	 2.02	rs3952	 8.42e-02	 -6.87	 0.8835	22	 1	top1	0.084	6.9e-12	-0.8835	0.376969
NA	/data/songy4/tes/output/weights_control//ENST00000609475.1.wgt.RDat	ENST00000609475.1	22	25476218	25479971	0.0434	rs2236626	-3.19	rs5752176	 5.98e-03	 -3.36	-0.4421	26	 5	enet	0.019	0.00089	 0.7303	0.465228
NA	/data/songy4/tes/output/weights_control//ENST00000329620.9.wgt.RDat	ENST00000329620.9	22	41998725	42032929	0.0573	rs1883828	-3.11	rs5751191	 4.99e-02	 -5.49	-0.9062	 3	 1	top1	0.05	1.3e-07	 0.9063	0.364804
NA	/data/songy4/tes/output/weights_control//ENST00000609510.1.wgt.RDat	ENST00000609510.1	22	23901432	23907068	0.0318	rs5759758	 2.63	rs738791	 9.15e-03	 -3.77	 0.4375	19	 7	enet	0.013	0.0056	-0.5514	0.581368
NA	/data/songy4/tes/output/weights_control//ENST00000609513.1.wgt.RDat	ENST00000609513.1	22	25518035	25520853	0.0584	rs6004338	-1.43	rs5752176	 8.36e-03	 -3.73	-0.4421	26	 8	enet	0.031	2.6e-05	 0.6049	0.545243
NA	/data/songy4/tes/output/weights_control//ENST00000472589.1.wgt.RDat	ENST00000472589.1	22	42554909	42555966	0.0809	rs4822100	 1.85	rs137138	 1.70e-02	 -4.09	-1.2804	15	 9	enet	0.045	5.3e-07	-0.4075	0.683660
NA	/data/songy4/tes/output/weights_control//ENST00000472575.5.wgt.RDat	ENST00000472575.5	22	20965177	20973619	0.1890	rs1153427	-2.22	rs178255	 1.47e-01	 -9.24	 0.4150	19	 4	lasso	0.17	1.5e-22	-0.0135	0.989215
NA	/data/songy4/tes/output/weights_control//ENST00000426113.5.wgt.RDat	ENST00000426113.5	22	20967248	20974096	0.1727	rs1153427	-2.22	rs178255	 1.28e-01	 -8.43	 0.4150	19	 6	enet	0.15	1.7e-20	 0.1741	0.861810
