PANEL	FILE	ID	CHR	P0	P1	HSQ	BEST.GWAS.ID	BEST.GWAS.Z	EQTL.ID	EQTL.R2	EQTL.Z	EQTL.GWAS.Z	NSNP	NWGT	MODEL	MODELCV.R2	MODELCV.PV	TWAS.Z	TWAS.P
NA	/data/songy4/tes/output/weights_control//ENST00000556338.5.wgt.RDat	ENST00000556338.5	14	100354445	100375612	0.0536	rs2757526	-2.96	rs1191104	 2.91e-03	  3.40	-1.32990	 9	 6	enet	0.016	0.0023	-1.47955	1.39e-01
NA	/data/songy4/tes/output/weights_control//ENST00000556332.1.wgt.RDat	ENST00000556332.1	14	103553421	103561877	0.0757	rs10138062	 3.25	rs3759579	 7.26e-02	 -6.40	 1.74757	12	 1	top1	0.073	2e-10	-1.74757	8.05e-02
NA	/data/songy4/tes/output/weights_control//ENST00000555720.5.wgt.RDat	ENST00000555720.5	14	50632058	50665509	0.0371	rs11625706	 1.71	rs3126174	 9.42e-03	 -3.24	-0.37419	14	 5	enet	0.011	0.0081	-0.46891	6.39e-01
NA	/data/songy4/tes/output/weights_control//ENST00000555865.5.wgt.RDat	ENST00000555865.5	14	100476474	100530007	0.0508	rs2757526	-2.96	rs7157731	 2.88e-02	  4.11	-0.78571	10	 1	top1	0.029	5.4e-05	-0.78571	4.32e-01
NA	/data/songy4/tes/output/weights_control//ENST00000556154.5.wgt.RDat	ENST00000556154.5	14	91870043	91947074	0.0919	rs8004687	 2.06	rs2498852	 3.07e-02	  4.15	 1.26596	23	12	enet	0.06	7.6e-09	 0.06058	9.52e-01
NA	/data/songy4/tes/output/weights_control//ENST00000555848.1.wgt.RDat	ENST00000555848.1	14	100140293	100144235	0.0389	rs2614461	-2.12	rs878078	 7.43e-03	  3.48	-0.97059	13	 6	enet	0.024	0.00019	-1.47966	1.39e-01
NA	/data/songy4/tes/output/weights_control//ENST00000637716.1.wgt.RDat	ENST00000637716.1	14	100537149	100577952	0.1008	rs2757526	-2.96	rs7152089	 6.61e-02	 -6.09	-1.19608	10	 9	enet	0.076	7.7e-11	 0.37232	7.10e-01
NA	/data/songy4/tes/output/weights_control//ENST00000555698.5.wgt.RDat	ENST00000555698.5	14	20801394	20802848	0.0523	rs1760945	 3.32	rs11156664	 1.16e-02	  3.40	-0.40594	45	 1	top1	0.012	0.0077	-0.40594	6.85e-01
NA	/data/songy4/tes/output/weights_control//ENST00000555999.1.wgt.RDat	ENST00000555999.1	14	100138568	100141229	0.0481	rs2614461	-2.12	rs1191104	 7.02e-03	  3.53	-1.32990	13	 5	enet	0.03	4.1e-05	-1.51031	1.31e-01
NA	/data/songy4/tes/output/weights_control//ENST00000556372.2.wgt.RDat	ENST00000556372.2	14	76195908	76254342	0.0572	rs8008940	 1.69	rs2005292	 7.21e-03	 -3.58	 0.20536	37	14	enet	0.02	6e-04	 0.79523	4.26e-01
NA	/data/songy4/tes/output/weights_control//ENST00000555972.2.wgt.RDat	ENST00000555972.2	14	73522878	73530610	0.0764	rs8005548	 2.28	rs10220356	 2.45e-02	 -3.94	-1.88776	25	10	enet	0.036	7.4e-06	 1.66208	9.65e-02
NA	/data/songy4/tes/output/weights_control//ENST00000555992.1.wgt.RDat	ENST00000555992.1	14	72958715	72959375	0.0585	rs8005548	 2.28	rs17182027	 2.99e-02	  4.98	-1.70103	34	 7	enet	0.031	2.6e-05	-0.62200	5.34e-01
NA	/data/songy4/tes/output/weights_control//ENST00000556385.5.wgt.RDat	ENST00000556385.5	14	92555840	92616028	0.0499	rs10137770	-3.04	rs4904946	 2.61e-02	  4.15	 0.42384	27	 1	top1	0.026	0.00012	 0.42384	6.72e-01
NA	/data/songy4/tes/output/weights_control//ENST00000555851.6.wgt.RDat	ENST00000555851.6	14	88608112	88611883	0.0368	rs979812	-6.56	rs7154539	 1.44e-03	  3.02	 2.68182	17	 5	enet	0.014	0.0041	 0.87037	3.84e-01
NA	/data/songy4/tes/output/weights_control//ENST00000555964.5.wgt.RDat	ENST00000555964.5	14	103707103	103715484	0.0302	rs10138062	 3.25	rs3759579	 1.09e-02	  3.39	 1.74757	11	 2	lasso	0.021	0.00051	 1.31493	1.89e-01
NA	/data/songy4/tes/output/weights_control//ENST00000555949.2.wgt.RDat	ENST00000555949.2	14	100298019	100306532	0.1645	rs2757526	-2.96	rs878078	 6.76e-02	  7.14	-0.97059	11	 6	enet	0.18	6.4e-24	-1.44798	1.48e-01
NA	/data/songy4/tes/output/weights_control//ENST00000555703.4.wgt.RDat	ENST00000555703.4	14	51717255	51725795	0.0525	rs10143554	 2.74	rs41334646	-1.91e-03	 -2.71	-0.50901	35	18	enet	0.00016	0.3	-0.98629	3.24e-01
NA	/data/songy4/tes/output/weights_control//ENST00000659330.1.wgt.RDat	ENST00000659330.1	14	88036880	88097053	0.0218	rs979812	-6.56	rs979812	 2.53e-02	  3.99	-6.55914	 7	 1	top1	0.025	0.00015	-6.55914	5.41e-11
NA	/data/songy4/tes/output/weights_control//ENST00000556188.5.wgt.RDat	ENST00000556188.5	14	100538888	100569558	0.1856	rs2757526	-2.96	rs7152089	 1.52e-01	 -9.00	-1.19608	10	 4	lasso	0.17	1.4e-23	 0.84851	3.96e-01
NA	/data/songy4/tes/output/weights_control//ENST00000556201.1.wgt.RDat	ENST00000556201.1	14	100304915	100305809	0.1112	rs2757526	-2.96	rs878078	 1.98e-02	  5.64	-0.97059	11	 7	enet	0.11	1.1e-14	-1.93066	5.35e-02
NA	/data/songy4/tes/output/weights_control//ENST00000556212.1.wgt.RDat	ENST00000556212.1	14	100339832	100340554	0.0311	NA	   NA	NA	       NA	    NA	      NA	 0	 0	enet	0.014	0.0044	      NA	      NA
NA	/data/songy4/tes/output/weights_control//ENST00000556209.5.wgt.RDat	ENST00000556209.5	14	100361810	100376285	0.0721	rs2757526	-2.96	rs1191104	 1.45e-02	  3.58	-1.32990	 9	 6	enet	0.03	3.7e-05	-1.39912	1.62e-01
NA	/data/songy4/tes/output/weights_control//ENST00000556098.1.wgt.RDat	ENST00000556098.1	14	92926101	92927589	0.0492	rs10137770	-3.45	rs2025074	 1.70e-02	  3.26	-0.50833	28	 1	top1	0.017	0.0016	-0.50833	6.11e-01
NA	/data/songy4/tes/output/weights_control//ENST00000555888.1.wgt.RDat	ENST00000555888.1	14	100298645	100299529	0.0916	rs2757526	-2.96	rs3825555	 9.25e-03	  5.12	 1.69643	11	 7	enet	0.089	1.7e-12	-1.42343	1.55e-01
NA	/data/songy4/tes/output/weights_control//ENST00000637646.1.wgt.RDat	ENST00000637646.1	14	100537147	100568141	0.1258	rs2757526	-2.96	rs7152089	 9.56e-02	 -7.22	-1.19608	10	 8	enet	0.1	6.4e-14	 0.61807	5.37e-01
NA	/data/songy4/tes/output/weights_control//ENST00000556194.2.wgt.RDat	ENST00000556194.2	14	73787360	73803300	0.0799	rs10220356	-1.89	rs12717560	 4.07e-02	  4.99	-0.55752	11	 2	lasso	0.064	2.1e-09	-0.87635	3.81e-01
NA	/data/songy4/tes/output/weights_control//ENST00000556048.5.wgt.RDat	ENST00000556048.5	14	77800117	77887249	0.0547	rs8021076	 3.89	rs10140793	 1.42e-03	 -2.89	 0.29358	22	10	enet	0.013	0.005	-0.88940	3.74e-01
NA	/data/songy4/tes/output/weights_control//ENST00000555922.1.wgt.RDat	ENST00000555922.1	14	34040097	34059300	0.0496	rs7142406	-2.02	rs10138742	-1.48e-03	  3.09	-1.26852	63	12	enet	0.0022	0.14	-1.42298	1.55e-01
NA	/data/songy4/tes/output/weights_control//ENST00000555813.5.wgt.RDat	ENST00000555813.5	14	100361831	100375344	0.0661	rs2757526	-2.96	rs1191104	 1.43e-02	  3.56	-1.32990	 9	 6	enet	0.025	0.00018	-1.43771	1.51e-01
NA	/data/songy4/tes/output/weights_control//ENST00000556295.5.wgt.RDat	ENST00000556295.5	14	100361847	100375467	0.0768	rs2757526	-2.96	rs1191104	 4.15e-03	  3.37	-1.32990	 9	 7	enet	0.036	6.3e-06	-1.24543	2.13e-01
NA	/data/songy4/tes/output/weights_control//ENST00000555835.3.wgt.RDat	ENST00000555835.3	14	20684560	20701216	0.1155	rs1760945	 3.32	rs944438	 4.93e-02	 -6.26	-0.76033	39	11	enet	0.1	2.5e-14	 1.43763	1.51e-01
NA	/data/songy4/tes/output/weights_control//ENST00000555927.5.wgt.RDat	ENST00000555927.5	14	100292230	100295861	0.1453	rs2757526	-2.96	rs878078	 4.27e-02	  6.17	-0.97059	11	10	enet	0.16	7.8e-22	-1.74816	8.04e-02
NA	/data/songy4/tes/output/weights_control//ENST00000555909.5.wgt.RDat	ENST00000555909.5	14	75259411	75271861	0.0318	rs2268613	-4.16	rs6574213	 1.09e-02	  3.12	-0.62727	12	 2	lasso	0.023	0.00031	-0.49690	6.19e-01
NA	/data/songy4/tes/output/weights_control//ENST00000556258.1.wgt.RDat	ENST00000556258.1	14	100141180	100142235	0.0464	rs2614461	-2.12	rs1191104	 1.07e-02	  3.79	-1.32990	13	 6	enet	0.028	6.5e-05	-1.47360	1.41e-01
NA	/data/songy4/tes/output/weights_control//ENST00000555775.5.wgt.RDat	ENST00000555775.5	14	100376418	100529855	0.0616	rs2757526	-2.96	rs7157731	 1.22e-02	  4.35	-0.78571	11	 6	enet	0.027	8.2e-05	-1.65602	9.77e-02
NA	/data/songy4/tes/output/weights_control//ENST00000554658.5.wgt.RDat	ENST00000554658.5	14	77098312	77113522	0.0652	rs1676241	-2.03	rs4021419	-1.58e-03	  3.09	-0.97030	34	11	enet	0.0074	0.027	-0.40355	6.87e-01
NA	/data/songy4/tes/output/weights_control//ENST00000554671.5.wgt.RDat	ENST00000554671.5	14	49643564	49647360	0.0273	rs1530947	 2.06	rs2816762	 1.50e-02	 -3.14	-2.01869	 9	 1	top1	0.015	0.0029	 2.01869	4.35e-02
NA	/data/songy4/tes/output/weights_control//ENST00000554695.5.wgt.RDat	ENST00000554695.5	14	100128587	100144218	0.0425	rs2614461	-2.12	rs1191104	 7.17e-03	  3.52	-1.32990	13	 7	enet	0.025	0.00017	-1.67046	9.48e-02
NA	/data/songy4/tes/output/weights_control//ENST00000554601.1.wgt.RDat	ENST00000554601.1	14	100342050	100346829	0.0535	rs2757526	-2.96	rs1191104	 4.34e-03	  3.45	-1.32990	10	 8	enet	0.011	0.0097	-1.27333	2.03e-01
NA	/data/songy4/tes/output/weights_control//ENST00000554605.5.wgt.RDat	ENST00000554605.5	14	100361817	100376309	0.0715	rs2757526	-2.96	rs1191104	 1.46e-02	  3.56	-1.32990	 9	 6	enet	0.03	3.9e-05	-1.38940	1.65e-01
NA	/data/songy4/tes/output/weights_control//ENST00000554730.1.wgt.RDat	ENST00000554730.1	14	22764385	22766530	0.0884	rs226998	 3.56	rs11568422	 8.98e-03	  3.83	-1.21053	55	21	enet	0.037	4.8e-06	-1.78954	7.35e-02
NA	/data/songy4/tes/output/weights_control//ENST00000554912.1.wgt.RDat	ENST00000554912.1	14	100291116	100296545	0.1322	rs2757526	-2.96	rs878078	 3.06e-02	  6.00	-0.97059	11	 7	enet	0.14	1.8e-19	-1.46961	1.42e-01
NA	/data/songy4/tes/output/weights_control//ENST00000554900.1.wgt.RDat	ENST00000554900.1	14	74911353	74922394	0.0352	rs2268613	-4.16	rs10483863	 2.00e-02	  3.61	-0.05376	 8	 4	enet	0.027	9.1e-05	-0.04693	9.63e-01
NA	/data/songy4/tes/output/weights_control//ENST00000554766.5.wgt.RDat	ENST00000554766.5	14	77181623	77231730	0.1062	rs8021076	 3.89	rs11627633	 3.99e-02	  5.00	 0.52294	43	10	enet	0.052	7.5e-08	 1.00267	3.16e-01
NA	/data/songy4/tes/output/weights_control//ENST00000554772.5.wgt.RDat	ENST00000554772.5	14	100360603	100376307	0.0584	rs2757526	-2.96	rs1191104	 1.23e-02	  3.43	-1.32990	 9	 6	enet	0.02	0.00065	-1.47113	1.41e-01
NA	/data/songy4/tes/output/weights_control//ENST00000554752.6.wgt.RDat	ENST00000554752.6	14	70722526	70809171	0.0454	rs8016522	-1.65	rs7144786	 4.88e-02	  5.22	 0.80000	22	 1	top1	0.049	1.9e-07	 0.80000	4.24e-01
NA	/data/songy4/tes/output/weights_control//ENST00000554747.1.wgt.RDat	ENST00000554747.1	14	100546022	100569086	0.1343	rs2757526	-2.96	rs7152089	 1.08e-01	 -7.63	-1.19608	10	 7	enet	0.12	1.3e-16	 0.70876	4.78e-01
NA	/data/songy4/tes/output/weights_control//ENST00000554820.5.wgt.RDat	ENST00000554820.5	14	100361763	100375475	0.0669	rs2757526	-2.96	rs1191104	 1.41e-02	  3.55	-1.32990	 9	 6	enet	0.025	0.00017	-1.38975	1.65e-01
NA	/data/songy4/tes/output/weights_control//ENST00000554782.1.wgt.RDat	ENST00000554782.1	14	72459669	72562754	0.0305	rs8005548	 2.28	rs2238247	-1.90e-03	  2.71	-0.39516	22	12	enet	0.0039	0.081	-0.82434	4.10e-01
NA	/data/songy4/tes/output/weights_control//ENST00000554286.1.wgt.RDat	ENST00000554286.1	14	20693480	20707120	0.0889	rs1760945	 3.32	rs944438	 6.57e-02	 -6.03	-0.76033	41	10	enet	0.068	7.1e-10	 1.05257	2.93e-01
NA	/data/songy4/tes/output/weights_control//ENST00000554291.5.wgt.RDat	ENST00000554291.5	14	100292608	100294199	0.1396	rs2757526	-2.96	rs878078	 4.52e-02	  6.11	-0.97059	11	 8	enet	0.15	5.1e-21	-1.71713	8.60e-02
NA	/data/songy4/tes/output/weights_control//ENST00000554270.5.wgt.RDat	ENST00000554270.5	14	88467955	88550530	0.0360	rs979812	-6.56	rs12884581	 2.62e-02	  4.14	 0.63303	20	 1	top1	0.026	0.00011	 0.63303	5.27e-01
NA	/data/songy4/tes/output/weights_control//ENST00000554273.1.wgt.RDat	ENST00000554273.1	14	50504799	50532655	0.0466	rs11625706	 1.71	rs3126174	-1.70e-03	 -3.10	-0.37419	15	 6	enet	0.011	0.01	-0.49122	6.23e-01
NA	/data/songy4/tes/output/weights_control//ENST00000554274.1.wgt.RDat	ENST00000554274.1	14	100543942	100545329	0.1031	rs2757526	-2.96	rs7152089	 8.75e-02	 -6.89	-1.19608	10	 3	lasso	0.09	1.2e-12	 0.62736	5.30e-01
NA	/data/songy4/tes/output/weights_control//ENST00000554331.5.wgt.RDat	ENST00000554331.5	14	100354302	100376330	0.0519	rs2757526	-2.96	rs1191104	 1.14e-02	  3.37	-1.32990	 9	 6	enet	0.013	0.0053	-1.52352	1.28e-01
NA	/data/songy4/tes/output/weights_control//ENST00000554300.1.wgt.RDat	ENST00000554300.1	14	72540062	72562837	0.0314	rs8005548	 2.28	rs4899426	 4.82e-05	  3.21	 0.47000	22	 7	enet	0.015	0.0028	-0.38336	7.01e-01
NA	/data/songy4/tes/output/weights_control//ENST00000554346.5.wgt.RDat	ENST00000554346.5	14	77181827	77218963	0.1223	rs1676241	-2.03	rs17812556	 6.35e-02	 -5.89	-1.44961	42	10	enet	0.079	3.2e-11	 1.02700	3.04e-01
NA	/data/songy4/tes/output/weights_control//ENST00000554204.6.wgt.RDat	ENST00000554204.6	14	50312329	50326226	0.0451	rs1530947	 2.06	rs3126174	 7.62e-03	 -3.33	-0.37419	16	 6	enet	0.015	0.0032	 0.35856	7.20e-01
NA	/data/songy4/tes/output/weights_control//ENST00000554170.1.wgt.RDat	ENST00000554170.1	14	103708579	103714213	0.0283	rs10138062	 3.25	rs3759579	 1.16e-03	  2.74	 1.74757	11	 4	lasso	0.015	0.0025	 0.97514	3.29e-01
NA	/data/songy4/tes/output/weights_control//ENST00000554175.5.wgt.RDat	ENST00000554175.5	14	100376541	100455512	0.0519	rs2757526	-2.96	rs7157731	 3.42e-02	  4.41	-0.78571	10	 1	top1	0.034	1.2e-05	-0.78571	4.32e-01
NA	/data/songy4/tes/output/weights_control//ENST00000554224.5.wgt.RDat	ENST00000554224.5	14	100292458	100306547	0.1604	rs2757526	-2.96	rs878078	 5.65e-02	  6.72	-0.97059	11	 9	enet	0.18	3e-24	-1.71315	8.67e-02
NA	/data/songy4/tes/output/weights_control//ENST00000554225.1.wgt.RDat	ENST00000554225.1	14	76235817	76263474	0.0495	rs8008940	 1.69	rs17104278	 9.65e-04	  2.93	-0.40789	34	11	enet	0.0054	0.051	-0.13422	8.93e-01
NA	/data/songy4/tes/output/weights_control//ENST00000554474.5.wgt.RDat	ENST00000554474.5	14	71933145	72562864	0.0307	rs8005548	 2.28	rs1205060	-2.94e-04	  2.77	 0.19000	23	 5	enet	0.0029	0.11	-0.90693	3.64e-01
NA	/data/songy4/tes/output/weights_control//ENST00000554438.6.wgt.RDat	ENST00000554438.6	14	50312324	50327957	0.0456	rs1530947	 2.06	rs3126174	 1.09e-02	 -3.46	-0.37419	16	 7	enet	0.018	0.001	 0.38537	7.00e-01
NA	/data/songy4/tes/output/weights_control//ENST00000554447.5.wgt.RDat	ENST00000554447.5	14	77099113	77113572	0.0548	rs1676241	-2.03	rs4021419	-5.21e-04	  3.14	-0.97030	34	12	enet	0.0056	0.047	-0.46684	6.41e-01
NA	/data/songy4/tes/output/weights_control//ENST00000554509.5.wgt.RDat	ENST00000554509.5	14	100361807	100375347	0.0827	rs2757526	-2.96	rs1191104	 1.96e-02	  3.82	-1.32990	 9	 7	enet	0.04	2e-06	-1.46898	1.42e-01
NA	/data/songy4/tes/output/weights_control//ENST00000554518.1.wgt.RDat	ENST00000554518.1	14	100135771	100137999	0.0376	rs2614461	-2.12	rs1191104	 9.12e-03	  3.53	-1.32990	13	 6	enet	0.018	0.0012	-1.44855	1.47e-01
NA	/data/songy4/tes/output/weights_control//ENST00000554492.5.wgt.RDat	ENST00000554492.5	14	100376500	100525895	0.0636	rs2757526	-2.96	rs7157731	 8.70e-03	  4.06	-0.78571	10	 4	enet	0.013	0.0057	-1.12885	2.59e-01
NA	/data/songy4/tes/output/weights_control//ENST00000554371.1.wgt.RDat	ENST00000554371.1	14	100238298	100239346	0.0276	rs2757526	-2.96	rs1191104	 3.82e-03	  3.28	-1.32990	10	 2	lasso	0.0074	0.027	-1.64886	9.92e-02
NA	/data/songy4/tes/output/weights_control//ENST00000554356.5.wgt.RDat	ENST00000554356.5	14	100539035	100548098	0.2418	rs2757526	-2.96	rs7152089	 2.10e-01	-10.54	-1.19608	10	 2	lasso	0.23	2.7e-31	 0.93293	3.51e-01
NA	/data/songy4/tes/output/weights_control//ENST00000555428.1.wgt.RDat	ENST00000555428.1	14	100291117	100291950	0.1362	rs2757526	-2.96	rs878078	 4.91e-02	  6.35	-0.97059	11	 7	enet	0.15	8e-20	-1.77701	7.56e-02
NA	/data/songy4/tes/output/weights_control//ENST00000555437.5.wgt.RDat	ENST00000555437.5	14	77098126	77113566	0.0618	rs1676241	-2.03	rs2041960	 4.02e-03	 -3.56	 1.03922	34	 3	lasso	0.011	0.009	-1.23422	2.17e-01
NA	/data/songy4/tes/output/weights_control//ENST00000555403.1.wgt.RDat	ENST00000555403.1	14	50326526	50327909	0.0398	rs1530947	 2.06	rs3126174	 6.07e-03	 -3.29	-0.37419	16	 3	lasso	0.012	0.0064	 0.23976	8.11e-01
NA	/data/songy4/tes/output/weights_control//ENST00000555410.5.wgt.RDat	ENST00000555410.5	14	100354560	100375355	0.0688	rs2757526	-2.96	rs1191104	 1.58e-02	  3.60	-1.32990	 9	 7	enet	0.034	1.3e-05	-1.53883	1.24e-01
NA	/data/songy4/tes/output/weights_control//ENST00000555475.1.wgt.RDat	ENST00000555475.1	14	100293587	100294388	0.0799	rs2757526	-2.96	rs11557208	 1.29e-02	  4.89	-1.07692	11	10	enet	0.074	1.5e-10	-1.70101	8.89e-02
NA	/data/songy4/tes/output/weights_control//ENST00000555482.1.wgt.RDat	ENST00000555482.1	14	95199039	95199345	0.0519	rs1057035	-4.90	rs1187628	 1.28e-02	 -3.65	 1.88235	56	 1	top1	0.013	0.0055	-1.88235	5.98e-02
NA	/data/songy4/tes/output/weights_control//ENST00000555464.1.wgt.RDat	ENST00000555464.1	14	100370379	100375547	0.1052	rs2757526	-2.96	rs878078	-7.28e-04	  3.39	-0.97059	 9	 8	enet	0.062	4e-09	-0.89977	3.68e-01
NA	/data/songy4/tes/output/weights_control//ENST00000555338.5.wgt.RDat	ENST00000555338.5	14	77175850	77219501	0.1037	rs8021076	 3.89	rs17812556	 5.96e-02	 -5.79	-1.44961	43	 3	lasso	0.065	1.8e-09	 1.28104	2.00e-01
NA	/data/songy4/tes/output/weights_control//ENST00000555333.1.wgt.RDat	ENST00000555333.1	14	77902385	77924575	0.0599	rs8021076	 3.89	rs10140793	 3.16e-02	 -4.37	 0.29358	20	 1	top1	0.032	2.5e-05	-0.29358	7.69e-01
NA	/data/songy4/tes/output/weights_control//ENST00000555597.1.wgt.RDat	ENST00000555597.1	14	20688782	20700602	0.0983	rs1760945	 3.32	rs944438	 4.51e-02	 -5.76	-0.76033	39	 4	lasso	0.083	9.8e-12	 1.45917	1.45e-01
NA	/data/songy4/tes/output/weights_control//ENST00000555606.5.wgt.RDat	ENST00000555606.5	14	100138812	100144232	0.0490	rs2614461	-2.12	rs878078	 9.40e-03	  3.75	-0.97059	13	 6	enet	0.031	2.5e-05	-1.51400	1.30e-01
NA	/data/songy4/tes/output/weights_control//ENST00000555611.5.wgt.RDat	ENST00000555611.5	14	77098282	77113545	0.0616	rs1676241	-2.03	rs4021419	-9.63e-04	  3.34	-0.97030	34	11	enet	0.0054	0.051	-0.36053	7.18e-01
NA	/data/songy4/tes/output/weights_control//ENST00000555588.5.wgt.RDat	ENST00000555588.5	14	77175856	77213630	0.0758	rs1676241	-2.03	rs11627633	 1.67e-02	  3.98	 0.52294	40	18	enet	0.047	3.1e-07	-0.11900	9.05e-01
NA	/data/songy4/tes/output/weights_control//ENST00000555512.1.wgt.RDat	ENST00000555512.1	14	77070663	77076344	0.0607	rs1676241	-2.03	rs4903539	 5.09e-02	 -5.41	-0.34375	36	 1	top1	0.051	1e-07	 0.34375	7.31e-01
NA	/data/songy4/tes/output/weights_control//ENST00000555567.6.wgt.RDat	ENST00000555567.6	14	74941834	74955597	0.0509	rs2268613	-4.16	rs2268613	 4.43e-02	  5.09	-4.15873	 8	 1	top1	0.044	6.6e-07	-4.15873	3.20e-05
NA	/data/songy4/tes/output/weights_control//ENST00000555581.1.wgt.RDat	ENST00000555581.1	14	71848606	71908430	0.0251	rs36560	-1.96	rs36457	-3.79e-04	  2.78	 1.03125	 8	 4	enet	8.3e-05	0.31	 0.07049	9.44e-01
NA	/data/songy4/tes/output/weights_control//ENST00000555042.5.wgt.RDat	ENST00000555042.5	14	72926487	72959644	0.0726	rs8005548	 2.28	rs17182027	 6.49e-02	  6.06	-1.70103	34	 1	top1	0.065	1.8e-09	-1.70103	8.89e-02
NA	/data/songy4/tes/output/weights_control//ENST00000555051.5.wgt.RDat	ENST00000555051.5	14	100295897	100299244	0.1146	rs2757526	-2.96	rs878078	 1.48e-02	  5.46	-0.97059	11	 6	enet	0.12	4.1e-16	-1.70462	8.83e-02
NA	/data/songy4/tes/output/weights_control//ENST00000555031.5.wgt.RDat	ENST00000555031.5	14	100361856	100375593	0.0748	rs2757526	-2.96	rs1191104	 1.48e-02	  3.59	-1.32990	 9	 6	enet	0.032	2e-05	-1.31134	1.90e-01
NA	/data/songy4/tes/output/weights_control//ENST00000636229.1.wgt.RDat	ENST00000636229.1	14	66486371	66498553	0.0275	rs10131880	-2.01	rs10150616	 1.38e-02	  3.22	 1.46847	12	 1	top1	0.014	0.004	 1.46847	1.42e-01
NA	/data/songy4/tes/output/weights_control//ENST00000555063.5.wgt.RDat	ENST00000555063.5	14	100354401	100376343	0.0495	rs2757526	-2.96	rs1191104	 1.15e-02	  3.41	-1.32990	 9	 1	top1	0.011	0.0079	-1.32990	1.84e-01
NA	/data/songy4/tes/output/weights_control//ENST00000554951.5.wgt.RDat	ENST00000554951.5	14	50321319	50325677	0.0410	rs1530947	 2.06	rs3126174	 2.98e-03	 -2.90	-0.37419	16	 9	enet	0.013	0.0046	 0.22108	8.25e-01
NA	/data/songy4/tes/output/weights_control//ENST00000554950.1.wgt.RDat	ENST00000554950.1	14	100334927	100354423	0.0500	rs2757526	-2.96	rs1191104	 2.37e-03	  3.31	-1.32990	10	 7	enet	0.007	0.03	-1.31489	1.89e-01
NA	/data/songy4/tes/output/weights_control//ENST00000554925.5.wgt.RDat	ENST00000554925.5	14	92443365	92493922	0.0427	rs10137770	-3.14	rs4904946	 1.05e-02	  4.22	 0.42384	22	 4	enet	0.023	0.00025	-0.05221	9.58e-01
NA	/data/songy4/tes/output/weights_control//ENST00000554998.5.wgt.RDat	ENST00000554998.5	14	100376433	100530271	0.0516	rs2757526	-2.96	rs7157731	 9.79e-05	  3.44	-0.78571	11	 7	enet	0.016	0.0023	-2.27924	2.27e-02
NA	/data/songy4/tes/output/weights_control//ENST00000555004.2.wgt.RDat	ENST00000555004.2	14	96039324	96093889	0.0797	rs1057035	-4.90	rs1058102	 2.84e-02	  4.05	 0.52381	50	14	enet	0.053	6.1e-08	 1.84025	6.57e-02
NA	/data/songy4/tes/output/weights_control//ENST00000554990.5.wgt.RDat	ENST00000554990.5	14	50418501	50450600	0.0410	rs1530947	 2.06	rs3126174	 3.09e-03	 -3.11	-0.37419	16	 9	enet	0.012	0.0062	-0.82457	4.10e-01
NA	/data/songy4/tes/output/weights_control//ENST00000555253.1.wgt.RDat	ENST00000555253.1	14	74944564	74948215	0.0401	rs2268613	-4.16	rs2268613	 4.17e-02	  4.83	-4.15873	 8	 1	top1	0.042	1.4e-06	-4.15873	3.20e-05
NA	/data/songy4/tes/output/weights_control//ENST00000555212.1.wgt.RDat	ENST00000555212.1	14	100263781	100265405	0.0387	rs2757526	-2.96	rs1191104	 2.45e-02	  4.15	-1.32990	12	 1	top1	0.024	0.00019	-1.32990	1.84e-01
NA	/data/songy4/tes/output/weights_control//ENST00000555216.5.wgt.RDat	ENST00000555216.5	14	50475092	50561126	0.0465	rs11625706	 1.71	rs3126174	 1.01e-03	 -2.91	-0.37419	15	 4	lasso	0.0094	0.015	-0.52137	6.02e-01
NA	/data/songy4/tes/output/weights_control//ENST00000555217.1.wgt.RDat	ENST00000555217.1	14	77923232	77935012	0.0459	rs8021076	 3.89	rs7157912	 1.92e-03	  2.92	 0.29221	19	 9	enet	0.0045	0.067	 0.25861	7.96e-01
NA	/data/songy4/tes/output/weights_control//ENST00000555231.5.wgt.RDat	ENST00000555231.5	14	103708429	103715459	0.0288	rs10138062	 3.25	rs3759579	 9.29e-03	  3.45	 1.74757	11	 2	lasso	0.022	0.00043	 1.29151	1.97e-01
NA	/data/songy4/tes/output/weights_control//ENST00000555302.1.wgt.RDat	ENST00000555302.1	14	91866275	91867536	0.0664	rs8004687	 2.06	rs7155616	 4.45e-02	 -5.05	-1.38889	19	 1	top1	0.044	6.3e-07	 1.38889	1.65e-01
NA	/data/songy4/tes/output/weights_control//ENST00000555304.1.wgt.RDat	ENST00000555304.1	14	72960595	72961993	0.0667	rs8005548	 2.28	rs17182027	 2.44e-02	  4.00	-1.70103	34	 1	top1	0.024	0.00019	-1.70103	8.89e-02
NA	/data/songy4/tes/output/weights_control//ENST00000555257.1.wgt.RDat	ENST00000555257.1	14	50448807	50456742	0.0436	rs1530947	 2.06	rs3126174	 8.75e-03	 -3.58	-0.37419	16	 6	enet	0.022	0.00041	-0.63627	5.25e-01
NA	/data/songy4/tes/output/weights_control//ENST00000555200.1.wgt.RDat	ENST00000555200.1	14	77099176	77113542	0.0580	rs1676241	-2.03	rs4021419	-1.90e-03	  2.90	-0.97030	34	13	enet	0.0063	0.037	-0.31732	7.51e-01
NA	/data/songy4/tes/output/weights_control//ENST00000559613.1.wgt.RDat	ENST00000559613.1	14	24145741	24146629	0.1249	rs12889516	-2.40	rs2277481	 1.29e-01	 -8.36	-0.45455	27	 1	top1	0.13	1.3e-17	 0.45455	6.49e-01
NA	/data/songy4/tes/output/weights_control//ENST00000659224.1.wgt.RDat	ENST00000659224.1	14	68731234	68736678	0.0563	rs194772	-2.40	rs7153386	 1.15e-02	 -3.48	-0.14839	29	 1	top1	0.011	0.0079	 0.14839	8.82e-01
NA	/data/songy4/tes/output/weights_control//ENST00000559493.5.wgt.RDat	ENST00000559493.5	14	24144800	24146578	0.0516	rs12889516	-2.40	rs2277481	 6.24e-02	 -5.95	-0.45455	27	 1	top1	0.062	3.8e-09	 0.45455	6.49e-01
NA	/data/songy4/tes/output/weights_control//ENST00000642896.1.wgt.RDat	ENST00000642896.1	14	92044798	92049762	0.1081	rs8004687	 2.06	rs2498852	 9.20e-02	  7.22	 1.26596	23	 1	top1	0.092	7e-13	 1.26596	2.06e-01
NA	/data/songy4/tes/output/weights_control//ENST00000641812.1.wgt.RDat	ENST00000641812.1	14	66486289	66498677	0.0299	rs10131880	-2.01	rs10150616	-1.19e-03	  3.22	 1.46847	12	 7	enet	0.014	0.0041	 0.33913	7.35e-01
NA	/data/songy4/tes/output/weights_control//ENST00000641761.1.wgt.RDat	ENST00000641761.1	14	66411704	66498677	0.0368	rs10131880	-2.01	rs4902438	 5.70e-03	 -2.88	 0.75490	12	12	enet	0.012	0.0065	-0.29500	7.68e-01
NA	/data/songy4/tes/output/weights_control//ENST00000557971.5.wgt.RDat	ENST00000557971.5	14	67571063	67589440	0.0443	rs1077989	-1.48	rs11158685	 3.77e-02	 -4.69	-0.90323	12	 1	top1	0.038	4.3e-06	 0.90323	3.66e-01
NA	/data/songy4/tes/output/weights_control//ENST00000558386.5.wgt.RDat	ENST00000558386.5	14	67569033	67587681	0.0339	rs1077989	-1.48	rs11158685	 3.20e-02	 -4.41	-0.90323	12	 1	top1	0.032	2.2e-05	 0.90323	3.66e-01
NA	/data/songy4/tes/output/weights_control//ENST00000642417.1.wgt.RDat	ENST00000642417.1	14	92044496	92058351	0.0624	rs8004687	 2.06	rs2498852	 3.42e-02	  4.48	 1.26596	23	 2	lasso	0.035	1e-05	 1.84938	6.44e-02
NA	/data/songy4/tes/output/weights_control//ENST00000561281.4.wgt.RDat	ENST00000561281.4	14	24290598	24291921	0.0456	rs12889516	-2.40	rs222674	 5.10e-03	  2.97	-0.92537	28	 1	top1	0.0051	0.055	-0.92537	3.55e-01
NA	/data/songy4/tes/output/weights_control//ENST00000561370.5.wgt.RDat	ENST00000561370.5	14	67578563	67587548	0.0579	rs1077989	-1.48	rs11158685	 2.78e-02	 -4.15	-0.90323	12	 1	top1	0.028	7.1e-05	 0.90323	3.66e-01
NA	/data/songy4/tes/output/weights_control//ENST00000561057.1.wgt.RDat	ENST00000561057.1	14	67584111	67587366	0.0394	rs1077989	-1.48	rs11158685	 3.45e-02	 -4.58	-0.90323	12	 1	top1	0.035	1.1e-05	 0.90323	3.66e-01
NA	/data/songy4/tes/output/weights_control//ENST00000362723.1.wgt.RDat	ENST00000362723.1	14	100972103	100972177	0.0426	rs2757526	-2.96	rs8017893	 9.76e-04	  2.92	-0.32381	19	 4	enet	0.011	0.0099	 0.35187	7.25e-01
NA	/data/songy4/tes/output/weights_control//ENST00000362114.1.wgt.RDat	ENST00000362114.1	14	100307859	100307956	0.0348	rs2757526	-2.96	rs1191104	 1.42e-02	  3.40	-1.32990	11	 1	top1	0.014	0.0036	-1.32990	1.84e-01
NA	/data/songy4/tes/output/weights_control//ENST00000361786.7.wgt.RDat	ENST00000361786.7	14	77098258	77117287	0.0624	rs1676241	-2.03	rs2041960	-6.27e-04	 -3.29	 1.03922	34	 9	enet	0.012	0.0064	-0.94715	3.44e-01
NA	/data/songy4/tes/output/weights_control//ENST00000644720.1.wgt.RDat	ENST00000644720.1	14	92044775	92048065	0.0826	rs8004687	 2.06	rs2498852	 6.09e-02	  5.80	 1.26596	23	 1	top1	0.061	5.8e-09	 1.26596	2.06e-01
NA	/data/songy4/tes/output/weights_control//ENST00000560592.5.wgt.RDat	ENST00000560592.5	14	24145134	24146621	0.0691	rs12889516	-2.40	rs2277481	 7.70e-02	 -6.62	-0.45455	27	 1	top1	0.077	5.6e-11	 0.45455	6.49e-01
NA	/data/songy4/tes/output/weights_control//ENST00000364506.1.wgt.RDat	ENST00000364506.1	14	51244090	51244224	0.0443	rs1547763	 2.48	rs4268678	 3.16e-03	  3.34	-1.04237	23	 8	enet	0.017	0.0018	-0.02978	9.76e-01
NA	/data/songy4/tes/output/weights_control//ENST00000560748.5.wgt.RDat	ENST00000560748.5	14	102506876	102509799	0.0276	rs7158139	 2.07	rs1543540	 1.57e-02	 -3.43	 0.96135	 7	 1	top1	0.016	0.0023	-0.96135	3.36e-01
NA	/data/songy4/tes/output/weights_control//ENST00000560788.1.wgt.RDat	ENST00000560788.1	14	24145170	24146596	0.0846	rs12889516	-2.40	rs2277481	 9.13e-02	 -7.15	-0.45455	27	 1	top1	0.091	8.8e-13	 0.45455	6.49e-01
NA	/data/songy4/tes/output/weights_control//ENST00000556868.1.wgt.RDat	ENST00000556868.1	14	100292781	100306517	0.1522	rs2757526	-2.96	rs878078	 5.61e-02	  6.74	-0.97059	11	 9	enet	0.16	1.8e-22	-1.62274	1.05e-01
NA	/data/songy4/tes/output/weights_control//ENST00000556863.1.wgt.RDat	ENST00000556863.1	14	77098258	77106090	0.0536	rs1676241	-2.03	rs2041960	-9.25e-04	 -3.23	 1.03922	34	10	enet	0.0033	0.098	-0.63341	5.26e-01
NA	/data/songy4/tes/output/weights_control//ENST00000556873.5.wgt.RDat	ENST00000556873.5	14	100295695	100299076	0.1250	rs2757526	-2.96	rs878078	 7.08e-02	  6.26	-0.97059	11	 8	enet	0.13	6.8e-18	-1.39745	1.62e-01
NA	/data/songy4/tes/output/weights_control//ENST00000556844.1.wgt.RDat	ENST00000556844.1	14	100304953	100306424	0.1404	rs2757526	-2.96	rs878078	 4.73e-02	  6.39	-0.97059	11	 7	enet	0.15	9.2e-21	-1.61068	1.07e-01
NA	/data/songy4/tes/output/weights_control//ENST00000556909.1.wgt.RDat	ENST00000556909.1	14	77457280	77457952	0.0403	rs8021076	 3.89	rs10134823	 1.64e-03	  3.39	-0.18584	26	 4	enet	0.0081	0.022	-0.31107	7.56e-01
NA	/data/songy4/tes/output/weights_control//ENST00000556878.1.wgt.RDat	ENST00000556878.1	14	63451274	63543373	0.0327	rs4902195	-1.46	rs1884093	 2.65e-02	 -3.88	 1.08130	10	 1	top1	0.026	1e-04	-1.08130	2.80e-01
NA	/data/songy4/tes/output/weights_control//ENST00000556884.5.wgt.RDat	ENST00000556884.5	14	94146128	94230619	0.0461	rs8018220	 2.74	rs8006174	-1.81e-03	  2.86	-0.98561	27	 4	lasso	-0.0016	0.67	-0.75159	4.52e-01
NA	/data/songy4/tes/output/weights_control//ENST00000556783.5.wgt.RDat	ENST00000556783.5	14	100360642	100376305	0.0614	rs2757526	-2.96	rs1191104	 1.71e-02	  3.67	-1.32990	 9	 7	enet	0.027	9.2e-05	-1.52739	1.27e-01
NA	/data/songy4/tes/output/weights_control//ENST00000556781.1.wgt.RDat	ENST00000556781.1	14	77074542	77076142	0.0553	rs1676241	-2.03	rs4903539	 4.55e-02	 -5.10	-0.34375	36	 1	top1	0.045	4.7e-07	 0.34375	7.31e-01
NA	/data/songy4/tes/output/weights_control//ENST00000556776.1.wgt.RDat	ENST00000556776.1	14	74921516	74923251	0.0248	rs2268613	-4.16	rs10483863	 3.08e-03	  2.68	-0.05376	 8	 5	enet	0.0081	0.022	 0.24413	8.07e-01
NA	/data/songy4/tes/output/weights_control//ENST00000556751.5.wgt.RDat	ENST00000556751.5	14	100537153	100549889	0.2303	rs2757526	-2.96	rs7152089	 1.94e-01	-10.15	-1.19608	10	 4	lasso	0.21	1.3e-28	 0.66313	5.07e-01
NA	/data/songy4/tes/output/weights_control//ENST00000557019.6.wgt.RDat	ENST00000557019.6	14	38749339	38948243	0.0584	rs2899884	-2.07	rs2899884	-4.83e-04	  2.63	-2.06569	19	10	enet	0.017	0.0014	-0.93276	3.51e-01
NA	/data/songy4/tes/output/weights_control//ENST00000556961.1.wgt.RDat	ENST00000556961.1	14	91869412	91874816	0.0472	rs8004687	 2.06	rs2018736	 9.43e-04	  3.35	-0.87129	20	 5	enet	0.0071	0.03	-0.99940	3.18e-01
NA	/data/songy4/tes/output/weights_control//ENST00000556947.1.wgt.RDat	ENST00000556947.1	14	99839042	99865630	0.0472	rs807351	-2.53	rs1191104	 1.80e-02	 -3.46	-1.32990	28	 1	top1	0.018	0.0012	 1.32990	1.84e-01
NA	/data/songy4/tes/output/weights_control//ENST00000556980.5.wgt.RDat	ENST00000556980.5	14	103707071	103714250	0.0301	rs10138062	 3.25	rs3759579	 1.44e-03	  2.86	 1.74757	11	 3	lasso	0.015	0.0026	 1.33740	1.81e-01
NA	/data/songy4/tes/output/weights_control//ENST00000556514.5.wgt.RDat	ENST00000556514.5	14	77175853	77218922	0.0774	rs1676241	-2.03	rs11627633	 3.20e-02	  4.91	 0.52294	42	14	enet	0.048	2.2e-07	 0.74011	4.59e-01
NA	/data/songy4/tes/output/weights_control//ENST00000556505.5.wgt.RDat	ENST00000556505.5	14	100291686	100295734	0.1408	rs2757526	-2.96	rs878078	 4.86e-02	  6.17	-0.97059	11	 8	enet	0.16	1.3e-21	-1.67467	9.40e-02
NA	/data/songy4/tes/output/weights_control//ENST00000556504.5.wgt.RDat	ENST00000556504.5	14	100346778	100376287	0.0539	rs2757526	-2.96	rs1191104	 2.86e-03	  3.41	-1.32990	10	 6	enet	0.015	0.0028	-1.48322	1.38e-01
NA	/data/songy4/tes/output/weights_control//ENST00000556497.2.wgt.RDat	ENST00000556497.2	14	32241524	32243093	0.0275	rs7151842	-3.40	rs11625567	 1.13e-02	 -3.55	 0.24841	12	 1	top1	0.011	0.0084	-0.24841	8.04e-01
NA	/data/songy4/tes/output/weights_control//ENST00000556560.5.wgt.RDat	ENST00000556560.5	14	77908177	77933521	0.0982	rs8021076	 3.89	rs10140793	-1.39e-03	 -3.67	 0.29358	20	13	enet	0.055	3.3e-08	 0.84495	3.98e-01
NA	/data/songy4/tes/output/weights_control//ENST00000556553.5.wgt.RDat	ENST00000556553.5	14	88384924	88438460	0.0616	rs979812	-6.56	rs10143067	-1.91e-03	  3.39	 1.24038	20	14	enet	0.022	0.00042	 0.50547	6.13e-01
NA	/data/songy4/tes/output/weights_control//ENST00000556404.1.wgt.RDat	ENST00000556404.1	14	77285567	77287209	0.0524	rs8021076	 3.89	rs2287386	-1.89e-03	  3.29	 0.45659	34	10	enet	0.0095	0.014	 0.28387	7.77e-01
NA	/data/songy4/tes/output/weights_control//ENST00000556435.5.wgt.RDat	ENST00000556435.5	14	100353828	100376302	0.0495	rs2757526	-2.96	rs1191104	 1.18e-02	  3.42	-1.32990	 9	 6	enet	0.012	0.0072	-1.51688	1.29e-01
NA	/data/songy4/tes/output/weights_control//ENST00000556406.5.wgt.RDat	ENST00000556406.5	14	88431171	88470350	0.0502	rs979812	-6.56	rs6574951	 2.43e-02	  3.80	 0.05217	20	 1	top1	0.024	2e-04	 0.05217	9.58e-01
NA	/data/songy4/tes/output/weights_control//ENST00000556475.1.wgt.RDat	ENST00000556475.1	14	100907043	100935999	0.0476	rs2757526	-2.96	rs7152089	 2.85e-02	 -4.07	-1.19608	19	 1	top1	0.029	5.9e-05	 1.19608	2.32e-01
NA	/data/songy4/tes/output/weights_control//ENST00000556478.2.wgt.RDat	ENST00000556478.2	14	50532509	50587936	0.0396	rs11625706	 1.71	rs3126174	-1.13e-03	 -2.85	-0.37419	15	 3	lasso	0.00038	0.27	-0.04608	9.63e-01
NA	/data/songy4/tes/output/weights_control//ENST00000556458.1.wgt.RDat	ENST00000556458.1	14	100291118	100294656	0.1371	rs2757526	-2.96	rs878078	 7.39e-02	  6.41	-0.97059	11	 9	enet	0.14	1.4e-19	-1.74464	8.10e-02
NA	/data/songy4/tes/output/weights_control//ENST00000556698.5.wgt.RDat	ENST00000556698.5	14	100354531	100375347	0.0602	rs2757526	-2.96	rs1191104	 1.31e-02	  3.47	-1.32990	 9	 6	enet	0.021	5e-04	-1.47580	1.40e-01
NA	/data/songy4/tes/output/weights_control//ENST00000556695.5.wgt.RDat	ENST00000556695.5	14	100361845	100374949	0.0885	rs2757526	-2.96	rs1191104	 6.79e-03	  3.74	-1.32990	 9	 7	enet	0.045	5.6e-07	-1.06150	2.88e-01
NA	/data/songy4/tes/output/weights_control//ENST00000556666.5.wgt.RDat	ENST00000556666.5	14	88415926	88438455	0.0306	rs979812	-6.56	rs2295136	-4.26e-04	 -2.56	 2.22321	20	 2	lasso	0.0018	0.16	-1.83520	6.65e-02
NA	/data/songy4/tes/output/weights_control//ENST00000556675.2.wgt.RDat	ENST00000556675.2	14	76180815	76234926	0.0796	rs8008940	 1.69	rs4645874	 1.39e-02	 -3.90	-0.53254	36	15	enet	0.04	2.4e-06	 1.42558	1.54e-01
NA	/data/songy4/tes/output/weights_control//ENST00000556735.1.wgt.RDat	ENST00000556735.1	14	50665601	50668297	0.0321	rs6572633	-1.31	rs2281530	-1.77e-03	 -2.93	 0.01010	13	 4	enet	0.0094	0.015	-0.60632	5.44e-01
NA	/data/songy4/tes/output/weights_control//ENST00000556728.1.wgt.RDat	ENST00000556728.1	14	96039372	96093887	0.0677	rs1057035	-4.90	rs1058102	 2.04e-02	  3.56	 0.52381	50	 1	top1	0.02	6e-04	 0.52381	6.00e-01
NA	/data/songy4/tes/output/weights_control//ENST00000556725.1.wgt.RDat	ENST00000556725.1	14	63864388	63874006	0.0340	rs4902195	-1.46	rs11158518	 2.90e-02	  4.25	 1.22680	 6	 1	top1	0.029	5.1e-05	 1.22680	2.20e-01
NA	/data/songy4/tes/output/weights_control//ENST00000556715.6.wgt.RDat	ENST00000556715.6	14	100292525	100306515	0.1558	rs2757526	-2.96	rs878078	 5.52e-02	  6.72	-0.97059	11	 8	enet	0.17	4.1e-23	-1.64305	1.00e-01
NA	/data/songy4/tes/output/weights_control//ENST00000556579.5.wgt.RDat	ENST00000556579.5	14	100360524	100376299	0.0510	rs2757526	-2.96	rs1191104	 1.16e-02	  3.26	-1.32990	 9	 6	enet	0.013	0.0057	-1.49923	1.34e-01
NA	/data/songy4/tes/output/weights_control//ENST00000556645.5.wgt.RDat	ENST00000556645.5	14	100334493	100376251	0.0570	rs2757526	-2.96	rs1191104	 1.73e-03	  3.26	-1.32990	10	 6	enet	0.015	0.003	-1.18658	2.35e-01
NA	/data/songy4/tes/output/weights_control//ENST00000556660.5.wgt.RDat	ENST00000556660.5	14	100360632	100374942	0.0803	rs2757526	-2.96	rs1191104	 6.19e-03	  3.70	-1.32990	 9	 7	enet	0.038	3.9e-06	-1.11926	2.63e-01
NA	/data/songy4/tes/output/weights_control//ENST00000557094.5.wgt.RDat	ENST00000557094.5	14	100361703	100375473	0.0616	rs2757526	-2.96	rs1191104	 1.37e-02	  3.56	-1.32990	 9	 6	enet	0.022	0.00043	-1.39063	1.64e-01
NA	/data/songy4/tes/output/weights_control//ENST00000557578.1.wgt.RDat	ENST00000557578.1	14	50468690	50486145	0.0495	rs11625706	 1.71	rs3126174	 3.21e-03	 -3.00	-0.37419	15	 4	lasso	0.011	0.0099	-0.62706	5.31e-01
NA	/data/songy4/tes/output/weights_control//ENST00000557614.1.wgt.RDat	ENST00000557614.1	14	100336841	100342534	0.0581	rs2757526	-2.96	rs1191104	 2.28e-03	  3.44	-1.32990	10	 7	enet	0.026	0.00012	-1.17429	2.40e-01
NA	/data/songy4/tes/output/weights_control//ENST00000557458.1.wgt.RDat	ENST00000557458.1	14	50635113	50644809	0.0355	rs11625706	 1.71	rs3126174	-2.57e-04	 -3.08	-0.37419	14	 4	lasso	0.0095	0.014	-0.41476	6.78e-01
NA	/data/songy4/tes/output/weights_control//ENST00000557501.5.wgt.RDat	ENST00000557501.5	14	77800135	77924512	0.0435	rs8021076	 3.89	rs7157912	 4.33e-03	  2.82	 0.29221	25	 1	top1	0.0043	0.071	 0.29221	7.70e-01
NA	/data/songy4/tes/output/weights_control//ENST00000557504.1.wgt.RDat	ENST00000557504.1	14	77251709	77256794	0.0733	rs8021076	 3.89	rs17812556	 1.91e-03	 -3.42	-1.44961	38	14	enet	0.033	1.6e-05	 0.63624	5.25e-01
NA	/data/songy4/tes/output/weights_control//ENST00000557526.1.wgt.RDat	ENST00000557526.1	14	77069180	77076191	0.0847	rs1676241	-2.03	rs4903539	 6.89e-02	 -6.19	-0.34375	36	 1	top1	0.069	5.8e-10	 0.34375	7.31e-01
NA	/data/songy4/tes/output/weights_control//ENST00000557752.1.wgt.RDat	ENST00000557752.1	14	77098311	77225462	0.1244	rs8021076	 3.89	rs11627633	 3.66e-03	  3.92	 0.52294	43	20	enet	0.058	1.3e-08	 0.73899	4.60e-01
NA	/data/songy4/tes/output/weights_control//ENST00000557748.5.wgt.RDat	ENST00000557748.5	14	74942494	74954234	0.0225	rs2268613	-4.16	rs2268613	 2.70e-02	  3.93	-4.15873	 8	 2	lasso	0.027	8.8e-05	-3.68115	2.32e-04
NA	/data/songy4/tes/output/weights_control//ENST00000557722.5.wgt.RDat	ENST00000557722.5	14	100353774	100376311	0.0622	rs2757526	-2.96	rs1191104	 1.10e-02	  3.37	-1.32990	 9	 6	enet	0.025	0.00017	-1.37374	1.70e-01
NA	/data/songy4/tes/output/weights_control//ENST00000557631.6.wgt.RDat	ENST00000557631.6	14	88018181	88026334	0.0229	rs979812	-6.56	rs979812	 1.70e-02	  3.45	-6.55914	 7	 1	top1	0.017	0.0016	-6.55914	5.41e-11
NA	/data/songy4/tes/output/weights_control//ENST00000557710.5.wgt.RDat	ENST00000557710.5	14	100380910	100530290	0.0476	rs2757526	-2.96	rs7157731	-1.29e-04	  3.29	-0.78571	11	 6	enet	0.016	0.0021	-2.16484	3.04e-02
NA	/data/songy4/tes/output/weights_control//ENST00000557210.5.wgt.RDat	ENST00000557210.5	14	50462693	50483149	0.0447	rs11625706	 1.71	rs3126174	 6.66e-03	 -3.12	-0.37419	15	 4	enet	0.015	0.0027	-0.57953	5.62e-01
NA	/data/songy4/tes/output/weights_control//ENST00000557226.1.wgt.RDat	ENST00000557226.1	14	100333790	100354061	0.0355	rs2757526	-2.96	rs1191104	-1.37e-03	  3.10	-1.32990	10	 5	enet	0.0028	0.12	-1.72178	8.51e-02
NA	/data/songy4/tes/output/weights_control//ENST00000557239.5.wgt.RDat	ENST00000557239.5	14	100354531	100376308	0.0518	rs2757526	-2.96	rs1191104	 2.85e-03	  3.36	-1.32990	 9	 6	enet	0.016	0.002	-1.47177	1.41e-01
NA	/data/songy4/tes/output/weights_control//ENST00000557248.5.wgt.RDat	ENST00000557248.5	14	88385739	88426602	0.0318	rs979812	-6.56	rs7154539	 4.32e-03	  3.22	 2.68182	18	 9	enet	0.012	0.007	 1.81128	7.01e-02
NA	/data/songy4/tes/output/weights_control//ENST00000557124.1.wgt.RDat	ENST00000557124.1	14	50434964	50438401	0.0371	rs1530947	 2.06	rs3126174	 2.99e-03	 -2.89	-0.37419	16	 3	lasso	0.0059	0.043	-0.43819	6.61e-01
NA	/data/songy4/tes/output/weights_control//ENST00000557115.5.wgt.RDat	ENST00000557115.5	14	77098366	77113588	0.0573	rs1676241	-2.03	rs4021419	 2.06e-02	  3.64	-0.97030	34	 1	top1	0.021	0.00056	-0.97030	3.32e-01
NA	/data/songy4/tes/output/weights_control//ENST00000557102.1.wgt.RDat	ENST00000557102.1	14	32329349	32433817	0.0345	rs7151842	-3.40	rs11625567	 1.32e-03	 -3.41	 0.24841	17	 1	lasso	0.019	0.00088	-0.24841	8.04e-01
NA	/data/songy4/tes/output/weights_control//ENST00000557135.5.wgt.RDat	ENST00000557135.5	14	100334479	100375347	0.0497	rs2757526	-2.96	rs1191104	 2.49e-03	  3.27	-1.32990	10	 6	enet	0.012	0.0059	-1.28283	2.00e-01
NA	/data/songy4/tes/output/weights_control//ENST00000557390.5.wgt.RDat	ENST00000557390.5	14	50476274	50532472	0.0504	rs11625706	 1.71	rs3126174	-5.34e-05	 -3.13	-0.37419	15	 4	lasso	0.0097	0.013	-0.55528	5.79e-01
NA	/data/songy4/tes/output/weights_control//ENST00000557384.5.wgt.RDat	ENST00000557384.5	14	100096947	100135968	0.0339	rs2614461	-2.12	rs1191104	 4.84e-03	  3.41	-1.32990	14	 8	enet	0.011	0.0097	-2.17668	2.95e-02
NA	/data/songy4/tes/output/weights_control//ENST00000557378.5.wgt.RDat	ENST00000557378.5	14	100539248	100568070	0.2123	rs2757526	-2.96	rs7152089	 1.86e-01	 -9.94	-1.19608	10	 3	lasso	0.21	2.9e-28	 0.87800	3.80e-01
NA	/data/songy4/tes/output/weights_control//ENST00000557380.5.wgt.RDat	ENST00000557380.5	14	49820096	49852780	0.0311	rs1530947	 2.06	rs3126174	 1.33e-02	 -3.06	-0.37419	 7	 1	top1	0.013	0.0047	 0.37419	7.08e-01
NA	/data/songy4/tes/output/weights_control//ENST00000557438.1.wgt.RDat	ENST00000557438.1	14	100298598	100306444	0.1499	rs2757526	-2.96	rs878078	 9.51e-02	  7.19	-0.97059	11	 9	enet	0.15	3.9e-21	-1.42331	1.55e-01
NA	/data/songy4/tes/output/weights_control//ENST00000557439.5.wgt.RDat	ENST00000557439.5	14	103704396	103715483	0.0627	rs10138062	 3.25	rs3759579	 4.60e-02	  5.10	 1.74757	11	 8	enet	0.05	1.3e-07	 0.98254	3.26e-01
NA	/data/songy4/tes/output/weights_control//ENST00000557421.6.wgt.RDat	ENST00000557421.6	14	50312324	50327957	0.0455	rs1530947	 2.06	rs3126174	 6.95e-03	 -3.45	-0.37419	16	 5	enet	0.019	0.001	 0.33699	7.36e-01
NA	/data/songy4/tes/output/weights_control//ENST00000557422.1.wgt.RDat	ENST00000557422.1	14	59596757	59630612	0.0597	rs8020436	 1.91	rs1253035	 3.77e-02	 -4.64	-0.87654	20	 2	lasso	0.042	1.2e-06	 0.52438	6.00e-01
NA	/data/songy4/tes/output/weights_control//ENST00000557297.5.wgt.RDat	ENST00000557297.5	14	100353826	100375333	0.0609	rs2757526	-2.96	rs1191104	 1.37e-02	  3.53	-1.32990	 9	 6	enet	0.021	0.00049	-1.43325	1.52e-01
NA	/data/songy4/tes/output/weights_control//ENST00000557347.5.wgt.RDat	ENST00000557347.5	14	100361802	100375475	0.0744	rs2757526	-2.96	rs1191104	 4.43e-03	  3.55	-1.32990	 9	 7	enet	0.034	1.2e-05	-1.19558	2.32e-01
NA	/data/songy4/tes/output/weights_control//ENST00000557351.1.wgt.RDat	ENST00000557351.1	14	21317553	21321290	0.0616	rs1760945	 3.32	rs8009098	 1.23e-02	 -3.68	-1.23214	64	 1	top1	0.012	0.0063	 1.23214	2.18e-01
NA	/data/songy4/tes/output/weights_control//ENST00000393545.9.wgt.RDat	ENST00000393545.9	14	88385657	88438460	0.0403	rs979812	-6.56	rs10143067	 2.59e-03	  3.34	 1.24038	20	13	enet	0.006	0.042	 0.53619	5.92e-01
NA	/data/songy4/tes/output/weights_control//ENST00000513337.1.wgt.RDat	ENST00000513337.1	14	72941909	72945927	0.0830	rs8005548	 2.28	rs17182027	 5.40e-02	  6.19	-1.70103	34	 2	enet	0.075	1.1e-10	-0.78075	4.35e-01
NA	/data/songy4/tes/output/weights_control//ENST00000664976.1.wgt.RDat	ENST00000664976.1	14	88036429	88045481	0.0308	rs979812	-6.56	rs979812	 2.30e-02	  3.74	-6.55914	 7	 1	top1	0.023	0.00028	-6.55914	5.41e-11
NA	/data/songy4/tes/output/weights_control//ENST00000665235.1.wgt.RDat	ENST00000665235.1	14	75294446	75298109	0.0395	rs2268613	-4.16	rs2005292	 5.24e-03	 -3.27	 0.20536	17	 7	enet	0.015	0.0033	 0.95830	3.38e-01
NA	/data/songy4/tes/output/weights_control//ENST00000393639.8.wgt.RDat	ENST00000393639.8	14	77800120	77925961	0.0887	rs8021076	 3.89	rs10140793	 1.80e-03	 -3.31	 0.29358	25	 8	enet	0.025	0.00014	-1.10490	2.69e-01
NA	/data/songy4/tes/output/weights_control//ENST00000392882.7.wgt.RDat	ENST00000392882.7	14	100333790	100375347	0.0439	rs2757526	-2.96	rs1191104	 2.23e-03	  3.23	-1.32990	10	 6	enet	0.0096	0.014	-1.47967	1.39e-01
NA	/data/songy4/tes/output/weights_control//ENST00000392908.7.wgt.RDat	ENST00000392908.7	14	100291118	100306441	0.1492	rs2757526	-2.96	rs878078	 5.41e-02	  6.51	-0.97059	11	 7	enet	0.16	2e-22	-1.64238	1.01e-01
NA	/data/songy4/tes/output/weights_control//ENST00000392920.8.wgt.RDat	ENST00000392920.8	14	100065422	100144236	0.0350	rs2614461	-2.12	rs1191104	 6.78e-03	  3.54	-1.32990	17	 7	enet	0.016	0.0021	-1.89056	5.87e-02
NA	/data/songy4/tes/output/weights_control//ENST00000664388.1.wgt.RDat	ENST00000664388.1	14	56310944	56427032	0.0632	rs242384	-4.13	rs10483647	 6.81e-03	  3.26	-1.27407	26	 9	enet	0.012	0.0079	-1.00614	3.14e-01
NA	/data/songy4/tes/output/weights_control//ENST00000664243.1.wgt.RDat	ENST00000664243.1	14	73555115	73633722	0.0683	rs2803944	-1.98	rs12895907	 5.92e-03	  3.27	 0.65957	22	14	enet	0.032	2.1e-05	-0.41950	6.75e-01
NA	/data/songy4/tes/output/weights_control//ENST00000664272.1.wgt.RDat	ENST00000664272.1	14	88024550	88091683	0.0263	rs979812	-6.56	rs979812	 2.14e-03	  3.04	-6.55914	 7	 3	enet	0.014	0.0041	-2.19015	2.85e-02
NA	/data/songy4/tes/output/weights_control//ENST00000514191.5.wgt.RDat	ENST00000514191.5	14	72926499	72940526	0.0414	rs8005548	 2.28	rs17182027	 3.75e-02	  4.73	-1.70103	34	 1	top1	0.037	4.6e-06	-1.70103	8.89e-02
NA	/data/songy4/tes/output/weights_control//ENST00000509320.5.wgt.RDat	ENST00000509320.5	14	72926451	72959121	0.0677	rs8005548	 2.28	rs17182027	 6.33e-02	  5.97	-1.70103	34	 1	top1	0.063	3e-09	-1.70103	8.89e-02
NA	/data/songy4/tes/output/weights_control//ENST00000395090.5.wgt.RDat	ENST00000395090.5	14	59595977	59630609	0.0552	rs8020436	 1.91	rs1253035	 3.85e-02	 -4.60	-0.87654	20	 1	top1	0.039	3.4e-06	 0.87654	3.81e-01
NA	/data/songy4/tes/output/weights_control//ENST00000509153.5.wgt.RDat	ENST00000509153.5	14	72926480	72958946	0.0523	rs8005548	 2.28	rs17182027	 5.14e-02	  5.42	-1.70103	34	 1	top1	0.051	8.8e-08	-1.70103	8.89e-02
NA	/data/songy4/tes/output/weights_control//ENST00000627608.1.wgt.RDat	ENST00000627608.1	14	100368442	100369185	0.0517	rs2757526	-2.96	rs1191104	 1.49e-02	  3.51	-1.32990	 9	 1	top1	0.015	0.0029	-1.32990	1.84e-01
NA	/data/songy4/tes/output/weights_control//ENST00000508412.5.wgt.RDat	ENST00000508412.5	14	72926785	72941784	0.0555	rs8005548	 2.28	rs17182027	 4.31e-02	  5.29	-1.70103	34	 1	top1	0.043	9.3e-07	-1.70103	8.89e-02
NA	/data/songy4/tes/output/weights_control//ENST00000464815.5.wgt.RDat	ENST00000464815.5	14	95686438	95692628	0.0569	rs1057035	-4.90	rs1748952	 7.94e-03	 -4.37	-1.57426	58	 9	enet	0.013	0.0045	 1.88514	5.94e-02
NA	/data/songy4/tes/output/weights_control//ENST00000267484.10.wgt.RDat	ENST00000267484.10	14	59595983	59870776	0.0421	rs8020436	 1.91	rs1253035	 3.11e-02	 -4.20	-0.87654	20	 3	lasso	0.035	8.3e-06	 0.63889	5.23e-01
NA	/data/songy4/tes/output/weights_control//ENST00000267436.9.wgt.RDat	ENST00000267436.9	14	50242434	50312229	0.0372	rs1530947	 2.06	rs3126174	 3.22e-04	 -2.62	-0.37419	15	 9	enet	0.021	0.00055	-0.94509	3.45e-01
NA	/data/songy4/tes/output/weights_control//ENST00000267406.11.wgt.RDat	ENST00000267406.11	14	24426545	24429668	0.0733	rs12889516	-2.40	rs10145542	 5.59e-02	 -5.59	-0.49419	33	 1	top1	0.056	2.5e-08	 0.49419	6.21e-01
NA	/data/songy4/tes/output/weights_control//ENST00000394234.6.wgt.RDat	ENST00000394234.6	14	72926478	72959703	0.0753	rs8005548	 2.28	rs17182027	 6.53e-02	  6.11	-1.70103	34	 1	top1	0.065	1.7e-09	-1.70103	8.89e-02
NA	/data/songy4/tes/output/weights_control//ENST00000267620.14.wgt.RDat	ENST00000267620.14	14	91869441	91947399	0.1045	rs8004687	 2.06	rs2498852	 3.33e-02	  4.30	 1.26596	23	11	enet	0.059	9.2e-09	-0.36025	7.19e-01
NA	/data/songy4/tes/output/weights_control//ENST00000510612.5.wgt.RDat	ENST00000510612.5	14	72926777	72940281	0.0611	rs8005548	 2.28	rs17182027	 2.22e-02	  4.48	-1.70103	34	13	enet	0.028	7.2e-05	-0.81848	4.13e-01
NA	/data/songy4/tes/output/weights_control//ENST00000510508.4.wgt.RDat	ENST00000510508.4	14	101561351	101563452	0.0466	NA	   NA	NA	       NA	    NA	      NA	 0	 0	enet	-0.00064	0.41	      NA	      NA
NA	/data/songy4/tes/output/weights_control//ENST00000459899.1.wgt.RDat	ENST00000459899.1	14	35388121	35389069	0.0268	rs9671535	 2.88	rs10135853	-4.45e-04	 -2.93	 0.78894	10	 5	enet	0.016	0.0019	 0.08065	9.36e-01
NA	/data/songy4/tes/output/weights_control//ENST00000298351.5.wgt.RDat	ENST00000298351.5	14	77181798	77259495	0.0951	rs8021076	 3.89	rs17812556	 2.45e-02	 -4.40	-1.44961	43	17	enet	0.041	1.7e-06	 1.37041	1.71e-01
NA	/data/songy4/tes/output/weights_control//ENST00000662787.1.wgt.RDat	ENST00000662787.1	14	67627299	67639675	0.0610	rs1077989	-1.48	rs17191694	 9.24e-04	  3.45	-0.20161	13	12	enet	0.024	0.00023	 0.39724	6.91e-01
NA	/data/songy4/tes/output/weights_control//ENST00000390581.1.wgt.RDat	ENST00000390581.1	14	105902649	105902671	0.0318	rs2816644	-1.99	rs2091918	-1.04e-03	 -2.65	 0.81000	 8	 7	enet	0.0019	0.16	-1.33108	1.83e-01
NA	/data/songy4/tes/output/weights_control//ENST00000390455.3.wgt.RDat	ENST00000390455.3	14	22123318	22124285	0.0493	rs7148741	 2.61	rs10134091	 2.45e-02	  3.89	-2.25391	35	 1	top1	0.024	0.00019	-2.25391	2.42e-02
NA	/data/songy4/tes/output/weights_control//ENST00000662720.1.wgt.RDat	ENST00000662720.1	14	88036903	88045481	0.0298	rs979812	-6.56	rs979812	 2.97e-02	  4.20	-6.55914	 7	 1	top1	0.03	4.1e-05	-6.55914	5.41e-11
NA	/data/songy4/tes/output/weights_control//ENST00000390436.2.wgt.RDat	ENST00000390436.2	14	21868839	21869365	0.0473	rs4246989	 2.67	rs10140834	 2.10e-02	 -3.70	-1.07432	38	 1	top1	0.021	5e-04	 1.07432	2.83e-01
NA	/data/songy4/tes/output/weights_control//ENST00000390438.2.wgt.RDat	ENST00000390438.2	14	21894433	21895030	0.0428	NA	   NA	NA	       NA	    NA	      NA	 0	 0	enet	-0.0017	0.72	      NA	      NA
NA	/data/songy4/tes/output/weights_control//ENST00000390480.2.wgt.RDat	ENST00000390480.2	14	22476553	22476606	0.0673	rs10134091	-2.25	rs2293732	-1.07e-03	 -2.86	 0.12500	37	15	enet	0.0088	0.018	 0.28695	7.74e-01
NA	/data/songy4/tes/output/weights_control//ENST00000390464.2.wgt.RDat	ENST00000390464.2	14	22271968	22272563	0.0842	rs7148741	 2.61	rs2331599	 4.60e-02	 -5.22	-1.00000	31	13	enet	0.046	3.9e-07	 0.34197	7.32e-01
NA	/data/songy4/tes/output/weights_control//ENST00000516660.1.wgt.RDat	ENST00000516660.1	14	103550345	103550406	0.0750	rs10138062	 3.25	rs3759579	 5.09e-02	 -5.42	 1.74757	12	 2	enet	0.055	2.8e-08	-1.79688	7.24e-02
NA	/data/songy4/tes/output/weights_control//ENST00000630027.1.wgt.RDat	ENST00000630027.1	14	24145858	24146646	0.1651	rs12889516	-2.40	rs2277481	 1.63e-01	 -9.38	-0.45455	27	 1	top1	0.16	2.5e-22	 0.45455	6.49e-01
NA	/data/songy4/tes/output/weights_control//ENST00000663488.1.wgt.RDat	ENST00000663488.1	14	88036937	88045481	0.0264	rs979812	-6.56	rs979812	 2.63e-02	  3.92	-6.55914	 7	 1	top1	0.026	0.00011	-6.55914	5.41e-11
NA	/data/songy4/tes/output/weights_control//ENST00000392519.7.wgt.RDat	ENST00000392519.7	14	105526583	105530198	0.0329	rs2816644	-1.99	rs9671696	 2.21e-03	 -3.50	-0.12613	 9	 3	lasso	0.017	0.0018	-0.02728	9.78e-01
NA	/data/songy4/tes/output/weights_control//ENST00000442641.3.wgt.RDat	ENST00000442641.3	14	22476306	22476362	0.0605	rs10134091	-2.25	rs2031063	-1.84e-03	  2.95	 0.54622	37	15	enet	0.00013	0.3	-1.18324	2.37e-01
NA	/data/songy4/tes/output/weights_control//ENST00000443071.6.wgt.RDat	ENST00000443071.6	14	100537153	100568070	0.1542	rs2757526	-2.96	rs7152089	 1.17e-01	 -7.92	-1.19608	10	 6	lasso	0.13	1.1e-17	 0.82348	4.10e-01
NA	/data/songy4/tes/output/weights_control//ENST00000624870.1.wgt.RDat	ENST00000624870.1	14	23023083	23024217	0.2983	rs226998	 3.56	rs8020463	 1.86e-01	 -9.95	 2.02000	52	11	enet	0.23	6.6e-32	-1.97231	4.86e-02
NA	/data/songy4/tes/output/weights_control//ENST00000399206.4.wgt.RDat	ENST00000399206.4	14	49981712	50007520	0.0384	rs1530947	 2.06	rs2816762	-7.89e-04	 -2.65	-2.01869	11	 6	enet	0.008	0.023	 2.55947	1.05e-02
NA	/data/songy4/tes/output/weights_control//ENST00000670474.1.wgt.RDat	ENST00000670474.1	14	88024553	88091684	0.0205	rs979812	-6.56	rs449615	-1.24e-03	  2.76	 2.40323	 7	 3	lasso	0.0065	0.036	-0.73839	4.60e-01
NA	/data/songy4/tes/output/weights_control//ENST00000481205.5.wgt.RDat	ENST00000481205.5	14	59595976	59606102	0.0539	rs8020436	 1.91	rs1253035	 3.90e-02	 -4.93	-0.87654	20	 1	top1	0.039	3e-06	 0.87654	3.81e-01
NA	/data/songy4/tes/output/weights_control//ENST00000669790.1.wgt.RDat	ENST00000669790.1	14	88024550	88091682	0.0307	rs979812	-6.56	rs979812	 9.42e-03	  3.51	-6.55914	 7	 1	top1	0.0094	0.015	-6.55914	5.41e-11
NA	/data/songy4/tes/output/weights_control//ENST00000670347.1.wgt.RDat	ENST00000670347.1	14	38748243	38948230	0.0703	rs2899884	-2.07	rs12434593	 3.94e-04	  3.06	 1.68000	19	 9	enet	0.033	1.6e-05	-0.93743	3.49e-01
NA	/data/songy4/tes/output/weights_control//ENST00000483017.7.wgt.RDat	ENST00000483017.7	14	105472962	105479694	0.0623	rs2816644	-1.99	rs4983413	 5.22e-02	  5.55	-0.06838	 9	 1	top1	0.052	7e-08	-0.06838	9.45e-01
NA	/data/songy4/tes/output/weights_control//ENST00000483361.1.wgt.RDat	ENST00000483361.1	14	35144021	35144480	0.0760	rs9671535	 2.88	rs1712355	 7.48e-02	 -6.40	 0.17822	17	 1	top1	0.075	1.1e-10	-0.17822	8.59e-01
NA	/data/songy4/tes/output/weights_control//ENST00000670285.1.wgt.RDat	ENST00000670285.1	14	88024568	88096594	0.0246	rs979812	-6.56	rs449615	 3.21e-03	  3.15	 2.40323	 7	 1	top1	0.0032	0.1	 2.40323	1.63e-02
NA	/data/songy4/tes/output/weights_control//ENST00000238607.10.wgt.RDat	ENST00000238607.10	14	74941858	74955577	0.0519	rs2268613	-4.16	rs2268613	 4.48e-02	  5.10	-4.15873	 8	 1	top1	0.045	5.8e-07	-4.15873	3.20e-05
NA	/data/songy4/tes/output/weights_control//ENST00000238561.10.wgt.RDat	ENST00000238561.10	14	77800109	77935014	0.0604	rs8021076	 3.89	rs7157912	 1.44e-02	  3.50	 0.29221	25	 2	lasso	0.039	3e-06	 0.02678	9.79e-01
NA	/data/songy4/tes/output/weights_control//ENST00000672419.1.wgt.RDat	ENST00000672419.1	14	50312324	50327957	0.0443	rs1530947	 2.06	rs3126174	 7.09e-03	 -3.41	-0.37419	16	 5	enet	0.018	0.0011	 0.29485	7.68e-01
NA	/data/songy4/tes/output/weights_control//ENST00000672139.1.wgt.RDat	ENST00000672139.1	14	22763814	22764947	0.0898	rs226998	 3.56	rs11157756	 6.20e-03	 -4.12	 1.04902	55	26	enet	0.047	3.2e-07	-1.63265	1.03e-01
NA	/data/songy4/tes/output/weights_control//ENST00000671685.1.wgt.RDat	ENST00000671685.1	14	88024528	88091683	0.0202	rs979812	-6.56	rs979812	 3.84e-03	  2.92	-6.55914	 7	 1	top1	0.0038	0.083	-6.55914	5.41e-11
NA	/data/songy4/tes/output/weights_control//ENST00000013125.8.wgt.RDat	ENST00000013125.8	14	50418525	50532609	0.0466	rs1530947	 2.06	rs3126174	 4.25e-03	 -3.06	-0.37419	16	 4	lasso	0.01	0.012	-0.55961	5.76e-01
NA	/data/songy4/tes/output/weights_control//ENST00000622847.1.wgt.RDat	ENST00000622847.1	14	93334528	93335057	0.0667	rs10137770	-3.18	rs17128291	 1.02e-03	  3.21	 1.99259	29	14	enet	0.035	8.6e-06	 0.15175	8.79e-01
NA	/data/songy4/tes/output/weights_control//ENST00000490111.1.wgt.RDat	ENST00000490111.1	14	59603761	59605509	0.0467	rs8020436	 1.91	rs1253035	 2.59e-02	 -3.84	-0.87654	20	 2	lasso	0.026	0.00012	 0.55533	5.79e-01
NA	/data/songy4/tes/output/weights_control//ENST00000672612.1.wgt.RDat	ENST00000672612.1	14	50313021	50322769	0.0568	rs1530947	 2.06	rs3126174	 8.02e-03	 -3.32	-0.37419	15	12	enet	0.013	0.0045	 0.48541	6.27e-01
NA	/data/songy4/tes/output/weights_control//ENST00000672910.1.wgt.RDat	ENST00000672910.1	14	50312324	50327957	0.0420	rs1530947	 2.06	rs3126174	 1.88e-02	 -3.42	-0.37419	16	 4	enet	0.019	0.00079	 0.21341	8.31e-01
NA	/data/songy4/tes/output/weights_control//ENST00000045347.11.wgt.RDat	ENST00000045347.11	14	88385819	88438455	0.0357	rs979812	-6.56	rs10143067	 1.93e-03	  3.02	 1.24038	20	12	enet	0.0056	0.048	-0.22224	8.24e-01
NA	/data/songy4/tes/output/weights_control//ENST00000402312.7.wgt.RDat	ENST00000402312.7	14	100376439	100530303	0.0533	rs2757526	-2.96	rs7157731	 3.73e-04	  3.48	-0.78571	11	 7	enet	0.02	0.00074	-2.31986	2.03e-02
NA	/data/songy4/tes/output/weights_control//ENST00000623920.1.wgt.RDat	ENST00000623920.1	14	96992864	96996601	0.0541	rs7155111	-1.66	rs1886060	-1.14e-03	  3.29	 0.36552	45	 3	enet	-0.00086	0.46	 0.54861	5.83e-01
NA	/data/songy4/tes/output/weights_control//ENST00000671585.1.wgt.RDat	ENST00000671585.1	14	88024593	88091683	0.0241	rs979812	-6.56	rs979812	 4.66e-03	  3.11	-6.55914	 7	 4	enet	0.0094	0.015	-2.06736	3.87e-02
NA	/data/songy4/tes/output/weights_control//ENST00000216378.2.wgt.RDat	ENST00000216378.2	14	50331927	50397404	0.0552	rs1530947	 2.06	rs7146448	 2.62e-03	 -3.03	 0.89506	17	 4	lasso	0.0076	0.026	-0.67858	4.97e-01
NA	/data/songy4/tes/output/weights_control//ENST00000668116.1.wgt.RDat	ENST00000668116.1	14	73787355	73803231	0.1258	rs10220356	-1.89	rs12717560	 7.27e-02	  6.35	-0.55752	11	 4	enet	0.098	1.4e-13	-0.52346	6.01e-01
NA	/data/songy4/tes/output/weights_control//ENST00000505361.5.wgt.RDat	ENST00000505361.5	14	72926501	72941902	0.0476	rs8005548	 2.28	rs17182027	 4.33e-02	  4.97	-1.70103	34	 1	top1	0.043	8.9e-07	-1.70103	8.89e-02
NA	/data/songy4/tes/output/weights_control//ENST00000667759.1.wgt.RDat	ENST00000667759.1	14	88024528	88091686	0.0284	rs979812	-6.56	rs979812	 4.76e-03	  3.44	-6.55914	 7	 3	lasso	0.007	0.031	-3.50668	4.54e-04
NA	/data/songy4/tes/output/weights_control//ENST00000474911.5.wgt.RDat	ENST00000474911.5	14	59596014	59607607	0.0456	rs8020436	 1.91	rs1253035	 3.33e-02	 -4.38	-0.87654	20	 1	top1	0.033	1.5e-05	 0.87654	3.81e-01
NA	/data/songy4/tes/output/weights_control//ENST00000668212.1.wgt.RDat	ENST00000668212.1	14	22418576	22432259	0.0515	rs10134091	-2.25	rs1882705	 5.26e-02	 -5.49	-0.66000	30	 1	top1	0.053	6.3e-08	 0.66000	5.09e-01
NA	/data/songy4/tes/output/weights_control//ENST00000395834.5.wgt.RDat	ENST00000395834.5	14	50329404	50395899	0.0551	rs1530947	 2.06	rs7146448	 3.98e-03	 -3.32	 0.89506	17	 4	lasso	0.0088	0.018	-0.50762	6.12e-01
NA	/data/songy4/tes/output/weights_control//ENST00000616995.4.wgt.RDat	ENST00000616995.4	14	29576479	29927512	0.0514	rs6571322	-2.45	rs6571322	 5.74e-02	  5.72	-2.45455	17	 1	top1	0.057	1.6e-08	-2.45455	1.41e-02
NA	/data/songy4/tes/output/weights_control//ENST00000617439.1.wgt.RDat	ENST00000617439.1	14	88589231	88592408	0.0478	rs979812	-6.56	rs7155220	-1.69e-03	  2.79	 1.25203	17	 3	lasso	0.0013	0.19	 0.07299	9.42e-01
NA	/data/songy4/tes/output/weights_control//ENST00000500215.3.wgt.RDat	ENST00000500215.3	14	77041064	77069503	0.0749	rs1676241	-2.03	rs4903539	 6.13e-02	 -5.83	-0.34375	36	 1	top1	0.061	5.1e-09	 0.34375	7.31e-01
NA	/data/songy4/tes/output/weights_control//ENST00000245448.10.wgt.RDat	ENST00000245448.10	14	50312329	50326226	0.0452	rs1530947	 2.06	rs3126174	 8.17e-03	 -3.34	-0.37419	16	 6	enet	0.014	0.0042	 0.32915	7.42e-01
NA	/data/songy4/tes/output/weights_control//ENST00000397990.4.wgt.RDat	ENST00000397990.4	14	20688773	20694186	0.0459	rs1760945	 3.32	rs17277550	 1.40e-02	  4.06	 1.29565	39	 3	lasso	0.024	2e-04	 1.29200	1.96e-01
NA	/data/songy4/tes/output/weights_control//ENST00000397995.2.wgt.RDat	ENST00000397995.2	14	20684583	20700093	0.0898	rs1760945	 3.32	rs944438	 3.94e-02	 -5.50	-0.76033	39	 3	lasso	0.072	2.6e-10	 1.35813	1.74e-01
NA	/data/songy4/tes/output/weights_control//ENST00000397002.6.wgt.RDat	ENST00000397002.6	14	24080107	24084625	0.0605	rs12889516	-2.40	rs17256058	 9.40e-04	 -3.01	-0.76159	30	13	enet	0.017	0.0016	 1.07498	2.82e-01
NA	/data/songy4/tes/output/weights_control//ENST00000553470.1.wgt.RDat	ENST00000553470.1	14	73788965	73803270	0.0880	rs10220356	-1.89	rs12717560	 6.15e-02	  5.95	-0.55752	11	 2	lasso	0.073	2e-10	-0.79750	4.25e-01
NA	/data/songy4/tes/output/weights_control//ENST00000553361.5.wgt.RDat	ENST00000553361.5	14	103706332	103715459	0.0477	rs10138062	 3.25	rs3759579	 3.34e-02	  4.42	 1.74757	11	 1	top1	0.033	1.5e-05	 1.74757	8.05e-02
NA	/data/songy4/tes/output/weights_control//ENST00000553359.5.wgt.RDat	ENST00000553359.5	14	100295693	100306533	0.1525	rs2757526	-2.96	rs878078	 5.62e-02	  6.74	-0.97059	11	10	enet	0.16	5.2e-22	-1.52848	1.26e-01
NA	/data/songy4/tes/output/weights_control//ENST00000553413.5.wgt.RDat	ENST00000553413.5	14	100360654	100376311	0.0616	rs2757526	-2.96	rs1191104	 1.32e-02	  3.50	-1.32990	 9	 6	enet	0.022	0.00036	-1.38868	1.65e-01
NA	/data/songy4/tes/output/weights_control//ENST00000553395.5.wgt.RDat	ENST00000553395.5	14	100346769	100375607	0.0522	rs2757526	-2.96	rs1191104	 2.63e-03	  3.39	-1.32990	10	 6	enet	0.014	0.0038	-1.49785	1.34e-01
NA	/data/songy4/tes/output/weights_control//ENST00000553581.1.wgt.RDat	ENST00000553581.1	14	100369109	100376308	0.0820	rs2757526	-2.96	rs1191104	 7.41e-03	  3.57	-1.32990	 9	 6	enet	0.036	6.2e-06	-1.27393	2.03e-01
NA	/data/songy4/tes/output/weights_control//ENST00000553574.1.wgt.RDat	ENST00000553574.1	14	100295893	100298248	0.1097	rs2757526	-2.96	rs878078	 2.83e-02	  5.64	-0.97059	11	 7	enet	0.12	6.7e-16	-0.92825	3.53e-01
NA	/data/songy4/tes/output/weights_control//ENST00000553626.5.wgt.RDat	ENST00000553626.5	14	88385691	88438453	0.0469	rs979812	-6.56	rs10143067	-1.52e-03	  2.76	 1.24038	20	 4	lasso	0.0057	0.046	 0.61984	5.35e-01
NA	/data/songy4/tes/output/weights_control//ENST00000553524.5.wgt.RDat	ENST00000553524.5	14	100354539	100376334	0.0588	rs2757526	-2.96	rs1191104	 1.27e-02	  3.45	-1.32990	 9	 6	enet	0.019	0.00081	-1.43441	1.51e-01
NA	/data/songy4/tes/output/weights_control//ENST00000553553.5.wgt.RDat	ENST00000553553.5	14	100538888	100568491	0.1863	rs2757526	-2.96	rs7152089	 1.62e-01	 -9.28	-1.19608	10	 4	lasso	0.17	1.5e-23	 0.88916	3.74e-01
NA	/data/songy4/tes/output/weights_control//ENST00000553545.5.wgt.RDat	ENST00000553545.5	14	100361730	100375607	0.0671	rs2757526	-2.96	rs1191104	 1.32e-02	  3.52	-1.32990	 9	 6	enet	0.027	8.7e-05	-1.39824	1.62e-01
NA	/data/songy4/tes/output/weights_control//ENST00000551935.5.wgt.RDat	ENST00000551935.5	14	33985381	34462774	0.2892	rs10136071	-2.46	rs1482544	 2.41e-01	-11.32	 0.22857	93	17	enet	0.26	2.1e-36	-0.62101	5.35e-01
NA	/data/songy4/tes/output/weights_control//ENST00000551836.5.wgt.RDat	ENST00000551836.5	14	105474823	105479216	0.0814	rs2816644	-1.99	rs4983413	 5.88e-02	  5.83	-0.06838	 9	 1	top1	0.059	1.1e-08	-0.06838	9.45e-01
NA	/data/songy4/tes/output/weights_control//ENST00000551738.1.wgt.RDat	ENST00000551738.1	14	105478592	105479293	0.0709	rs2816644	-1.99	rs4983413	 5.79e-02	  5.73	-0.06838	 9	 1	top1	0.058	1.4e-08	-0.06838	9.45e-01
NA	/data/songy4/tes/output/weights_control//ENST00000603588.1.wgt.RDat	ENST00000603588.1	14	35121846	35127611	0.0283	rs9671535	 2.88	rs1712355	 1.70e-02	 -3.39	 0.17822	17	 1	top1	0.017	0.0016	-0.17822	8.59e-01
NA	/data/songy4/tes/output/weights_control//ENST00000659555.1.wgt.RDat	ENST00000659555.1	14	88024565	88091683	0.0271	rs979812	-6.56	rs979812	 3.01e-03	  3.11	-6.55914	 7	 3	enet	0.016	0.0023	-2.48440	1.30e-02
NA	/data/songy4/tes/output/weights_control//ENST00000550114.5.wgt.RDat	ENST00000550114.5	14	33985153	34018655	0.3431	rs10136071	-2.46	rs1482544	 2.55e-01	-11.69	 0.22857	73	 5	lasso	0.27	2.3e-38	-0.54800	5.84e-01
NA	/data/songy4/tes/output/weights_control//ENST00000550808.5.wgt.RDat	ENST00000550808.5	14	105463259	105464567	0.0280	rs2816644	-1.99	rs2091918	 4.48e-03	 -3.44	 0.81000	 9	 2	lasso	0.01	0.013	-1.01475	3.10e-01
NA	/data/songy4/tes/output/weights_control//ENST00000550577.5.wgt.RDat	ENST00000550577.5	14	105474814	105480157	0.0758	rs2816644	-1.99	rs4983413	 5.29e-02	  5.57	-0.06838	 9	 1	top1	0.053	5.7e-08	-0.06838	9.45e-01
NA	/data/songy4/tes/output/weights_control//ENST00000552643.5.wgt.RDat	ENST00000552643.5	14	105474837	105480160	0.0782	rs2816644	-1.99	rs4983413	 5.41e-02	  5.64	-0.06838	 9	 1	top1	0.054	4.1e-08	-0.06838	9.45e-01
NA	/data/songy4/tes/output/weights_control//ENST00000552019.1.wgt.RDat	ENST00000552019.1	14	105527105	105528753	0.0253	rs2816644	-1.99	rs9671696	 2.23e-02	 -3.78	-0.12613	 9	 1	top1	0.022	0.00035	 0.12613	9.00e-01
NA	/data/songy4/tes/output/weights_control//ENST00000602957.1.wgt.RDat	ENST00000602957.1	14	71141125	71143253	0.0342	rs36560	-1.96	rs8018565	 8.55e-03	  3.29	 0.50345	13	 2	lasso	0.012	0.0061	 0.76238	4.46e-01
NA	/data/songy4/tes/output/weights_control//ENST00000553921.1.wgt.RDat	ENST00000553921.1	14	88018605	88036319	0.0257	rs979812	-6.56	rs979812	 1.79e-02	  3.63	-6.55914	 7	 1	top1	0.018	0.0012	-6.55914	5.41e-11
NA	/data/songy4/tes/output/weights_control//ENST00000553910.1.wgt.RDat	ENST00000553910.1	14	100114530	100128593	0.0391	rs2614461	-2.12	rs1191104	 8.23e-03	  3.86	-1.32990	13	 3	lasso	0.016	0.0024	-1.54226	1.23e-01
NA	/data/songy4/tes/output/weights_control//ENST00000553909.1.wgt.RDat	ENST00000553909.1	14	20684587	20700576	0.0986	rs1760945	 3.32	rs944438	 4.21e-02	 -5.67	-0.76033	39	 9	enet	0.081	1.6e-11	 1.40834	1.59e-01
NA	/data/songy4/tes/output/weights_control//ENST00000553934.1.wgt.RDat	ENST00000553934.1	14	100369087	100375744	0.0746	rs2757526	-2.96	rs1191104	 5.96e-03	  3.45	-1.32990	 9	 6	enet	0.029	5.2e-05	-1.30169	1.93e-01
NA	/data/songy4/tes/output/weights_control//ENST00000553932.5.wgt.RDat	ENST00000553932.5	14	38749339	38948273	0.0544	rs2899884	-2.07	rs2899884	 1.08e-02	  3.49	-2.06569	19	 8	enet	0.027	9.1e-05	-1.38160	1.67e-01
NA	/data/songy4/tes/output/weights_control//ENST00000554121.2.wgt.RDat	ENST00000554121.2	14	91870227	91878042	0.0615	rs8004687	 2.06	rs2018736	 1.08e-02	  3.47	-0.87129	20	10	enet	0.021	0.00053	-1.04761	2.95e-01
NA	/data/songy4/tes/output/weights_control//ENST00000554102.5.wgt.RDat	ENST00000554102.5	14	88385676	88410783	0.0580	rs979812	-6.56	rs12884581	 3.82e-02	 -4.91	 0.63303	18	 1	top1	0.038	3.7e-06	-0.63303	5.27e-01
NA	/data/songy4/tes/output/weights_control//ENST00000554095.2.wgt.RDat	ENST00000554095.2	14	81032529	81033404	0.0373	rs12323429	-1.45	rs1491489	-1.78e-03	  3.04	-0.19298	13	 6	enet	0.009	0.017	-0.35671	7.21e-01
NA	/data/songy4/tes/output/weights_control//ENST00000554091.5.wgt.RDat	ENST00000554091.5	14	50464078	50532087	0.0539	rs11625706	 1.71	rs3126174	 3.44e-03	 -3.13	-0.37419	15	 4	lasso	0.013	0.0047	-0.64200	5.21e-01
NA	/data/songy4/tes/output/weights_control//ENST00000554140.1.wgt.RDat	ENST00000554140.1	14	100539299	100587413	0.1480	rs2757526	-2.96	rs7152089	 1.21e-01	 -8.11	-1.19608	10	 4	lasso	0.13	1.5e-17	 0.92451	3.55e-01
NA	/data/songy4/tes/output/weights_control//ENST00000554045.5.wgt.RDat	ENST00000554045.5	14	100065432	100144230	0.0350	rs2614461	-2.12	rs1191104	 6.72e-03	  3.54	-1.32990	17	 6	enet	0.016	0.0022	-1.84577	6.49e-02
NA	/data/songy4/tes/output/weights_control//ENST00000554031.5.wgt.RDat	ENST00000554031.5	14	100128621	100141767	0.0360	rs2614461	-2.12	rs1191104	 1.00e-02	  3.63	-1.32990	13	 5	enet	0.019	0.00092	-1.83666	6.63e-02
NA	/data/songy4/tes/output/weights_control//ENST00000554084.5.wgt.RDat	ENST00000554084.5	14	100352883	100361923	0.0554	rs2757526	-2.96	rs1191104	 1.63e-02	  3.53	-1.32990	 9	 6	enet	0.023	0.00031	-1.41389	1.57e-01
NA	/data/songy4/tes/output/weights_control//ENST00000554073.1.wgt.RDat	ENST00000554073.1	14	20684614	20698971	0.1134	rs1760945	 3.32	rs944438	 4.63e-02	 -6.02	-0.76033	39	11	enet	0.095	3.4e-13	 1.48445	1.38e-01
NA	/data/songy4/tes/output/weights_control//ENST00000554060.1.wgt.RDat	ENST00000554060.1	14	100292735	100306490	0.1557	rs2757526	-2.96	rs878078	 5.68e-02	  6.76	-0.97059	11	 8	enet	0.17	2.6e-23	-1.55708	1.19e-01
NA	/data/songy4/tes/output/weights_control//ENST00000553716.5.wgt.RDat	ENST00000553716.5	14	74941841	74955626	0.0499	rs2268613	-4.16	rs2268613	 4.36e-02	  5.01	-4.15873	 8	 1	top1	0.044	8.1e-07	-4.15873	3.20e-05
NA	/data/songy4/tes/output/weights_control//ENST00000553731.1.wgt.RDat	ENST00000553731.1	14	50634828	50665365	0.0468	rs11625706	 1.71	rs3126174	 1.06e-02	 -3.55	-0.37419	14	 4	lasso	0.015	0.0028	-0.35111	7.26e-01
NA	/data/songy4/tes/output/weights_control//ENST00000553760.6.wgt.RDat	ENST00000553760.6	14	82642605	82658089	0.0297	rs1958666	 1.56	rs11626456	 4.11e-03	  2.99	-0.18447	15	 1	top1	0.0041	0.076	-0.18447	8.54e-01
NA	/data/songy4/tes/output/weights_control//ENST00000553732.1.wgt.RDat	ENST00000553732.1	14	75970924	75971587	0.0452	rs17183712	 1.60	rs7156293	 1.97e-02	  3.47	-1.52381	27	13	enet	0.024	0.00024	-0.00117	9.99e-01
NA	/data/songy4/tes/output/weights_control//ENST00000553764.1.wgt.RDat	ENST00000553764.1	14	96039362	96086807	0.0654	rs1057035	-4.90	rs1058102	 1.03e-02	  3.81	 0.52381	50	 3	lasso	0.017	0.0014	 1.26952	2.04e-01
NA	/data/songy4/tes/output/weights_control//ENST00000633440.1.wgt.RDat	ENST00000633440.1	14	35219023	35219283	0.0486	rs9671535	 2.88	rs10135853	 1.11e-02	  3.67	 0.98574	15	 8	enet	0.024	0.00018	-0.81815	4.13e-01
NA	/data/songy4/tes/output/weights_control//ENST00000553694.5.wgt.RDat	ENST00000553694.5	14	100137106	100143863	0.0417	rs2614461	-2.12	rs1191104	 5.47e-03	  3.52	-1.32990	13	 7	enet	0.024	2e-04	-1.88855	5.90e-02
NA	/data/songy4/tes/output/weights_control//ENST00000553875.5.wgt.RDat	ENST00000553875.5	14	100065430	100128721	0.0310	rs2614461	-2.12	rs1191104	 4.77e-03	  3.30	-1.32990	17	 1	top1	0.0048	0.061	-1.32990	1.84e-01
NA	/data/songy4/tes/output/weights_control//ENST00000553792.1.wgt.RDat	ENST00000553792.1	14	22702993	22766560	0.0926	rs226998	 3.56	rs8007096	-7.44e-04	  3.82	 1.25490	55	20	enet	0.03	3.6e-05	 1.28106	2.00e-01
NA	/data/songy4/tes/output/weights_control//ENST00000553782.1.wgt.RDat	ENST00000553782.1	14	96039384	96086809	0.0758	rs1057035	-4.90	rs1058102	 2.04e-02	  4.25	 0.52381	50	 2	lasso	0.033	1.6e-05	 1.23918	2.15e-01
NA	/data/songy4/tes/output/weights_control//ENST00000553774.1.wgt.RDat	ENST00000553774.1	14	50321533	50324116	0.0526	rs1530947	 2.06	rs3126174	 7.75e-03	 -3.37	-0.37419	15	12	enet	0.012	0.0069	 0.51452	6.07e-01
NA	/data/songy4/tes/output/weights_control//ENST00000553769.6.wgt.RDat	ENST00000553769.6	14	100361708	100376309	0.0628	rs2757526	-2.96	rs1191104	 1.29e-02	  3.50	-1.32990	 9	 6	enet	0.021	0.00046	-1.38330	1.67e-01
NA	/data/songy4/tes/output/weights_control//ENST00000553808.5.wgt.RDat	ENST00000553808.5	14	100354193	100375473	0.0604	rs2757526	-2.96	rs1191104	 1.23e-02	  3.43	-1.32990	 9	 6	enet	0.022	0.00038	-1.43110	1.52e-01
NA	/data/songy4/tes/output/weights_control//ENST00000553807.1.wgt.RDat	ENST00000553807.1	14	103703278	103708826	0.0542	rs10138062	 3.25	rs3759579	 3.30e-02	  4.38	 1.74757	11	 3	lasso	0.039	3.4e-06	 1.53304	1.25e-01
NA	/data/songy4/tes/output/weights_control//ENST00000553799.1.wgt.RDat	ENST00000553799.1	14	100135008	100137606	0.0372	rs2614461	-2.12	rs1191104	 8.56e-03	  3.43	-1.32990	13	 3	lasso	0.012	0.0068	-1.44395	1.49e-01
NA	/data/songy4/tes/output/weights_control//ENST00000631724.1.wgt.RDat	ENST00000631724.1	14	35222174	35222746	0.0423	NA	   NA	NA	       NA	    NA	      NA	15	 0	enet	0.015	0.0028	      NA	      NA
NA	/data/songy4/tes/output/weights_control//ENST00000528300.5.wgt.RDat	ENST00000528300.5	14	49991380	50007520	0.0491	rs1530947	 2.06	rs6572633	-8.97e-04	 -2.64	-1.31132	11	 6	enet	0.014	0.0038	 2.33189	1.97e-02
NA	/data/songy4/tes/output/weights_control//ENST00000530176.5.wgt.RDat	ENST00000530176.5	14	49982184	50007520	0.0560	rs1530947	 2.06	rs6572633	 2.05e-03	 -3.23	-1.31132	11	 9	enet	0.022	0.00036	 2.54987	1.08e-02
NA	/data/songy4/tes/output/weights_control//ENST00000529902.2.wgt.RDat	ENST00000529902.2	14	49991555	50006519	0.0794	rs1530947	 2.06	rs6572633	 2.47e-02	 -3.83	-1.31132	10	 9	enet	0.038	3.6e-06	 1.85523	6.36e-02
NA	/data/songy4/tes/output/weights_control//ENST00000529347.1.wgt.RDat	ENST00000529347.1	14	50341038	50342609	0.1216	rs1530947	 2.06	rs7146448	 1.22e-02	 -4.24	 0.89506	15	10	enet	0.061	5.7e-09	 0.35870	7.20e-01
NA	/data/songy4/tes/output/weights_control//ENST00000305631.7.wgt.RDat	ENST00000305631.7	14	100143957	100159645	0.0419	rs2614461	-2.12	rs878078	 5.20e-03	  3.68	-0.97059	13	 3	enet	0.027	8.9e-05	-1.34554	1.78e-01
NA	/data/songy4/tes/output/weights_control//ENST00000534267.5.wgt.RDat	ENST00000534267.5	14	50331926	50341129	0.0554	rs1530947	 2.06	rs7146448	 1.40e-03	 -2.91	 0.89506	16	12	enet	0.0084	0.02	-0.01804	9.86e-01
NA	/data/songy4/tes/output/weights_control//ENST00000632099.1.wgt.RDat	ENST00000632099.1	14	106088122	106088573	0.0431	rs2816644	-1.99	rs6576108	-1.90e-03	 -2.82	-0.95031	 8	 7	enet	0.018	0.0012	 0.42314	6.72e-01
NA	/data/songy4/tes/output/weights_control//ENST00000532405.5.wgt.RDat	ENST00000532405.5	14	92323605	92501483	0.0574	rs10137770	-3.21	rs4904946	 5.72e-03	  3.88	 0.42384	24	 7	enet	0.023	0.00032	-0.91596	3.60e-01
NA	/data/songy4/tes/output/weights_control//ENST00000533506.5.wgt.RDat	ENST00000533506.5	14	49990990	49993134	0.0212	rs1530947	 2.06	rs3126174	 3.05e-03	 -2.88	-0.37419	 8	 4	enet	0.017	0.0018	 2.25340	2.42e-02
NA	/data/songy4/tes/output/weights_control//ENST00000434716.6.wgt.RDat	ENST00000434716.6	14	100949050	100956222	0.0401	rs2757526	-2.96	rs7152089	 6.40e-03	 -3.51	-1.19608	19	 2	lasso	0.0077	0.024	 1.26914	2.04e-01
NA	/data/songy4/tes/output/weights_control//ENST00000304625.3.wgt.RDat	ENST00000304625.3	14	20955487	20956436	0.0873	rs1760945	 3.32	rs6571499	 4.19e-02	  5.03	 1.94393	50	11	enet	0.042	1.3e-06	 2.48472	1.30e-02
NA	/data/songy4/tes/output/weights_control//ENST00000415220.6.wgt.RDat	ENST00000415220.6	14	29576942	29927642	0.0573	rs6571322	-2.45	rs6571322	 5.89e-02	  5.76	-2.45455	17	 1	top1	0.059	1e-08	-2.45455	1.41e-02
NA	/data/songy4/tes/output/weights_control//ENST00000611068.1.wgt.RDat	ENST00000611068.1	14	59596328	59870752	0.0450	rs8020436	 1.91	rs1253035	 3.13e-02	 -4.21	-0.87654	20	 3	lasso	0.036	6.7e-06	 0.63454	5.26e-01
NA	/data/songy4/tes/output/weights_control//ENST00000389594.7.wgt.RDat	ENST00000389594.7	14	66486354	66498552	0.0291	rs10131880	-2.01	rs10150616	 1.27e-02	  3.15	 1.46847	12	 1	top1	0.013	0.0056	 1.46847	1.42e-01
NA	/data/songy4/tes/output/weights_control//ENST00000526748.1.wgt.RDat	ENST00000526748.1	14	75069674	75078091	0.0302	rs2268613	-4.16	rs3784024	-6.76e-04	 -2.92	 0.20863	 8	 6	enet	0.0041	0.076	-1.62353	1.04e-01
NA	/data/songy4/tes/output/weights_control//ENST00000525911.5.wgt.RDat	ENST00000525911.5	14	50330112	50339029	0.0724	rs1530947	 2.06	rs7146448	 5.44e-03	 -3.23	 0.89506	16	 5	lasso	0.015	0.0028	-0.44803	6.54e-01
NA	/data/songy4/tes/output/weights_control//ENST00000525557.5.wgt.RDat	ENST00000525557.5	14	92439364	92496252	0.0565	rs10137770	-3.14	rs4904946	 2.26e-02	  4.21	 0.42384	22	 1	top1	0.023	0.00032	 0.42384	6.72e-01
NA	/data/songy4/tes/output/weights_control//ENST00000547643.5.wgt.RDat	ENST00000547643.5	14	105474832	105480152	0.0764	rs2816644	-1.99	rs4983413	 5.36e-02	  5.60	-0.06838	 9	 1	top1	0.054	4.8e-08	-0.06838	9.45e-01
NA	/data/songy4/tes/output/weights_control//ENST00000548989.5.wgt.RDat	ENST00000548989.5	14	105475859	105480161	0.0723	rs2816644	-1.99	rs4983413	 6.16e-02	  5.85	-0.06838	 9	 1	top1	0.062	4.7e-09	-0.06838	9.45e-01
NA	/data/songy4/tes/output/weights_control//ENST00000548923.5.wgt.RDat	ENST00000548923.5	14	105475311	105478776	0.0725	rs2816644	-1.99	rs4983413	 5.68e-02	  5.68	-0.06838	 9	 1	top1	0.057	1.9e-08	-0.06838	9.45e-01
NA	/data/songy4/tes/output/weights_control//ENST00000431372.1.wgt.RDat	ENST00000431372.1	14	105528624	105530202	0.0353	rs2816644	-1.99	rs9671696	 2.11e-02	 -3.63	-0.12613	 9	 3	lasso	0.021	0.00048	-0.11850	9.06e-01
NA	/data/songy4/tes/output/weights_control//ENST00000548309.1.wgt.RDat	ENST00000548309.1	14	105476764	105480124	0.0619	rs2816644	-1.99	rs4983413	 5.25e-02	  5.51	-0.06838	 9	 1	top1	0.053	6.4e-08	-0.06838	9.45e-01
NA	/data/songy4/tes/output/weights_control//ENST00000660476.1.wgt.RDat	ENST00000660476.1	14	77073907	77076367	0.0556	rs1676241	-2.03	rs4903539	 4.53e-02	 -5.08	-0.34375	36	 1	top1	0.045	5.1e-07	 0.34375	7.31e-01
NA	/data/songy4/tes/output/weights_control//ENST00000660665.1.wgt.RDat	ENST00000660665.1	14	88024593	88091683	0.0206	rs979812	-6.56	rs979812	 9.51e-04	  2.96	-6.55914	 7	 1	top1	0.00095	0.22	-6.55914	5.41e-11
NA	/data/songy4/tes/output/weights_control//ENST00000538259.2.wgt.RDat	ENST00000538259.2	14	105474818	105480067	0.0798	rs2816644	-1.99	rs4983413	 5.76e-02	  5.79	-0.06838	 9	 1	top1	0.058	1.5e-08	-0.06838	9.45e-01
NA	/data/songy4/tes/output/weights_control//ENST00000537850.1.wgt.RDat	ENST00000537850.1	14	22418355	22432739	0.0461	rs10134091	-2.25	rs1882705	 4.06e-02	 -4.89	-0.66000	30	 1	top1	0.041	1.9e-06	 0.66000	5.09e-01
NA	/data/songy4/tes/output/weights_control//ENST00000660394.1.wgt.RDat	ENST00000660394.1	14	88024550	88087164	0.0214	rs979812	-6.56	rs979812	 2.22e-02	  3.67	-6.55914	 7	 1	top1	0.022	0.00035	-6.55914	5.41e-11
NA	/data/songy4/tes/output/weights_control//ENST00000432103.6.wgt.RDat	ENST00000432103.6	14	59596005	59727713	0.0483	rs8020436	 1.91	rs1253035	 3.40e-02	 -4.39	-0.87654	20	 2	lasso	0.045	5.8e-07	 0.43726	6.62e-01
NA	/data/songy4/tes/output/weights_control//ENST00000544450.6.wgt.RDat	ENST00000544450.6	14	100019382	100140117	0.0398	rs2614461	-2.12	rs878078	 7.17e-03	  3.59	-0.97059	18	 6	enet	0.023	0.00028	-1.52673	1.27e-01
NA	/data/songy4/tes/output/weights_control//ENST00000311459.12.wgt.RDat	ENST00000311459.12	14	50312324	50327957	0.0442	rs1530947	 2.06	rs3126174	 6.76e-03	 -3.42	-0.37419	16	 6	enet	0.018	0.0012	 0.36599	7.14e-01
NA	/data/songy4/tes/output/weights_control//ENST00000660008.1.wgt.RDat	ENST00000660008.1	14	77069169	77076194	0.0837	rs1676241	-2.03	rs4903539	 6.87e-02	 -6.18	-0.34375	36	 1	top1	0.069	6.1e-10	 0.34375	7.31e-01
NA	/data/songy4/tes/output/weights_control//ENST00000660271.1.wgt.RDat	ENST00000660271.1	14	88024580	88091683	0.0197	rs979812	-6.56	rs979812	 4.62e-03	  3.10	-6.55914	 7	 1	top1	0.0046	0.064	-6.55914	5.41e-11
NA	/data/songy4/tes/output/weights_control//ENST00000541658.2.wgt.RDat	ENST00000541658.2	14	35235180	35235651	0.0300	rs9671535	 2.88	rs10135853	 6.47e-03	  3.42	 0.98574	15	 4	lasso	0.011	0.009	 0.53452	5.93e-01
NA	/data/songy4/tes/output/weights_control//ENST00000660156.1.wgt.RDat	ENST00000660156.1	14	77073907	77076386	0.0557	rs1676241	-2.03	rs4903539	 4.50e-02	 -5.07	-0.34375	36	 1	top1	0.045	5.4e-07	 0.34375	7.31e-01
NA	/data/songy4/tes/output/weights_control//ENST00000542671.5.wgt.RDat	ENST00000542671.5	14	50338946	50342490	0.1160	rs1530947	 2.06	rs7146448	 1.28e-02	 -4.26	 0.89506	16	12	enet	0.059	1.1e-08	 0.60709	5.44e-01
NA	/data/songy4/tes/output/weights_control//ENST00000542471.2.wgt.RDat	ENST00000542471.2	14	100382000	100530290	0.0594	rs2757526	-2.96	rs1191104	-3.50e-04	  3.51	-1.32990	11	 5	enet	0.029	4.6e-05	-2.73474	6.24e-03
NA	/data/songy4/tes/output/weights_control//ENST00000358655.8.wgt.RDat	ENST00000358655.8	14	100333802	100376335	0.0428	rs2757526	-2.96	rs1191104	 2.13e-03	  3.22	-1.32990	10	 6	enet	0.0091	0.016	-1.47644	1.40e-01
NA	/data/songy4/tes/output/weights_control//ENST00000656379.1.wgt.RDat	ENST00000656379.1	14	22197446	22432734	0.0464	rs7148741	 2.61	rs1882705	 3.98e-02	 -4.83	-0.66000	35	 3	enet	0.042	1.2e-06	 0.39826	6.90e-01
NA	/data/songy4/tes/output/weights_control//ENST00000656018.1.wgt.RDat	ENST00000656018.1	14	88024550	88097224	0.0221	rs979812	-6.56	rs979812	 6.98e-03	  3.17	-6.55914	 7	 3	enet	0.012	0.0063	-2.38260	1.72e-02
NA	/data/songy4/tes/output/weights_control//ENST00000334389.5.wgt.RDat	ENST00000334389.5	14	62118624	62130962	0.0436	rs17805820	-2.80	rs17099516	 9.73e-04	 -3.15	 0.00806	16	10	enet	0.011	0.0094	 0.60170	5.47e-01
NA	/data/songy4/tes/output/weights_control//ENST00000568290.1.wgt.RDat	ENST00000568290.1	14	92044806	92050646	0.0464	rs8004687	 2.06	rs2498852	 1.72e-02	  3.42	 1.26596	23	 1	top1	0.017	0.0015	 1.26596	2.06e-01
NA	/data/songy4/tes/output/weights_control//ENST00000348520.10.wgt.RDat	ENST00000348520.10	14	103629177	103714249	0.0401	rs10138062	 3.25	rs3759579	 2.84e-02	  4.02	 1.74757	12	 3	enet	0.034	1.2e-05	 1.61986	1.05e-01
NA	/data/songy4/tes/output/weights_control//ENST00000342058.8.wgt.RDat	ENST00000342058.8	14	91870042	91947823	0.0932	rs8004687	 2.06	rs2498852	 3.13e-02	  4.17	 1.26596	23	12	enet	0.06	8e-09	 0.35873	7.20e-01
NA	/data/songy4/tes/output/weights_control//ENST00000353777.7.wgt.RDat	ENST00000353777.7	14	72926377	72959592	0.0611	rs8005548	 2.28	rs17182027	 5.15e-02	  5.50	-1.70103	34	 1	top1	0.051	8.6e-08	-1.70103	8.89e-02
NA	/data/songy4/tes/output/weights_control//ENST00000655593.1.wgt.RDat	ENST00000655593.1	14	38738155	38837511	0.0819	rs2899884	-2.07	rs10130398	 1.76e-02	 -3.34	 1.03846	17	12	enet	0.035	9.4e-06	-1.95977	5.00e-02
NA	/data/songy4/tes/output/weights_control//ENST00000656043.1.wgt.RDat	ENST00000656043.1	14	88036880	88045481	0.0381	rs979812	-6.56	rs979812	 3.34e-02	  4.45	-6.55914	 7	 1	top1	0.033	1.5e-05	-6.55914	5.41e-11
NA	/data/songy4/tes/output/weights_control//ENST00000426751.7.wgt.RDat	ENST00000426751.7	14	50312324	50322892	0.0316	rs1530947	 2.06	rs3126174	 7.09e-03	 -2.99	-0.37419	15	 8	enet	0.0082	0.021	 0.32137	7.48e-01
NA	/data/songy4/tes/output/weights_control//ENST00000322564.9.wgt.RDat	ENST00000322564.9	14	69484728	69531551	0.1193	rs194772	-2.37	rs1295821	 6.72e-02	  6.30	 1.10680	31	 2	lasso	0.068	8.6e-10	 1.05177	2.93e-01
NA	/data/songy4/tes/output/weights_control//ENST00000355338.6.wgt.RDat	ENST00000355338.6	14	100333818	100376805	0.0432	rs2757526	-2.96	rs1191104	 2.01e-03	  3.21	-1.32990	10	 6	enet	0.0092	0.016	-1.43259	1.52e-01
NA	/data/songy4/tes/output/weights_control//ENST00000656466.1.wgt.RDat	ENST00000656466.1	14	88036937	88039662	0.0252	rs979812	-6.56	rs979812	 1.72e-02	  3.43	-6.55914	 7	 1	top1	0.017	0.0015	-6.55914	5.41e-11
NA	/data/songy4/tes/output/weights_control//ENST00000342503.8.wgt.RDat	ENST00000342503.8	14	59595977	59630814	0.0619	rs8020436	 1.91	rs1253035	 3.60e-02	 -4.56	-0.87654	20	 1	top1	0.036	7.1e-06	 0.87654	3.81e-01
NA	/data/songy4/tes/output/weights_control//ENST00000658315.1.wgt.RDat	ENST00000658315.1	14	20872560	20873848	0.0613	rs1760945	 3.32	rs6571499	 4.45e-02	  5.20	 1.94393	49	 1	top1	0.044	6.3e-07	 1.94393	5.19e-02
NA	/data/songy4/tes/output/weights_control//ENST00000324679.5.wgt.RDat	ENST00000324679.5	14	50633580	50668306	0.0414	rs11625706	 1.71	rs3126174	 2.17e-02	 -3.55	-0.37419	14	 1	top1	0.022	0.00041	 0.37419	7.08e-01
NA	/data/songy4/tes/output/weights_control//ENST00000359232.8.wgt.RDat	ENST00000359232.8	14	100291116	100306444	0.1499	rs2757526	-2.96	rs878078	 5.40e-02	  6.54	-0.97059	11	 7	enet	0.16	2e-22	-1.62920	1.03e-01
NA	/data/songy4/tes/output/weights_control//ENST00000650620.1.wgt.RDat	ENST00000650620.1	14	22701476	22766457	0.0461	rs226998	 3.56	rs8007096	-9.11e-04	  3.45	 1.25490	55	15	enet	0.0014	0.19	 2.09666	3.60e-02
NA	/data/songy4/tes/output/weights_control//ENST00000358473.2.wgt.RDat	ENST00000358473.2	14	50319234	50335558	0.0376	rs1530947	 2.06	rs12437060	-1.18e-03	 -2.69	 0.71698	16	11	enet	0.0092	0.016	 0.58361	5.59e-01
NA	/data/songy4/tes/output/weights_control//ENST00000656156.1.wgt.RDat	ENST00000656156.1	14	88024528	88097639	0.0275	rs979812	-6.56	rs449615	-1.38e-03	  2.80	 2.40323	 7	 3	enet	0.0024	0.13	-0.29599	7.67e-01
NA	/data/songy4/tes/output/weights_control//ENST00000655147.1.wgt.RDat	ENST00000655147.1	14	54684755	54687918	0.0522	rs1202667	-3.00	rs8009711	 3.23e-02	 -4.72	 0.55738	23	 1	top1	0.032	2e-05	-0.55738	5.77e-01
NA	/data/songy4/tes/output/weights_control//ENST00000655110.1.wgt.RDat	ENST00000655110.1	14	88036926	88038489	0.0439	rs979812	-6.56	rs979812	 3.57e-02	  4.64	-6.55914	 7	 1	top1	0.036	7.6e-06	-6.55914	5.41e-11
NA	/data/songy4/tes/output/weights_control//ENST00000358377.7.wgt.RDat	ENST00000358377.7	14	72926464	72959703	0.0783	rs8005548	 2.28	rs17182027	 6.90e-02	  6.27	-1.70103	34	 1	top1	0.069	5.7e-10	-1.70103	8.89e-02
NA	/data/songy4/tes/output/weights_control//ENST00000564606.6.wgt.RDat	ENST00000564606.6	14	92044775	92049786	0.1125	rs8004687	 2.06	rs2498852	 9.24e-02	  7.15	 1.26596	23	 1	top1	0.092	6.4e-13	 1.26596	2.06e-01
NA	/data/songy4/tes/output/weights_control//ENST00000329146.8.wgt.RDat	ENST00000329146.8	14	105474150	105480170	0.0488	rs2816644	-1.99	rs4983413	 3.77e-02	  4.76	-0.06838	 9	 1	top1	0.038	4.3e-06	-0.06838	9.45e-01
NA	/data/songy4/tes/output/weights_control//ENST00000647580.1.wgt.RDat	ENST00000647580.1	14	76958098	77000609	0.0578	rs1676241	-2.03	rs12881294	 1.77e-02	 -3.56	-0.38168	37	 1	top1	0.018	0.0013	 0.38168	7.03e-01
NA	/data/songy4/tes/output/weights_control//ENST00000355173.6.wgt.RDat	ENST00000355173.6	14	100537149	100569794	0.1460	rs2757526	-2.96	rs7152089	 1.05e-01	 -7.54	-1.19608	10	10	enet	0.12	6.1e-17	 0.40432	6.86e-01
NA	/data/songy4/tes/output/weights_control//ENST00000331968.10.wgt.RDat	ENST00000331968.10	14	29576479	29927847	0.0330	rs6571322	-2.45	rs6571322	 3.60e-02	  4.66	-2.45455	17	 1	top1	0.036	7e-06	-2.45455	1.41e-02
NA	/data/songy4/tes/output/weights_control//ENST00000658223.1.wgt.RDat	ENST00000658223.1	14	49990944	49993121	0.0212	rs1530947	 2.06	rs3126174	 1.02e-03	 -2.86	-0.37419	 8	 4	enet	0.015	0.0031	 2.20142	2.77e-02
NA	/data/songy4/tes/output/weights_control//ENST00000341211.5.wgt.RDat	ENST00000341211.5	14	77800139	77933952	0.0658	rs8021076	 3.89	rs10140793	 1.63e-02	 -3.69	 0.29358	25	 3	lasso	0.042	1.4e-06	-0.15708	8.75e-01
NA	/data/songy4/tes/output/weights_control//ENST00000359454.10.wgt.RDat	ENST00000359454.10	14	66486371	66498553	0.0313	rs10131880	-2.01	rs10150616	 1.67e-02	  3.33	 1.46847	12	 1	top1	0.017	0.0018	 1.46847	1.42e-01
NA	/data/songy4/tes/output/weights_control//ENST00000658492.1.wgt.RDat	ENST00000658492.1	14	38747958	38948243	0.0866	rs2899884	-2.07	rs12434593	 5.56e-03	  3.33	 1.68000	19	 9	enet	0.046	3.7e-07	-0.96492	3.35e-01
NA	/data/songy4/tes/output/weights_control//ENST00000650718.1.wgt.RDat	ENST00000650718.1	14	38749354	38948246	0.0538	rs2899884	-2.07	rs2899884	-6.18e-04	  2.84	-2.06569	19	 8	enet	0.016	0.0024	-1.63390	1.02e-01
NA	/data/songy4/tes/output/weights_control//ENST00000340722.8.wgt.RDat	ENST00000340722.8	14	95686426	95692628	0.0612	rs1057035	-4.90	rs1748952	 1.27e-02	 -4.88	-1.57426	58	 5	enet	0.026	0.00012	 2.08820	3.68e-02
NA	/data/songy4/tes/output/weights_control//ENST00000654295.1.wgt.RDat	ENST00000654295.1	14	38749345	38948246	0.0566	rs2899884	-2.07	rs2899884	 1.49e-02	  3.05	-2.06569	19	11	enet	0.019	0.001	-2.34558	1.90e-02
NA	/data/songy4/tes/output/weights_control//ENST00000344102.9.wgt.RDat	ENST00000344102.9	14	100333828	100375608	0.0445	rs2757526	-2.96	rs1191104	 2.19e-03	  3.23	-1.32990	10	 6	enet	0.0098	0.013	-1.45366	1.46e-01
NA	/data/songy4/tes/output/weights_control//ENST00000654425.1.wgt.RDat	ENST00000654425.1	14	52792289	52799636	0.0328	rs17125636	 1.68	rs1253685	-1.88e-03	  2.34	-0.21176	11	10	enet	0.01	0.012	-0.27549	7.83e-01
NA	/data/songy4/tes/output/weights_control//ENST00000654427.1.wgt.RDat	ENST00000654427.1	14	88024553	88091677	0.0255	rs979812	-6.56	rs979812	 7.16e-03	  3.19	-6.55914	 7	 1	top1	0.0072	0.029	-6.55914	5.41e-11
NA	/data/songy4/tes/output/weights_control//ENST00000356583.9.wgt.RDat	ENST00000356583.9	14	88385668	88438458	0.0394	rs979812	-6.56	rs10143067	 1.99e-03	  3.17	 1.24038	20	13	enet	0.0049	0.058	 0.25084	8.02e-01
NA	/data/songy4/tes/output/weights_control//ENST00000335290.10.wgt.RDat	ENST00000335290.10	14	100376494	100530303	0.0594	rs2757526	-2.96	rs7157731	 1.10e-03	  3.71	-0.78571	11	 6	enet	0.022	0.00043	-1.89692	5.78e-02
NA	/data/songy4/tes/output/weights_control//ENST00000648102.1.wgt.RDat	ENST00000648102.1	14	54684753	54687912	0.0554	rs1202667	-3.00	rs8009711	 3.38e-02	 -4.80	 0.55738	23	 1	top1	0.034	1.3e-05	-0.55738	5.77e-01
NA	/data/songy4/tes/output/weights_control//ENST00000658895.1.wgt.RDat	ENST00000658895.1	14	77073907	77076392	0.0593	rs1676241	-2.03	rs4903539	 4.57e-02	 -5.11	-0.34375	36	 1	top1	0.046	4.5e-07	 0.34375	7.31e-01
NA	/data/songy4/tes/output/weights_control//ENST00000336811.10.wgt.RDat	ENST00000336811.10	14	20684177	20694186	0.0728	rs1760945	 3.32	rs17277550	 2.18e-02	  4.70	 1.29565	39	 5	enet	0.053	5.5e-08	 1.15615	2.48e-01
