PANEL	FILE	ID	CHR	P0	P1	HSQ	BEST.GWAS.ID	BEST.GWAS.Z	EQTL.ID	EQTL.R2	EQTL.Z	EQTL.GWAS.Z	NSNP	NWGT	MODEL	MODELCV.R2	MODELCV.PV	TWAS.Z	TWAS.P
NA	/data/songy4/tes/output/weights_control//ENST00000518513.1.wgt.RDat	ENST00000518513.1	8	2143349	2144766	0.1674	rs12716586	 2.896	rs6990007	 3.41e-02	-5.78	-1.08081	 52	24	enet	0.1	3.3e-14	 0.1557	8.76e-01
NA	/data/songy4/tes/output/weights_control//ENST00000518531.5.wgt.RDat	ENST00000518531.5	8	23028265	23030872	0.0613	rs2942202	-2.527	rs4872011	 1.13e-02	 3.59	 0.74490	 40	 6	enet	0.026	0.00014	 0.7174	4.73e-01
NA	/data/songy4/tes/output/weights_control//ENST00000518539.2.wgt.RDat	ENST00000518539.2	8	1971397	1976478	0.0779	rs4876132	 2.718	rs6558568	 4.19e-03	-4.00	 2.11765	 49	22	enet	0.023	0.00031	-2.1453	3.19e-02
NA	/data/songy4/tes/output/weights_control//ENST00000518542.1.wgt.RDat	ENST00000518542.1	8	19420383	19495191	0.0603	rs7005359	 2.523	rs1472165	 2.01e-02	 3.64	-1.12500	 39	 1	top1	0.02	0.00064	-1.1250	2.61e-01
NA	/data/songy4/tes/output/weights_control//ENST00000665207.1.wgt.RDat	ENST00000665207.1	8	12115811	12148037	0.0313	rs1293298	 8.158	rs6530975	 4.08e-03	 3.07	-0.80385	  9	 5	lasso	0.0067	0.033	-0.2228	8.24e-01
NA	/data/songy4/tes/output/weights_control//ENST00000519726.2.wgt.RDat	ENST00000519726.2	8	8167819	8226614	0.0924	rs6981750	 1.637	rs12678166	 3.46e-02	-4.57	-0.92287	  7	 4	lasso	0.052	6.9e-08	 1.9321	5.33e-02
NA	/data/songy4/tes/output/weights_control//ENST00000612167.4.wgt.RDat	ENST00000612167.4	8	2127735	2144910	0.1685	rs12716586	 2.896	rs2294073	 4.57e-02	 5.95	 1.28846	 53	20	enet	0.091	1e-12	 0.4443	6.57e-01
NA	/data/songy4/tes/output/weights_control//ENST00000511783.2.wgt.RDat	ENST00000511783.2	8	15623080	15758277	0.0606	rs2543147	-2.323	rs2543112	 4.79e-03	-3.49	 0.26042	 23	 2	lasso	0.026	0.00012	-0.9749	3.30e-01
NA	/data/songy4/tes/output/weights_control//ENST00000529894.1.wgt.RDat	ENST00000529894.1	8	11494390	11564528	0.0607	rs1293298	 8.158	rs7820492	 1.66e-02	-3.77	-0.75248	 16	 9	enet	0.027	8.5e-05	 4.2645	2.00e-05
NA	/data/songy4/tes/output/weights_control//ENST00000519392.5.wgt.RDat	ENST00000519392.5	8	9679754	9707008	0.0481	rs587059	 2.396	rs2975684	-1.87e-03	-3.15	-1.27778	 16	 7	enet	0.0071	0.03	 0.3966	6.92e-01
NA	/data/songy4/tes/output/weights_control//ENST00000519393.6.wgt.RDat	ENST00000519393.6	8	2666027	2728452	0.0471	rs12716586	 2.896	rs6993396	 3.19e-03	 3.57	 0.71963	 39	 5	enet	0.02	0.00069	 1.5668	1.17e-01
NA	/data/songy4/tes/output/weights_control//ENST00000519650.5.wgt.RDat	ENST00000519650.5	8	27311567	27322817	0.0448	rs13261706	 2.185	rs6986075	 3.89e-02	-4.72	-0.96970	 23	 1	top1	0.039	3.1e-06	 0.9697	3.32e-01
NA	/data/songy4/tes/output/weights_control//ENST00000530034.1.wgt.RDat	ENST00000530034.1	8	72429620	72430112	0.0594	rs1373865	-2.693	rs10957535	 4.06e-03	 4.01	-0.23353	 40	14	enet	0.013	0.0045	 0.0888	9.29e-01
NA	/data/songy4/tes/output/weights_control//ENST00000518549.1.wgt.RDat	ENST00000518549.1	8	67483282	67746343	0.0315	rs4737773	 2.103	rs16932710	-1.72e-03	 2.16	 0.24060	  6	 6	enet	0.0059	0.043	-0.2026	8.39e-01
NA	/data/songy4/tes/output/weights_control//ENST00000519960.5.wgt.RDat	ENST00000519960.5	8	22398228	22408407	0.0623	rs2280104	 5.673	rs7819400	 8.67e-03	 3.81	 0.87603	 45	 1	top1	0.0087	0.018	 0.8760	3.81e-01
NA	/data/songy4/tes/output/weights_control//ENST00000519240.5.wgt.RDat	ENST00000519240.5	8	32721845	32756475	0.0411	rs7005288	 1.175	rs2439273	-1.30e-03	 3.19	-0.26429	 16	 7	enet	0.0052	0.053	-0.2239	8.23e-01
NA	/data/songy4/tes/output/weights_control//ENST00000518593.5.wgt.RDat	ENST00000518593.5	8	61825348	61944180	0.0432	rs1866694	-2.393	rs6984384	 1.14e-02	-3.01	-0.13462	 16	 1	top1	0.011	0.0083	 0.1346	8.93e-01
NA	/data/songy4/tes/output/weights_control//ENST00000519692.1.wgt.RDat	ENST00000519692.1	8	23336208	23366125	0.0777	rs2942202	-2.527	rs17089521	 2.90e-03	 3.45	 0.89516	 30	11	enet	0.065	2e-09	-0.0211	9.83e-01
NA	/data/songy4/tes/output/weights_control//ENST00000519243.1.wgt.RDat	ENST00000519243.1	8	23368065	23404226	0.0557	rs2942202	-2.527	rs732563	 1.30e-02	 3.85	 1.30928	 29	 3	lasso	0.015	0.0025	 0.8341	4.04e-01
NA	/data/songy4/tes/output/weights_control//ENST00000519840.1.wgt.RDat	ENST00000519840.1	8	71675300	71702786	0.0255	rs10504477	 1.673	rs10957535	 1.70e-02	 3.72	-0.23353	 10	 1	top1	0.017	0.0016	-0.2335	8.15e-01
NA	/data/songy4/tes/output/weights_control//ENST00000520066.5.wgt.RDat	ENST00000520066.5	8	119616253	119638814	0.0429	rs10955876	 2.529	rs13438904	-5.70e-04	-3.32	-0.09155	 19	 3	lasso	7e-04	0.24	 0.0471	9.62e-01
NA	/data/songy4/tes/output/weights_control//ENST00000518322.6.wgt.RDat	ENST00000518322.6	8	93700550	93731527	0.0322	rs279481	-2.180	rs543027	 2.54e-03	-2.98	-2.08929	  9	 5	enet	0.0058	0.044	 1.0051	3.15e-01
NA	/data/songy4/tes/output/weights_control//ENST00000666066.1.wgt.RDat	ENST00000666066.1	8	2665968	2728386	0.0572	rs12716586	 2.896	rs6993396	 2.86e-02	 4.36	 0.71963	 39	 1	top1	0.029	5.7e-05	 0.7196	4.72e-01
NA	/data/songy4/tes/output/weights_control//ENST00000530568.5.wgt.RDat	ENST00000530568.5	8	38428012	38466663	0.0418	rs7821911	 1.793	rs1541897	 2.79e-02	-4.28	 0.50495	 17	 1	top1	0.028	7e-05	-0.5050	6.14e-01
NA	/data/songy4/tes/output/weights_control//ENST00000665048.1.wgt.RDat	ENST00000665048.1	8	2673504	2728417	0.0405	rs12716586	 2.896	rs6993396	-1.86e-04	 3.78	 0.71963	 39	 4	enet	0.0036	0.09	 0.6766	4.99e-01
NA	/data/songy4/tes/output/weights_control//ENST00000518288.5.wgt.RDat	ENST00000518288.5	8	1824015	1958641	0.0831	rs7017774	 2.794	rs2294030	 3.54e-03	 3.48	-0.19847	 51	19	enet	0.0052	0.054	-2.0925	3.64e-02
NA	/data/songy4/tes/output/weights_control//ENST00000518281.5.wgt.RDat	ENST00000518281.5	8	9575007	9776929	0.0664	rs1551790	-2.790	rs2975684	-9.47e-04	-3.55	-1.27778	 24	11	enet	0.002	0.15	-0.6014	5.48e-01
NA	/data/songy4/tes/output/weights_control//ENST00000441698.6.wgt.RDat	ENST00000441698.6	8	10054370	10428365	0.0406	rs587059	 2.396	rs11785067	 1.47e-02	 3.56	 1.36283	 24	 1	top1	0.015	0.0031	 1.3628	1.73e-01
NA	/data/songy4/tes/output/weights_control//ENST00000520072.5.wgt.RDat	ENST00000520072.5	8	2118865	2140818	0.1676	rs12716586	 2.896	rs6990007	 2.79e-02	-5.40	-1.08081	 54	23	enet	0.079	2.7e-11	 0.2816	7.78e-01
NA	/data/songy4/tes/output/weights_control//ENST00000519930.1.wgt.RDat	ENST00000519930.1	8	9720456	9730973	0.0457	rs587059	 2.396	rs2975684	-7.83e-04	-3.27	-1.27778	 16	 7	enet	0.0052	0.053	-0.6208	5.35e-01
NA	/data/songy4/tes/output/weights_control//ENST00000520298.5.wgt.RDat	ENST00000520298.5	8	2140743	2145438	0.1688	rs12716586	 2.896	rs2294073	 4.41e-02	 5.77	 1.28846	 52	27	enet	0.096	1.9e-13	 0.1696	8.65e-01
NA	/data/songy4/tes/output/weights_control//ENST00000524371.5.wgt.RDat	ENST00000524371.5	8	17655871	17693338	0.0594	rs1353035	-2.101	rs17124760	 1.47e-03	 3.10	-0.63354	 31	22	enet	0.024	0.00021	 0.4222	6.73e-01
NA	/data/songy4/tes/output/weights_control//ENST00000519927.5.wgt.RDat	ENST00000519927.5	8	71529407	71548187	0.0289	rs10504477	 1.673	rs10957535	 1.68e-02	 3.60	-0.23353	  6	 1	top1	0.017	0.0017	-0.2335	8.15e-01
NA	/data/songy4/tes/output/weights_control//ENST00000519910.1.wgt.RDat	ENST00000519910.1	8	23028540	23049927	0.0713	rs2942202	-2.527	rs4872011	 3.76e-03	 3.48	 0.74490	 43	 9	enet	0.034	1.1e-05	 0.0886	9.29e-01
NA	/data/songy4/tes/output/weights_control//ENST00000519301.6.wgt.RDat	ENST00000519301.6	8	31639222	32764405	0.0576	rs10503899	 2.198	rs2439273	 6.91e-03	 3.52	-0.26429	 26	13	enet	0.018	0.0013	-0.6143	5.39e-01
NA	/data/songy4/tes/output/weights_control//ENST00000529146.6.wgt.RDat	ENST00000529146.6	8	12182096	12191844	0.0258	rs1293298	 8.158	rs7002807	 1.99e-02	-3.61	 1.22330	  7	 1	top1	0.02	0.00069	-1.2233	2.21e-01
NA	/data/songy4/tes/output/weights_control//ENST00000526708.6.wgt.RDat	ENST00000526708.6	8	12185376	12194098	0.0308	rs1293298	 8.158	rs7002807	 1.32e-02	-3.16	 1.22330	  7	 1	top1	0.013	0.0049	-1.2233	2.21e-01
NA	/data/songy4/tes/output/weights_control//ENST00000526818.1.wgt.RDat	ENST00000526818.1	8	12205759	12206389	0.0653	rs1293298	 8.158	rs1293298	 2.47e-02	-4.43	 8.15789	  8	 2	lasso	0.051	9.1e-08	-4.9493	7.45e-07
NA	/data/songy4/tes/output/weights_control//ENST00000526778.1.wgt.RDat	ENST00000526778.1	8	11549994	11556788	0.0576	rs1293298	 8.158	rs1293298	 1.46e-02	 3.46	 8.15789	 16	 4	lasso	0.023	0.00026	 5.2086	1.90e-07
NA	/data/songy4/tes/output/weights_control//ENST00000415886.2.wgt.RDat	ENST00000415886.2	8	103371550	103376051	0.0440	rs10955290	 3.214	rs10505018	-1.67e-03	-2.74	-2.14045	 33	12	enet	0.00055	0.26	 3.9168	8.97e-05
NA	/data/songy4/tes/output/weights_control//ENST00000519106.2.wgt.RDat	ENST00000519106.2	8	8701937	8704096	0.0401	rs1551790	-2.790	rs1112331	 2.10e-02	-3.74	-1.40816	 20	 1	top1	0.021	5e-04	 1.4082	1.59e-01
NA	/data/songy4/tes/output/weights_control//ENST00000527114.5.wgt.RDat	ENST00000527114.5	8	38414779	38420344	0.0519	rs7821911	 1.793	rs1541897	 4.50e-02	-5.20	 0.50495	 17	 1	top1	0.045	5.5e-07	-0.5050	6.14e-01
NA	/data/songy4/tes/output/weights_control//ENST00000519147.1.wgt.RDat	ENST00000519147.1	8	8751374	8781435	0.0367	rs1551790	-2.790	rs12678166	-1.83e-03	 2.85	-1.55594	 20	14	enet	0.015	0.0032	-0.4513	6.52e-01
NA	/data/songy4/tes/output/weights_control//ENST00000528753.2.wgt.RDat	ENST00000528753.2	8	12951635	13007671	0.0441	rs4240187	-1.626	rs2278945	 3.46e-04	 2.54	 0.26000	 22	13	enet	0.0019	0.16	 0.7497	4.53e-01
NA	/data/songy4/tes/output/weights_control//ENST00000520031.1.wgt.RDat	ENST00000520031.1	8	124046073	124171522	0.0575	NA	    NA	NA	       NA	   NA	      NA	  0	 0	enet	0.0045	0.067	     NA	      NA
NA	/data/songy4/tes/output/weights_control//ENST00000519028.1.wgt.RDat	ENST00000519028.1	8	23042904	23069022	0.0578	rs2942202	-2.527	rs4872011	 3.29e-03	 3.41	 0.74490	 43	 9	enet	0.022	0.00043	 0.0309	9.75e-01
NA	/data/songy4/tes/output/weights_control//ENST00000519060.6.wgt.RDat	ENST00000519060.6	8	16140655	16192651	0.0523	rs2720630	-1.713	rs35422228	-1.38e-03	 2.67	 0.28829	 14	 8	enet	0.029	4.5e-05	 0.8076	4.19e-01
NA	/data/songy4/tes/output/weights_control//ENST00000518728.1.wgt.RDat	ENST00000518728.1	8	135606956	135647258	0.0461	rs4909338	-2.674	rs4132831	 1.89e-03	 2.78	 1.11429	 31	20	enet	0.004	0.077	 1.0981	2.72e-01
NA	/data/songy4/tes/output/weights_control//ENST00000528514.1.wgt.RDat	ENST00000528514.1	8	12194467	12196280	0.0621	rs1293298	 8.158	rs7817757	 9.85e-03	-4.01	-0.50000	  8	 7	enet	0.046	4.1e-07	-4.1199	3.79e-05
NA	/data/songy4/tes/output/weights_control//ENST00000518746.2.wgt.RDat	ENST00000518746.2	8	18056538	18063847	0.0447	rs17694018	 2.167	rs923391	-6.07e-04	 2.82	 0.00709	 23	14	enet	0.014	0.0042	 0.7797	4.36e-01
NA	/data/songy4/tes/output/weights_control//ENST00000519210.1.wgt.RDat	ENST00000519210.1	8	23007839	23010641	0.0555	rs2280104	 5.673	rs2241261	 2.56e-02	 4.01	 0.19802	 41	 1	top1	0.026	0.00014	 0.1980	8.43e-01
NA	/data/songy4/tes/output/weights_control//ENST00000525389.1.wgt.RDat	ENST00000525389.1	8	11494169	11509891	0.0658	rs1293298	 8.158	rs7820492	 1.17e-02	-3.60	-0.75248	 16	 6	lasso	0.012	0.0063	 2.8699	4.11e-03
NA	/data/songy4/tes/output/weights_control//ENST00000519222.5.wgt.RDat	ENST00000519222.5	8	19439877	19602759	0.0589	rs7005359	 2.523	rs1472165	 3.20e-02	 4.42	-1.12500	 39	 1	top1	0.032	2.2e-05	-1.1250	2.61e-01
NA	/data/songy4/tes/output/weights_control//ENST00000518663.1.wgt.RDat	ENST00000518663.1	8	9016332	9116746	0.0534	NA	    NA	NA	       NA	   NA	      NA	 20	 0	top1	0.041	1.6e-06	     NA	      NA
NA	/data/songy4/tes/output/weights_control//ENST00000527745.3.wgt.RDat	ENST00000527745.3	8	38417407	38420044	0.0499	rs7821911	 1.793	rs1541897	 3.24e-02	-4.47	 0.50495	 17	 1	top1	0.032	1.9e-05	-0.5050	6.14e-01
NA	/data/songy4/tes/output/weights_control//ENST00000519623.1.wgt.RDat	ENST00000519623.1	8	2999979	3043788	0.0573	rs4503118	 3.099	rs17319073	 3.77e-03	-3.09	-0.35922	 47	25	enet	0.021	0.00046	-0.3625	7.17e-01
NA	/data/songy4/tes/output/weights_control//ENST00000662066.1.wgt.RDat	ENST00000662066.1	8	23714066	23726931	0.0347	rs2942202	-2.527	rs17089521	-7.48e-04	 3.25	 0.89516	 21	 3	enet	0.0044	0.069	 1.4151	1.57e-01
NA	/data/songy4/tes/output/weights_control//ENST00000518699.4.wgt.RDat	ENST00000518699.4	8	41645177	41650817	0.0677	NA	    NA	NA	       NA	   NA	      NA	 20	 0	top1	0.022	0.00043	     NA	      NA
NA	/data/songy4/tes/output/weights_control//ENST00000519631.5.wgt.RDat	ENST00000519631.5	8	2119258	2140826	0.1570	rs12716586	 2.896	rs2294073	 3.20e-02	 5.54	 1.28846	 54	21	enet	0.072	2.3e-10	 0.3964	6.92e-01
NA	/data/songy4/tes/output/weights_control//ENST00000528629.1.wgt.RDat	ENST00000528629.1	8	11556251	11558022	0.0564	rs1293298	 8.158	rs7820492	 2.76e-02	-4.06	-0.75248	 16	 9	enet	0.029	5.5e-05	 4.7590	1.95e-06
NA	/data/songy4/tes/output/weights_control//ENST00000520002.5.wgt.RDat	ENST00000520002.5	8	2938099	4994972	0.1572	rs4503118	 3.099	rs2623746	-5.94e-04	 3.19	 0.54054	146	26	enet	0.013	0.0047	 0.9112	3.62e-01
NA	/data/songy4/tes/output/weights_control//ENST00000518878.5.wgt.RDat	ENST00000518878.5	8	23319885	23341176	0.0649	rs2942202	-2.527	rs6557678	 3.64e-02	 4.69	-0.74257	 30	 7	enet	0.051	8.9e-08	-0.2790	7.80e-01
NA	/data/songy4/tes/output/weights_control//ENST00000520109.1.wgt.RDat	ENST00000520109.1	8	23022886	23027634	0.0689	rs2280104	 5.673	rs4259415	 7.57e-03	-3.43	 1.02913	 41	10	enet	0.03	4.3e-05	 0.0176	9.86e-01
NA	/data/songy4/tes/output/weights_control//ENST00000526097.1.wgt.RDat	ENST00000526097.1	8	11560333	11564599	0.0516	rs1293298	 8.158	rs7820492	 3.05e-02	-4.30	-0.75248	 16	 1	top1	0.03	3.4e-05	 0.7525	4.52e-01
NA	/data/songy4/tes/output/weights_control//ENST00000522435.5.wgt.RDat	ENST00000522435.5	8	1882656	1958639	0.1189	rs4876132	 2.718	rs2294030	 5.81e-03	 3.73	-0.19847	 49	21	enet	0.032	2.1e-05	-1.2308	2.18e-01
NA	/data/songy4/tes/output/weights_control//ENST00000522388.1.wgt.RDat	ENST00000522388.1	8	41660991	41665566	0.0536	NA	    NA	NA	       NA	   NA	      NA	 18	 0	lasso	0.01	0.012	     NA	      NA
NA	/data/songy4/tes/output/weights_control//ENST00000522402.5.wgt.RDat	ENST00000522402.5	8	32721819	32756447	0.0567	rs7005288	 1.175	rs2439273	 4.67e-03	 3.54	-0.26429	 16	 8	enet	0.021	0.00045	-0.0310	9.75e-01
NA	/data/songy4/tes/output/weights_control//ENST00000662506.1.wgt.RDat	ENST00000662506.1	8	1971179	1973610	0.0538	rs4876132	 2.718	rs12545104	 2.77e-03	-3.22	 0.19048	 49	 3	lasso	0.0032	0.1	-1.5506	1.21e-01
NA	/data/songy4/tes/output/weights_control//ENST00000520959.5.wgt.RDat	ENST00000520959.5	8	19901717	19954151	0.1017	rs7005359	 2.523	rs7005359	 6.20e-02	 5.83	 2.52344	 30	 2	lasso	0.063	3.1e-09	 2.4787	1.32e-02
NA	/data/songy4/tes/output/weights_control//ENST00000284486.9.wgt.RDat	ENST00000284486.9	8	11421476	11466753	0.0440	rs1293298	 8.158	rs2686206	 1.07e-02	 4.08	 0.92857	 17	 6	enet	0.028	6.5e-05	-0.4068	6.84e-01
NA	/data/songy4/tes/output/weights_control//ENST00000522506.5.wgt.RDat	ENST00000522506.5	8	39107773	39164792	0.0389	rs4733986	-2.949	rs4733986	 3.93e-02	 4.69	-2.94898	  6	 1	top1	0.039	2.7e-06	-2.9490	3.19e-03
NA	/data/songy4/tes/output/weights_control//ENST00000521021.1.wgt.RDat	ENST00000521021.1	8	23458601	23484971	0.0436	rs2942202	-2.527	rs4872137	 9.04e-03	-3.48	 1.47423	 27	 3	lasso	0.012	0.0063	-1.9208	5.48e-02
NA	/data/songy4/tes/output/weights_control//ENST00000522258.1.wgt.RDat	ENST00000522258.1	8	9049818	9100101	0.0395	rs1551790	-2.790	rs2979248	 2.39e-03	-3.29	 0.96268	 18	 4	lasso	0.0056	0.048	-1.7964	7.24e-02
NA	/data/songy4/tes/output/weights_control//ENST00000522181.5.wgt.RDat	ENST00000522181.5	8	91209494	91395649	0.0301	rs6470522	-1.662	rs10504901	-1.90e-03	 2.96	-1.13008	  8	 6	enet	0.012	0.0064	-0.8189	4.13e-01
NA	/data/songy4/tes/output/weights_control//ENST00000522213.5.wgt.RDat	ENST00000522213.5	8	8723693	8782479	0.0361	rs1551790	-2.790	rs12678166	 5.67e-03	 2.97	-1.55594	 20	 9	enet	0.02	0.00072	-1.7024	8.87e-02
NA	/data/songy4/tes/output/weights_control//ENST00000520981.5.wgt.RDat	ENST00000520981.5	8	135458547	135647610	0.0631	rs4909338	-2.674	rs4909851	-1.01e-03	-3.02	 0.32000	 33	10	enet	0.023	3e-04	 1.7854	7.42e-02
NA	/data/songy4/tes/output/weights_control//ENST00000520982.5.wgt.RDat	ENST00000520982.5	8	22165324	22211892	0.0455	rs2280104	 5.673	rs4507761	 1.03e-03	 3.03	-0.38400	 40	10	enet	0.0045	0.067	-1.7327	8.31e-02
NA	/data/songy4/tes/output/weights_control//ENST00000522569.1.wgt.RDat	ENST00000522569.1	8	32614375	32756528	0.0734	rs7005288	 1.175	rs2439273	 3.22e-03	 3.81	-0.26429	 18	12	enet	0.042	1.2e-06	-0.7247	4.69e-01
NA	/data/songy4/tes/output/weights_control//ENST00000522852.1.wgt.RDat	ENST00000522852.1	8	63015429	63017970	0.0303	rs6995804	-1.162	rs16928064	 5.27e-03	 2.95	-0.18121	 10	 5	enet	0.028	6.9e-05	 0.8563	3.92e-01
NA	/data/songy4/tes/output/weights_control//ENST00000522854.5.wgt.RDat	ENST00000522854.5	8	19405780	19601865	0.0767	rs7005359	 2.523	rs1472165	 3.27e-02	 4.41	-1.12500	 43	 1	top1	0.033	1.8e-05	-1.1250	2.61e-01
NA	/data/songy4/tes/output/weights_control//ENST00000522881.2.wgt.RDat	ENST00000522881.2	8	22398719	22409954	0.0506	rs2280104	 5.673	rs7819400	 1.44e-03	 3.38	 0.87603	 45	 1	top1	0.0014	0.19	 0.8760	3.81e-01
NA	/data/songy4/tes/output/weights_control//ENST00000520644.1.wgt.RDat	ENST00000520644.1	8	22367278	22404980	0.0802	rs2280104	 5.673	rs7819400	 1.76e-02	 4.87	 0.87603	 47	 2	lasso	0.032	1.9e-05	 0.9506	3.42e-01
NA	/data/songy4/tes/output/weights_control//ENST00000520842.6.wgt.RDat	ENST00000520842.6	8	2696552	2728494	0.0497	rs12716586	 2.896	rs6993396	 8.29e-03	 4.06	 0.71963	 39	 5	enet	0.03	3.4e-05	 1.4785	1.39e-01
NA	/data/songy4/tes/output/weights_control//ENST00000663309.1.wgt.RDat	ENST00000663309.1	8	21023276	21030368	0.0426	rs2631886	-1.655	rs11988772	 7.99e-04	 3.02	-0.87619	 23	 2	lasso	0.005	0.056	-1.6389	1.01e-01
NA	/data/songy4/tes/output/weights_control//ENST00000522701.5.wgt.RDat	ENST00000522701.5	8	19938933	19951836	0.0790	rs7005359	 2.523	rs7005359	 4.26e-02	 4.96	 2.52344	 30	 1	top1	0.043	1.1e-06	 2.5234	1.16e-02
NA	/data/songy4/tes/output/weights_control//ENST00000520779.1.wgt.RDat	ENST00000520779.1	8	2140849	2165552	0.1617	rs12716586	 2.896	rs6990007	 4.91e-02	-5.98	-1.08081	 52	20	enet	0.091	1.1e-12	 0.3342	7.38e-01
NA	/data/songy4/tes/output/weights_control//ENST00000522672.5.wgt.RDat	ENST00000522672.5	8	16120889	16164251	0.0596	rs2720630	-1.713	rs1366956	-2.10e-04	 3.01	-0.18584	 15	 8	enet	0.021	0.00044	 0.7999	4.24e-01
NA	/data/songy4/tes/output/weights_control//ENST00000521324.1.wgt.RDat	ENST00000521324.1	8	67172512	67193577	0.0322	rs4737773	 2.103	rs2433596	 9.15e-04	 2.35	-0.23256	  6	 6	enet	0.0053	0.052	-1.0663	2.86e-01
NA	/data/songy4/tes/output/weights_control//ENST00000521670.5.wgt.RDat	ENST00000521670.5	8	32548619	32763998	0.0909	rs7005288	 1.175	rs11780004	 6.27e-03	 3.90	 1.04167	 19	11	enet	0.051	1.1e-07	-0.4301	6.67e-01
NA	/data/songy4/tes/output/weights_control//ENST00000515686.1.wgt.RDat	ENST00000515686.1	8	26433029	26434065	0.0545	rs6557919	-1.583	rs2976281	-1.90e-03	 2.55	 0.54867	 28	21	enet	-0.00073	0.43	-0.9346	3.50e-01
NA	/data/songy4/tes/output/weights_control//ENST00000516258.1.wgt.RDat	ENST00000516258.1	8	23600026	23600138	0.0593	rs2942202	-2.527	rs1731263	 9.01e-03	 3.60	-0.58824	 26	 7	enet	0.019	0.00082	 0.4575	6.47e-01
NA	/data/songy4/tes/output/weights_control//ENST00000521772.5.wgt.RDat	ENST00000521772.5	8	17654564	17676210	0.0368	rs1353035	-2.101	rs2517168	 3.11e-02	 4.36	 1.27338	 31	 1	top1	0.031	2.8e-05	 1.2734	2.03e-01
NA	/data/songy4/tes/output/weights_control//ENST00000521542.2.wgt.RDat	ENST00000521542.2	8	18059601	18061696	0.0624	rs17694018	 2.167	rs6998733	 2.13e-02	 3.56	-0.82828	 23	 1	top1	0.021	0.00046	-0.8283	4.08e-01
NA	/data/songy4/tes/output/weights_control//ENST00000521537.1.wgt.RDat	ENST00000521537.1	8	143291404	143293312	0.0366	rs6986353	 2.720	rs1446939	 1.21e-02	 3.48	 0.38000	 14	 1	top1	0.012	0.0066	 0.3800	7.04e-01
NA	/data/songy4/tes/output/weights_control//ENST00000445506.6.wgt.RDat	ENST00000445506.6	8	16110046	16186272	0.0409	rs2720630	-1.713	rs1366956	-1.66e-03	 2.42	-0.18584	 15	 8	enet	0.015	0.003	 0.8932	3.72e-01
NA	/data/songy4/tes/output/weights_control//ENST00000521407.1.wgt.RDat	ENST00000521407.1	8	41788882	41797593	0.1105	NA	    NA	NA	       NA	   NA	      NA	 14	 0	top1	0.11	1.3e-14	     NA	      NA
NA	/data/songy4/tes/output/weights_control//ENST00000413272.7.wgt.RDat	ENST00000413272.7	8	28021964	28083936	0.0562	rs1381113	-2.576	rs2685379	 5.38e-03	-3.09	 0.99000	 26	10	enet	0.014	0.0035	-0.3398	7.34e-01
NA	/data/songy4/tes/output/weights_control//ENST00000521994.1.wgt.RDat	ENST00000521994.1	8	19939256	19951828	0.0735	rs7005359	 2.523	rs7005359	 3.47e-02	 4.57	 2.52344	 30	 1	top1	0.035	1e-05	 2.5234	1.16e-02
NA	/data/songy4/tes/output/weights_control//ENST00000521099.1.wgt.RDat	ENST00000521099.1	8	28093447	28107944	0.0451	rs1381113	-2.576	rs10107497	 2.31e-04	-2.89	 1.20000	 26	 8	enet	0.0034	0.096	-1.0975	2.72e-01
NA	/data/songy4/tes/output/weights_control//ENST00000521102.2.wgt.RDat	ENST00000521102.2	8	103153394	103172160	0.0416	rs10505018	-2.140	rs4734641	 2.97e-03	 2.95	 0.14611	 21	11	enet	0.0066	0.035	 2.0672	3.87e-02
NA	/data/songy4/tes/output/weights_control//ENST00000447712.6.wgt.RDat	ENST00000447712.6	8	38411139	38468834	0.0763	rs7821911	 1.793	rs1541897	 6.53e-02	-6.00	 0.50495	 17	 1	top1	0.065	1.7e-09	-0.5050	6.14e-01
NA	/data/songy4/tes/output/weights_control//ENST00000521857.5.wgt.RDat	ENST00000521857.5	8	17301651	17413327	0.0502	rs2705204	-3.287	rs17587994	 6.14e-03	-2.27	 0.54369	 38	 1	top1	0.0061	0.04	-0.5437	5.87e-01
NA	/data/songy4/tes/output/weights_control//ENST00000287842.7.wgt.RDat	ENST00000287842.7	8	32548635	32764407	0.0861	rs7005288	 1.175	rs2439273	 1.06e-02	 4.25	-0.26429	 19	12	enet	0.048	2.2e-07	-0.5744	5.66e-01
NA	/data/songy4/tes/output/weights_control//ENST00000521947.1.wgt.RDat	ENST00000521947.1	8	93736163	93740989	0.0320	rs279481	-2.180	rs543027	 3.22e-03	-2.97	-2.08929	  9	 4	enet	0.0094	0.015	 1.0334	3.01e-01
NA	/data/songy4/tes/output/weights_control//ENST00000517893.1.wgt.RDat	ENST00000517893.1	8	28238430	28238905	0.0439	rs1381113	-2.576	rs351779	 7.18e-03	 3.36	 0.69231	 27	10	enet	0.023	0.00028	 1.9026	5.71e-02
NA	/data/songy4/tes/output/weights_control//ENST00000523971.5.wgt.RDat	ENST00000523971.5	8	2666079	2728451	0.0509	rs12716586	 2.896	rs6993396	 1.96e-03	 3.53	 0.71963	 39	 9	enet	0.012	0.0078	 1.4707	1.41e-01
NA	/data/songy4/tes/output/weights_control//ENST00000664876.1.wgt.RDat	ENST00000664876.1	8	107186997	107195938	0.0407	rs7827275	 0.991	rs7827275	 1.15e-02	 3.29	 0.99091	 12	 7	enet	0.024	0.00022	 1.6313	1.03e-01
NA	/data/songy4/tes/output/weights_control//ENST00000517770.1.wgt.RDat	ENST00000517770.1	8	9770131	9777036	0.0517	rs587059	 2.396	rs2975684	-1.81e-03	-3.45	-1.27778	 15	 7	enet	0.0016	0.18	-0.3861	6.99e-01
NA	/data/songy4/tes/output/weights_control//ENST00000523752.5.wgt.RDat	ENST00000523752.5	8	23020133	23027968	0.0621	rs2280104	 5.673	rs4259415	 1.89e-02	-3.45	 1.02913	 41	12	enet	0.02	0.00074	 0.4846	6.28e-01
NA	/data/songy4/tes/output/weights_control//ENST00000523696.1.wgt.RDat	ENST00000523696.1	8	19939372	19948485	0.0731	rs7005359	 2.523	rs7005359	 4.23e-02	 5.00	 2.52344	 30	 1	top1	0.042	1.2e-06	 2.5234	1.16e-02
NA	/data/songy4/tes/output/weights_control//ENST00000631040.2.wgt.RDat	ENST00000631040.2	8	32221042	32728077	0.0535	rs10503899	 2.198	rs11780004	 3.98e-03	 3.54	 1.04167	 23	 9	enet	0.013	0.0058	-0.4577	6.47e-01
NA	/data/songy4/tes/output/weights_control//ENST00000523719.5.wgt.RDat	ENST00000523719.5	8	91209500	91395756	0.0329	rs6470522	-1.662	rs10504901	-1.84e-03	 3.14	-1.13008	  8	 6	enet	0.014	0.0036	-0.8526	3.94e-01
NA	/data/songy4/tes/output/weights_control//ENST00000523833.2.wgt.RDat	ENST00000523833.2	8	23316984	23404126	0.0488	rs2942202	-2.527	rs6557678	 3.59e-03	 3.02	-0.74257	 31	 7	enet	0.013	0.0045	-1.1523	2.49e-01
NA	/data/songy4/tes/output/weights_control//ENST00000524168.1.wgt.RDat	ENST00000524168.1	8	23360204	23404076	0.0318	rs2942202	-2.527	rs4242397	 2.77e-03	-3.33	-0.32812	 30	 8	enet	0.0059	0.044	-0.3731	7.09e-01
NA	/data/songy4/tes/output/weights_control//ENST00000454498.6.wgt.RDat	ENST00000454498.6	8	19404161	19602495	0.0923	rs7005359	 2.523	rs1472165	 4.01e-02	 4.84	-1.12500	 43	 1	top1	0.04	2.2e-06	-1.1250	2.61e-01
NA	/data/songy4/tes/output/weights_control//ENST00000524212.1.wgt.RDat	ENST00000524212.1	8	1904235	1923490	0.0731	rs4876132	 2.718	rs3758018	 6.48e-03	 3.35	-1.11348	 49	20	enet	0.028	7.3e-05	-1.7466	8.07e-02
NA	/data/songy4/tes/output/weights_control//ENST00000520359.5.wgt.RDat	ENST00000520359.5	8	1823988	1958641	0.0764	rs7017774	 2.794	rs2294030	 2.17e-03	 3.35	-0.19847	 51	 1	top1	0.0022	0.14	-0.1985	8.43e-01
NA	/data/songy4/tes/output/weights_control//ENST00000276282.7.wgt.RDat	ENST00000276282.7	8	8783354	8893630	0.0532	rs1551790	-2.790	rs1112331	-1.15e-04	 3.43	-1.40816	 20	 8	enet	0.013	0.0059	-0.0626	9.50e-01
NA	/data/songy4/tes/output/weights_control//ENST00000518242.5.wgt.RDat	ENST00000518242.5	8	40696996	40786782	0.0432	rs2599676	-1.313	rs6992115	 4.12e-03	 3.03	-0.18421	 27	11	enet	0.012	0.0075	-0.5655	5.72e-01
NA	/data/songy4/tes/output/weights_control//ENST00000276431.9.wgt.RDat	ENST00000276431.9	8	23020133	23069031	0.0652	rs2280104	 5.673	rs4259415	 4.41e-03	-3.31	 1.02913	 44	10	enet	0.029	5.5e-05	-0.3954	6.93e-01
NA	/data/songy4/tes/output/weights_control//ENST00000518206.5.wgt.RDat	ENST00000518206.5	8	32605648	32743224	0.0620	rs7005288	 1.175	rs2439273	 4.35e-03	 3.65	-0.26429	 18	 8	enet	0.032	2.4e-05	-0.3681	7.13e-01
NA	/data/songy4/tes/output/weights_control//ENST00000517998.1.wgt.RDat	ENST00000517998.1	8	93733216	93734022	0.0331	rs279481	-2.180	rs543027	-6.34e-05	-2.92	-2.08929	  9	 5	enet	0.0083	0.021	 0.8132	4.16e-01
NA	/data/songy4/tes/output/weights_control//ENST00000524029.5.wgt.RDat	ENST00000524029.5	8	19938870	19951908	0.1042	rs7005359	 2.523	rs7005359	 5.39e-02	 5.58	 2.52344	 30	 1	top1	0.054	4.3e-08	 2.5234	1.16e-02
NA	/data/songy4/tes/output/weights_control//ENST00000517989.1.wgt.RDat	ENST00000517989.1	8	9679846	9708406	0.0609	rs587059	 2.396	rs2975684	 5.21e-04	-3.68	-1.27778	 16	 6	enet	0.014	0.0039	 0.1229	9.02e-01
NA	/data/songy4/tes/output/weights_control//ENST00000276826.5.wgt.RDat	ENST00000276826.5	8	144529179	144605816	0.0669	rs7015048	-2.102	rs10109061	 1.90e-02	 3.43	-0.58000	 17	13	enet	0.026	0.00014	 0.4155	6.78e-01
NA	/data/songy4/tes/output/weights_control//ENST00000524115.2.wgt.RDat	ENST00000524115.2	8	41645178	41647359	0.0834	NA	    NA	NA	       NA	   NA	      NA	 20	 0	top1	0.03	3.7e-05	     NA	      NA
NA	/data/songy4/tes/output/weights_control//ENST00000518084.5.wgt.RDat	ENST00000518084.5	8	32721753	32754423	0.0560	rs7005288	 1.175	rs2439273	 2.55e-03	 3.16	-0.26429	 16	 7	enet	0.037	6e-06	 0.0369	9.71e-01
NA	/data/songy4/tes/output/weights_control//ENST00000518027.5.wgt.RDat	ENST00000518027.5	8	9615290	9707008	0.0669	rs587059	 2.396	rs2975684	-1.65e-03	-3.47	-1.27778	 20	11	enet	0.0042	0.074	-0.0981	9.22e-01
NA	/data/songy4/tes/output/weights_control//ENST00000520407.5.wgt.RDat	ENST00000520407.5	8	31639755	32743224	0.0360	rs10503899	 2.198	rs4458837	 6.48e-03	 3.47	-0.81188	 26	 3	lasso	0.015	0.0028	-0.1936	8.46e-01
NA	/data/songy4/tes/output/weights_control//ENST00000520408.5.wgt.RDat	ENST00000520408.5	8	9555914	9710409	0.0800	rs1551790	-2.790	rs2975684	 2.09e-03	-3.96	-1.27778	 23	15	enet	0.02	0.00059	-0.2321	8.16e-01
NA	/data/songy4/tes/output/weights_control//ENST00000520570.2.wgt.RDat	ENST00000520570.2	8	2700423	2728462	0.0597	rs12716586	 2.896	rs6993396	-6.91e-04	 3.55	 0.71963	 39	 5	enet	0.005	0.058	 0.5853	5.58e-01
NA	/data/songy4/tes/output/weights_control//ENST00000523261.1.wgt.RDat	ENST00000523261.1	8	23680988	23682889	0.2383	rs2942202	-2.527	rs2942202	 2.00e-01	10.39	-2.52688	 19	15	enet	0.3	6.3e-42	-2.2240	2.61e-02
NA	/data/songy4/tes/output/weights_control//ENST00000522984.2.wgt.RDat	ENST00000522984.2	8	202660	202897	0.1448	rs722782	 0.977	rs2161010	 1.40e-01	-8.68	 0.65094	  5	 1	top1	0.14	3.6e-19	-0.6509	5.15e-01
NA	/data/songy4/tes/output/weights_control//ENST00000517370.1.wgt.RDat	ENST00000517370.1	8	22411877	22416269	0.0480	rs2280104	 5.673	rs2070684	 6.30e-03	 3.37	-0.57075	 44	 1	top1	0.0063	0.038	-0.5708	5.68e-01
NA	/data/songy4/tes/output/weights_control//ENST00000522981.1.wgt.RDat	ENST00000522981.1	8	67569416	67570078	0.0384	rs4737773	 2.103	rs2433596	 1.10e-03	-2.35	-0.23256	  6	 4	enet	0.012	0.0077	-0.5306	5.96e-01
NA	/data/songy4/tes/output/weights_control//ENST00000522969.1.wgt.RDat	ENST00000522969.1	8	1859915	1871131	0.0495	rs4876132	 2.718	rs2294030	 2.98e-02	 4.18	-0.19847	 45	 1	top1	0.03	4.1e-05	-0.1985	8.43e-01
NA	/data/songy4/tes/output/weights_control//ENST00000517420.1.wgt.RDat	ENST00000517420.1	8	23336171	23341536	0.0562	rs2942202	-2.527	rs6557678	 1.34e-02	 3.71	-0.74257	 30	 9	enet	0.028	6.8e-05	-1.2269	2.20e-01
NA	/data/songy4/tes/output/weights_control//ENST00000523062.1.wgt.RDat	ENST00000523062.1	8	3096902	3107155	0.0496	rs4503118	 3.099	rs17319073	 8.07e-03	-3.81	-0.35922	 49	 2	lasso	0.0083	0.021	 0.6083	5.43e-01
NA	/data/songy4/tes/output/weights_control//ENST00000517409.2.wgt.RDat	ENST00000517409.2	8	18061390	18063624	0.0377	rs17694018	 2.167	rs6998733	 5.50e-05	 2.70	-0.82828	 23	 2	lasso	0.005	0.057	-0.6230	5.33e-01
NA	/data/songy4/tes/output/weights_control//ENST00000523079.5.wgt.RDat	ENST00000523079.5	8	32548210	32760989	0.0687	rs7005288	 1.175	rs2439273	 6.59e-03	 3.72	-0.26429	 19	15	enet	0.033	1.5e-05	-0.9032	3.66e-01
NA	/data/songy4/tes/output/weights_control//ENST00000523041.2.wgt.RDat	ENST00000523041.2	8	32647103	32743221	0.0577	rs7005288	 1.175	rs2439273	 2.92e-03	 3.34	-0.26429	 16	 6	enet	0.024	2e-04	-0.3128	7.54e-01
NA	/data/songy4/tes/output/weights_control//ENST00000520617.1.wgt.RDat	ENST00000520617.1	8	23316734	23320005	0.0381	rs2942202	-2.527	rs2942202	-1.69e-03	-2.63	-2.52688	 30	 2	lasso	-0.001	0.49	 2.3492	1.88e-02
NA	/data/songy4/tes/output/weights_control//ENST00000523534.5.wgt.RDat	ENST00000523534.5	8	31640426	32764776	0.0765	rs10503899	 2.198	rs2439273	 8.75e-03	 4.13	-0.26429	 26	12	enet	0.033	1.7e-05	-0.6470	5.18e-01
NA	/data/songy4/tes/output/weights_control//ENST00000523504.5.wgt.RDat	ENST00000523504.5	8	23022474	23069031	0.0640	rs2280104	 5.673	rs4872011	 1.29e-03	 3.43	 0.74490	 44	 8	enet	0.028	7.8e-05	-0.0491	9.61e-01
NA	/data/songy4/tes/output/weights_control//ENST00000520502.7.wgt.RDat	ENST00000520502.7	8	32647103	32743207	0.0560	rs7005288	 1.175	rs2439273	 4.72e-03	 3.47	-0.26429	 16	 6	enet	0.032	2.5e-05	-0.1711	8.64e-01
NA	/data/songy4/tes/output/weights_control//ENST00000523681.1.wgt.RDat	ENST00000523681.1	8	32748824	32751155	0.0608	rs7005288	 1.175	rs2439273	 3.35e-03	 3.95	-0.26429	 16	 7	enet	0.014	0.0036	-0.3670	7.14e-01
NA	/data/songy4/tes/output/weights_control//ENST00000517700.5.wgt.RDat	ENST00000517700.5	8	93730264	93741017	0.0324	rs279481	-2.180	rs543027	 2.13e-03	-2.93	-2.08929	  9	 5	enet	0.0077	0.025	 1.1027	2.70e-01
NA	/data/songy4/tes/output/weights_control//ENST00000523327.1.wgt.RDat	ENST00000523327.1	8	71549989	71568767	0.0263	rs10504477	 1.673	rs10957535	 1.53e-02	 3.72	-0.23353	  6	 3	enet	0.017	0.0016	-0.4222	6.73e-01
NA	/data/songy4/tes/output/weights_control//ENST00000517552.1.wgt.RDat	ENST00000517552.1	8	22404517	22408421	0.1079	rs2280104	 5.673	rs7819400	 4.31e-02	 5.19	 0.87603	 44	 1	top1	0.043	9.2e-07	 0.8760	3.81e-01
NA	/data/songy4/tes/output/weights_control//ENST00000523443.5.wgt.RDat	ENST00000523443.5	8	2109287	2129175	0.1593	rs12716586	 2.896	rs2294073	 2.65e-02	 5.45	 1.28846	 54	21	enet	0.091	1e-12	 0.0704	9.44e-01
NA	/data/songy4/tes/output/weights_control//ENST00000523408.1.wgt.RDat	ENST00000523408.1	8	62863082	62864181	0.0358	rs6995804	-1.162	rs13257387	 2.22e-02	-3.93	-1.03846	 10	 1	top1	0.022	0.00035	 1.0385	2.99e-01
NA	/data/songy4/tes/output/weights_control//ENST00000523438.1.wgt.RDat	ENST00000523438.1	8	2045069	2145455	0.1761	rs12716586	 2.896	rs2294073	 4.38e-02	 5.82	 1.28846	 54	21	enet	0.09	1.1e-12	 0.0256	9.80e-01
NA	/data/songy4/tes/output/weights_control//ENST00000398564.5.wgt.RDat	ENST00000398564.5	8	1826111	1958633	0.0995	rs7017774	 2.794	rs2294030	 3.99e-03	 3.82	-0.19847	 51	20	enet	0.016	0.0019	-1.8228	6.83e-02
NA	/data/songy4/tes/output/weights_control//ENST00000240095.10.wgt.RDat	ENST00000240095.10	8	22367287	22434129	0.0733	rs2280104	 5.673	rs7819400	 1.00e-02	 4.30	 0.87603	 47	16	enet	0.013	0.0049	 0.5071	6.12e-01
NA	/data/songy4/tes/output/weights_control//ENST00000240100.7.wgt.RDat	ENST00000240100.7	8	29333064	29350684	0.0397	rs7387246	 3.369	rs7823751	 3.17e-03	 3.03	-0.01571	 22	 9	enet	0.016	0.0023	 1.6134	1.07e-01
NA	/data/songy4/tes/output/weights_control//ENST00000644741.1.wgt.RDat	ENST00000644741.1	8	11479203	11481068	0.0390	rs1293298	 8.158	rs1293298	 2.78e-02	 3.98	 8.15789	 16	 1	top1	0.028	7.1e-05	 8.1579	3.41e-16
NA	/data/songy4/tes/output/weights_control//ENST00000642833.1.wgt.RDat	ENST00000642833.1	8	10474789	10475045	0.0298	rs4321966	 1.766	rs11782819	 2.55e-02	 4.46	 1.18367	 23	 1	top1	0.026	0.00014	 1.1837	2.37e-01
NA	/data/songy4/tes/output/weights_control//ENST00000496296.5.wgt.RDat	ENST00000496296.5	8	38424017	38468635	0.1184	rs7821911	 1.793	rs1541897	 8.32e-02	-6.90	 0.50495	 17	 1	top1	0.083	9.3e-12	-0.5050	6.14e-01
NA	/data/songy4/tes/output/weights_control//ENST00000647727.1.wgt.RDat	ENST00000647727.1	8	10496326	10517983	0.0322	rs4321966	 1.766	rs11782819	 4.35e-03	-3.66	 1.18367	 21	 4	enet	0.0049	0.059	-0.3176	7.51e-01
NA	/data/songy4/tes/output/weights_control//ENST00000647689.1.wgt.RDat	ENST00000647689.1	8	22188369	22192578	0.2688	rs2280104	 5.673	rs7838961	 2.23e-01	10.90	-0.60194	 38	10	enet	0.23	1.8e-32	-0.8472	3.97e-01
NA	/data/songy4/tes/output/weights_control//ENST00000645242.1.wgt.RDat	ENST00000645242.1	8	11486894	11564598	0.0620	rs1293298	 8.158	rs7820492	 1.89e-02	-3.91	-0.75248	 16	 4	lasso	0.028	7.3e-05	 4.3468	1.38e-05
NA	/data/songy4/tes/output/weights_control//ENST00000670188.1.wgt.RDat	ENST00000670188.1	8	12115793	12148105	0.0336	rs1293298	 8.158	rs6530975	 3.34e-03	 2.91	-0.80385	  9	 5	lasso	0.0065	0.036	 0.1906	8.49e-01
NA	/data/songy4/tes/output/weights_control//ENST00000637343.1.wgt.RDat	ENST00000637343.1	8	18056488	18065124	0.0378	rs17694018	 2.167	rs923391	-1.48e-03	 2.77	 0.00709	 23	12	enet	0.0011	0.21	 0.8477	3.97e-01
NA	/data/songy4/tes/output/weights_control//ENST00000637499.1.wgt.RDat	ENST00000637499.1	8	124821985	124822051	0.0487	rs10089389	 2.201	rs9792207	-7.40e-04	 3.11	 0.12844	 34	 2	lasso	0.0075	0.026	 0.1556	8.76e-01
NA	/data/songy4/tes/output/weights_control//ENST00000637014.1.wgt.RDat	ENST00000637014.1	8	18056503	18062795	0.0379	rs17694018	 2.167	rs6998733	 2.95e-03	 2.77	-0.82828	 23	 1	top1	0.003	0.11	-0.8283	4.08e-01
NA	/data/songy4/tes/output/weights_control//ENST00000618928.4.wgt.RDat	ENST00000618928.4	8	2589985	2623365	0.0458	rs12716586	 2.896	rs17319073	 5.70e-03	-3.41	-0.35922	 37	 1	top1	0.0057	0.046	 0.3592	7.19e-01
NA	/data/songy4/tes/output/weights_control//ENST00000638028.1.wgt.RDat	ENST00000638028.1	8	18056546	18063143	0.0373	rs17694018	 2.167	rs6998733	 2.10e-03	 2.70	-0.82828	 23	 1	top1	0.0021	0.15	-0.8283	4.08e-01
NA	/data/songy4/tes/output/weights_control//ENST00000377307.6.wgt.RDat	ENST00000377307.6	8	144529179	144605699	0.0625	rs7015048	-2.102	rs10109061	 1.79e-02	 3.36	-0.58000	 17	11	enet	0.026	0.00013	 0.3239	7.46e-01
NA	/data/songy4/tes/output/weights_control//ENST00000659324.1.wgt.RDat	ENST00000659324.1	8	2662195	2728418	0.0448	rs12716586	 2.896	rs6993396	 6.06e-03	 3.68	 0.71963	 39	 1	top1	0.0061	0.041	 0.7196	4.72e-01
NA	/data/songy4/tes/output/weights_control//ENST00000637790.2.wgt.RDat	ENST00000637790.2	8	18055992	18084107	0.0358	rs17694018	 2.167	rs6998733	-1.13e-03	 2.88	-0.82828	 24	 3	lasso	0.0026	0.12	-0.8049	4.21e-01
NA	/data/songy4/tes/output/weights_control//ENST00000397090.4.wgt.RDat	ENST00000397090.4	8	38429521	38468150	0.0402	rs7821911	 1.793	rs1541897	 3.41e-02	-4.63	 0.50495	 17	 1	top1	0.034	1.2e-05	-0.5050	6.14e-01
NA	/data/songy4/tes/output/weights_control//ENST00000637752.1.wgt.RDat	ENST00000637752.1	8	18056456	18059163	0.0458	rs17694018	 2.167	rs6998733	 3.22e-03	 3.18	-0.82828	 23	16	enet	0.013	0.0047	 0.4883	6.25e-01
NA	/data/songy4/tes/output/weights_control//ENST00000397108.8.wgt.RDat	ENST00000397108.8	8	38413522	38467724	0.0461	rs7821911	 1.793	rs1541897	 4.20e-02	-5.23	 0.50495	 17	 1	top1	0.042	1.3e-06	-0.5050	6.14e-01
NA	/data/songy4/tes/output/weights_control//ENST00000397103.5.wgt.RDat	ENST00000397103.5	8	38412934	38457503	0.0833	rs7821911	 1.793	rs1541897	 6.24e-02	-6.08	 0.50495	 17	 1	top1	0.062	3.8e-09	-0.5050	6.14e-01
NA	/data/songy4/tes/output/weights_control//ENST00000637857.1.wgt.RDat	ENST00000637857.1	8	18056503	18069816	0.0357	rs17694018	 2.167	rs6998733	 2.45e-03	 2.72	-0.82828	 23	 1	top1	0.0025	0.13	-0.8283	4.08e-01
NA	/data/songy4/tes/output/weights_control//ENST00000397091.9.wgt.RDat	ENST00000397091.9	8	38411138	38468641	0.0746	rs7821911	 1.793	rs1541897	 6.50e-02	-5.99	 0.50495	 17	 1	top1	0.065	1.8e-09	-0.5050	6.14e-01
NA	/data/songy4/tes/output/weights_control//ENST00000380871.5.wgt.RDat	ENST00000380871.5	8	23678697	23682938	0.2397	rs2942202	-2.527	rs2942202	 2.03e-01	10.41	-2.52688	 19	12	enet	0.3	3.1e-42	-2.0542	4.00e-02
NA	/data/songy4/tes/output/weights_control//ENST00000381998.8.wgt.RDat	ENST00000381998.8	8	16139319	16192659	0.0679	rs2720630	-1.713	rs1480139	 7.28e-04	 2.88	 1.05833	 14	 8	enet	0.042	1.4e-06	 0.9705	3.32e-01
NA	/data/songy4/tes/output/weights_control//ENST00000409003.5.wgt.RDat	ENST00000409003.5	8	118189455	118621914	0.0407	rs1793703	-1.618	rs6469667	 9.27e-04	-2.41	 0.56842	 25	 1	top1	0.00093	0.22	-0.5684	5.70e-01
NA	/data/songy4/tes/output/weights_control//ENST00000635120.2.wgt.RDat	ENST00000635120.2	8	2935361	4994914	0.1665	rs4503118	 3.099	rs2725019	-1.82e-03	-3.67	-0.68987	146	22	enet	0.0049	0.058	 1.1197	2.63e-01
NA	/data/songy4/tes/output/weights_control//ENST00000635773.1.wgt.RDat	ENST00000635773.1	8	1771102	1958544	0.0727	NA	    NA	NA	       NA	   NA	      NA	  0	 0	enet	-0.00095	0.48	     NA	      NA
NA	/data/songy4/tes/output/weights_control//ENST00000636719.1.wgt.RDat	ENST00000636719.1	8	18061687	18062720	0.0358	rs17694018	 2.167	rs6998733	 2.33e-03	 2.92	-0.82828	 23	 1	top1	0.0023	0.14	-0.8283	4.08e-01
NA	/data/songy4/tes/output/weights_control//ENST00000636175.1.wgt.RDat	ENST00000636175.1	8	1771255	1870220	0.0522	rs7017774	 2.794	rs2294030	-1.78e-03	 2.82	-0.19847	 51	14	enet	0.004	0.077	-0.8511	3.95e-01
NA	/data/songy4/tes/output/weights_control//ENST00000397998.7.wgt.RDat	ENST00000397998.7	8	19404161	19682761	0.0837	rs7005359	 2.523	rs1472165	 3.83e-02	 4.77	-1.12500	 50	 1	top1	0.038	3.6e-06	-1.1250	2.61e-01
NA	/data/songy4/tes/output/weights_control//ENST00000619564.3.wgt.RDat	ENST00000619564.3	8	38411139	38468834	0.0834	rs7821911	 1.793	rs1541897	 7.04e-02	-6.23	 0.50495	 17	 1	top1	0.07	3.8e-10	-0.5050	6.14e-01
NA	/data/songy4/tes/output/weights_control//ENST00000625758.3.wgt.RDat	ENST00000625758.3	8	118620498	118906091	0.0420	rs1793703	-1.633	rs2136104	 1.91e-03	 2.91	-0.44954	 21	 1	top1	0.0019	0.16	-0.4495	6.53e-01
NA	/data/songy4/tes/output/weights_control//ENST00000397802.8.wgt.RDat	ENST00000397802.8	8	22245235	22254600	0.0399	rs2280104	 5.673	rs13256571	-1.49e-03	-3.17	-1.37949	 41	 1	top1	-0.0015	0.64	 1.3795	1.68e-01
NA	/data/songy4/tes/output/weights_control//ENST00000654884.1.wgt.RDat	ENST00000654884.1	8	2648075	2728434	0.0540	rs12716586	 2.896	rs13268155	 4.22e-03	 3.18	 0.89600	 39	 1	top1	0.0042	0.073	 0.8960	3.70e-01
NA	/data/songy4/tes/output/weights_control//ENST00000333796.3.wgt.RDat	ENST00000333796.3	8	12137168	12139077	0.0236	rs1293298	 8.158	rs6530975	 1.78e-03	 2.95	-0.80385	  8	 3	lasso	0.0019	0.16	 2.0877	3.68e-02
NA	/data/songy4/tes/output/weights_control//ENST00000335922.9.wgt.RDat	ENST00000335922.9	8	38412731	38468621	0.0624	rs7821911	 1.793	rs1541897	 4.51e-02	-5.30	 0.50495	 17	 1	top1	0.045	5.2e-07	-0.5050	6.14e-01
NA	/data/songy4/tes/output/weights_control//ENST00000400186.7.wgt.RDat	ENST00000400186.7	8	2938099	4994701	0.1585	rs4503118	 3.099	rs17078780	-8.54e-04	-3.21	 0.35294	146	17	enet	0.013	0.0056	 0.5123	6.08e-01
NA	/data/songy4/tes/output/weights_control//ENST00000335551.11.wgt.RDat	ENST00000335551.11	8	2935353	3409607	0.1188	rs4503118	 3.099	rs2623746	 1.44e-03	 2.96	 0.54054	 67	32	enet	0.019	0.00093	 0.4589	6.46e-01
NA	/data/songy4/tes/output/weights_control//ENST00000654513.1.wgt.RDat	ENST00000654513.1	8	2700303	2728446	0.0551	rs12716586	 2.896	rs6993396	 4.28e-04	 3.57	 0.71963	 39	 1	top1	0.00043	0.27	 0.7196	4.72e-01
NA	/data/songy4/tes/output/weights_control//ENST00000330295.10.wgt.RDat	ENST00000330295.10	8	103371538	103382989	0.0505	rs10955290	 3.214	rs1265139	-1.41e-03	 2.84	 1.48810	 33	 8	enet	0.0093	0.015	 2.4702	1.35e-02
NA	/data/songy4/tes/output/weights_control//ENST00000332246.10.wgt.RDat	ENST00000332246.10	8	19404161	19682583	0.0833	rs7005359	 2.523	rs1472165	 3.59e-02	 4.63	-1.12500	 50	 1	top1	0.036	7.1e-06	-1.1250	2.61e-01
NA	/data/songy4/tes/output/weights_control//ENST00000653408.1.wgt.RDat	ENST00000653408.1	8	12115810	12148167	0.0292	rs1293298	 8.158	rs6530975	-5.91e-04	 2.78	-0.80385	  9	 5	enet	0.0046	0.064	 1.2936	1.96e-01
NA	/data/songy4/tes/output/weights_control//ENST00000317173.9.wgt.RDat	ENST00000317173.9	8	10054292	10428891	0.0435	rs587059	 2.396	rs11785067	 7.64e-03	 3.64	 1.36283	 24	 6	enet	0.014	0.0038	 0.4216	6.73e-01
NA	/data/songy4/tes/output/weights_control//ENST00000569712.1.wgt.RDat	ENST00000569712.1	8	144281684	144291367	0.0332	rs3819495	 1.534	rs10109061	 5.82e-03	 3.22	-0.58000	 17	 5	enet	0.018	0.0013	 0.9045	3.66e-01
NA	/data/songy4/tes/output/weights_control//ENST00000658419.1.wgt.RDat	ENST00000658419.1	8	379339	384079	0.0222	rs1875664	 1.770	rs10109251	 7.32e-03	 3.56	 0.51538	  8	 1	lasso	0.009	0.017	 0.5154	6.06e-01
NA	/data/songy4/tes/output/weights_control//ENST00000658322.1.wgt.RDat	ENST00000658322.1	8	12116232	12148027	0.0287	rs1293298	 8.158	rs6530975	 3.92e-03	 3.08	-0.80385	  9	 4	lasso	0.0064	0.037	-0.2174	8.28e-01
NA	/data/songy4/tes/output/weights_control//ENST00000658181.1.wgt.RDat	ENST00000658181.1	8	2673502	2728432	0.0486	rs12716586	 2.896	rs6993396	-1.02e-03	 3.74	 0.71963	 39	 2	lasso	0.0049	0.058	 0.7381	4.60e-01
NA	/data/songy4/tes/output/weights_control//ENST00000327857.7.wgt.RDat	ENST00000327857.7	8	7015869	7018297	0.1186	rs4512398	 1.208	rs6605579	 6.75e-02	-6.48	-0.35593	 15	12	enet	0.075	1.1e-10	 0.5347	5.93e-01
NA	/data/songy4/tes/output/weights_control//ENST00000623026.1.wgt.RDat	ENST00000623026.1	8	30552345	30553766	0.0299	rs4260861	 1.931	rs2979470	 3.09e-02	 4.41	-0.89796	 12	 1	top1	0.031	3e-05	-0.8980	3.69e-01
NA	/data/songy4/tes/output/weights_control//ENST00000326324.10.wgt.RDat	ENST00000326324.10	8	38412732	38468616	0.0687	rs7821911	 1.793	rs1541897	 5.60e-02	-5.74	 0.50495	 17	 1	top1	0.056	2.4e-08	-0.5050	6.14e-01
NA	/data/songy4/tes/output/weights_control//ENST00000621894.4.wgt.RDat	ENST00000621894.4	8	2127797	2144843	0.1608	rs12716586	 2.896	rs2294073	 4.51e-02	 5.90	 1.28846	 53	19	enet	0.096	2.5e-13	 0.3860	6.99e-01
NA	/data/songy4/tes/output/weights_control//ENST00000356207.9.wgt.RDat	ENST00000356207.9	8	38412730	38468616	0.0686	rs7821911	 1.793	rs1541897	 5.59e-02	-5.74	 0.50495	 17	 1	top1	0.056	2.4e-08	-0.5050	6.14e-01
NA	/data/songy4/tes/output/weights_control//ENST00000624485.1.wgt.RDat	ENST00000624485.1	8	127946880	127948345	0.0587	rs7827583	 2.036	rs9297751	 1.89e-02	-3.67	 0.10606	 29	 1	top1	0.019	0.00092	-0.1061	9.16e-01
NA	/data/songy4/tes/output/weights_control//ENST00000399300.6.wgt.RDat	ENST00000399300.6	8	93729356	93741017	0.0335	rs279481	-2.180	rs543027	 7.71e-04	-2.95	-2.08929	  9	 5	enet	0.0092	0.016	 1.1309	2.58e-01
NA	/data/songy4/tes/output/weights_control//ENST00000356819.7.wgt.RDat	ENST00000356819.7	8	32548267	32767959	0.0990	rs7005288	 1.175	rs2439273	 5.00e-03	 3.99	-0.26429	 19	13	enet	0.059	9.9e-09	-0.7235	4.69e-01
NA	/data/songy4/tes/output/weights_control//ENST00000583549.1.wgt.RDat	ENST00000583549.1	8	9048445	9048518	0.0546	rs1551790	-2.790	rs2979248	 1.26e-02	-3.62	 0.96268	 18	 4	lasso	0.017	0.0014	-1.4372	1.51e-01
NA	/data/songy4/tes/output/weights_control//ENST00000649853.1.wgt.RDat	ENST00000649853.1	8	10476597	10479420	0.0530	rs4321966	 1.766	rs11782819	 2.05e-02	 4.32	 1.18367	 22	 3	lasso	0.029	5.1e-05	 0.6666	5.05e-01
NA	/data/songy4/tes/output/weights_control//ENST00000355282.6.wgt.RDat	ENST00000355282.6	8	16110085	16177988	0.0533	rs2720630	-1.713	rs35422228	 7.80e-04	 2.90	 0.28829	 15	 8	enet	0.024	0.00022	 0.7392	4.60e-01
NA	/data/songy4/tes/output/weights_control//ENST00000483964.1.wgt.RDat	ENST00000483964.1	8	67406515	67407072	0.0396	rs4737773	 2.103	rs11996294	 3.41e-03	-2.42	-0.40496	  6	 6	enet	0.011	0.0087	 0.0829	9.34e-01
NA	/data/songy4/tes/output/weights_control//ENST00000647843.1.wgt.RDat	ENST00000647843.1	8	70669369	71228629	0.0709	rs16936059	 1.870	rs268652	 4.46e-02	-5.21	 0.91667	 27	 1	top1	0.045	6.2e-07	-0.9167	3.59e-01
NA	/data/songy4/tes/output/weights_control//ENST00000405005.7.wgt.RDat	ENST00000405005.7	8	32548727	32764471	0.0818	rs7005288	 1.175	rs2439273	 5.57e-03	 3.88	-0.26429	 19	13	enet	0.037	5.1e-06	-0.6570	5.11e-01
NA	/data/songy4/tes/output/weights_control//ENST00000425967.7.wgt.RDat	ENST00000425967.7	8	38411138	38467845	0.0504	rs7821911	 1.793	rs1541897	 4.61e-02	-5.13	 0.50495	 17	 1	top1	0.046	4e-07	-0.5050	6.14e-01
NA	/data/songy4/tes/output/weights_control//ENST00000650042.1.wgt.RDat	ENST00000650042.1	8	26375913	26382941	0.0429	rs6557919	-1.583	rs17055205	 2.18e-02	-4.02	-0.58716	 27	 1	top1	0.022	4e-04	 0.5872	5.57e-01
NA	/data/songy4/tes/output/weights_control//ENST00000347739.3.wgt.RDat	ENST00000347739.3	8	23022311	23069021	0.0644	rs2280104	 5.673	rs4872011	 3.89e-03	 3.44	 0.74490	 44	10	enet	0.028	7.6e-05	-0.2041	8.38e-01
NA	/data/songy4/tes/output/weights_control//ENST00000651807.1.wgt.RDat	ENST00000651807.1	8	32548290	32728623	0.0642	rs7005288	 1.175	rs11780004	 9.27e-03	 3.91	 1.04167	 19	 5	lasso	0.023	0.00029	 0.2475	8.05e-01
NA	/data/songy4/tes/output/weights_control//ENST00000651696.1.wgt.RDat	ENST00000651696.1	8	32647962	32767654	0.0799	rs7005288	 1.175	rs2439273	 4.00e-03	 3.95	-0.26429	 16	10	enet	0.054	3.8e-08	-0.1869	8.52e-01
NA	/data/songy4/tes/output/weights_control//ENST00000652592.1.wgt.RDat	ENST00000652592.1	8	32646967	32767894	0.0826	rs7005288	 1.175	rs2439273	 6.95e-03	 3.93	-0.26429	 16	 9	enet	0.055	3.6e-08	-0.2826	7.78e-01
NA	/data/songy4/tes/output/weights_control//ENST00000652588.1.wgt.RDat	ENST00000652588.1	8	32548590	32760813	0.0654	rs7005288	 1.175	rs2439273	 6.79e-03	 3.53	-0.26429	 19	12	enet	0.032	2e-05	-0.6698	5.03e-01
NA	/data/songy4/tes/output/weights_control//ENST00000652575.1.wgt.RDat	ENST00000652575.1	8	32647202	32647390	0.0453	rs7005288	 1.175	rs3735782	-1.74e-03	 3.01	 0.44330	 16	 2	enet	0.02	6e-04	 0.3867	6.99e-01
NA	/data/songy4/tes/output/weights_control//ENST00000487647.5.wgt.RDat	ENST00000487647.5	8	38415993	38457446	0.0748	rs7821911	 1.793	rs1541897	 5.72e-02	-5.78	 0.50495	 17	 1	top1	0.057	1.7e-08	-0.5050	6.14e-01
NA	/data/songy4/tes/output/weights_control//ENST00000341462.8.wgt.RDat	ENST00000341462.8	8	38411139	38468834	0.0911	rs7821911	 1.793	rs1541897	 7.32e-02	-6.36	 0.50495	 17	 1	top1	0.073	1.7e-10	-0.5050	6.14e-01
NA	/data/songy4/tes/output/weights_control//ENST00000652698.1.wgt.RDat	ENST00000652698.1	8	31639245	32774046	0.0908	rs10503899	 2.198	rs4458837	 7.63e-03	 4.10	-0.81188	 26	14	enet	0.043	1.1e-06	-0.6208	5.35e-01
NA	/data/songy4/tes/output/weights_control//ENST00000651333.1.wgt.RDat	ENST00000651333.1	8	32646958	32764418	0.0838	rs7005288	 1.175	rs2439273	 1.13e-02	 3.89	-0.26429	 16	10	enet	0.045	6e-07	-0.4104	6.81e-01
NA	/data/songy4/tes/output/weights_control//ENST00000650478.1.wgt.RDat	ENST00000650478.1	8	19956005	19967196	0.1291	rs7005359	 2.523	rs7005359	 8.17e-02	 6.65	 2.52344	 29	 7	enet	0.11	1.3e-14	 2.1511	3.15e-02
NA	/data/songy4/tes/output/weights_control//ENST00000650445.2.wgt.RDat	ENST00000650445.2	8	136198246	136760772	0.0490	rs4243847	-1.916	rs12542413	 2.05e-04	-3.35	 0.47273	 35	 3	lasso	0.0027	0.12	-0.7613	4.46e-01
NA	/data/songy4/tes/output/weights_control//ENST00000650287.1.wgt.RDat	ENST00000650287.1	8	19939253	19967259	0.1314	rs7005359	 2.523	rs7005359	 6.92e-02	 6.15	 2.52344	 30	 9	enet	0.098	1.4e-13	 1.8360	6.64e-02
NA	/data/songy4/tes/output/weights_control//ENST00000650980.1.wgt.RDat	ENST00000650980.1	8	32548662	32764519	0.0819	rs7005288	 1.175	rs2439273	 4.46e-03	 3.96	-0.26429	 19	13	enet	0.045	5.7e-07	-0.5222	6.02e-01
NA	/data/songy4/tes/output/weights_control//ENST00000650967.1.wgt.RDat	ENST00000650967.1	8	32548327	32743224	0.0552	rs7005288	 1.175	rs11780004	 1.51e-03	 3.50	 1.04167	 19	10	enet	0.027	7.9e-05	-0.4831	6.29e-01
NA	/data/songy4/tes/output/weights_control//ENST00000650964.1.wgt.RDat	ENST00000650964.1	8	32548730	32728094	0.0336	rs7005288	 1.175	rs4458837	 5.00e-03	 3.25	-0.81188	 19	 1	top1	0.005	0.057	-0.8119	4.17e-01
NA	/data/songy4/tes/output/weights_control//ENST00000650919.1.wgt.RDat	ENST00000650919.1	8	32548235	32743253	0.0615	rs7005288	 1.175	rs4458837	 2.91e-03	 3.51	-0.81188	 19	12	enet	0.022	0.00035	-0.5138	6.07e-01
NA	/data/songy4/tes/output/weights_control//ENST00000651175.1.wgt.RDat	ENST00000651175.1	8	32548730	32728090	0.0499	rs7005288	 1.175	rs2439273	 2.31e-03	 3.52	-0.26429	 19	 8	enet	0.017	0.0016	-0.2726	7.85e-01
NA	/data/songy4/tes/output/weights_control//ENST00000349830.8.wgt.RDat	ENST00000349830.8	8	1823926	1958641	0.0592	rs7017774	 2.794	rs2294030	 3.33e-03	 3.38	-0.19847	 51	 1	top1	0.0033	0.098	-0.1985	8.43e-01
NA	/data/songy4/tes/output/weights_control//ENST00000350896.3.wgt.RDat	ENST00000350896.3	8	16107878	16192791	0.0548	rs2720630	-1.713	rs1366956	 5.74e-04	 2.85	-0.18584	 15	10	enet	0.018	0.0011	 0.8146	4.15e-01
NA	/data/songy4/tes/output/weights_control//ENST00000650866.1.wgt.RDat	ENST00000650866.1	8	31639304	32764402	0.0805	rs10503899	 2.198	rs2439273	 1.08e-02	 4.21	-0.26429	 26	12	enet	0.041	1.8e-06	-0.6341	5.26e-01
NA	/data/songy4/tes/output/weights_control//ENST00000650856.1.wgt.RDat	ENST00000650856.1	8	31639309	32764407	0.0804	rs10503899	 2.198	rs4458837	 7.92e-03	 3.76	-0.81188	 26	14	enet	0.032	2.4e-05	-0.8118	4.17e-01
NA	/data/songy4/tes/output/weights_control//ENST00000650819.1.wgt.RDat	ENST00000650819.1	8	32647117	32762021	0.0508	rs7005288	 1.175	rs2439273	 6.12e-03	 3.50	-0.26429	 16	 8	enet	0.024	0.00023	-0.5373	5.91e-01
NA	/data/songy4/tes/output/weights_control//ENST00000306433.9.wgt.RDat	ENST00000306433.9	8	22245133	22254601	0.0409	rs2280104	 5.673	rs13256571	-1.42e-03	-3.28	-1.37949	 41	 1	top1	-0.0014	0.61	 1.3795	1.68e-01
NA	/data/songy4/tes/output/weights_control//ENST00000306385.10.wgt.RDat	ENST00000306385.10	8	22165372	22212326	0.0494	rs2280104	 5.673	rs4507761	 1.52e-03	 3.08	-0.38400	 40	 3	lasso	0.0025	0.13	 0.0427	9.66e-01
NA	/data/songy4/tes/output/weights_control//ENST00000470826.5.wgt.RDat	ENST00000470826.5	8	38423313	38468308	0.1047	rs7821911	 1.793	rs1541897	 5.63e-02	-6.19	 0.50495	 17	 2	lasso	0.057	1.8e-08	-0.7030	4.82e-01
NA	/data/songy4/tes/output/weights_control//ENST00000259089.9.wgt.RDat	ENST00000259089.9	8	11494387	11564599	0.0594	rs1293298	 8.158	rs7820492	 1.65e-02	-3.72	-0.75248	 16	 9	enet	0.024	0.00019	 4.3455	1.39e-05
NA	/data/songy4/tes/output/weights_control//ENST00000602626.2.wgt.RDat	ENST00000602626.2	8	11552488	11564694	0.0475	rs1293298	 8.158	rs1293298	 2.21e-02	 3.61	 8.15789	 16	 7	enet	0.028	6e-05	 6.2877	3.22e-10
NA	/data/songy4/tes/output/weights_control//ENST00000533828.1.wgt.RDat	ENST00000533828.1	8	11545731	11549103	0.0531	rs1293298	 8.158	rs1293298	 3.09e-03	 3.25	 8.15789	 16	10	enet	0.02	0.00069	 4.8898	1.01e-06
NA	/data/songy4/tes/output/weights_control//ENST00000533322.1.wgt.RDat	ENST00000533322.1	8	11558466	11560020	0.0376	rs1293298	 8.158	rs1293298	 5.16e-04	 3.35	 8.15789	 16	 3	lasso	0.0034	0.094	 6.7736	1.26e-11
NA	/data/songy4/tes/output/weights_control//ENST00000533513.1.wgt.RDat	ENST00000533513.1	8	12186454	12194073	0.0332	rs1293298	 8.158	rs7002807	-1.88e-03	-2.27	 1.22330	  7	 6	enet	0.0096	0.014	 0.1527	8.79e-01
NA	/data/songy4/tes/output/weights_control//ENST00000534308.1.wgt.RDat	ENST00000534308.1	8	11423851	11444886	0.0363	rs1293298	 8.158	rs7814834	 2.95e-03	-3.25	-0.64646	 17	 7	enet	0.01	0.011	 1.5063	1.32e-01
NA	/data/songy4/tes/output/weights_control//ENST00000602723.5.wgt.RDat	ENST00000602723.5	8	2938099	4994701	0.1606	rs4503118	 3.099	rs17078780	-1.02e-03	-3.29	 0.35294	146	19	enet	0.015	0.0026	 0.5630	5.73e-01
NA	/data/songy4/tes/output/weights_control//ENST00000464163.1.wgt.RDat	ENST00000464163.1	8	38422744	38424621	0.0377	rs7821911	 1.793	rs1541897	 3.47e-02	-4.51	 0.50495	 17	 2	lasso	0.035	1e-05	-0.4943	6.21e-01
NA	/data/songy4/tes/output/weights_control//ENST00000627241.1.wgt.RDat	ENST00000627241.1	8	93733405	93736410	0.0296	rs279481	-2.180	rs543027	-1.89e-03	-2.81	-2.08929	  9	 6	enet	0.0095	0.014	 1.1725	2.41e-01
NA	/data/songy4/tes/output/weights_control//ENST00000660212.1.wgt.RDat	ENST00000660212.1	8	2130550	2134880	0.1323	rs12716586	 2.896	rs2294073	 2.36e-02	 5.20	 1.28846	 52	25	enet	0.049	2e-07	 0.3783	7.05e-01
NA	/data/songy4/tes/output/weights_control//ENST00000309536.6.wgt.RDat	ENST00000309536.6	8	91249307	91394718	0.0243	rs6470522	-1.662	rs1805812	 2.23e-02	 3.78	-0.58960	  8	 1	top1	0.022	0.00035	-0.5896	5.55e-01
NA	/data/songy4/tes/output/weights_control//ENST00000310430.11.wgt.RDat	ENST00000310430.11	8	9555912	9782346	0.0710	rs1551790	-2.790	rs2975684	 8.57e-04	-3.81	-1.27778	 25	14	enet	0.0046	0.065	-1.0053	3.15e-01
NA	/data/songy4/tes/output/weights_control//ENST00000539990.3.wgt.RDat	ENST00000539990.3	8	32721833	32765030	0.0785	rs7005288	 1.175	rs11780004	 1.56e-03	 3.49	 1.04167	 16	12	enet	0.04	2.5e-06	-0.1888	8.50e-01
NA	/data/songy4/tes/output/weights_control//ENST00000606115.1.wgt.RDat	ENST00000606115.1	8	10486807	10489666	0.0482	rs4321966	 1.766	rs4498602	 2.46e-02	-4.19	-0.41414	 22	 4	lasso	0.028	7.1e-05	-0.0831	9.34e-01
NA	/data/songy4/tes/output/weights_control//ENST00000537824.2.wgt.RDat	ENST00000537824.2	8	2935354	4032100	0.1630	rs4503118	 3.099	rs2725019	-1.83e-03	-3.69	-0.68987	115	46	enet	0.024	0.00019	 0.9902	3.22e-01
NA	/data/songy4/tes/output/weights_control//ENST00000607598.2.wgt.RDat	ENST00000607598.2	8	9555144	9556520	0.0381	rs1551790	-2.790	rs587059	 3.19e-02	-4.71	 2.39604	 17	 1	top1	0.032	2.3e-05	-2.3960	1.66e-02
NA	/data/songy4/tes/output/weights_control//ENST00000508026.3.wgt.RDat	ENST00000508026.3	8	200385	200562	0.0299	rs722782	 0.977	rs2161010	 4.80e-03	-2.78	 0.65094	  5	 4	enet	0.016	0.0024	-0.7687	4.42e-01
NA	/data/songy4/tes/output/weights_control//ENST00000418860.1.wgt.RDat	ENST00000418860.1	8	28069643	28083850	0.0443	rs1381113	-2.576	rs2685379	 1.03e-02	-3.32	 0.99000	 26	 2	lasso	0.016	0.0019	-0.2118	8.32e-01
NA	/data/songy4/tes/output/weights_control//ENST00000262101.10.wgt.RDat	ENST00000262101.10	8	16107881	16192651	0.0567	rs2720630	-1.713	rs1366956	 7.94e-04	 2.93	-0.18584	 15	10	enet	0.02	0.00066	 0.8185	4.13e-01
NA	/data/songy4/tes/output/weights_control//ENST00000466021.5.wgt.RDat	ENST00000466021.5	8	38417313	38422044	0.0504	rs7821911	 1.793	rs1541897	 3.48e-02	-4.84	 0.50495	 17	 1	top1	0.035	9.8e-06	-0.5050	6.14e-01
NA	/data/songy4/tes/output/weights_control//ENST00000262113.9.wgt.RDat	ENST00000262113.9	8	2045046	2145456	0.1727	rs12716586	 2.896	rs2294073	 3.90e-02	 5.62	 1.28846	 54	25	enet	0.074	1.4e-10	-0.0866	9.31e-01
NA	/data/songy4/tes/output/weights_control//ENST00000509557.1.wgt.RDat	ENST00000509557.1	8	8154308	8216916	0.0641	NA	    NA	NA	       NA	   NA	      NA	  7	 0	lasso	0.041	1.9e-06	     NA	      NA
NA	/data/songy4/tes/output/weights_control//ENST00000384399.1.wgt.RDat	ENST00000384399.1	8	10476223	10476329	0.0369	rs4321966	 1.766	rs10106098	 3.18e-02	 4.35	-0.83158	 22	 1	top1	0.032	2.3e-05	-0.8316	4.06e-01
NA	/data/songy4/tes/output/weights_control//ENST00000532791.5.wgt.RDat	ENST00000532791.5	8	38411231	38468622	0.0795	rs7821911	 1.793	rs1541897	 6.79e-02	-6.13	 0.50495	 17	 1	top1	0.068	7.8e-10	-0.5050	6.14e-01
NA	/data/songy4/tes/output/weights_control//ENST00000530807.5.wgt.RDat	ENST00000530807.5	8	144412414	144413569	0.0375	rs3819495	 1.534	rs12678428	 2.27e-02	-3.64	-0.35000	 17	 1	top1	0.023	0.00031	 0.3500	7.26e-01
NA	/data/songy4/tes/output/weights_control//ENST00000533108.1.wgt.RDat	ENST00000533108.1	8	144109727	144111205	0.0406	rs3819495	 1.534	rs10109061	 1.80e-02	 3.55	-0.58000	 17	 1	top1	0.018	0.0012	-0.5800	5.62e-01
NA	/data/songy4/tes/output/weights_control//ENST00000602557.5.wgt.RDat	ENST00000602557.5	8	2938099	4994972	0.1594	rs4503118	 3.099	rs2623746	-7.88e-04	 3.28	 0.54054	146	31	enet	0.015	0.0025	 0.8251	4.09e-01
