PANEL	FILE	ID	CHR	P0	P1	HSQ	BEST.GWAS.ID	BEST.GWAS.Z	EQTL.ID	EQTL.R2	EQTL.Z	EQTL.GWAS.Z	NSNP	NWGT	MODEL	MODELCV.R2	MODELCV.PV	TWAS.Z	TWAS.P
NA	/data/songy4/tes/output/weights_control//ENST00000623105.1.wgt.RDat	ENST00000623105.1	17	78691266	78691979	0.0420	rs1567961	-2.38	rs11870849	 3.13e-02	-4.72	-1.4915	24	 1	top1	0.031	2.6e-05	 1.49145	1.36e-01
NA	/data/songy4/tes/output/weights_control//ENST00000323776.11.wgt.RDat	ENST00000323776.11	17	50508439	50531501	0.0239	rs9907981	 1.25	rs9907981	 1.72e-02	-3.62	 1.2456	 2	 1	top1	0.017	0.0015	-1.24561	2.13e-01
NA	/data/songy4/tes/output/weights_control//ENST00000225538.4.wgt.RDat	ENST00000225538.4	17	3896592	3916465	0.0919	rs3744678	-2.49	rs9904113	 4.32e-02	-5.08	-0.0841	25	 3	lasso	0.06	7.9e-09	-0.28949	7.72e-01
NA	/data/songy4/tes/output/weights_control//ENST00000623798.1.wgt.RDat	ENST00000623798.1	17	4787057	4789162	0.0558	rs35773449	 2.96	rs4790694	 1.33e-03	-2.93	-0.4403	26	 4	lasso	0.0089	0.017	 0.23625	8.13e-01
NA	/data/songy4/tes/output/weights_control//ENST00000323164.7.wgt.RDat	ENST00000323164.7	17	3310311	3311216	0.0827	rs3744678	-2.49	rs4790495	 3.86e-03	-3.51	 0.5792	33	19	enet	0.016	0.0021	 1.02524	3.05e-01
NA	/data/songy4/tes/output/weights_control//ENST00000320254.5.wgt.RDat	ENST00000320254.5	17	46295131	46337794	0.0322	rs2555110	 2.02	rs4794160	-1.90e-03	 2.75	 0.0945	14	 7	enet	0.01	0.011	-0.39386	6.94e-01
NA	/data/songy4/tes/output/weights_control//ENST00000670279.1.wgt.RDat	ENST00000670279.1	17	14069490	14217916	0.0619	rs10521280	-2.34	rs11658577	 4.20e-03	 3.16	 1.6967	59	17	enet	0.022	4e-04	-0.03426	9.73e-01
NA	/data/songy4/tes/output/weights_control//ENST00000399044.1.wgt.RDat	ENST00000399044.1	17	20579724	20580911	0.0261	rs7220378	 1.91	rs4985959	 1.58e-02	-3.61	 0.4800	 6	 1	top1	0.016	0.0023	-0.48000	6.31e-01
NA	/data/songy4/tes/output/weights_control//ENST00000321560.4.wgt.RDat	ENST00000321560.4	17	17200995	17206333	0.0708	rs11078396	 2.93	rs4985704	 2.81e-02	 4.15	 1.2965	15	 3	lasso	0.029	4.7e-05	 1.57228	1.16e-01
NA	/data/songy4/tes/output/weights_control//ENST00000399264.1.wgt.RDat	ENST00000399264.1	17	16690249	16707398	0.0565	NA	   NA	NA	       NA	   NA	     NA	15	 0	top1	0.017	0.0016	      NA	      NA
NA	/data/songy4/tes/output/weights_control//ENST00000398275.4.wgt.RDat	ENST00000398275.4	17	46193576	46196721	0.0246	rs2555110	 2.02	rs4793658	 1.31e-02	-3.43	-1.2037	10	 1	top1	0.013	0.0049	 1.20370	2.29e-01
NA	/data/songy4/tes/output/weights_control//ENST00000622927.1.wgt.RDat	ENST00000622927.1	17	76090308	76091669	0.0603	rs4969188	-4.56	rs8073274	 3.33e-02	 4.49	-0.4565	56	 1	top1	0.033	1.5e-05	-0.45652	6.48e-01
NA	/data/songy4/tes/output/weights_control//ENST00000624752.1.wgt.RDat	ENST00000624752.1	17	3309986	3311446	0.0903	rs3744678	-2.49	rs4790495	 2.69e-02	-3.93	 0.5792	33	17	enet	0.031	3.2e-05	 1.56367	1.18e-01
NA	/data/songy4/tes/output/weights_control//ENST00000322444.7.wgt.RDat	ENST00000322444.7	17	75047225	75065886	0.0521	rs7215278	 2.93	rs2286585	 9.40e-03	-3.41	-1.1881	38	 1	top1	0.0094	0.015	 1.18812	2.35e-01
NA	/data/songy4/tes/output/weights_control//ENST00000345041.4.wgt.RDat	ENST00000345041.4	17	18971068	19004238	0.0287	rs2472709	-2.35	rs2472709	 2.53e-02	 4.04	-2.3516	12	 1	top1	0.025	0.00015	-2.35156	1.87e-02
NA	/data/songy4/tes/output/weights_control//ENST00000635293.1.wgt.RDat	ENST00000635293.1	17	7665416	7687491	0.0505	rs16957160	 3.75	rs11652407	 2.99e-03	-3.53	-0.3065	32	 9	enet	0.012	0.0069	 0.73501	4.62e-01
NA	/data/songy4/tes/output/weights_control//ENST00000346341.6.wgt.RDat	ENST00000346341.6	17	4710634	4721499	0.0471	rs35773449	 2.96	rs12949158	-4.47e-04	-2.71	 1.1731	26	14	enet	0.015	0.003	 0.72462	4.69e-01
NA	/data/songy4/tes/output/weights_control//ENST00000355035.9.wgt.RDat	ENST00000355035.9	17	7101322	7114653	0.0648	rs222836	-3.12	rs314239	 5.34e-02	 5.39	-0.5204	29	 5	enet	0.066	1.5e-09	 0.25583	7.98e-01
NA	/data/songy4/tes/output/weights_control//ENST00000635897.1.wgt.RDat	ENST00000635897.1	17	8186945	8187004	0.0374	rs16957160	 3.75	rs1579523	 9.34e-03	-3.66	 0.7068	29	 8	enet	0.01	0.011	-0.26388	7.92e-01
NA	/data/songy4/tes/output/weights_control//ENST00000650600.1.wgt.RDat	ENST00000650600.1	17	72404768	72407568	0.0455	rs6501732	 2.10	rs7220837	-1.72e-03	-2.42	 0.3363	26	12	enet	0.013	0.0048	-0.92903	3.53e-01
NA	/data/songy4/tes/output/weights_control//ENST00000314256.12.wgt.RDat	ENST00000314256.12	17	75456635	75500452	0.0782	rs4239001	-2.95	rs8073274	 3.80e-02	 4.67	-0.4565	48	 1	top1	0.038	4e-06	-0.45652	6.48e-01
NA	/data/songy4/tes/output/weights_control//ENST00000653391.1.wgt.RDat	ENST00000653391.1	17	72071042	72118299	0.0364	rs11658891	-2.09	rs9914522	 1.04e-03	 3.40	-0.1140	30	 1	top1	0.001	0.21	-0.11404	9.09e-01
NA	/data/songy4/tes/output/weights_control//ENST00000340621.9.wgt.RDat	ENST00000340621.9	17	16690232	16712148	0.1113	rs3813769	-3.01	rs8072402	 2.86e-02	-4.07	 1.7751	15	15	enet	0.065	1.6e-09	-1.94329	5.20e-02
NA	/data/songy4/tes/output/weights_control//ENST00000652471.1.wgt.RDat	ENST00000652471.1	17	50508384	50531500	0.0218	rs9907981	 1.25	rs9907981	 1.51e-02	-3.51	 1.2456	 2	 1	top1	0.015	0.0027	-1.24561	2.13e-01
NA	/data/songy4/tes/output/weights_control//ENST00000648396.1.wgt.RDat	ENST00000648396.1	17	78605233	78632055	0.0462	rs1567961	-2.38	rs11870849	 3.23e-02	 4.38	-1.4915	26	 6	enet	0.033	1.6e-05	-1.86597	6.20e-02
NA	/data/songy4/tes/output/weights_control//ENST00000357814.8.wgt.RDat	ENST00000357814.8	17	74770529	74776345	0.0378	rs7215278	 2.93	rs2286585	-1.69e-03	-2.82	-1.1881	30	 3	lasso	0.0033	0.099	-0.06835	9.46e-01
NA	/data/songy4/tes/output/weights_control//ENST00000647165.2.wgt.RDat	ENST00000647165.2	17	18108756	18179800	0.0301	rs11078396	 2.93	rs741783	 7.02e-03	 3.46	-2.4338	 4	 2	enet	0.019	0.00088	-3.47366	5.13e-04
NA	/data/songy4/tes/output/weights_control//ENST00000364880.2.wgt.RDat	ENST00000364880.2	17	19063919	19064136	0.0376	rs2472709	-2.35	rs2472709	 1.58e-02	-3.17	-2.3516	11	 2	lasso	0.016	0.0019	 3.15745	1.59e-03
NA	/data/songy4/tes/output/weights_control//ENST00000647555.1.wgt.RDat	ENST00000647555.1	17	3311218	3311934	0.0683	rs3744678	-2.49	rs4790495	-1.69e-03	-3.35	 0.5792	33	 2	lasso	-0.00036	0.37	-0.15052	8.80e-01
NA	/data/songy4/tes/output/weights_control//ENST00000638902.1.wgt.RDat	ENST00000638902.1	17	46170277	46223685	0.0371	rs2555110	 2.02	rs4793658	-7.80e-04	-3.23	-1.2037	10	 8	enet	0.0065	0.036	-0.26422	7.92e-01
NA	/data/songy4/tes/output/weights_control//ENST00000638269.1.wgt.RDat	ENST00000638269.1	17	46092870	46225361	0.0357	rs2555110	 2.02	rs2555110	-1.48e-03	-3.27	 2.0216	10	 9	enet	0.0047	0.062	-0.55880	5.76e-01
NA	/data/songy4/tes/output/weights_control//ENST00000638275.1.wgt.RDat	ENST00000638275.1	17	46029917	46193400	0.0349	rs2555110	 2.02	rs17700200	 1.03e-03	-3.05	-0.7394	10	 7	enet	0.01	0.011	-0.13044	8.96e-01
NA	/data/songy4/tes/output/weights_control//ENST00000648792.1.wgt.RDat	ENST00000648792.1	17	46029985	46225373	0.0409	rs2555110	 2.02	rs2555110	-1.01e-03	-3.31	 2.0216	10	 9	enet	0.012	0.0076	-0.45868	6.46e-01
NA	/data/songy4/tes/output/weights_control//ENST00000375286.7.wgt.RDat	ENST00000375286.7	17	75047184	75065889	0.0519	rs7215278	 2.93	rs2286585	 9.45e-03	-3.40	-1.1881	38	 1	top1	0.0094	0.015	 1.18812	2.35e-01
NA	/data/songy4/tes/output/weights_control//ENST00000639853.1.wgt.RDat	ENST00000639853.1	17	46038636	46171416	0.0396	rs2555110	 2.02	rs2555110	-1.39e-03	-3.21	 2.0216	10	 9	enet	0.01	0.012	-0.43094	6.67e-01
NA	/data/songy4/tes/output/weights_control//ENST00000375248.9.wgt.RDat	ENST00000375248.9	17	75476498	75499744	0.0852	rs4239001	-2.95	rs8073274	 3.98e-02	 4.79	-0.4565	46	 1	top1	0.04	2.4e-06	-0.45652	6.48e-01
NA	/data/songy4/tes/output/weights_control//ENST00000639099.1.wgt.RDat	ENST00000639099.1	17	46152904	46225367	0.0424	rs2555110	 2.02	rs4793658	 3.42e-03	-3.61	-1.2037	10	 7	enet	0.018	0.0012	-0.25113	8.02e-01
NA	/data/songy4/tes/output/weights_control//ENST00000639150.1.wgt.RDat	ENST00000639150.1	17	46033080	46224693	0.0341	rs2555110	 2.02	rs2555110	-5.99e-04	-3.36	 2.0216	10	10	enet	0.0033	0.1	-0.92147	3.57e-01
NA	/data/songy4/tes/output/weights_control//ENST00000639356.1.wgt.RDat	ENST00000639356.1	17	46148125	46225367	0.0398	rs2555110	 2.02	rs4793658	 2.00e-03	-3.72	-1.2037	10	 3	lasso	0.013	0.0053	 0.00375	9.97e-01
NA	/data/songy4/tes/output/weights_control//ENST00000639531.1.wgt.RDat	ENST00000639531.1	17	46032257	46172183	0.0388	rs2555110	 2.02	rs2555110	-1.06e-03	-3.20	 2.0216	10	 9	enet	0.01	0.011	-0.40568	6.85e-01
NA	/data/songy4/tes/output/weights_control//ENST00000639375.1.wgt.RDat	ENST00000639375.1	17	46049399	46225355	0.0385	rs2555110	 2.02	rs2555110	-6.29e-04	-3.23	 2.0216	10	10	enet	0.012	0.0065	-0.46598	6.41e-01
NA	/data/songy4/tes/output/weights_control//ENST00000639520.1.wgt.RDat	ENST00000639520.1	17	46221186	46225376	0.0243	rs2555110	 2.02	rs2555110	-1.87e-03	-2.88	 2.0216	10	 6	enet	0.0054	0.05	-0.49447	6.21e-01
NA	/data/songy4/tes/output/weights_control//ENST00000269260.7.wgt.RDat	ENST00000269260.7	17	4710632	4721497	0.0470	rs35773449	 2.96	rs12949158	-4.03e-04	-2.72	 1.1731	26	14	enet	0.014	0.0034	 0.72560	4.68e-01
NA	/data/songy4/tes/output/weights_control//ENST00000393465.7.wgt.RDat	ENST00000393465.7	17	46295099	46337777	0.0344	rs2555110	 2.02	rs4794160	-1.89e-03	 2.93	 0.0945	14	 6	enet	0.01	0.011	-0.54049	5.89e-01
NA	/data/songy4/tes/output/weights_control//ENST00000328114.11.wgt.RDat	ENST00000328114.11	17	18476789	18494945	0.0544	rs741783	-2.43	rs4441330	 4.95e-02	 5.37	 2.3396	11	 1	top1	0.049	1.5e-07	 2.33962	1.93e-02
NA	/data/songy4/tes/output/weights_control//ENST00000628329.1.wgt.RDat	ENST00000628329.1	17	19063920	19064136	0.0371	rs2472709	-2.35	rs2472709	 1.56e-02	-3.16	-2.3516	11	 2	lasso	0.016	0.0022	 3.16506	1.55e-03
NA	/data/songy4/tes/output/weights_control//ENST00000268717.10.wgt.RDat	ENST00000268717.10	17	17246616	17281246	0.0582	rs11078396	 2.93	rs8072402	 1.19e-02	-3.84	 1.3701	15	 9	enet	0.027	9.7e-05	-0.53070	5.96e-01
NA	/data/songy4/tes/output/weights_control//ENST00000392176.3.wgt.RDat	ENST00000392176.3	17	18524566	18526846	0.1084	rs2472709	-2.35	rs4441330	 7.56e-02	 6.46	 2.3396	10	 1	top1	0.076	8.5e-11	 2.33962	1.93e-02
NA	/data/songy4/tes/output/weights_control//ENST00000664217.1.wgt.RDat	ENST00000664217.1	17	14069490	14231736	0.0815	rs10521280	-2.34	rs11658577	 1.23e-03	 3.29	 1.6967	59	21	enet	0.03	3.4e-05	-0.09834	9.22e-01
NA	/data/songy4/tes/output/weights_control//ENST00000330676.8.wgt.RDat	ENST00000330676.8	17	1702816	1710377	0.0881	rs17626180	 1.78	rs1057355	 4.01e-02	-5.05	-0.2900	23	12	enet	0.051	9.4e-08	 0.83400	4.04e-01
NA	/data/songy4/tes/output/weights_control//ENST00000261643.8.wgt.RDat	ENST00000261643.8	17	14069504	14208677	0.0683	rs10521280	-2.34	rs11658577	 2.75e-03	 3.56	 1.6967	59	12	enet	0.018	0.0012	 0.25977	7.95e-01
NA	/data/songy4/tes/output/weights_control//ENST00000261497.9.wgt.RDat	ENST00000261497.9	17	20999596	21043011	0.0260	rs7220378	 1.91	rs4985959	 1.96e-02	 3.94	 0.4800	10	 1	top1	0.02	0.00075	 0.48000	6.31e-01
NA	/data/songy4/tes/output/weights_control//ENST00000254850.11.wgt.RDat	ENST00000254850.11	17	7101322	7114823	0.0690	rs222836	-3.12	rs314239	 5.67e-02	 5.55	-0.5204	29	 5	enet	0.066	1.4e-09	 0.21960	8.26e-01
NA	/data/songy4/tes/output/weights_control//ENST00000656849.1.wgt.RDat	ENST00000656849.1	17	46285276	46361750	0.0371	rs2555110	 2.02	rs4793976	-3.17e-04	 2.81	-1.8783	14	 9	enet	0.014	0.0042	-0.68246	4.95e-01
NA	/data/songy4/tes/output/weights_control//ENST00000262613.10.wgt.RDat	ENST00000262613.10	17	74748628	74769353	0.0368	rs7215278	 2.93	rs2286585	 9.04e-03	-3.16	-1.1881	30	 1	top1	0.009	0.016	 1.18812	2.35e-01
NA	/data/songy4/tes/output/weights_control//ENST00000262419.10.wgt.RDat	ENST00000262419.10	17	46029956	46192800	0.0445	rs2555110	 2.02	rs2555110	-1.52e-04	-3.37	 2.0216	10	 7	enet	0.016	0.0023	-0.36745	7.13e-01
NA	/data/songy4/tes/output/weights_control//ENST00000661579.1.wgt.RDat	ENST00000661579.1	17	21214322	21219657	0.0368	rs17771193	-1.49	rs4985959	 8.64e-03	 3.74	 0.4800	 7	 5	enet	0.018	0.001	 0.57332	5.66e-01
NA	/data/songy4/tes/output/weights_control//ENST00000304222.2.wgt.RDat	ENST00000304222.2	17	15944917	15975746	0.0792	rs3813769	-3.01	rs758857	 3.22e-02	 4.32	 0.6444	 7	 7	enet	0.044	7.6e-07	-0.72295	4.70e-01
NA	/data/songy4/tes/output/weights_control//ENST00000660573.1.wgt.RDat	ENST00000660573.1	17	20416610	20447224	0.0303	rs7220378	 1.91	rs4985959	-1.76e-03	-2.43	 0.4800	 5	 5	enet	0.016	0.002	-1.01517	3.10e-01
NA	/data/songy4/tes/output/weights_control//ENST00000299736.5.wgt.RDat	ENST00000299736.5	17	16342537	16353469	0.0424	rs3813769	-3.01	rs9889868	 7.74e-03	-3.38	 0.5673	10	 6	enet	0.02	0.00062	-0.79684	4.26e-01
NA	/data/songy4/tes/output/weights_control//ENST00000391250.1.wgt.RDat	ENST00000391250.1	17	2329119	2329213	0.0341	NA	   NA	NA	       NA	   NA	     NA	 0	 0	enet	0.0082	0.021	      NA	      NA
NA	/data/songy4/tes/output/weights_control//ENST00000331264.8.wgt.RDat	ENST00000331264.8	17	4788964	4790589	0.0452	rs35773449	 2.96	rs2875849	 3.18e-04	-2.98	-0.2842	26	 1	top1	0.00032	0.28	 0.28421	7.76e-01
NA	/data/songy4/tes/output/weights_control//ENST00000293761.7.wgt.RDat	ENST00000293761.7	17	4630926	4641665	0.1229	rs35773449	 2.96	rs748694	 5.43e-02	-5.53	-2.1649	26	12	enet	0.067	1e-09	 3.32452	8.86e-04
NA	/data/songy4/tes/output/weights_control//ENST00000293778.11.wgt.RDat	ENST00000293778.11	17	4733533	4739928	0.0679	rs35773449	 2.96	rs2304973	 7.72e-03	-3.62	-0.8587	26	 9	enet	0.029	4.5e-05	 0.77503	4.38e-01
NA	/data/songy4/tes/output/weights_control//ENST00000630092.1.wgt.RDat	ENST00000630092.1	17	19112420	19112636	0.0496	rs2472709	-2.35	rs11656071	 1.79e-02	 4.41	-1.4891	11	 4	enet	0.045	5.5e-07	 0.14972	8.81e-01
NA	/data/songy4/tes/output/weights_control//ENST00000661883.1.wgt.RDat	ENST00000661883.1	17	20579724	20580911	0.0302	rs7220378	 1.91	rs4985959	 1.72e-02	-3.78	 0.4800	 6	 1	top1	0.017	0.0015	-0.48000	6.31e-01
NA	/data/songy4/tes/output/weights_control//ENST00000301607.7.wgt.RDat	ENST00000301607.7	17	76006845	76027452	0.0587	rs4969188	-4.56	rs4969188	 1.38e-03	 3.06	-4.5649	60	14	enet	0.011	0.0084	-2.95305	3.15e-03
NA	/data/songy4/tes/output/weights_control//ENST00000389169.9.wgt.RDat	ENST00000389169.9	17	17221171	17237139	0.0391	rs11078396	 2.93	rs7223686	 2.48e-02	 3.84	 0.6742	15	 1	top1	0.025	0.00017	 0.67424	5.00e-01
NA	/data/songy4/tes/output/weights_control//ENST00000333751.6.wgt.RDat	ENST00000333751.6	17	7352021	7354944	0.0520	rs222836	-3.12	rs4151122	-1.07e-03	-2.79	 2.0316	29	 1	top1	-0.0011	0.51	-2.03158	4.22e-02
NA	/data/songy4/tes/output/weights_control//ENST00000388767.7.wgt.RDat	ENST00000388767.7	17	29614756	29621423	0.0313	rs6505247	 1.94	rs1020628	-1.65e-03	-3.08	-1.1111	11	 6	enet	0.0086	0.019	 1.02743	3.04e-01
NA	/data/songy4/tes/output/weights_control//ENST00000389022.9.wgt.RDat	ENST00000389022.9	17	17303373	17347663	0.1033	rs11078396	 2.93	rs7223686	 8.61e-02	 6.83	 0.6742	15	 8	enet	0.1	4.3e-14	 0.92687	3.54e-01
NA	/data/songy4/tes/output/weights_control//ENST00000388995.11.wgt.RDat	ENST00000388995.11	17	18968789	19004764	0.0284	rs2472709	-2.35	rs2472709	 2.75e-02	 4.22	-2.3516	12	 1	top1	0.027	7.9e-05	-2.35156	1.87e-02
NA	/data/songy4/tes/output/weights_control//ENST00000581595.5.wgt.RDat	ENST00000581595.5	17	18513278	18528694	0.1154	rs2472709	-2.35	rs4441330	 8.96e-02	 6.97	 2.3396	10	 1	top1	0.09	1.4e-12	 2.33962	1.93e-02
NA	/data/songy4/tes/output/weights_control//ENST00000581545.5.wgt.RDat	ENST00000581545.5	17	18476737	18494818	0.0665	rs741783	-2.43	rs4441330	 5.68e-02	 5.75	 2.3396	11	 1	top1	0.057	1.9e-08	 2.33962	1.93e-02
NA	/data/songy4/tes/output/weights_control//ENST00000581999.1.wgt.RDat	ENST00000581999.1	17	74748613	74748699	0.0475	rs7215278	 2.93	rs2286585	 2.85e-03	-3.24	-1.1881	29	 1	top1	0.0029	0.11	 1.18812	2.35e-01
NA	/data/songy4/tes/output/weights_control//ENST00000582124.1.wgt.RDat	ENST00000582124.1	17	15973863	15975737	0.1784	rs3813769	-3.01	rs758857	 8.63e-02	 6.88	 0.6444	 7	 7	enet	0.16	1e-21	 0.09339	9.26e-01
NA	/data/songy4/tes/output/weights_control//ENST00000582062.1.wgt.RDat	ENST00000582062.1	17	16349502	16353656	0.0412	rs3813769	-3.01	rs9889868	-1.34e-03	-2.75	 0.5673	10	 5	enet	0.019	0.001	-1.41989	1.56e-01
NA	/data/songy4/tes/output/weights_control//ENST00000581931.5.wgt.RDat	ENST00000581931.5	17	14069604	14207513	0.0701	rs10521280	-2.34	rs11658577	 2.42e-03	 3.39	 1.6967	59	17	enet	0.024	0.00024	 0.06034	9.52e-01
NA	/data/songy4/tes/output/weights_control//ENST00000580918.1.wgt.RDat	ENST00000580918.1	17	75491049	75492762	0.0524	rs4239001	-2.95	rs8073274	 2.37e-02	 3.83	-0.4565	46	 1	top1	0.024	0.00023	-0.45652	6.48e-01
NA	/data/songy4/tes/output/weights_control//ENST00000580996.1.wgt.RDat	ENST00000580996.1	17	16414524	16416689	0.0433	rs3813769	-3.01	rs9908528	 4.20e-03	 2.90	 1.5060	12	 3	lasso	0.009	0.017	 1.30004	1.94e-01
NA	/data/songy4/tes/output/weights_control//ENST00000581013.1.wgt.RDat	ENST00000581013.1	17	20514634	20516237	0.0285	rs7220378	 1.91	rs4985959	 1.74e-02	-3.99	 0.4800	 6	 1	top1	0.017	0.0014	-0.48000	6.31e-01
NA	/data/songy4/tes/output/weights_control//ENST00000580962.1.wgt.RDat	ENST00000580962.1	17	20999747	21000323	0.0434	rs7220378	 1.91	rs4985959	 3.86e-02	 5.01	 0.4800	10	 1	top1	0.039	3.4e-06	 0.48000	6.31e-01
NA	/data/songy4/tes/output/weights_control//ENST00000581085.5.wgt.RDat	ENST00000581085.5	17	75456641	75500090	0.0846	rs4239001	-2.95	rs8073274	 3.67e-02	 4.62	-0.4565	48	 1	top1	0.037	5.8e-06	-0.45652	6.48e-01
NA	/data/songy4/tes/output/weights_control//ENST00000581182.1.wgt.RDat	ENST00000581182.1	17	59155753	59185562	0.0534	rs17601633	 3.06	rs2188729	 7.59e-03	 1.87	 0.2316	16	 1	top1	0.0076	0.026	 0.23158	8.17e-01
NA	/data/songy4/tes/output/weights_control//ENST00000583088.6.wgt.RDat	ENST00000583088.6	17	21376357	21419870	0.0279	rs17771193	-1.49	rs17771193	-1.67e-03	-2.77	-1.4891	 7	 4	enet	0.0034	0.096	 0.99608	3.19e-01
NA	/data/songy4/tes/output/weights_control//ENST00000583160.5.wgt.RDat	ENST00000583160.5	17	17261966	17270976	0.0483	rs11078396	 2.93	rs12952522	 1.38e-03	-3.15	-0.0073	15	 9	enet	0.015	0.0029	-0.49001	6.24e-01
NA	/data/songy4/tes/output/weights_control//ENST00000582895.1.wgt.RDat	ENST00000582895.1	17	16804627	16805707	0.0316	rs3813769	-3.01	rs7214091	 1.44e-02	-3.10	 0.0345	19	 1	top1	0.014	0.0033	-0.03448	9.72e-01
NA	/data/songy4/tes/output/weights_control//ENST00000582909.1.wgt.RDat	ENST00000582909.1	17	17333511	17347208	0.1026	rs11078396	 2.93	rs7223686	 8.46e-02	 6.81	 0.6742	15	 9	enet	0.098	1.2e-13	 0.87412	3.82e-01
NA	/data/songy4/tes/output/weights_control//ENST00000582915.1.wgt.RDat	ENST00000582915.1	17	12990149	12990610	0.0635	rs8064996	 2.51	rs1548660	 4.36e-03	-3.13	-1.0620	35	12	enet	0.016	0.0022	 0.37608	7.07e-01
NA	/data/songy4/tes/output/weights_control//ENST00000583481.5.wgt.RDat	ENST00000583481.5	17	20938551	21002007	0.0269	rs7220378	 1.91	rs4985959	 2.30e-02	 4.06	 0.4800	10	 1	top1	0.023	0.00028	 0.48000	6.31e-01
NA	/data/songy4/tes/output/weights_control//ENST00000583296.1.wgt.RDat	ENST00000583296.1	17	75492276	75492983	0.0603	rs4239001	-2.95	rs8073274	 2.35e-02	 3.83	-0.4565	46	 1	top1	0.024	0.00024	-0.45652	6.48e-01
NA	/data/songy4/tes/output/weights_control//ENST00000583322.5.wgt.RDat	ENST00000583322.5	17	18476796	18494938	0.0608	rs741783	-2.43	rs4441330	 5.37e-02	 5.60	 2.3396	11	 1	top1	0.054	4.5e-08	 2.33962	1.93e-02
NA	/data/songy4/tes/output/weights_control//ENST00000582333.5.wgt.RDat	ENST00000582333.5	17	18476765	18492537	0.0521	rs741783	-2.43	rs4441330	 4.24e-02	 4.87	 2.3396	11	 1	top1	0.042	1.1e-06	 2.33962	1.93e-02
NA	/data/songy4/tes/output/weights_control//ENST00000582464.5.wgt.RDat	ENST00000582464.5	17	75631492	75660988	0.0580	rs4239001	-2.95	rs7215278	 4.20e-03	-3.88	 2.9276	40	 9	enet	0.02	0.00064	-2.42290	1.54e-02
NA	/data/songy4/tes/output/weights_control//ENST00000582473.2.wgt.RDat	ENST00000582473.2	17	74432133	74439937	0.0411	NA	   NA	NA	       NA	   NA	     NA	22	 0	lasso	0.026	0.00014	      NA	      NA
NA	/data/songy4/tes/output/weights_control//ENST00000582232.1.wgt.RDat	ENST00000582232.1	17	75240794	75241733	0.0542	rs7215278	 2.93	rs10221221	 3.61e-03	 3.28	-1.4378	47	 1	top1	0.0036	0.089	-1.43784	1.50e-01
NA	/data/songy4/tes/output/weights_control//ENST00000582261.5.wgt.RDat	ENST00000582261.5	17	20519312	20528687	0.0317	rs7220378	 1.91	rs4985959	 2.70e-02	-4.19	 0.4800	 6	 1	top1	0.027	9e-05	-0.48000	6.31e-01
NA	/data/songy4/tes/output/weights_control//ENST00000582773.5.wgt.RDat	ENST00000582773.5	17	74776500	74839751	0.0478	rs7215278	 2.93	rs2286585	-1.84e-03	-2.48	-1.1881	31	 3	lasso	-0.0018	0.84	 1.02600	3.05e-01
NA	/data/songy4/tes/output/weights_control//ENST00000578777.5.wgt.RDat	ENST00000578777.5	17	59155732	59193686	0.0521	rs17601633	 3.06	rs4968568	 2.01e-03	 3.17	-0.9358	16	 1	top1	0.002	0.15	-0.93578	3.49e-01
NA	/data/songy4/tes/output/weights_control//ENST00000578853.1.wgt.RDat	ENST00000578853.1	17	75491377	75493769	0.0970	rs4239001	-2.95	rs8073274	 4.40e-02	 4.99	-0.4565	46	 1	top1	0.044	7.3e-07	-0.45652	6.48e-01
NA	/data/songy4/tes/output/weights_control//ENST00000578624.1.wgt.RDat	ENST00000578624.1	17	75492560	75493530	0.0638	rs4239001	-2.95	rs8073274	 3.29e-02	 4.36	-0.4565	46	 1	top1	0.033	1.7e-05	-0.45652	6.48e-01
NA	/data/songy4/tes/output/weights_control//ENST00000579208.5.wgt.RDat	ENST00000579208.5	17	75456650	75499645	0.0839	rs4239001	-2.95	rs8073274	 3.90e-02	 4.78	-0.4565	48	 1	top1	0.039	3e-06	-0.45652	6.48e-01
NA	/data/songy4/tes/output/weights_control//ENST00000578896.1.wgt.RDat	ENST00000578896.1	17	75240949	75242368	0.0623	rs7215278	 2.93	rs7215957	 5.43e-03	-3.43	-0.8450	47	 5	lasso	0.0081	0.022	-1.17343	2.41e-01
NA	/data/songy4/tes/output/weights_control//ENST00000578983.1.wgt.RDat	ENST00000578983.1	17	18476799	18486392	0.0513	rs741783	-2.43	rs4441330	 3.72e-02	 4.64	 2.3396	11	 1	top1	0.037	4.9e-06	 2.33962	1.93e-02
NA	/data/songy4/tes/output/weights_control//ENST00000578999.1.wgt.RDat	ENST00000578999.1	17	18146014	18149975	0.0314	rs11078396	 2.93	rs741783	 4.59e-04	 2.77	-2.4338	 4	 4	enet	0.016	0.002	-3.86577	1.11e-04
NA	/data/songy4/tes/output/weights_control//ENST00000577869.5.wgt.RDat	ENST00000577869.5	17	18517193	18521124	0.0967	rs2472709	-2.35	rs4441330	 8.19e-02	 6.65	 2.3396	10	 1	top1	0.082	1.4e-11	 2.33962	1.93e-02
NA	/data/songy4/tes/output/weights_control//ENST00000577969.1.wgt.RDat	ENST00000577969.1	17	18722247	18732134	0.0294	rs2472709	-2.35	rs1634413	 1.60e-03	-2.95	 0.6429	10	 4	enet	0.02	0.00063	-0.86628	3.86e-01
NA	/data/songy4/tes/output/weights_control//ENST00000578406.1.wgt.RDat	ENST00000578406.1	17	20633034	20633259	0.0288	rs7220378	 1.91	rs4985959	 2.46e-02	-3.89	 0.4800	 7	 1	top1	0.025	0.00018	-0.48000	6.31e-01
NA	/data/songy4/tes/output/weights_control//ENST00000578409.5.wgt.RDat	ENST00000578409.5	17	18517319	18523295	0.0879	rs2472709	-2.35	rs4441330	 6.26e-02	 5.85	 2.3396	10	 1	top1	0.063	3.5e-09	 2.33962	1.93e-02
NA	/data/songy4/tes/output/weights_control//ENST00000578450.1.wgt.RDat	ENST00000578450.1	17	18492169	18492739	0.0334	rs741783	-2.43	rs4441330	 3.44e-02	 4.38	 2.3396	11	 1	top1	0.034	1.1e-05	 2.33962	1.93e-02
NA	/data/songy4/tes/output/weights_control//ENST00000578208.1.wgt.RDat	ENST00000578208.1	17	75238357	75238985	0.0696	rs7215278	 2.93	rs10221221	-1.40e-03	 3.02	-1.4378	47	18	enet	0.01	0.011	-1.92169	5.46e-02
NA	/data/songy4/tes/output/weights_control//ENST00000578317.5.wgt.RDat	ENST00000578317.5	17	17246837	17281191	0.0629	rs11078396	 2.93	rs8072402	 6.30e-03	-3.72	 1.3701	15	 9	enet	0.028	6.6e-05	-0.49870	6.18e-01
NA	/data/songy4/tes/output/weights_control//ENST00000580132.1.wgt.RDat	ENST00000580132.1	17	29568760	29569392	0.0244	rs6505247	 1.94	rs450735	-1.35e-03	 2.80	-0.2066	11	 8	enet	0.00074	0.24	 1.46960	1.42e-01
NA	/data/songy4/tes/output/weights_control//ENST00000580278.5.wgt.RDat	ENST00000580278.5	17	20929755	20939519	0.0271	rs7220378	 1.91	rs4985959	 2.02e-02	-3.89	 0.4800	10	 1	top1	0.02	0.00063	-0.48000	6.31e-01
NA	/data/songy4/tes/output/weights_control//ENST00000580291.5.wgt.RDat	ENST00000580291.5	17	21214331	21219120	0.0313	rs17771193	-1.49	rs4985959	 1.86e-02	 3.73	 0.4800	 7	 1	top1	0.019	0.001	 0.48000	6.31e-01
NA	/data/songy4/tes/output/weights_control//ENST00000580257.1.wgt.RDat	ENST00000580257.1	17	45600869	45602340	0.0341	rs12603843	-2.08	rs4793658	-6.52e-05	-3.01	-1.2037	15	 7	enet	0.016	0.0022	 2.17030	3.00e-02
NA	/data/songy4/tes/output/weights_control//ENST00000580561.1.wgt.RDat	ENST00000580561.1	17	14069604	14207585	0.0741	rs10521280	-2.34	rs11658577	-9.99e-04	 3.41	 1.6967	59	19	enet	0.025	0.00015	-0.02374	9.81e-01
NA	/data/songy4/tes/output/weights_control//ENST00000580674.5.wgt.RDat	ENST00000580674.5	17	18476800	18494926	0.0612	rs741783	-2.43	rs4441330	 5.33e-02	 5.58	 2.3396	11	 1	top1	0.053	5.2e-08	 2.33962	1.93e-02
NA	/data/songy4/tes/output/weights_control//ENST00000579469.2.wgt.RDat	ENST00000579469.2	17	75646251	75647974	0.0665	rs4239001	-2.95	rs7215957	 5.42e-03	-3.47	-0.8450	40	10	enet	0.023	0.00031	-1.24993	2.11e-01
NA	/data/songy4/tes/output/weights_control//ENST00000579773.5.wgt.RDat	ENST00000579773.5	17	18476784	18494434	0.0529	rs741783	-2.43	rs4441330	 4.77e-02	 5.24	 2.3396	11	 1	top1	0.048	2.5e-07	 2.33962	1.93e-02
NA	/data/songy4/tes/output/weights_control//ENST00000579928.2.wgt.RDat	ENST00000579928.2	17	10628526	10630029	0.0350	rs16944322	-2.87	rs4792074	-1.30e-03	-3.23	-0.8848	27	12	enet	0.0055	0.049	 0.26103	7.94e-01
NA	/data/songy4/tes/output/weights_control//ENST00000579898.5.wgt.RDat	ENST00000579898.5	17	75495542	75500082	0.0580	rs4239001	-2.95	rs8073274	 1.96e-02	 3.38	-0.4565	46	 1	top1	0.02	0.00074	-0.45652	6.48e-01
NA	/data/songy4/tes/output/weights_control//ENST00000579716.2.wgt.RDat	ENST00000579716.2	17	17246835	17249027	0.0420	rs11078396	 2.93	rs12952522	 1.51e-05	-3.16	-0.0073	15	 8	enet	0.0068	0.033	-0.34372	7.31e-01
NA	/data/songy4/tes/output/weights_control//ENST00000579701.1.wgt.RDat	ENST00000579701.1	17	45553710	45559070	0.0325	rs12603843	-2.08	rs17700200	 6.22e-04	-3.10	-0.7394	15	 7	enet	0.0071	0.03	 0.96935	3.32e-01
NA	/data/songy4/tes/output/weights_control//ENST00000589072.1.wgt.RDat	ENST00000589072.1	17	3377527	3377602	0.0663	rs3744678	-2.49	rs17174920	 3.19e-03	 3.69	 0.1505	31	11	enet	0.037	5.9e-06	 0.92975	3.53e-01
NA	/data/songy4/tes/output/weights_control//ENST00000590398.5.wgt.RDat	ENST00000590398.5	17	77546941	77563243	0.0514	rs898533	-3.61	rs2019965	-1.86e-03	 2.83	-0.3070	66	 1	lasso	-0.0015	0.66	-0.30702	7.59e-01
NA	/data/songy4/tes/output/weights_control//ENST00000587990.1.wgt.RDat	ENST00000587990.1	17	78064894	78075385	0.0600	rs2289728	 2.07	rs11870849	 3.30e-02	-4.43	-1.4915	37	 1	top1	0.033	1.6e-05	 1.49145	1.36e-01
NA	/data/songy4/tes/output/weights_control//ENST00000587960.1.wgt.RDat	ENST00000587960.1	17	45531577	45533838	0.0335	rs12603843	-2.08	rs4793658	 1.45e-02	-3.13	-1.2037	15	 1	top1	0.015	0.0033	 1.20370	2.29e-01
NA	/data/songy4/tes/output/weights_control//ENST00000588061.5.wgt.RDat	ENST00000588061.5	17	78004168	78107464	0.0497	rs7216806	-2.22	rs11870849	 3.62e-02	-4.71	-1.4915	38	 1	top1	0.036	6.7e-06	 1.49145	1.36e-01
NA	/data/songy4/tes/output/weights_control//ENST00000588189.1.wgt.RDat	ENST00000588189.1	17	45533963	45534710	0.0372	rs12603843	-2.08	rs17605038	-1.66e-03	-2.85	 1.8621	15	 1	lasso	-0.00067	0.42	-1.86207	6.26e-02
NA	/data/songy4/tes/output/weights_control//ENST00000587569.5.wgt.RDat	ENST00000587569.5	17	76007082	76027231	0.0566	rs4969188	-4.56	rs9895647	-4.31e-04	 3.05	-1.1584	60	10	enet	0.01	0.012	-2.65228	7.99e-03
NA	/data/songy4/tes/output/weights_control//ENST00000425211.5.wgt.RDat	ENST00000425211.5	17	18511221	18541920	0.1293	rs2472709	-2.35	rs4441330	 1.07e-01	 7.60	 2.3396	10	 4	enet	0.11	3.9e-15	 1.65277	9.84e-02
NA	/data/songy4/tes/output/weights_control//ENST00000588847.5.wgt.RDat	ENST00000588847.5	17	78004168	78107464	0.0493	rs7216806	-2.22	rs11870849	 3.60e-02	-4.70	-1.4915	38	 1	top1	0.036	7.1e-06	 1.49145	1.36e-01
NA	/data/songy4/tes/output/weights_control//ENST00000592734.5.wgt.RDat	ENST00000592734.5	17	78214317	78222992	0.0652	rs2289728	 2.07	rs11870849	-1.88e-03	 2.67	-1.4915	36	13	enet	0.0068	0.032	-0.41491	6.78e-01
NA	/data/songy4/tes/output/weights_control//ENST00000592098.1.wgt.RDat	ENST00000592098.1	17	77323706	77402455	0.0827	rs898533	-3.61	rs894868	-1.79e-03	-2.67	 1.3389	61	21	enet	0.0024	0.13	 0.68365	4.94e-01
NA	/data/songy4/tes/output/weights_control//ENST00000592271.1.wgt.RDat	ENST00000592271.1	17	76211877	76240301	0.0445	rs4969188	-4.56	rs17642091	 2.32e-02	 3.91	 0.9420	51	 1	top1	0.023	0.00026	 0.94203	3.46e-01
NA	/data/songy4/tes/output/weights_control//ENST00000592275.5.wgt.RDat	ENST00000592275.5	17	78836124	78841441	0.0654	rs1567961	-2.38	rs11870849	 2.96e-02	-4.70	-1.4915	21	 1	top1	0.03	4.3e-05	 1.49145	1.36e-01
NA	/data/songy4/tes/output/weights_control//ENST00000593015.5.wgt.RDat	ENST00000593015.5	17	59964832	59973104	0.0403	rs17601633	 3.06	rs2159399	-1.87e-03	-2.61	 0.9231	12	 7	enet	0.002	0.15	-3.00437	2.66e-03
NA	/data/songy4/tes/output/weights_control//ENST00000590862.5.wgt.RDat	ENST00000590862.5	17	78174702	78187036	0.0620	rs2289728	 2.07	rs7213604	 1.66e-02	-3.22	-1.0250	36	 1	top1	0.017	0.0018	 1.02500	3.05e-01
NA	/data/songy4/tes/output/weights_control//ENST00000591942.6.wgt.RDat	ENST00000591942.6	17	78828992	78840786	0.0438	rs1567961	-2.38	rs11870849	 3.02e-02	-4.45	-1.4915	21	 5	enet	0.034	1.4e-05	 1.49138	1.36e-01
NA	/data/songy4/tes/output/weights_control//ENST00000584323.4.wgt.RDat	ENST00000584323.4	17	75602301	75603061	0.0577	rs4239001	-2.95	rs8073274	-5.57e-04	 3.00	-0.4565	39	21	enet	0.0078	0.024	-1.65567	9.78e-02
NA	/data/songy4/tes/output/weights_control//ENST00000584941.5.wgt.RDat	ENST00000584941.5	17	18476798	18494641	0.0619	rs741783	-2.43	rs4441330	 5.46e-02	 5.59	 2.3396	11	 1	top1	0.055	3.5e-08	 2.33962	1.93e-02
NA	/data/songy4/tes/output/weights_control//ENST00000584749.2.wgt.RDat	ENST00000584749.2	17	72428267	72469618	0.0368	rs8066909	-2.60	rs9914522	-8.76e-04	 2.57	-0.1140	28	 1	top1	-0.00088	0.46	-0.11404	9.09e-01
NA	/data/songy4/tes/output/weights_control//ENST00000583574.7.wgt.RDat	ENST00000583574.7	17	20416599	20434286	0.0372	rs7220378	 1.91	rs7209752	-1.00e-03	-2.96	-1.2824	 5	 5	enet	0.018	0.0012	-0.72974	4.66e-01
NA	/data/songy4/tes/output/weights_control//ENST00000584127.1.wgt.RDat	ENST00000584127.1	17	18489542	18494940	0.0557	rs741783	-2.43	rs4441330	 4.41e-02	 5.04	 2.3396	11	 1	top1	0.044	7.1e-07	 2.33962	1.93e-02
NA	/data/songy4/tes/output/weights_control//ENST00000584246.1.wgt.RDat	ENST00000584246.1	17	74776509	74785680	0.0434	rs7215278	 2.93	rs7215278	 1.10e-03	-3.23	 2.9276	30	 1	top1	0.0011	0.21	-2.92760	3.42e-03
NA	/data/songy4/tes/output/weights_control//ENST00000584214.1.wgt.RDat	ENST00000584214.1	17	16349714	16353445	0.0404	rs3813769	-3.01	rs9889868	 9.19e-03	-3.22	 0.5673	10	 6	enet	0.018	0.0011	-1.54628	1.22e-01
NA	/data/songy4/tes/output/weights_control//ENST00000584216.5.wgt.RDat	ENST00000584216.5	17	17260398	17281273	0.0680	rs11078396	 2.93	rs8072402	 1.27e-02	-3.83	 1.3701	15	 9	enet	0.034	1.1e-05	-0.43678	6.62e-01
NA	/data/songy4/tes/output/weights_control//ENST00000583963.1.wgt.RDat	ENST00000583963.1	17	8365563	8373816	0.0466	rs16957160	 3.75	rs3027279	-1.75e-03	-2.84	-1.0306	33	16	enet	0.00037	0.27	 1.29210	1.96e-01
NA	/data/songy4/tes/output/weights_control//ENST00000583929.1.wgt.RDat	ENST00000583929.1	17	21198540	21214176	0.0224	rs17771193	-1.49	rs4985959	 2.16e-02	 3.98	 0.4800	 8	 1	top1	0.022	0.00042	 0.48000	6.31e-01
NA	/data/songy4/tes/output/weights_control//ENST00000586137.1.wgt.RDat	ENST00000586137.1	17	76313824	76330301	0.0509	rs4969188	-4.56	rs676696	-1.87e-03	-3.07	-1.9605	47	 3	lasso	0.0011	0.21	 2.47233	1.34e-02
NA	/data/songy4/tes/output/weights_control//ENST00000586185.2.wgt.RDat	ENST00000586185.2	17	78617393	78632051	0.0501	rs1567961	-2.38	rs11870849	-1.63e-03	 3.36	-1.4915	25	 8	enet	0.0068	0.033	-2.38117	1.73e-02
NA	/data/songy4/tes/output/weights_control//ENST00000587078.1.wgt.RDat	ENST00000587078.1	17	45545805	45558767	0.0538	rs12603843	-2.08	rs4794160	-1.45e-03	 2.84	 0.0945	15	13	enet	0.0052	0.054	-0.55403	5.80e-01
NA	/data/songy4/tes/output/weights_control//ENST00000586740.1.wgt.RDat	ENST00000586740.1	17	76007081	76027231	0.0553	rs4969188	-4.56	rs9895647	-5.27e-04	 3.02	-1.1584	60	10	enet	0.0094	0.015	-2.61972	8.80e-03
NA	/data/songy4/tes/output/weights_control//ENST00000586896.2.wgt.RDat	ENST00000586896.2	17	78829004	78838794	0.0439	rs1567961	-2.38	rs11870849	 3.11e-02	-4.42	-1.4915	21	 1	top1	0.031	2.8e-05	 1.49145	1.36e-01
NA	/data/songy4/tes/output/weights_control//ENST00000585285.1.wgt.RDat	ENST00000585285.1	17	74747319	74748912	0.0476	rs7215278	 2.93	rs2286585	 1.97e-02	-3.52	-1.1881	29	 1	top1	0.02	0.00072	 1.18812	2.35e-01
NA	/data/songy4/tes/output/weights_control//ENST00000585105.5.wgt.RDat	ENST00000585105.5	17	75476547	75500090	0.0753	rs4239001	-2.95	rs8073274	 3.38e-02	 4.48	-0.4565	46	 1	top1	0.034	1.3e-05	-0.45652	6.48e-01
NA	/data/songy4/tes/output/weights_control//ENST00000585701.5.wgt.RDat	ENST00000585701.5	17	76481383	76493154	0.0442	rs4969188	-4.56	rs4969189	-6.71e-04	-3.08	-0.3333	45	 5	enet	0.0034	0.094	-0.43212	6.66e-01
NA	/data/songy4/tes/output/weights_control//ENST00000518506.4.wgt.RDat	ENST00000518506.4	17	15438141	15563448	0.0343	rs9903817	-2.71	rs2058178	 1.60e-02	 3.88	 1.0420	 9	 1	top1	0.016	0.0021	 1.04202	2.97e-01
NA	/data/songy4/tes/output/weights_control//ENST00000443508.7.wgt.RDat	ENST00000443508.7	17	20868520	20930046	0.0312	rs7220378	 1.91	rs4985959	 2.76e-02	-4.25	 0.4800	10	 1	top1	0.028	7.6e-05	-0.48000	6.31e-01
NA	/data/songy4/tes/output/weights_control//ENST00000439936.6.wgt.RDat	ENST00000439936.6	17	17246874	17280700	0.0758	rs11078396	 2.93	rs8072402	 3.22e-02	-4.55	 1.3701	15	 8	enet	0.039	3.2e-06	-0.83994	4.01e-01
NA	/data/songy4/tes/output/weights_control//ENST00000439127.6.wgt.RDat	ENST00000439127.6	17	20501669	20504283	0.0238	rs7220378	 1.91	rs4985959	 2.34e-02	-4.06	 0.4800	 5	 1	top1	0.023	0.00025	-0.48000	6.31e-01
NA	/data/songy4/tes/output/weights_control//ENST00000439136.2.wgt.RDat	ENST00000439136.2	17	21214331	21230035	0.0290	rs17771193	-1.49	rs4985959	 6.07e-03	 3.46	 0.4800	 7	 3	enet	0.014	0.0034	 0.58011	5.62e-01
NA	/data/songy4/tes/output/weights_control//ENST00000451011.2.wgt.RDat	ENST00000451011.2	17	20554137	20554380	0.0225	rs7220378	 1.91	rs4985959	 1.52e-02	-3.54	 0.4800	 6	 1	top1	0.015	0.0027	-0.48000	6.31e-01
NA	/data/songy4/tes/output/weights_control//ENST00000450034.7.wgt.RDat	ENST00000450034.7	17	7107680	7115015	0.0481	rs222836	-3.12	rs314239	 4.73e-02	 5.08	-0.5204	28	 1	top1	0.047	2.8e-07	-0.52041	6.03e-01
NA	/data/songy4/tes/output/weights_control//ENST00000450673.3.wgt.RDat	ENST00000450673.3	17	46339397	46361764	0.0442	rs2555110	 2.02	rs4793658	 3.03e-02	 4.61	-1.2037	13	 7	enet	0.035	1e-05	-0.43155	6.66e-01
NA	/data/songy4/tes/output/weights_control//ENST00000446853.1.wgt.RDat	ENST00000446853.1	17	18528586	18551685	0.0868	rs2472709	-2.35	rs4441330	 7.28e-02	 6.29	 2.3396	10	 1	top1	0.073	1.9e-10	 2.33962	1.93e-02
NA	/data/songy4/tes/output/weights_control//ENST00000446679.6.wgt.RDat	ENST00000446679.6	17	7101575	7114240	0.0721	rs222836	-3.12	rs314239	 5.95e-02	 5.69	-0.5204	29	 5	enet	0.073	2e-10	 0.23639	8.13e-01
NA	/data/songy4/tes/output/weights_control//ENST00000539941.6.wgt.RDat	ENST00000539941.6	17	17246820	17280777	0.0828	rs11078396	 2.93	rs8072402	 3.71e-02	-4.80	 1.3701	15	 9	enet	0.044	8e-07	-0.78204	4.34e-01
NA	/data/songy4/tes/output/weights_control//ENST00000432791.6.wgt.RDat	ENST00000432791.6	17	46029916	46193198	0.0385	rs2555110	 2.02	rs4793658	 4.24e-04	-3.20	-1.2037	10	 7	enet	0.013	0.0051	-0.17685	8.60e-01
NA	/data/songy4/tes/output/weights_control//ENST00000557349.5.wgt.RDat	ENST00000557349.5	17	15437888	15563559	0.0329	rs9903817	-2.71	rs2058178	 9.35e-04	 3.63	 1.0420	 9	 4	enet	0.0033	0.098	 1.43212	1.52e-01
NA	/data/songy4/tes/output/weights_control//ENST00000556126.2.wgt.RDat	ENST00000556126.2	17	75646243	75647975	0.0642	rs4239001	-2.95	rs7215957	 4.31e-03	-3.58	-0.8450	40	15	enet	0.019	0.00086	-0.86298	3.88e-01
NA	/data/songy4/tes/output/weights_control//ENST00000563627.1.wgt.RDat	ENST00000563627.1	17	76923850	76925020	0.0622	rs898533	-3.61	rs4969189	 1.10e-02	 3.75	-0.3333	63	 1	top1	0.011	0.0092	-0.33333	7.39e-01
NA	/data/songy4/tes/output/weights_control//ENST00000431716.2.wgt.RDat	ENST00000431716.2	17	14235673	14236862	0.0538	rs10521280	-2.34	rs2159132	 2.33e-03	 3.41	-0.3796	45	 9	enet	0.034	1.3e-05	 0.33287	7.39e-01
NA	/data/songy4/tes/output/weights_control//ENST00000436374.5.wgt.RDat	ENST00000436374.5	17	16690241	16708748	0.1066	rs3813769	-3.01	rs8072402	 4.25e-02	-4.89	 1.7751	15	14	enet	0.07	4.3e-10	-2.06508	3.89e-02
NA	/data/songy4/tes/output/weights_control//ENST00000538213.6.wgt.RDat	ENST00000538213.6	17	75093287	75104410	0.0546	rs7215278	 2.93	rs2286585	 1.07e-03	-3.23	-1.1881	39	13	enet	0.015	0.0025	-2.92192	3.48e-03
NA	/data/songy4/tes/output/weights_control//ENST00000433763.6.wgt.RDat	ENST00000433763.6	17	20938566	20958389	0.0351	rs7220378	 1.91	rs4985959	 2.48e-02	-3.94	 0.4800	10	 1	top1	0.025	0.00017	-0.48000	6.31e-01
NA	/data/songy4/tes/output/weights_control//ENST00000433702.7.wgt.RDat	ENST00000433702.7	17	43221417	43229011	0.0302	rs17682536	 3.05	rs3169733	 2.16e-02	 3.61	-2.8611	 6	 1	top1	0.022	0.00043	-2.86111	4.22e-03
NA	/data/songy4/tes/output/weights_control//ENST00000537526.6.wgt.RDat	ENST00000537526.6	17	20999597	21043760	0.0248	rs7220378	 1.91	rs4985959	 1.97e-02	 3.91	 0.4800	10	 1	top1	0.02	0.00073	 0.48000	6.31e-01
NA	/data/songy4/tes/output/weights_control//ENST00000537587.6.wgt.RDat	ENST00000537587.6	17	47694619	47698767	0.0314	rs9303554	-1.90	rs584589	 4.03e-03	 2.22	 0.7183	20	 1	lasso	0.0053	0.052	 0.71831	4.73e-01
NA	/data/songy4/tes/output/weights_control//ENST00000433419.2.wgt.RDat	ENST00000433419.2	17	20321317	20403557	0.0239	rs7220378	 1.91	rs7209752	-2.64e-04	-2.71	-1.2824	 4	 4	enet	0.013	0.0054	-0.23827	8.12e-01
NA	/data/songy4/tes/output/weights_control//ENST00000434406.1.wgt.RDat	ENST00000434406.1	17	20056287	20056630	0.0292	rs4925044	 1.89	rs7209752	 2.20e-02	-3.80	-1.2824	 4	 1	top1	0.022	0.00038	 1.28241	2.00e-01
NA	/data/songy4/tes/output/weights_control//ENST00000433935.6.wgt.RDat	ENST00000433935.6	17	4739833	4746113	0.0659	rs35773449	 2.96	rs2304973	-1.62e-03	-3.09	-0.8587	26	15	enet	0.02	0.00058	 1.24303	2.14e-01
NA	/data/songy4/tes/output/weights_control//ENST00000455117.6.wgt.RDat	ENST00000455117.6	17	21002375	21043375	0.0245	rs7220378	 1.91	rs4985959	 2.40e-02	 4.17	 0.4800	10	 1	top1	0.024	0.00021	 0.48000	6.31e-01
NA	/data/songy4/tes/output/weights_control//ENST00000478373.6.wgt.RDat	ENST00000478373.6	17	17303366	17344866	0.0992	rs11078396	 2.93	rs7223686	 8.38e-02	 6.75	 0.6742	15	 8	enet	0.093	5.8e-13	 0.93333	3.51e-01
NA	/data/songy4/tes/output/weights_control//ENST00000477299.5.wgt.RDat	ENST00000477299.5	17	17262020	17281246	0.0660	rs11078396	 2.93	rs8072402	 6.81e-03	-3.77	 1.3701	15	 9	enet	0.031	3.2e-05	-0.52385	6.00e-01
NA	/data/songy4/tes/output/weights_control//ENST00000480529.1.wgt.RDat	ENST00000480529.1	17	17345269	17347152	0.0950	rs11078396	 2.93	rs7223686	 7.65e-02	 6.50	 0.6742	14	 7	enet	0.094	3.6e-13	 0.97623	3.29e-01
NA	/data/songy4/tes/output/weights_control//ENST00000480316.1.wgt.RDat	ENST00000480316.1	17	17221588	17224505	0.0379	rs11078396	 2.93	rs7223686	 2.20e-02	 3.73	 0.6742	15	 8	enet	0.025	0.00014	 1.05265	2.93e-01
NA	/data/songy4/tes/output/weights_control//ENST00000504865.3.wgt.RDat	ENST00000504865.3	17	49004731	49013725	0.0341	rs8065485	 3.21	rs16949207	-1.20e-03	 2.71	 1.2664	19	 8	enet	0.008	0.022	 1.94139	5.22e-02
NA	/data/songy4/tes/output/weights_control//ENST00000504438.1.wgt.RDat	ENST00000504438.1	17	48874914	48875198	0.0418	rs8065485	 3.21	rs198543	 2.36e-02	 3.73	 0.0294	22	 1	top1	0.024	0.00024	 0.02941	9.77e-01
NA	/data/songy4/tes/output/weights_control//ENST00000486810.5.wgt.RDat	ENST00000486810.5	17	17260302	17276066	0.0606	rs11078396	 2.93	rs8072402	 6.30e-03	-3.58	 1.3701	15	 9	enet	0.03	3.6e-05	-0.54020	5.89e-01
NA	/data/songy4/tes/output/weights_control//ENST00000492672.5.wgt.RDat	ENST00000492672.5	17	17261998	17281246	0.0678	rs11078396	 2.93	rs8072402	 1.28e-02	-3.88	 1.3701	15	10	enet	0.033	1.7e-05	-0.46913	6.39e-01
NA	/data/songy4/tes/output/weights_control//ENST00000483704.5.wgt.RDat	ENST00000483704.5	17	17303678	17347663	0.0997	rs11078396	 2.93	rs7223686	 8.41e-02	 6.76	 0.6742	15	 7	enet	0.099	1e-13	 0.88550	3.76e-01
NA	/data/songy4/tes/output/weights_control//ENST00000496930.5.wgt.RDat	ENST00000496930.5	17	46292733	46337792	0.0290	rs2555110	 2.02	rs2074189	-1.74e-03	-2.94	-0.6316	14	 7	enet	0.011	0.0083	 0.28124	7.79e-01
NA	/data/songy4/tes/output/weights_control//ENST00000481756.7.wgt.RDat	ENST00000481756.7	17	15438064	15563472	0.0332	rs9903817	-2.71	rs2058178	 1.66e-02	 3.92	 1.0420	 9	 1	top1	0.017	0.0018	 1.04202	2.97e-01
NA	/data/songy4/tes/output/weights_control//ENST00000483947.1.wgt.RDat	ENST00000483947.1	17	7140930	7141592	0.0394	rs222836	-3.12	rs4796407	 6.33e-03	 3.30	 1.6471	25	12	enet	0.013	0.0056	 1.38259	1.67e-01
NA	/data/songy4/tes/output/weights_control//ENST00000486032.1.wgt.RDat	ENST00000486032.1	17	17246835	17247887	0.0601	rs11078396	 2.93	rs8072402	 1.07e-02	-3.93	 1.3701	15	 9	enet	0.028	7e-05	-0.41282	6.80e-01
NA	/data/songy4/tes/output/weights_control//ENST00000484117.3.wgt.RDat	ENST00000484117.3	17	31465543	31465832	0.0607	rs28905	-2.73	rs2173191	-1.78e-03	 2.99	 0.5172	35	14	enet	0.011	0.0097	 1.05251	2.93e-01
NA	/data/songy4/tes/output/weights_control//ENST00000495640.1.wgt.RDat	ENST00000495640.1	17	17264860	17270807	0.0570	rs11078396	 2.93	rs8072402	 3.22e-03	-3.42	 1.3701	15	10	enet	0.027	9.5e-05	-0.48825	6.25e-01
NA	/data/songy4/tes/output/weights_control//ENST00000463097.1.wgt.RDat	ENST00000463097.1	17	17248949	17255055	0.0533	rs11078396	 2.93	rs8072402	 1.85e-02	-3.70	 1.3701	15	 9	enet	0.022	0.00038	-0.52279	6.01e-01
NA	/data/songy4/tes/output/weights_control//ENST00000463809.1.wgt.RDat	ENST00000463809.1	17	16720517	16727895	0.0578	NA	   NA	NA	       NA	   NA	     NA	15	 0	top1	0.023	0.00032	      NA	      NA
NA	/data/songy4/tes/output/weights_control//ENST00000461699.1.wgt.RDat	ENST00000461699.1	17	17228026	17228729	0.0486	rs11078396	 2.93	rs7223686	 1.42e-02	 4.01	 0.6742	15	 8	enet	0.038	4.5e-06	 0.97393	3.30e-01
NA	/data/songy4/tes/output/weights_control//ENST00000462131.1.wgt.RDat	ENST00000462131.1	17	48629549	48634661	0.0464	rs8065485	 3.21	rs4794175	-1.90e-03	-2.92	-0.6429	32	14	enet	-0.0019	0.88	 0.46815	6.40e-01
NA	/data/songy4/tes/output/weights_control//ENST00000462236.1.wgt.RDat	ENST00000462236.1	17	17264934	17281160	0.0790	rs11078396	 2.93	rs8072402	 3.02e-02	-4.37	 1.3701	15	10	enet	0.042	1.4e-06	-0.55649	5.78e-01
NA	/data/songy4/tes/output/weights_control//ENST00000456184.1.wgt.RDat	ENST00000456184.1	17	18527557	18528461	0.1110	rs2472709	-2.35	rs4441330	 8.77e-02	 6.88	 2.3396	10	 1	top1	0.088	2.5e-12	 2.33962	1.93e-02
NA	/data/songy4/tes/output/weights_control//ENST00000456009.4.wgt.RDat	ENST00000456009.4	17	16690316	16731916	0.1071	rs3813769	-3.01	rs8072402	 3.81e-02	-4.61	 1.8566	16	14	enet	0.071	3e-10	-1.74948	8.02e-02
NA	/data/songy4/tes/output/weights_control//ENST00000458981.1.wgt.RDat	ENST00000458981.1	17	46215070	46215171	0.0329	rs2555110	 2.02	rs4793658	 2.13e-02	-3.57	-1.2037	10	 1	top1	0.021	0.00047	 1.20370	2.29e-01
NA	/data/songy4/tes/output/weights_control//ENST00000511142.1.wgt.RDat	ENST00000511142.1	17	49037122	49037429	0.0383	rs8065485	 3.21	rs2277624	 2.09e-02	 3.53	 1.2583	19	 1	top1	0.021	0.00052	 1.25833	2.08e-01
NA	/data/songy4/tes/output/weights_control//ENST00000458492.1.wgt.RDat	ENST00000458492.1	17	14210488	14217922	0.0576	rs10521280	-2.34	rs9910122	 5.29e-03	 3.34	-0.3955	46	10	enet	0.011	0.0098	-0.57347	5.66e-01
NA	/data/songy4/tes/output/weights_control//ENST00000470418.5.wgt.RDat	ENST00000470418.5	17	17303390	17346858	0.1027	rs11078396	 2.93	rs7223686	 8.51e-02	 6.79	 0.6742	15	 8	enet	0.096	2.3e-13	 0.90826	3.64e-01
NA	/data/songy4/tes/output/weights_control//ENST00000471414.1.wgt.RDat	ENST00000471414.1	17	17254887	17260696	0.0657	rs11078396	 2.93	rs8072402	 3.52e-02	-4.56	 1.3701	15	 9	enet	0.041	1.8e-06	-0.40721	6.84e-01
NA	/data/songy4/tes/output/weights_control//ENST00000508093.5.wgt.RDat	ENST00000508093.5	17	18513285	18519674	0.1098	rs2472709	-2.35	rs4441330	 8.89e-02	 6.93	 2.3396	10	 1	top1	0.089	1.7e-12	 2.33962	1.93e-02
NA	/data/songy4/tes/output/weights_control//ENST00000465458.1.wgt.RDat	ENST00000465458.1	17	8505929	8509925	0.0635	rs1561	 1.89	rs7225733	 3.01e-02	 4.20	 0.8750	29	 7	enet	0.039	2.7e-06	 1.11707	2.64e-01
NA	/data/songy4/tes/output/weights_control//ENST00000465846.6.wgt.RDat	ENST00000465846.6	17	48549630	48602332	0.0443	rs8065485	 3.21	rs847682	 2.46e-02	 3.79	-1.0700	36	 1	top1	0.025	0.00018	-1.07000	2.85e-01
NA	/data/songy4/tes/output/weights_control//ENST00000575318.6.wgt.RDat	ENST00000575318.6	17	46029917	46225367	0.0409	rs2555110	 2.02	rs2555110	-9.74e-04	-3.30	 2.0216	10	 9	enet	0.012	0.0069	-0.44909	6.53e-01
NA	/data/songy4/tes/output/weights_control//ENST00000575168.1.wgt.RDat	ENST00000575168.1	17	4734583	4738539	0.0612	rs35773449	 2.96	rs2304973	 7.96e-03	-3.75	-0.8587	26	10	enet	0.034	1.1e-05	 0.65835	5.10e-01
NA	/data/songy4/tes/output/weights_control//ENST00000575131.5.wgt.RDat	ENST00000575131.5	17	4710661	4717379	0.0438	rs35773449	 2.96	rs12949158	-6.74e-06	-2.65	 1.1731	26	14	enet	0.01	0.012	 0.18477	8.53e-01
NA	/data/songy4/tes/output/weights_control//ENST00000575840.5.wgt.RDat	ENST00000575840.5	17	2303950	2317981	0.0445	rs3760229	 1.74	rs1048483	 8.04e-03	 3.42	 0.7200	23	 4	lasso	0.0089	0.017	 0.91272	3.61e-01
NA	/data/songy4/tes/output/weights_control//ENST00000575960.5.wgt.RDat	ENST00000575960.5	17	46330453	46361718	0.0344	rs2555110	 2.02	rs4793658	 1.38e-02	 4.12	-1.2037	13	 5	enet	0.026	0.00011	-0.72771	4.67e-01
NA	/data/songy4/tes/output/weights_control//ENST00000575692.1.wgt.RDat	ENST00000575692.1	17	2306761	2307715	0.0332	rs3760229	 1.74	rs1048483	 2.43e-04	 3.08	 0.7200	22	 1	enet	0.0014	0.19	 0.72000	4.72e-01
NA	/data/songy4/tes/output/weights_control//ENST00000574271.5.wgt.RDat	ENST00000574271.5	17	6853941	6895482	0.0487	rs222836	-3.12	rs2137795	 6.15e-03	 3.29	-0.7488	31	 8	enet	0.023	0.00032	-0.83927	4.01e-01
NA	/data/songy4/tes/output/weights_control//ENST00000574412.5.wgt.RDat	ENST00000574412.5	17	4734286	4739922	0.0681	rs35773449	 2.96	rs2304973	 8.50e-03	-3.65	-0.8587	26	11	enet	0.03	3.7e-05	 0.76597	4.44e-01
NA	/data/songy4/tes/output/weights_control//ENST00000574268.1.wgt.RDat	ENST00000574268.1	17	4807192	4809118	0.0414	rs35773449	 2.96	rs2304973	 1.14e-02	-3.51	-0.8587	26	13	enet	0.013	0.0048	 2.10358	3.54e-02
NA	/data/songy4/tes/output/weights_control//ENST00000574229.1.wgt.RDat	ENST00000574229.1	17	2315378	2317900	0.0628	rs3760229	 1.74	rs7218436	 4.30e-02	-4.93	-0.0490	22	11	enet	0.047	2.7e-07	 0.43653	6.62e-01
NA	/data/songy4/tes/output/weights_control//ENST00000574788.5.wgt.RDat	ENST00000574788.5	17	5116438	5174991	0.0933	rs4790738	 2.46	rs2585266	 7.02e-02	 6.31	-0.8962	16	 1	top1	0.07	4e-10	-0.89617	3.70e-01
NA	/data/songy4/tes/output/weights_control//ENST00000574868.1.wgt.RDat	ENST00000574868.1	17	7107839	7115700	0.0406	NA	   NA	NA	       NA	   NA	     NA	 0	 0	enet	0.0061	0.04	      NA	      NA
NA	/data/songy4/tes/output/weights_control//ENST00000574590.6.wgt.RDat	ENST00000574590.6	17	46029916	46225389	0.0413	rs2555110	 2.02	rs2555110	-9.34e-04	-3.31	 2.0216	10	 9	enet	0.012	0.0062	-0.44352	6.57e-01
NA	/data/songy4/tes/output/weights_control//ENST00000574684.1.wgt.RDat	ENST00000574684.1	17	7674254	7675119	0.0488	rs16957160	 3.75	rs11656715	 1.13e-03	-2.54	 2.5519	31	 1	top1	0.0011	0.21	-2.55195	1.07e-02
NA	/data/songy4/tes/output/weights_control//ENST00000574655.6.wgt.RDat	ENST00000574655.6	17	46152904	46225371	0.0414	rs2555110	 2.02	rs4793658	 1.89e-03	-3.52	-1.2037	10	 8	enet	0.013	0.0056	-0.21716	8.28e-01
NA	/data/songy4/tes/output/weights_control//ENST00000574640.1.wgt.RDat	ENST00000574640.1	17	4631334	4641935	0.1222	rs35773449	 2.96	rs748694	 5.30e-02	-5.49	-2.1649	26	12	enet	0.065	1.7e-09	 3.09577	1.96e-03
NA	/data/songy4/tes/output/weights_control//ENST00000577342.5.wgt.RDat	ENST00000577342.5	17	75616690	75619219	0.0493	rs4239001	-2.95	rs8073274	 2.49e-02	 3.99	-0.4565	38	 1	top1	0.025	0.00016	-0.45652	6.48e-01
NA	/data/songy4/tes/output/weights_control//ENST00000577419.5.wgt.RDat	ENST00000577419.5	17	21197958	21214161	0.0213	rs17771193	-1.49	rs4985959	 1.66e-02	 3.72	 0.4800	 8	 1	top1	0.017	0.0018	 0.48000	6.31e-01
NA	/data/songy4/tes/output/weights_control//ENST00000577380.5.wgt.RDat	ENST00000577380.5	17	75441159	75486380	0.0520	rs4239001	-2.95	rs1077817	 1.80e-02	 3.69	-2.3226	49	 1	top1	0.018	0.0012	-2.32258	2.02e-02
NA	/data/songy4/tes/output/weights_control//ENST00000577114.2.wgt.RDat	ENST00000577114.2	17	46050650	46121338	0.0248	rs4793658	-1.20	rs9910408	-1.55e-03	-2.53	 0.4746	 9	 3	lasso	-0.0015	0.66	 0.00730	9.94e-01
NA	/data/songy4/tes/output/weights_control//ENST00000577246.5.wgt.RDat	ENST00000577246.5	17	17262046	17281273	0.0577	rs11078396	 2.93	rs8072402	 1.52e-03	-3.37	 1.3701	15	11	enet	0.025	0.00017	-0.39301	6.94e-01
NA	/data/songy4/tes/output/weights_control//ENST00000577265.5.wgt.RDat	ENST00000577265.5	17	18489481	18494941	0.0356	rs741783	-2.43	rs4441330	 2.99e-02	 4.26	 2.3396	11	 1	top1	0.03	4e-05	 2.33962	1.93e-02
NA	/data/songy4/tes/output/weights_control//ENST00000577210.5.wgt.RDat	ENST00000577210.5	17	17260305	17281186	0.0595	rs11078396	 2.93	rs8072402	 2.07e-03	-3.32	 1.3701	15	 9	enet	0.029	5.7e-05	-0.32831	7.43e-01
NA	/data/songy4/tes/output/weights_control//ENST00000577691.5.wgt.RDat	ENST00000577691.5	17	18476756	18494940	0.0606	rs741783	-2.43	rs4441330	 5.07e-02	 5.40	 2.3396	11	 1	top1	0.051	1.1e-07	 2.33962	1.93e-02
NA	/data/songy4/tes/output/weights_control//ENST00000577632.1.wgt.RDat	ENST00000577632.1	17	14024514	14025488	0.0829	rs11658577	 1.70	rs1994029	 1.02e-02	-3.32	-0.3776	49	14	enet	0.023	3e-04	-0.49361	6.22e-01
NA	/data/songy4/tes/output/weights_control//ENST00000577591.1.wgt.RDat	ENST00000577591.1	17	17216972	17219103	0.0349	NA	   NA	NA	       NA	   NA	     NA	15	 0	top1	0.037	4.7e-06	      NA	      NA
NA	/data/songy4/tes/output/weights_control//ENST00000576394.1.wgt.RDat	ENST00000576394.1	17	4639438	4641875	0.1232	rs35773449	 2.96	rs748694	 5.94e-02	-5.77	-2.1649	26	12	enet	0.071	3.1e-10	 3.41670	6.34e-04
NA	/data/songy4/tes/output/weights_control//ENST00000576487.5.wgt.RDat	ENST00000576487.5	17	7107502	7114825	0.0661	rs222836	-3.12	rs314239	 7.00e-02	 6.18	-0.5204	28	 1	top1	0.07	4.3e-10	-0.52041	6.03e-01
NA	/data/songy4/tes/output/weights_control//ENST00000576138.1.wgt.RDat	ENST00000576138.1	17	6653464	6655009	0.0460	rs222836	-3.12	rs684690	 2.25e-02	 3.93	 0.5000	29	 1	top1	0.022	0.00033	 0.50000	6.17e-01
NA	/data/songy4/tes/output/weights_control//ENST00000576248.2.wgt.RDat	ENST00000576248.2	17	46119967	46171223	0.0400	rs2555110	 2.02	rs4793658	 1.99e-04	-3.21	-1.2037	10	 8	enet	0.015	0.0027	-0.32051	7.49e-01
NA	/data/songy4/tes/output/weights_control//ENST00000576153.5.wgt.RDat	ENST00000576153.5	17	4733575	4736380	0.0596	rs35773449	 2.96	rs2304973	 6.70e-03	-3.73	-0.8587	26	 5	enet	0.032	2.1e-05	 0.33168	7.40e-01
NA	/data/songy4/tes/output/weights_control//ENST00000576166.2.wgt.RDat	ENST00000576166.2	17	3278826	3386317	0.1311	rs3744678	-2.49	rs4790495	 3.50e-02	-4.44	 0.5792	38	22	enet	0.072	2.7e-10	 1.44351	1.49e-01
NA	/data/songy4/tes/output/weights_control//ENST00000576980.2.wgt.RDat	ENST00000576980.2	17	7351889	7354939	0.0570	rs222836	-3.12	rs4151122	-7.84e-04	-2.97	 2.0316	29	15	enet	0.00058	0.25	 0.50119	6.16e-01
NA	/data/songy4/tes/output/weights_control//ENST00000576620.5.wgt.RDat	ENST00000576620.5	17	2303950	2323249	0.0463	rs3760229	 1.74	rs1048483	 8.80e-03	 3.43	 0.7200	23	10	enet	0.02	0.00068	 0.45323	6.50e-01
NA	/data/songy4/tes/output/weights_control//ENST00000576572.1.wgt.RDat	ENST00000576572.1	17	4637170	4639164	0.1154	rs35773449	 2.96	rs748694	 5.43e-02	-5.55	-2.1649	26	13	enet	0.065	1.7e-09	 3.80035	1.44e-04
NA	/data/songy4/tes/output/weights_control//ENST00000576764.1.wgt.RDat	ENST00000576764.1	17	3903912	3904743	0.0903	rs3744678	-2.49	rs9904113	 4.56e-02	-5.05	-0.0841	25	 4	lasso	0.056	2.4e-08	-0.21232	8.32e-01
NA	/data/songy4/tes/output/weights_control//ENST00000576739.2.wgt.RDat	ENST00000576739.2	17	46172117	46224902	0.0431	rs2555110	 2.02	rs4793658	 9.15e-03	-3.69	-1.2037	10	 8	enet	0.02	7e-04	-0.13318	8.94e-01
NA	/data/songy4/tes/output/weights_control//ENST00000571246.5.wgt.RDat	ENST00000571246.5	17	46334680	46361732	0.0433	rs2555110	 2.02	rs4793658	 2.63e-02	-3.98	-1.2037	13	 4	lasso	0.027	1e-04	 0.62874	5.30e-01
NA	/data/songy4/tes/output/weights_control//ENST00000571422.1.wgt.RDat	ENST00000571422.1	17	46259551	46260606	0.0328	rs2555110	 2.02	rs4793658	 3.81e-03	-3.14	-1.2037	10	 5	enet	0.021	0.00046	 0.64817	5.17e-01
NA	/data/songy4/tes/output/weights_control//ENST00000571722.3.wgt.RDat	ENST00000571722.3	17	19063346	19064136	0.0727	rs2472709	-2.35	rs2472709	 1.27e-02	-3.37	-2.3516	11	 5	enet	0.041	1.6e-06	 2.79695	5.16e-03
NA	/data/songy4/tes/output/weights_control//ENST00000571698.2.wgt.RDat	ENST00000571698.2	17	46039870	46193901	0.0371	rs2555110	 2.02	rs2555110	-8.33e-04	-3.10	 2.0216	10	 7	enet	0.0085	0.02	-0.37685	7.06e-01
NA	/data/songy4/tes/output/weights_control//ENST00000571642.5.wgt.RDat	ENST00000571642.5	17	6628573	6640662	0.0507	rs222836	-3.12	rs6502938	 7.84e-03	-2.95	 0.4634	32	13	enet	0.013	0.0051	 1.63008	1.03e-01
NA	/data/songy4/tes/output/weights_control//ENST00000571637.1.wgt.RDat	ENST00000571637.1	17	3905263	3916476	0.0885	rs3744678	-2.49	rs9904113	 3.81e-02	-4.75	-0.0841	25	 7	enet	0.057	1.9e-08	-0.41307	6.80e-01
NA	/data/songy4/tes/output/weights_control//ENST00000570034.1.wgt.RDat	ENST00000570034.1	17	46372855	46487141	0.0407	rs2555110	 2.02	rs4793658	 2.70e-02	 4.48	-1.2037	13	 1	top1	0.027	9e-05	-1.20370	2.29e-01
NA	/data/songy4/tes/output/weights_control//ENST00000569955.2.wgt.RDat	ENST00000569955.2	17	36274191	36320547	0.0350	rs17847528	-2.10	rs17847528	 1.57e-02	-3.38	-2.0989	15	 1	top1	0.016	0.0023	 2.09890	3.58e-02
NA	/data/songy4/tes/output/weights_control//ENST00000428950.2.wgt.RDat	ENST00000428950.2	17	16705284	16709459	0.1374	rs3813769	-3.01	rs8072402	 9.21e-03	-4.34	 1.7751	15	14	enet	0.099	9.7e-14	-1.96455	4.95e-02
NA	/data/songy4/tes/output/weights_control//ENST00000570835.1.wgt.RDat	ENST00000570835.1	17	6853943	6894488	0.0537	rs222836	-3.12	rs2137795	 3.49e-03	 3.45	-0.7488	31	 3	lasso	0.011	0.0086	-0.34308	7.32e-01
NA	/data/songy4/tes/output/weights_control//ENST00000570836.5.wgt.RDat	ENST00000570836.5	17	4630902	4642294	0.1234	rs35773449	 2.96	rs748694	 5.41e-02	-5.53	-2.1649	26	13	enet	0.068	7.3e-10	 3.29851	9.72e-04
NA	/data/songy4/tes/output/weights_control//ENST00000570662.2.wgt.RDat	ENST00000570662.2	17	2307036	2318830	0.0437	rs3760229	 1.74	rs1048483	 5.72e-03	 3.48	 0.7200	23	 8	enet	0.017	0.0014	 0.12234	9.03e-01
NA	/data/songy4/tes/output/weights_control//ENST00000570771.1.wgt.RDat	ENST00000570771.1	17	519855	532993	0.0683	rs7208188	 1.95	rs9907540	 7.39e-02	-6.37	-0.6449	35	 1	top1	0.074	1.4e-10	 0.64486	5.19e-01
NA	/data/songy4/tes/output/weights_control//ENST00000573491.5.wgt.RDat	ENST00000573491.5	17	3278775	3386293	0.1381	rs3744678	-2.49	rs4790495	 1.70e-02	-4.50	 0.5792	38	17	enet	0.071	3e-10	 1.46957	1.42e-01
NA	/data/songy4/tes/output/weights_control//ENST00000573168.1.wgt.RDat	ENST00000573168.1	17	19141017	19143689	0.0765	rs2472709	-2.35	rs2472709	 6.21e-02	-6.00	-2.3516	12	 1	top1	0.062	4.2e-09	 2.35156	1.87e-02
NA	/data/songy4/tes/output/weights_control//ENST00000573104.5.wgt.RDat	ENST00000573104.5	17	6853921	6859433	0.0583	rs222836	-3.12	rs3809836	 5.41e-05	-3.61	-0.5437	31	11	enet	0.0057	0.046	-0.41222	6.80e-01
NA	/data/songy4/tes/output/weights_control//ENST00000573123.1.wgt.RDat	ENST00000573123.1	17	4735367	4739145	0.0641	rs35773449	 2.96	rs2304973	 1.65e-02	-3.89	-0.8587	26	11	enet	0.036	7e-06	 0.71474	4.75e-01
NA	/data/songy4/tes/output/weights_control//ENST00000573866.2.wgt.RDat	ENST00000573866.2	17	19112000	19112636	0.0572	rs2472709	-2.35	rs11656071	 3.01e-02	 5.02	-1.4891	11	 5	enet	0.052	6.8e-08	-0.64474	5.19e-01
NA	/data/songy4/tes/output/weights_control//ENST00000573901.2.wgt.RDat	ENST00000573901.2	17	3284399	3386306	0.1149	rs3744678	-2.49	rs4790495	 2.14e-03	-3.59	 0.5792	38	23	enet	0.05	1.1e-07	 1.36493	1.72e-01
NA	/data/songy4/tes/output/weights_control//ENST00000573740.1.wgt.RDat	ENST00000573740.1	17	4638927	4641678	0.1242	rs35773449	 2.96	rs748694	 6.00e-02	-5.80	-2.1649	26	13	enet	0.071	3.3e-10	 3.54294	3.96e-04
NA	/data/songy4/tes/output/weights_control//ENST00000572265.1.wgt.RDat	ENST00000572265.1	17	4638927	4639882	0.1000	rs35773449	 2.96	rs748694	 5.09e-02	-5.46	-2.1649	26	12	enet	0.057	1.6e-08	 4.09000	4.31e-05
NA	/data/songy4/tes/output/weights_control//ENST00000572298.5.wgt.RDat	ENST00000572298.5	17	54900853	54914691	0.0405	NA	   NA	NA	       NA	   NA	     NA	 0	 0	enet	5e-04	0.26	      NA	      NA
NA	/data/songy4/tes/output/weights_control//ENST00000572418.1.wgt.RDat	ENST00000572418.1	17	3896592	3916452	0.0922	rs3744678	-2.49	rs9904113	 4.32e-02	-5.07	-0.0841	25	 3	lasso	0.059	1.1e-08	-0.29011	7.72e-01
NA	/data/songy4/tes/output/weights_control//ENST00000572904.6.wgt.RDat	ENST00000572904.6	17	46029916	46223676	0.0407	rs2555110	 2.02	rs2555110	-1.02e-03	-3.31	 2.0216	10	 9	enet	0.012	0.0078	-0.46198	6.44e-01
NA	/data/songy4/tes/output/weights_control//ENST00000572429.5.wgt.RDat	ENST00000572429.5	17	5128766	5133550	0.0409	rs4790738	 2.46	rs2585266	 4.30e-02	 4.91	-0.8962	13	 1	top1	0.043	9.6e-07	-0.89617	3.70e-01
NA	/data/songy4/tes/output/weights_control//ENST00000572499.1.wgt.RDat	ENST00000572499.1	17	352638	357581	0.0610	rs7208188	 1.95	rs35015626	 5.42e-03	-3.36	-0.3234	27	18	enet	0.015	0.0025	 0.01769	9.86e-01
NA	/data/songy4/tes/output/weights_control//ENST00000572493.2.wgt.RDat	ENST00000572493.2	17	3385930	3386874	0.0548	rs3744678	-2.49	rs7209989	 5.35e-03	-3.52	 1.4766	31	 8	enet	0.012	0.007	 0.25975	7.95e-01
NA	/data/songy4/tes/output/weights_control//ENST00000572634.1.wgt.RDat	ENST00000572634.1	17	46196058	46196723	0.0367	rs2555110	 2.02	rs4793658	 8.22e-03	-3.58	-1.2037	10	 6	enet	0.02	0.00074	-0.07333	9.42e-01
NA	/data/songy4/tes/output/weights_control//ENST00000572576.5.wgt.RDat	ENST00000572576.5	17	54900877	54936709	0.0531	rs17655302	-2.04	rs9914199	-1.08e-03	 2.73	 0.2857	37	 5	lasso	0.00018	0.3	 0.96287	3.36e-01
NA	/data/songy4/tes/output/weights_control//ENST00000609805.5.wgt.RDat	ENST00000609805.5	17	18517382	18533538	0.0922	rs2472709	-2.35	rs4441330	 7.27e-02	 6.32	 2.3396	10	 1	top1	0.073	2e-10	 2.33962	1.93e-02
NA	/data/songy4/tes/output/weights_control//ENST00000412260.5.wgt.RDat	ENST00000412260.5	17	18511262	18520806	0.1055	rs2472709	-2.35	rs4441330	 8.11e-02	 6.65	 2.3396	10	 1	top1	0.081	1.7e-11	 2.33962	1.93e-02
NA	/data/songy4/tes/output/weights_control//ENST00000609768.5.wgt.RDat	ENST00000609768.5	17	18541486	18551554	0.1222	rs2472709	-2.35	rs4441330	 1.13e-01	 7.76	 2.3396	10	 1	top1	0.11	1.6e-15	 2.33962	1.93e-02
NA	/data/songy4/tes/output/weights_control//ENST00000412324.1.wgt.RDat	ENST00000412324.1	17	18139274	18142137	0.0670	rs11078396	 2.93	rs741783	 3.46e-02	 4.63	-2.4338	 4	 4	enet	0.039	3.2e-06	-4.05928	4.92e-05
NA	/data/songy4/tes/output/weights_control//ENST00000412454.1.wgt.RDat	ENST00000412454.1	17	14705076	14705534	0.0666	rs10521280	-2.34	rs11652521	 8.45e-03	 3.33	-1.3774	41	 1	top1	0.0084	0.02	-1.37736	1.68e-01
NA	/data/songy4/tes/output/weights_control//ENST00000609578.1.wgt.RDat	ENST00000609578.1	17	18523806	18533034	0.0923	rs2472709	-2.35	rs4441330	 6.75e-02	 6.09	 2.3396	10	 1	top1	0.067	8.9e-10	 2.33962	1.93e-02
NA	/data/songy4/tes/output/weights_control//ENST00000420326.6.wgt.RDat	ENST00000420326.6	17	75648865	75667189	0.0531	rs4239001	-2.95	rs7215278	-1.34e-03	-3.29	 2.9276	40	12	enet	0.018	0.0013	-1.79112	7.33e-02
NA	/data/songy4/tes/output/weights_control//ENST00000610155.5.wgt.RDat	ENST00000610155.5	17	18517382	18534062	0.0909	rs2472709	-2.35	rs4441330	 7.09e-02	 6.23	 2.3396	10	 4	enet	0.075	1.1e-10	 1.84924	6.44e-02
NA	/data/songy4/tes/output/weights_control//ENST00000615133.2.wgt.RDat	ENST00000615133.2	17	37375985	37392708	0.0366	rs646097	-1.90	rs11078892	 1.10e-02	-3.22	 0.1111	16	 1	top1	0.011	0.009	-0.11111	9.12e-01
NA	/data/songy4/tes/output/weights_control//ENST00000619178.1.wgt.RDat	ENST00000619178.1	17	19112419	19112636	0.0497	rs2472709	-2.35	rs11656071	 1.74e-02	 4.41	-1.4891	11	 4	enet	0.045	5.2e-07	 0.11290	9.10e-01
NA	/data/songy4/tes/output/weights_control//ENST00000609832.5.wgt.RDat	ENST00000609832.5	17	18519482	18551554	0.1069	rs2472709	-2.35	rs4441330	 8.28e-02	 6.71	 2.3396	10	 1	top1	0.083	1e-11	 2.33962	1.93e-02
NA	/data/songy4/tes/output/weights_control//ENST00000609831.5.wgt.RDat	ENST00000609831.5	17	18519482	18528600	0.0973	rs2472709	-2.35	rs4441330	 7.08e-02	 6.20	 2.3396	10	 2	lasso	0.071	3e-10	 2.26187	2.37e-02
NA	/data/songy4/tes/output/weights_control//ENST00000610104.1.wgt.RDat	ENST00000610104.1	17	18519482	18524235	0.0988	rs2472709	-2.35	rs4441330	 7.77e-02	 6.47	 2.3396	10	 1	top1	0.078	4.6e-11	 2.33962	1.93e-02
NA	/data/songy4/tes/output/weights_control//ENST00000608726.5.wgt.RDat	ENST00000608726.5	17	18517382	18524397	0.1143	rs2472709	-2.35	rs4441330	 8.61e-02	 6.80	 2.3396	10	 6	enet	0.086	3.9e-12	 1.67868	9.32e-02
NA	/data/songy4/tes/output/weights_control//ENST00000417352.5.wgt.RDat	ENST00000417352.5	17	17260374	17281239	0.0646	rs11078396	 2.93	rs8072402	 2.32e-02	-3.99	 1.3701	15	 9	enet	0.031	3.1e-05	-0.62096	5.35e-01
NA	/data/songy4/tes/output/weights_control//ENST00000413270.2.wgt.RDat	ENST00000413270.2	17	20424589	20431008	0.0224	rs7220378	 1.91	rs7209752	-1.27e-03	-2.68	-1.2824	 5	 4	enet	0.0045	0.066	-0.46532	6.42e-01
NA	/data/songy4/tes/output/weights_control//ENST00000608385.5.wgt.RDat	ENST00000608385.5	17	18517382	18532878	0.0996	rs2472709	-2.35	rs4441330	 7.33e-02	 6.34	 2.3396	10	 1	top1	0.073	1.6e-10	 2.33962	1.93e-02
NA	/data/songy4/tes/output/weights_control//ENST00000608376.1.wgt.RDat	ENST00000608376.1	17	18519491	18525930	0.1041	rs2472709	-2.35	rs4441330	 8.27e-02	 6.69	 2.3396	10	 1	top1	0.083	1.1e-11	 2.33962	1.93e-02
NA	/data/songy4/tes/output/weights_control//ENST00000609272.5.wgt.RDat	ENST00000609272.5	17	18519644	18533632	0.0898	rs2472709	-2.35	rs4441330	 7.23e-02	 6.29	 2.3396	10	 1	top1	0.072	2.2e-10	 2.33962	1.93e-02
NA	/data/songy4/tes/output/weights_control//ENST00000420162.6.wgt.RDat	ENST00000420162.6	17	14235673	14236849	0.0546	rs10521280	-2.34	rs2159132	 8.39e-05	 3.40	-0.3796	45	 8	enet	0.042	1.1e-06	 0.27996	7.80e-01
NA	/data/songy4/tes/output/weights_control//ENST00000417232.6.wgt.RDat	ENST00000417232.6	17	20868505	20924425	0.0318	rs7220378	 1.91	rs4985959	 1.94e-02	-3.74	 0.4800	10	 1	top1	0.019	0.00079	-0.48000	6.31e-01
NA	/data/songy4/tes/output/weights_control//ENST00000609193.5.wgt.RDat	ENST00000609193.5	17	18517411	18551705	0.1028	rs2472709	-2.35	rs4441330	 8.23e-02	 6.68	 2.3396	10	 1	top1	0.082	1.2e-11	 2.33962	1.93e-02
NA	/data/songy4/tes/output/weights_control//ENST00000417024.6.wgt.RDat	ENST00000417024.6	17	74776499	74839752	0.0552	rs7215278	 2.93	rs8073763	-1.70e-03	 2.80	-0.6900	31	 4	lasso	-0.0016	0.69	-0.53209	5.95e-01
NA	/data/songy4/tes/output/weights_control//ENST00000414432.5.wgt.RDat	ENST00000414432.5	17	18514072	18521252	0.1086	rs2472709	-2.35	rs4441330	 7.70e-02	 6.49	 2.3396	10	 1	top1	0.077	5.7e-11	 2.33962	1.93e-02
NA	/data/songy4/tes/output/weights_control//ENST00000417064.1.wgt.RDat	ENST00000417064.1	17	17223922	17237182	0.0384	rs11078396	 2.93	rs7223686	 1.20e-02	 3.68	 0.6742	15	 3	lasso	0.021	0.00048	 0.75792	4.49e-01
NA	/data/songy4/tes/output/weights_control//ENST00000616989.1.wgt.RDat	ENST00000616989.1	17	17303335	17347661	0.1029	rs11078396	 2.93	rs7223686	 8.63e-02	 6.84	 0.6742	15	 8	enet	0.1	5.1e-14	 0.92591	3.54e-01
NA	/data/songy4/tes/output/weights_control//ENST00000421108.1.wgt.RDat	ENST00000421108.1	17	18515675	18519571	0.1073	rs2472709	-2.35	rs4441330	 8.71e-02	 6.85	 2.3396	10	 1	top1	0.087	3e-12	 2.33962	1.93e-02
NA	/data/songy4/tes/output/weights_control//ENST00000610429.1.wgt.RDat	ENST00000610429.1	17	75615863	75616679	0.0578	rs4239001	-2.95	rs8073274	 2.29e-02	 3.94	-0.4565	38	 1	top1	0.023	0.00029	-0.45652	6.48e-01
NA	/data/songy4/tes/output/weights_control//ENST00000420937.5.wgt.RDat	ENST00000420937.5	17	16690712	16708902	0.1500	rs3813769	-3.01	rs8072402	 2.40e-02	-4.68	 1.7751	15	15	enet	0.12	1.2e-16	-2.13819	3.25e-02
NA	/data/songy4/tes/output/weights_control//ENST00000617912.1.wgt.RDat	ENST00000617912.1	17	18340814	18340886	0.0312	rs741783	-2.43	rs4622569	 2.33e-03	-2.90	-0.6913	 3	 3	enet	0.018	0.0012	 0.21757	8.28e-01
NA	/data/songy4/tes/output/weights_control//ENST00000420856.6.wgt.RDat	ENST00000420856.6	17	18517290	18529328	0.0905	rs2472709	-2.35	rs4441330	 6.48e-02	 5.99	 2.3396	10	 7	enet	0.065	1.6e-09	 1.49842	1.34e-01
NA	/data/songy4/tes/output/weights_control//ENST00000615845.4.wgt.RDat	ENST00000615845.4	17	18108706	18179799	0.0296	rs11078396	 2.93	rs741783	 7.13e-03	 3.39	-2.4338	 4	 2	enet	0.019	0.00094	-3.48116	4.99e-04
NA	/data/songy4/tes/output/weights_control//ENST00000620210.1.wgt.RDat	ENST00000620210.1	17	36428618	36439566	0.0507	rs17847528	-2.10	rs4359493	 4.44e-02	 5.11	 1.4564	15	 1	top1	0.044	6.4e-07	 1.45638	1.45e-01
NA	/data/songy4/tes/output/weights_control//ENST00000608141.5.wgt.RDat	ENST00000608141.5	17	18517382	18541236	0.1486	rs2472709	-2.35	rs4441330	 1.24e-01	 8.14	 2.3396	10	 9	enet	0.13	2.1e-17	 1.69360	9.03e-02
NA	/data/songy4/tes/output/weights_control//ENST00000608313.5.wgt.RDat	ENST00000608313.5	17	18517382	18528984	0.0994	rs2472709	-2.35	rs4441330	 8.18e-02	 6.67	 2.3396	10	 1	top1	0.082	1.4e-11	 2.33962	1.93e-02
NA	/data/songy4/tes/output/weights_control//ENST00000608216.5.wgt.RDat	ENST00000608216.5	17	18517382	18551694	0.0986	rs2472709	-2.35	rs4441330	 7.64e-02	 6.47	 2.3396	10	 1	top1	0.076	6.8e-11	 2.33962	1.93e-02
NA	/data/songy4/tes/output/weights_control//ENST00000613549.3.wgt.RDat	ENST00000613549.3	17	142789	181650	0.0414	rs7208188	 1.95	rs4247500	 8.25e-03	-3.41	 0.4857	17	 2	lasso	0.02	0.00074	-0.15475	8.77e-01
