PANEL	FILE	ID	CHR	P0	P1	HSQ	BEST.GWAS.ID	BEST.GWAS.Z	EQTL.ID	EQTL.R2	EQTL.Z	EQTL.GWAS.Z	NSNP	NWGT	MODEL	MODELCV.R2	MODELCV.PV	TWAS.Z	TWAS.P
NA	/data/songy4/twas/output/weights//ENSG00000151240.wgt.RDat	ENSG00000151240	10	320130	735683	0.10756	rs11253136	-3.63	rs1539231	 0.063862	  8.95	 0.5360	 457	 11	lasso	0.074	6.7e-21	 0.35535	7.22e-01
NA	/data/songy4/twas/output/weights//ENSG00000107929.wgt.RDat	ENSG00000107929	10	855484	977564	0.04004	rs11253136	-3.63	rs11253509	 0.029224	 -5.97	 0.4750	 506	  1	top1	0.029	3.9e-09	-0.47500	6.35e-01
NA	/data/songy4/twas/output/weights//ENSG00000107937.wgt.RDat	ENSG00000107937	10	1034338	1065876	0.07860	rs11253136	-3.63	rs3207775	 0.036844	  7.19	 0.4114	 508	  6	lasso	0.071	4.3e-20	 0.56132	5.75e-01
NA	/data/songy4/twas/output/weights//ENSG00000067064.wgt.RDat	ENSG00000067064	10	1085848	1095110	0.01903	rs11253136	-3.63	rs10751789	 0.000392	 -3.66	 2.2897	 514	  1	top1	0.00039	0.23	-2.28972	2.20e-02
NA	/data/songy4/twas/output/weights//ENSG00000047056.wgt.RDat	ENSG00000047056	10	1095478	1178237	0.04385	rs11253136	-3.63	rs12247818	 0.010238	  5.10	-0.1818	 595	 11	enet	0.027	1.8e-08	 0.69316	4.88e-01
NA	/data/songy4/twas/output/weights//ENSG00000185736.wgt.RDat	ENSG00000185736	10	1228073	1779670	0.76635	rs2676774	-3.12	rs3793739	 0.655460	 27.30	-0.9279	1025	 84	enet	0.69	2.2e-289	-0.54046	5.89e-01
NA	/data/songy4/twas/output/weights//ENSG00000067057.wgt.RDat	ENSG00000067057	10	3108525	3179904	0.54013	rs10794932	-3.34	rs2388595	 0.136149	 13.42	 1.3786	 770	 15	lasso	0.4	3.9e-129	 0.31380	7.54e-01
NA	/data/songy4/twas/output/weights//ENSG00000107959.wgt.RDat	ENSG00000107959	10	3179920	3215003	0.31451	rs10794932	-3.34	rs3765099	 0.131374	 12.30	 0.2523	 753	 51	enet	0.24	1.3e-70	 0.52073	6.03e-01
NA	/data/songy4/twas/output/weights//ENSG00000165568.wgt.RDat	ENSG00000165568	10	4828821	4890254	0.33976	rs7081875	-2.75	rs2961559	 0.180075	-14.43	-0.7347	 707	 52	enet	0.32	2.3e-97	-0.58478	5.59e-01
NA	/data/songy4/twas/output/weights//ENSG00000187134.wgt.RDat	ENSG00000187134	10	4934796	5025475	0.26184	rs7081875	-2.75	rs12774134	 0.055879	 -8.74	 1.1088	 700	119	enet	0.17	2.5e-47	 0.54031	5.89e-01
NA	/data/songy4/twas/output/weights//ENSG00000151632.wgt.RDat	ENSG00000151632	10	5029967	5060223	0.57822	rs7081875	-2.75	rs7908994	 0.626847	 26.70	 1.1154	 658	  1	top1	0.63	1.2e-245	 1.11538	2.65e-01
NA	/data/songy4/twas/output/weights//ENSG00000196139.wgt.RDat	ENSG00000196139	10	5077546	5149878	0.10603	rs7081875	-2.75	rs2011131	 0.035367	  7.28	 0.0000	 711	 35	enet	0.061	1.5e-17	-0.50860	6.11e-01
NA	/data/songy4/twas/output/weights//ENSG00000178462.wgt.RDat	ENSG00000178462	10	5435061	5446793	0.03445	rs7071536	 2.98	rs11599464	 0.025929	  5.70	 1.0593	 623	  1	top1	0.026	2.8e-08	 1.05926	2.89e-01
NA	/data/songy4/twas/output/weights//ENSG00000173848.wgt.RDat	ENSG00000173848	10	5454514	5500426	0.05022	rs7071536	 2.98	rs12262126	 0.018707	 -4.97	-0.7451	 664	 27	enet	0.041	3.6e-12	 0.57987	5.62e-01
NA	/data/songy4/twas/output/weights//ENSG00000196372.wgt.RDat	ENSG00000196372	10	5680830	5708558	0.14556	rs7071536	 2.98	rs871749	 0.019110	  5.84	 0.2768	 684	 61	enet	0.061	1.8e-17	-0.57444	5.66e-01
NA	/data/songy4/twas/output/weights//ENSG00000057608.wgt.RDat	ENSG00000057608	10	5807186	5884095	0.35569	rs7071536	 2.98	rs11596702	 0.246619	 17.11	 1.0276	 759	 26	enet	0.39	4.5e-125	 1.04017	2.98e-01
NA	/data/songy4/twas/output/weights//ENSG00000134461.wgt.RDat	ENSG00000134461	10	5903580	5931869	0.04169	rs7071536	 2.98	rs907688	 0.027579	 -7.06	-1.0319	 709	 12	enet	0.039	8.8e-12	 0.54355	5.87e-01
NA	/data/songy4/twas/output/weights//ENSG00000134452.wgt.RDat	ENSG00000134452	10	5931535	5979556	0.10460	rs7071536	 2.98	rs646490	 0.069890	  9.20	 1.6500	 736	 21	enet	0.1	2.5e-29	 0.92431	3.55e-01
NA	/data/songy4/twas/output/weights//ENSG00000134470.wgt.RDat	ENSG00000134470	10	5990855	6020150	0.32427	rs7071536	 2.98	rs7077401	 0.210064	-15.84	 0.8500	 747	 50	enet	0.32	5.6e-98	-0.93389	3.50e-01
NA	/data/songy4/twas/output/weights//ENSG00000134460.wgt.RDat	ENSG00000134460	10	6052652	6104288	0.03845	rs7071536	 2.98	rs11256933	 0.001297	 -3.92	-0.5701	 770	 20	enet	0.0049	0.01	-0.60739	5.44e-01
NA	/data/songy4/twas/output/weights//ENSG00000170525.wgt.RDat	ENSG00000170525	10	6186881	6277495	0.07813	rs7071536	 2.98	rs589142	 0.019731	  5.30	 0.9388	 780	 45	enet	0.035	1.5e-10	-0.33336	7.39e-01
NA	/data/songy4/twas/output/weights//ENSG00000065675.wgt.RDat	ENSG00000065675	10	6469105	6622263	0.17808	rs7069648	 2.89	rs755627	 0.115799	-11.53	-0.3056	 909	  7	lasso	0.12	5.5e-33	 0.36450	7.15e-01
NA	/data/songy4/twas/output/weights//ENSG00000198879.wgt.RDat	ENSG00000198879	10	7200586	7453450	0.12740	rs11594292	 3.51	rs2762612	 0.051771	  8.64	-1.8190	 874	 41	enet	0.069	1.1e-19	-1.61255	1.07e-01
NA	/data/songy4/twas/output/weights//ENSG00000151657.wgt.RDat	ENSG00000151657	10	7792925	7829990	0.10679	rs10752122	 3.66	rs1244507	 0.082103	-10.06	 1.5686	 645	  9	lasso	0.12	7.1e-33	-0.95478	3.40e-01
NA	/data/songy4/twas/output/weights//ENSG00000148429.wgt.RDat	ENSG00000148429	10	11495945	11653753	0.06453	rs11257238	 3.30	rs12764425	 0.037384	 -6.78	-0.9231	 610	 25	enet	0.044	3.9e-13	 1.34892	1.77e-01
NA	/data/songy4/twas/output/weights//ENSG00000134463.wgt.RDat	ENSG00000134463	10	11784365	11806069	0.12328	rs11257238	 3.30	rs3814627	 0.104924	-11.22	-0.4336	 477	 21	enet	0.12	1.3e-33	 0.49695	6.19e-01
NA	/data/songy4/twas/output/weights//ENSG00000148426.wgt.RDat	ENSG00000148426	10	11865338	11914276	0.07624	rs11257238	 3.30	rs10906026	 0.024476	  6.59	 0.2609	 447	 24	enet	0.051	6.8e-15	-0.46291	6.43e-01
NA	/data/songy4/twas/output/weights//ENSG00000181192.wgt.RDat	ENSG00000181192	10	12110971	12165224	0.07588	rs11257238	 3.30	rs7894615	 0.069735	  9.07	-0.6289	 532	  1	top1	0.07	7.9e-20	-0.62887	5.29e-01
NA	/data/songy4/twas/output/weights//ENSG00000065665.wgt.RDat	ENSG00000065665	10	12171636	12211960	0.18437	rs11257238	 3.30	rs4589194	 0.103490	-10.96	-0.6316	 551	 11	lasso	0.16	3.9e-46	-0.41641	6.77e-01
NA	/data/songy4/twas/output/weights//ENSG00000165609.wgt.RDat	ENSG00000165609	10	12207324	12238143	0.18443	rs11257238	 3.30	rs11257655	 0.105647	 11.94	-1.2203	 541	 29	enet	0.17	2.7e-48	-0.81507	4.15e-01
NA	/data/songy4/twas/output/weights//ENSG00000151465.wgt.RDat	ENSG00000151465	10	12237964	12292588	0.14883	rs7078672	 3.00	rs11593567	 0.069518	  9.30	-0.7188	 543	 45	enet	0.11	6e-30	-1.12372	2.61e-01
NA	/data/songy4/twas/output/weights//ENSG00000183049.wgt.RDat	ENSG00000183049	10	12391481	12877545	0.37033	rs7078672	 3.00	rs11257655	 0.326168	 19.29	-1.2203	 908	  9	lasso	0.37	7.8e-116	-1.19835	2.31e-01
NA	/data/songy4/twas/output/weights//ENSG00000123240.wgt.RDat	ENSG00000123240	10	13141449	13180291	0.05271	rs11593289	 2.86	rs11258186	 0.007760	  4.66	-0.7471	 675	  1	top1	0.0078	0.0017	-0.74706	4.55e-01
NA	/data/songy4/twas/output/weights//ENSG00000107537.wgt.RDat	ENSG00000107537	10	13319796	13344412	0.12072	rs11593289	 2.86	rs765884	 0.049655	 -8.56	 1.0000	 724	 19	enet	0.098	2.1e-27	-1.65583	9.78e-02
NA	/data/songy4/twas/output/weights//ENSG00000165626.wgt.RDat	ENSG00000165626	10	13480484	13570974	0.13269	rs11593289	 2.86	rs7922134	 0.052455	 -8.72	 1.1818	 749	 35	enet	0.13	9e-37	-0.68273	4.95e-01
NA	/data/songy4/twas/output/weights//ENSG00000165630.wgt.RDat	ENSG00000165630	10	13628927	13672868	0.08656	rs2274110	-2.75	rs4748047	 0.063399	 -8.64	 0.3558	 737	  1	top1	0.063	3.9e-18	-0.35577	7.22e-01
NA	/data/songy4/twas/output/weights//ENSG00000151474.wgt.RDat	ENSG00000151474	10	13685706	14504141	0.07856	rs11258928	-3.34	rs11258541	 0.061958	 -8.62	 0.7647	1272	  4	lasso	0.071	4.3e-20	-0.81666	4.14e-01
NA	/data/songy4/twas/output/weights//ENSG00000065809.wgt.RDat	ENSG00000065809	10	14560556	14816896	0.16251	rs11258928	-3.34	rs17155703	 0.063309	  8.58	-0.6277	 829	 33	enet	0.13	2.1e-35	-0.07852	9.37e-01
NA	/data/songy4/twas/output/weights//ENSG00000152457.wgt.RDat	ENSG00000152457	10	14939358	14996431	0.05881	rs7087109	 3.32	rs11259407	 0.005478	 -6.08	-0.1806	 608	 11	enet	0.02	1.3e-06	-0.40866	6.83e-01
NA	/data/songy4/twas/output/weights//ENSG00000152463.wgt.RDat	ENSG00000152463	10	15074226	15115851	0.11892	rs896435	-7.28	rs11259454	 0.025021	  7.34	 0.3497	 594	 35	enet	0.064	2.4e-18	-0.60510	5.45e-01
NA	/data/songy4/twas/output/weights//ENSG00000176244.wgt.RDat	ENSG00000176244	10	15119522	15130775	0.11373	rs896435	-7.28	rs6602811	 0.072643	  9.21	-0.2321	 562	  6	lasso	0.08	1.3e-22	-0.31388	7.54e-01
NA	/data/songy4/twas/output/weights//ENSG00000152465.wgt.RDat	ENSG00000152465	10	15144583	15210692	0.58835	rs896435	-7.28	rs3814168	 0.215310	 16.25	-0.2741	 591	 10	lasso	0.44	9.4e-147	-0.38056	7.04e-01
NA	/data/songy4/twas/output/weights//ENSG00000148468.wgt.RDat	ENSG00000148468	10	15253642	15413061	0.20186	rs896435	-7.28	rs10906857	 0.033723	 -7.26	 0.2059	 565	 13	lasso	0.12	3.3e-33	-0.59723	5.50e-01
NA	/data/songy4/twas/output/weights//ENSG00000148481.wgt.RDat	ENSG00000148481	10	15820169	15902519	0.20509	rs896435	-7.28	rs2297882	 0.157813	-13.50	-0.1579	 505	  1	top1	0.16	1.5e-44	 0.15789	8.75e-01
NA	/data/songy4/twas/output/weights//ENSG00000165983.wgt.RDat	ENSG00000165983	10	16478942	16555736	0.57300	rs17138783	-3.16	rs7909832	 0.369417	-20.69	-1.4520	 639	  9	lasso	0.57	2.5e-211	 2.41860	1.56e-02
NA	/data/songy4/twas/output/weights//ENSG00000148484.wgt.RDat	ENSG00000148484	10	16632610	16859527	0.56268	rs17138783	-3.16	rs780633	 0.603253	 26.20	 1.2800	 747	 28	enet	0.65	1.2e-264	 1.12844	2.59e-01
NA	/data/songy4/twas/output/weights//ENSG00000107611.wgt.RDat	ENSG00000107611	10	16865963	17171830	0.48289	rs17138783	-3.16	rs17381591	 0.518391	 24.40	 1.2718	 832	 32	enet	0.58	1.5e-217	 1.30099	1.93e-01
NA	/data/songy4/twas/output/weights//ENSG00000107614.wgt.RDat	ENSG00000107614	10	17184253	17244053	0.30288	rs7900486	 3.01	rs17381591	 0.061249	  9.60	 1.2718	 692	  9	lasso	0.27	1.4e-81	 0.94645	3.44e-01
NA	/data/songy4/twas/output/weights//ENSG00000026025.wgt.RDat	ENSG00000026025	10	17270258	17279592	0.07034	rs7900486	 3.01	rs7911974	 0.027904	  6.50	 0.5556	 665	 23	enet	0.038	2e-11	 0.91992	3.58e-01
NA	/data/songy4/twas/output/weights//ENSG00000148488.wgt.RDat	ENSG00000148488	10	17360382	17496329	0.11770	rs7900486	 3.01	rs12246926	 0.031273	 -7.85	 0.6571	 600	 10	enet	0.085	7e-24	-1.09124	2.75e-01
NA	/data/songy4/twas/output/weights//ENSG00000165996.wgt.RDat	ENSG00000165996	10	17631958	17659376	0.09859	rs7916058	-2.53	rs4556434	 0.063072	  8.69	 0.3235	 388	 21	enet	0.073	1.3e-20	 0.34757	7.28e-01
NA	/data/songy4/twas/output/weights//ENSG00000136738.wgt.RDat	ENSG00000136738	10	17686124	17757913	0.09803	rs7081872	-2.59	rs2570278	 0.079765	  9.66	 0.4369	 380	  1	top1	0.08	1.6e-22	 0.43689	6.62e-01
NA	/data/songy4/twas/output/weights//ENSG00000148483.wgt.RDat	ENSG00000148483	10	17794251	17842867	0.23681	rs7081872	-2.59	rs2688793	 0.199190	-15.13	 0.0614	 373	 38	enet	0.24	8.3e-69	-0.19360	8.46e-01
NA	/data/songy4/twas/output/weights//ENSG00000241058.wgt.RDat	ENSG00000241058	10	18834490	18940551	0.15599	rs10829156	-3.50	rs6482534	 0.181393	-14.48	-1.3711	 652	 11	lasso	0.2	7.6e-58	 2.38748	1.70e-02
NA	/data/songy4/twas/output/weights//ENSG00000165997.wgt.RDat	ENSG00000165997	10	18948334	18970568	0.06574	rs10829156	-3.50	rs4748488	 0.034364	  7.71	 1.7723	 588	  5	lasso	0.05	1.3e-14	 2.55919	1.05e-02
NA	/data/songy4/twas/output/weights//ENSG00000204740.wgt.RDat	ENSG00000204740	10	19492779	20079330	0.05055	rs12775805	 3.57	rs3864832	 0.019983	  4.97	 0.5941	 914	 30	enet	0.021	4.3e-07	 0.26124	7.94e-01
NA	/data/songy4/twas/output/weights//ENSG00000120594.wgt.RDat	ENSG00000120594	10	20105168	20578785	0.07683	rs12775805	 3.57	rs3852456	 0.043100	 -7.45	-0.1860	 906	 33	enet	0.063	4.7e-18	 0.29418	7.69e-01
NA	/data/songy4/twas/output/weights//ENSG00000078114.wgt.RDat	ENSG00000078114	10	21068902	21463116	0.95416	rs11012732	-3.10	rs7900067	 0.650036	 27.20	-0.4830	 670	 60	lasso	0.73	0	-0.64239	5.21e-01
NA	/data/songy4/twas/output/weights//ENSG00000204683.wgt.RDat	ENSG00000204683	10	21414692	21435488	0.89747	rs11012732	-3.10	rs7900067	 0.569100	 25.47	-0.4830	 466	123	enet	0.64	7.3e-257	-0.52388	6.00e-01
NA	/data/songy4/twas/output/weights//ENSG00000078403.wgt.RDat	ENSG00000078403	10	21823094	22032559	0.02408	rs11012732	-3.10	rs10828247	 0.009114	 -4.38	-2.8367	 320	  2	lasso	0.0095	0.00057	 2.98138	2.87e-03
NA	/data/songy4/twas/output/weights//ENSG00000136770.wgt.RDat	ENSG00000136770	10	22045466	22292698	0.02200	rs11012732	-3.10	rs11593725	 0.000898	 -3.76	-1.0409	 280	  4	enet	0.0054	0.0076	 1.13831	2.55e-01
NA	/data/songy4/twas/output/weights//ENSG00000077327.wgt.RDat	ENSG00000077327	10	22634399	22743153	0.01246	rs1778330	 4.18	rs11591377	 0.003292	 -3.79	 0.0847	 332	  4	lasso	0.0053	0.0081	-0.39806	6.91e-01
NA	/data/songy4/twas/output/weights//ENSG00000165309.wgt.RDat	ENSG00000165309	10	23216953	23326518	0.15253	rs1778330	 4.18	rs10828351	 0.108641	-11.19	 1.3043	 406	  1	top1	0.11	1.8e-30	-1.30435	1.92e-01
NA	/data/songy4/twas/output/weights//ENSG00000148450.wgt.RDat	ENSG00000148450	10	23384435	23410942	0.22819	rs1778330	 4.18	rs11013086	 0.068780	-10.42	 0.8012	 375	 34	enet	0.18	1.3e-52	-0.87782	3.80e-01
NA	/data/songy4/twas/output/weights//ENSG00000179133.wgt.RDat	ENSG00000179133	10	23556124	23633774	0.05969	rs1983880	 3.16	rs10508658	 0.032828	  6.65	-1.0721	 384	  1	top1	0.033	4.5e-10	-1.07207	2.84e-01
NA	/data/songy4/twas/output/weights//ENSG00000107863.wgt.RDat	ENSG00000107863	10	24872538	25012597	0.07788	rs11013998	 2.11	rs2886851	 0.061005	  8.66	 1.6091	 528	  6	lasso	0.061	1.4e-17	 1.62000	1.05e-01
NA	/data/songy4/twas/output/weights//ENSG00000151023.wgt.RDat	ENSG00000151023	10	25270908	25305089	0.02053	rs12265226	 2.26	rs4748996	 0.015299	  4.90	 0.4528	 439	  4	enet	0.019	1.9e-06	 0.96145	3.36e-01
NA	/data/songy4/twas/output/weights//ENSG00000185875.wgt.RDat	ENSG00000185875	10	25305587	25315593	0.05995	rs12265226	 2.26	rs11014382	 0.023567	 -5.75	 0.5050	 412	  4	lasso	0.025	5e-08	-0.67511	5.00e-01
NA	/data/songy4/twas/output/weights//ENSG00000095777.wgt.RDat	ENSG00000095777	10	26223196	26501456	0.05536	rs11014762	 2.92	rs11818641	 0.047165	  7.89	 0.6391	 663	  5	lasso	0.052	3.9e-15	 0.83152	4.06e-01
NA	/data/songy4/twas/output/weights//ENSG00000077420.wgt.RDat	ENSG00000077420	10	26727132	26856732	0.26214	rs12358081	 2.72	rs2992333	 0.227177	 16.12	 0.4510	 493	  4	lasso	0.28	8.5e-84	 0.72269	4.70e-01
NA	/data/songy4/twas/output/weights//ENSG00000148459.wgt.RDat	ENSG00000148459	10	26986588	27035727	0.10529	rs12358081	 2.72	rs2448114	 0.057968	  8.21	 1.1204	 470	  7	lasso	0.067	5e-19	 0.68121	4.96e-01
NA	/data/songy4/twas/output/weights//ENSG00000136754.wgt.RDat	ENSG00000136754	10	27035522	27150016	0.07711	rs7088501	-3.19	rs11015278	 0.041988	  7.20	 0.8229	 478	  6	lasso	0.05	1.9e-14	 0.91342	3.61e-01
NA	/data/songy4/twas/output/weights//ENSG00000107890.wgt.RDat	ENSG00000107890	10	27280843	27389421	0.36976	rs7088501	-3.19	rs2995499	 0.096801	 10.65	-0.6886	 494	 75	enet	0.21	1.1e-59	 0.07321	9.42e-01
NA	/data/songy4/twas/output/weights//ENSG00000136758.wgt.RDat	ENSG00000136758	10	27399383	27444195	0.04586	rs7088501	-3.19	rs11015598	 0.021406	 -5.13	-1.3714	 473	  3	lasso	0.024	8.1e-08	 1.28960	1.97e-01
NA	/data/songy4/twas/output/weights//ENSG00000120539.wgt.RDat	ENSG00000120539	10	27443753	27475853	0.51348	rs7088501	-3.19	rs7900024	 0.732707	-28.88	-0.1961	 489	  1	top1	0.73	0	 0.19608	8.45e-01
NA	/data/songy4/twas/output/weights//ENSG00000107897.wgt.RDat	ENSG00000107897	10	27484146	27531059	0.07724	rs7088501	-3.19	rs10764690	 0.008402	 -4.31	 0.6238	 488	 46	enet	0.014	4.2e-05	-1.16273	2.45e-01
NA	/data/songy4/twas/output/weights//ENSG00000099246.wgt.RDat	ENSG00000099246	10	27793197	27831143	0.06651	rs7088501	-3.19	rs2808284	 0.042469	 -7.15	 1.6733	 468	  1	top1	0.042	1.3e-12	-1.67327	9.43e-02
NA	/data/songy4/twas/output/weights//ENSG00000169126.wgt.RDat	ENSG00000169126	10	28064115	28287977	0.05985	rs7088501	-3.19	rs7906846	 0.035081	  7.21	-0.7846	 602	  7	lasso	0.04	5.8e-12	-0.10657	9.15e-01
NA	/data/songy4/twas/output/weights//ENSG00000150054.wgt.RDat	ENSG00000150054	10	28339922	28623415	0.27104	rs1775911	 2.85	rs1776122	 0.241492	-16.74	-0.4250	 656	 45	enet	0.29	1.1e-85	 0.10369	9.17e-01
NA	/data/songy4/twas/output/weights//ENSG00000095787.wgt.RDat	ENSG00000095787	10	28821422	28912041	0.01934	rs1775911	 2.85	rs11007131	 0.001740	  4.52	 0.7949	 653	  4	lasso	0.0019	0.074	 0.70466	4.81e-01
NA	/data/songy4/twas/output/weights//ENSG00000095739.wgt.RDat	ENSG00000095739	10	28966271	28971868	0.19723	rs1775911	 2.85	rs1775908	 0.205315	 15.33	 2.1540	 617	 18	enet	0.22	1.7e-64	 2.32891	1.99e-02
NA	/data/songy4/twas/output/weights//ENSG00000197321.wgt.RDat	ENSG00000197321	10	29746267	30025710	0.11081	rs17294753	 3.53	rs1013610	 0.040639	  7.93	-0.2342	 884	 29	enet	0.077	7e-22	 0.37667	7.06e-01
NA	/data/songy4/twas/output/weights//ENSG00000107951.wgt.RDat	ENSG00000107951	10	30598730	30663377	0.20544	rs17294753	 3.53	rs10763778	 0.232207	-16.32	-0.6495	 631	  3	lasso	0.25	9.2e-72	 0.78985	4.30e-01
NA	/data/songy4/twas/output/weights//ENSG00000107968.wgt.RDat	ENSG00000107968	10	30722866	30750762	0.12106	rs2994655	 3.08	rs11008080	 0.016214	  6.39	 0.8609	 582	 39	enet	0.048	5.7e-14	 0.65871	5.10e-01
NA	/data/songy4/twas/output/weights//ENSG00000183621.wgt.RDat	ENSG00000183621	10	31109136	31320866	0.06321	rs2994655	 3.08	rs2994647	 0.022599	  6.16	 0.5644	 542	 30	enet	0.036	8e-11	-0.26248	7.93e-01
NA	/data/songy4/twas/output/weights//ENSG00000165322.wgt.RDat	ENSG00000165322	10	32094365	32217742	0.08891	rs7100081	 2.90	rs7095322	 0.114821	 11.99	 0.7050	 388	 11	lasso	0.14	1.3e-38	-0.06324	9.50e-01
NA	/data/songy4/twas/output/weights//ENSG00000170759.wgt.RDat	ENSG00000170759	10	32297938	32345359	0.10694	rs425411	-2.90	rs211268	 0.080073	  9.74	-0.8000	 381	  1	top1	0.08	1.3e-22	-0.80000	4.24e-01
NA	/data/songy4/twas/output/weights//ENSG00000216937.wgt.RDat	ENSG00000216937	10	32735068	32863492	0.19118	rs1775115	 3.16	rs7901257	 0.197703	 15.15	-0.8692	 377	 46	enet	0.32	1.1e-95	 0.48752	6.26e-01
NA	/data/songy4/twas/output/weights//ENSG00000099250.wgt.RDat	ENSG00000099250	10	33466420	33625190	0.04287	rs1775115	 3.16	rs2785273	 0.028189	  5.77	 0.0490	 605	  1	top1	0.028	7.2e-09	 0.04902	9.61e-01
NA	/data/songy4/twas/output/weights//ENSG00000108094.wgt.RDat	ENSG00000108094	10	35297479	35379570	0.01690	rs4934750	 3.17	rs12777960	 0.015500	 -4.79	 2.2871	 319	  1	top1	0.016	1.5e-05	-2.28713	2.22e-02
NA	/data/songy4/twas/output/weights//ENSG00000095794.wgt.RDat	ENSG00000095794	10	35415719	35501886	0.04512	rs4934750	 3.17	rs2295415	 0.030027	 -8.02	 0.2835	 348	  7	lasso	0.053	2.3e-15	-0.76035	4.47e-01
NA	/data/songy4/twas/output/weights//ENSG00000108100.wgt.RDat	ENSG00000108100	10	35535953	35860852	0.05217	rs4934750	 3.17	rs1078942	 0.050684	 -8.01	 1.7619	 474	  7	lasso	0.055	6.7e-16	-2.30030	2.14e-02
NA	/data/songy4/twas/output/weights//ENSG00000177283.wgt.RDat	ENSG00000177283	10	35927177	35930362	0.03846	rs4934750	 3.17	rs10454470	 0.027849	  6.21	-1.2177	 369	  1	top1	0.028	8.9e-09	-1.21774	2.23e-01
NA	/data/songy4/twas/output/weights//ENSG00000198105.wgt.RDat	ENSG00000198105	10	38091751	38147034	0.05062	rs2749647	 3.88	rs7081274	 0.026279	  6.50	-1.3861	 313	 45	enet	0.045	2.7e-13	-0.66793	5.04e-01
NA	/data/songy4/twas/output/weights//ENSG00000175395.wgt.RDat	ENSG00000175395	10	38238500	38265561	0.08962	rs2505192	 3.88	rs1208571	 0.090252	 10.32	-1.5337	 279	 43	enet	0.12	2.8e-32	-1.64483	1.00e-01
NA	/data/songy4/twas/output/weights//ENSG00000189180.wgt.RDat	ENSG00000189180	10	38299578	38354016	0.02790	rs2505192	 3.89	rs1208571	 0.018826	 -5.61	-1.5337	 269	 29	enet	0.024	7.2e-08	 0.76236	4.46e-01
NA	/data/songy4/twas/output/weights//ENSG00000075407.wgt.RDat	ENSG00000075407	10	38383264	38414472	0.01504	rs2505192	 3.86	rs3739992	 0.003072	  4.39	-0.7658	 237	  4	lasso	0.0077	0.0018	-2.08058	3.75e-02
NA	/data/songy4/twas/output/weights//ENSG00000196693.wgt.RDat	ENSG00000196693	10	43084555	43133992	0.21373	rs1255410	-4.04	rs210271	 0.211415	-15.59	 1.1146	 323	  9	lasso	0.26	4.8e-76	 0.65354	5.13e-01
NA	/data/songy4/twas/output/weights//ENSG00000165731.wgt.RDat	ENSG00000165731	10	43572475	43625799	0.04925	rs590937	-3.53	rs2742234	 0.027105	 -5.80	 0.7091	 412	  8	lasso	0.034	2.4e-10	 0.03001	9.76e-01
NA	/data/songy4/twas/output/weights//ENSG00000169826.wgt.RDat	ENSG00000169826	10	43633934	43680756	0.07779	rs590937	-3.53	rs3004214	 0.065643	  8.76	 0.8142	 412	  1	top1	0.066	9.8e-19	 0.81416	4.16e-01
NA	/data/songy4/twas/output/weights//ENSG00000198915.wgt.RDat	ENSG00000198915	10	43689983	43762367	0.08174	rs2484304	-3.43	rs2505556	 0.041623	  8.17	 0.9479	 438	 41	enet	0.071	4.6e-20	 1.42821	1.53e-01
NA	/data/songy4/twas/output/weights//ENSG00000243660.wgt.RDat	ENSG00000243660	10	43932282	43991517	0.02435	rs17154173	 2.80	rs10899795	 0.005199	 -4.40	-0.2301	 483	  7	lasso	0.013	6.7e-05	 0.15260	8.79e-01
NA	/data/songy4/twas/output/weights//ENSG00000196793.wgt.RDat	ENSG00000196793	10	44051792	44070066	0.22353	rs17154173	 2.80	rs9326506	 0.129252	-12.24	 0.4255	 480	 10	lasso	0.2	2.7e-57	-0.32427	7.46e-01
NA	/data/songy4/twas/output/weights//ENSG00000198298.wgt.RDat	ENSG00000198298	10	44101855	44113351	0.04280	rs17154173	 2.80	rs2999241	 0.014986	 -5.16	 0.3883	 476	  6	lasso	0.027	1.4e-08	 0.11078	9.12e-01
NA	/data/songy4/twas/output/weights//ENSG00000169740.wgt.RDat	ENSG00000169740	10	44139307	44144304	0.04834	rs17154173	 2.80	rs3006389	 0.028252	 -6.40	 0.0762	 466	 19	enet	0.037	3.2e-11	-1.45770	1.45e-01
NA	/data/songy4/twas/output/weights//ENSG00000107551.wgt.RDat	ENSG00000107551	10	45454855	45491339	0.23492	rs915085	 2.76	rs7084511	 0.057703	 -9.34	 0.0755	 478	 66	enet	0.11	1.6e-31	 0.50599	6.13e-01
NA	/data/songy4/twas/output/weights//ENSG00000256574.wgt.RDat	ENSG00000256574	10	45798102	45811056	0.15127	rs17157106	 2.33	rs12356109	 0.194827	-15.00	-0.7482	 373	  2	lasso	0.2	7.5e-58	 0.82710	4.08e-01
NA	/data/songy4/twas/output/weights//ENSG00000012779.wgt.RDat	ENSG00000012779	10	45869661	45941561	0.12750	rs17417060	 2.24	rs3824613	 0.049354	 -7.87	-0.7899	 345	 34	enet	0.068	2.3e-19	 0.04288	9.66e-01
NA	/data/songy4/twas/output/weights//ENSG00000165406.wgt.RDat	ENSG00000165406	10	45950035	46090354	0.07008	rs10751384	-2.20	rs17696005	 0.037368	  7.59	 1.2472	 292	 11	lasso	0.06	3.3e-17	 1.06360	2.88e-01
NA	/data/songy4/twas/output/weights//ENSG00000172671.wgt.RDat	ENSG00000172671	10	46111043	46168228	0.11056	rs10751384	-2.20	rs10751386	 0.055449	  9.67	-1.5361	 216	 21	enet	0.1	1.3e-28	-0.82979	4.07e-01
NA	/data/songy4/twas/output/weights//ENSG00000172661.wgt.RDat	ENSG00000172661	10	46222648	46288409	0.49020	rs10751384	-2.20	rs10900229	 0.259415	-17.28	 1.3211	 173	 50	enet	0.36	7.1e-113	-1.38668	1.66e-01
NA	/data/songy4/twas/output/weights//ENSG00000188234.wgt.RDat	ENSG00000188234	10	46321042	46349323	0.23220	rs10751384	-2.20	rs3780914	 0.013723	  5.95	-1.1616	 129	 29	enet	0.072	1.7e-20	-0.44984	6.53e-01
NA	/data/songy4/twas/output/weights//ENSG00000107643.wgt.RDat	ENSG00000107643	10	49514698	49647403	0.13556	rs10857614	-4.74	rs7101060	 0.170063	-14.24	-0.1616	 486	  8	lasso	0.18	9e-51	 0.08194	9.35e-01
NA	/data/songy4/twas/output/weights//ENSG00000128805.wgt.RDat	ENSG00000128805	10	49654077	49864310	0.66193	rs10857614	-4.74	rs1822861	 0.173928	 14.15	-4.5161	 616	 49	enet	0.43	1.1e-140	-4.84086	1.29e-06
NA	/data/songy4/twas/output/weights//ENSG00000128815.wgt.RDat	ENSG00000128815	10	49892921	50191001	0.37311	rs10857614	-4.74	rs7072606	 0.273297	 17.63	-0.6077	 780	  8	lasso	0.31	2.3e-92	-0.27132	7.86e-01
NA	/data/songy4/twas/output/weights//ENSG00000165633.wgt.RDat	ENSG00000165633	10	50222290	50323554	0.08498	rs10857614	-4.74	rs2804939	 0.004021	  5.17	 0.6458	 701	 81	enet	0.022	3.3e-07	 1.43814	1.50e-01
NA	/data/songy4/twas/output/weights//ENSG00000172538.wgt.RDat	ENSG00000172538	10	50339199	50342053	0.19631	rs4838429	-4.59	rs12249370	 0.164329	 13.70	 0.5234	 622	  9	lasso	0.18	3.7e-51	 0.82476	4.10e-01
NA	/data/songy4/twas/output/weights//ENSG00000204161.wgt.RDat	ENSG00000204161	10	50362773	50396630	0.62420	rs3729496	 4.09	rs12249370	 0.227816	 16.16	 0.5234	 648	104	enet	0.33	2.7e-102	 0.35734	7.21e-01
NA	/data/songy4/twas/output/weights//ENSG00000225830.wgt.RDat	ENSG00000225830	10	50663414	50747584	0.21158	rs3729496	 4.09	rs17177717	 0.080294	 11.08	 1.0232	 474	 17	lasso	0.19	4.8e-54	 1.45844	1.45e-01
NA	/data/songy4/twas/output/weights//ENSG00000227345.wgt.RDat	ENSG00000227345	10	51026325	51130715	0.05836	rs3729496	 4.09	rs1438929	 0.043436	 -7.17	 0.6211	 294	  5	lasso	0.044	4.9e-13	-0.36139	7.18e-01
NA	/data/songy4/twas/output/weights//ENSG00000204152.wgt.RDat	ENSG00000204152	10	51371390	51387768	0.08821	rs1153799	 2.29	rs2002273	 0.136115	-12.51	-0.3419	 121	  6	lasso	0.14	4.1e-39	 0.17326	8.62e-01
NA	/data/songy4/twas/output/weights//ENSG00000204149.wgt.RDat	ENSG00000204149	10	51748078	51770259	0.33773	rs17721658	 3.70	rs10824855	 0.164282	-13.73	 0.4944	 233	  9	lasso	0.17	5.9e-49	-0.35460	7.23e-01
NA	/data/songy4/twas/output/weights//ENSG00000099290.wgt.RDat	ENSG00000099290	10	51827648	51893269	0.41482	rs17721658	 3.70	rs17776643	 0.090645	 10.97	-0.9315	 306	 45	enet	0.22	1.8e-64	-1.53696	1.24e-01
NA	/data/songy4/twas/output/weights//ENSG00000188611.wgt.RDat	ENSG00000188611	10	51942538	52008370	0.60812	rs17721658	 3.70	rs4497350	 0.401222	-21.41	 1.6027	 329	 10	lasso	0.42	3.4e-138	-1.91359	5.57e-02
NA	/data/songy4/twas/output/weights//ENSG00000198964.wgt.RDat	ENSG00000198964	10	52065360	52384923	0.08983	rs17721658	 3.70	rs4935737	 0.058311	 -8.22	-1.8800	 452	 13	lasso	0.062	8.6e-18	 1.47618	1.40e-01
NA	/data/songy4/twas/output/weights//ENSG00000204147.wgt.RDat	ENSG00000204147	10	52499078	52576255	0.25267	rs17721658	 3.70	rs4497350	 0.217753	 15.80	 1.5200	 505	  9	lasso	0.25	8.2e-74	 1.15316	2.49e-01
NA	/data/songy4/twas/output/weights//ENSG00000185532.wgt.RDat	ENSG00000185532	10	52750945	54058110	0.08124	rs11005959	 3.55	rs7903366	 0.028788	 -6.41	 0.9358	1208	 14	enet	0.063	5e-18	-0.11522	9.08e-01
NA	/data/songy4/twas/output/weights//ENSG00000177613.wgt.RDat	ENSG00000177613	10	53455247	53459355	0.10869	rs7477839	 3.37	rs3812672	 0.035275	 -6.82	 0.0822	 592	 33	enet	0.076	1.7e-21	-0.30957	7.57e-01
NA	/data/songy4/twas/output/weights//ENSG00000249860.wgt.RDat	ENSG00000249860	10	57358750	57360488	0.01395	rs7914742	 3.25	rs10763190	 0.005964	  4.04	 0.9167	 383	  1	top1	0.006	0.0052	 0.91667	3.59e-01
NA	/data/songy4/twas/output/weights//ENSG00000151151.wgt.RDat	ENSG00000151151	10	59951278	60027694	0.22175	rs6481313	 2.87	rs1416763	 0.212690	-15.75	 0.2895	 461	 20	lasso	0.31	2.1e-92	-0.99473	3.20e-01
NA	/data/songy4/twas/output/weights//ENSG00000122873.wgt.RDat	ENSG00000122873	10	60028818	60049346	0.26876	rs10826175	 2.57	rs1199103	 0.496360	-23.90	 0.2105	 438	 33	enet	0.52	3.4e-181	-0.49178	6.23e-01
NA	/data/songy4/twas/output/weights//ENSG00000072401.wgt.RDat	ENSG00000072401	10	60094735	60130513	0.63327	rs10826175	 2.57	rs4390300	 0.588674	-25.89	 1.5842	 450	  4	lasso	0.6	8.6e-228	-1.43032	1.53e-01
NA	/data/songy4/twas/output/weights//ENSG00000108064.wgt.RDat	ENSG00000108064	10	60144782	60158981	0.44198	rs10826175	 2.57	rs4390300	 0.385162	-20.99	 1.5842	 440	  7	lasso	0.41	3.1e-132	-1.36600	1.72e-01
NA	/data/songy4/twas/output/weights//ENSG00000122870.wgt.RDat	ENSG00000122870	10	60272900	60591195	0.13744	rs10826175	 2.57	rs4948524	 0.128883	-12.48	 0.5000	 516	 27	enet	0.16	1.2e-44	 0.17019	8.65e-01
NA	/data/songy4/twas/output/weights//ENSG00000165449.wgt.RDat	ENSG00000165449	10	61410523	61495760	0.05591	rs1171830	-3.32	rs17776046	 0.038342	  6.83	 0.4527	 584	  4	lasso	0.039	9.1e-12	 0.56089	5.75e-01
NA	/data/songy4/twas/output/weights//ENSG00000108091.wgt.RDat	ENSG00000108091	10	61548521	61666414	0.07876	rs1171830	-3.32	rs1053266	 0.055851	  8.06	-1.4787	 629	  1	top1	0.056	4e-16	-1.47872	1.39e-01
NA	/data/songy4/twas/output/weights//ENSG00000151150.wgt.RDat	ENSG00000151150	10	61786056	62493248	0.37484	rs6479734	-3.36	rs1904418	 0.380726	-20.86	-0.6852	 876	  6	lasso	0.45	7.6e-149	 0.98401	3.25e-01
NA	/data/songy4/twas/output/weights//ENSG00000072422.wgt.RDat	ENSG00000072422	10	62629196	62761198	0.04939	rs6479734	-3.34	rs10761565	 0.032110	 -6.51	-1.2475	 461	  1	top1	0.032	6.9e-10	 1.24752	2.12e-01
NA	/data/songy4/twas/output/weights//ENSG00000150347.wgt.RDat	ENSG00000150347	10	63661059	63856703	0.05407	rs9804184	 4.08	rs12245945	 0.040649	  7.22	 1.9841	 546	 14	enet	0.043	1e-12	 1.95352	5.08e-02
NA	/data/songy4/twas/output/weights//ENSG00000182010.wgt.RDat	ENSG00000182010	10	63942794	64028466	0.23901	rs9804184	 4.08	rs1368158	 0.164096	 14.73	-0.9820	 500	 66	enet	0.27	2.8e-79	 0.00609	9.95e-01
NA	/data/songy4/twas/output/weights//ENSG00000138311.wgt.RDat	ENSG00000138311	10	64133951	64431771	0.04776	rs9804184	 4.08	rs1907707	 0.027266	  5.91	 0.6939	 600	 25	enet	0.039	9.4e-12	 0.87949	3.79e-01
NA	/data/songy4/twas/output/weights//ENSG00000148572.wgt.RDat	ENSG00000148572	10	64893050	64914783	0.13465	rs2500953	 2.49	rs16913026	 0.038696	  7.09	-0.7222	 395	 43	enet	0.05	1.4e-14	 0.34476	7.30e-01
NA	/data/songy4/twas/output/weights//ENSG00000183230.wgt.RDat	ENSG00000183230	10	67672276	69455927	0.14991	rs10997908	-3.79	rs7068960	 0.171260	 14.07	 0.1712	1399	  3	lasso	0.18	2.9e-52	 0.58198	5.61e-01
NA	/data/songy4/twas/output/weights//ENSG00000096717.wgt.RDat	ENSG00000096717	10	69644427	69678147	0.18726	rs10997908	-3.79	rs3758391	 0.396095	 21.24	 1.2925	 366	  6	lasso	0.4	1.5e-128	 1.38696	1.65e-01
NA	/data/songy4/twas/output/weights//ENSG00000108187.wgt.RDat	ENSG00000108187	10	70042417	70092806	0.03588	rs10997908	-3.79	rs10998072	 0.011850	 -4.69	 0.8563	 399	 32	enet	0.018	3.9e-06	-0.33108	7.41e-01
NA	/data/songy4/twas/output/weights//ENSG00000138346.wgt.RDat	ENSG00000138346	10	70173821	70231879	0.21262	rs10997908	-3.79	rs12217591	 0.192560	-14.82	 0.4460	 406	  9	lasso	0.21	6.5e-59	-0.39065	6.96e-01
NA	/data/songy4/twas/output/weights//ENSG00000122912.wgt.RDat	ENSG00000122912	10	70237756	70287231	0.02123	rs10997908	-3.79	rs3200066	 0.012720	 -4.55	 0.7895	 408	  5	lasso	0.02	1e-06	-0.51016	6.10e-01
NA	/data/songy4/twas/output/weights//ENSG00000138336.wgt.RDat	ENSG00000138336	10	70320413	70454239	0.08239	rs6480305	 2.66	rs10998157	 0.046768	 -7.80	 0.3636	 457	  8	lasso	0.065	1.3e-18	-0.64721	5.17e-01
NA	/data/songy4/twas/output/weights//ENSG00000165730.wgt.RDat	ENSG00000165730	10	70587298	70655188	0.73093	rs10762281	-3.47	rs12268631	 0.716756	 28.56	 0.1910	 444	  9	lasso	0.74	0	 0.14198	8.87e-01
NA	/data/songy4/twas/output/weights//ENSG00000198954.wgt.RDat	ENSG00000198954	10	70748487	70776738	0.02628	rs10762281	-3.47	rs1539163	 0.011967	  4.44	 1.7081	 455	  1	top1	0.012	0.00013	 1.70811	8.76e-02
NA	/data/songy4/twas/output/weights//ENSG00000122862.wgt.RDat	ENSG00000122862	10	70847862	70864567	0.06848	rs10762281	-3.47	rs5030931	 0.024826	  5.48	 0.7460	 486	 32	enet	0.037	3.4e-11	 1.22938	2.19e-01
NA	/data/songy4/twas/output/weights//ENSG00000122958.wgt.RDat	ENSG00000122958	10	70883268	70932617	0.15987	rs10762281	-3.47	rs12774307	 0.174045	 14.32	-0.2281	 542	  7	lasso	0.18	8.9e-50	-0.26559	7.91e-01
NA	/data/songy4/twas/output/weights//ENSG00000156502.wgt.RDat	ENSG00000156502	10	70939988	70968855	0.20145	rs10762281	-3.47	rs5030937	 0.123940	 12.25	 1.5243	 549	 53	enet	0.15	2.2e-41	 0.26013	7.95e-01
NA	/data/songy4/twas/output/weights//ENSG00000156510.wgt.RDat	ENSG00000156510	10	70980059	71027315	0.42869	rs10762281	-3.47	rs17566219	 0.152838	-14.37	-1.4484	 595	 22	enet	0.34	4.3e-103	 2.22182	2.63e-02
NA	/data/songy4/twas/output/weights//ENSG00000075073.wgt.RDat	ENSG00000075073	10	71163659	71176623	0.05647	rs10762281	-3.47	rs4603200	 0.049065	 -7.68	 2.1939	 694	  1	top1	0.049	2.5e-14	-2.19388	2.82e-02
NA	/data/songy4/twas/output/weights//ENSG00000099282.wgt.RDat	ENSG00000099282	10	71211229	71267425	0.11440	rs10762281	-3.47	rs17569412	 0.068749	  8.94	-1.8667	 749	 19	enet	0.085	5.1e-24	-0.58629	5.58e-01
NA	/data/songy4/twas/output/weights//ENSG00000197467.wgt.RDat	ENSG00000197467	10	71561644	71724031	0.07365	rs2704521	 3.03	rs2763352	 0.031525	 -6.30	-0.4851	 838	 37	enet	0.039	9.6e-12	 0.52908	5.97e-01
NA	/data/songy4/twas/output/weights//ENSG00000099284.wgt.RDat	ENSG00000099284	10	71812552	71872036	0.02830	rs2704521	 3.03	rs10999170	 0.002033	 -4.10	 1.1563	 791	  6	enet	0.011	0.00019	-1.01390	3.11e-01
NA	/data/songy4/twas/output/weights//ENSG00000042286.wgt.RDat	ENSG00000042286	10	71857979	71892690	0.21840	rs2704521	 3.03	rs1053105	 0.144055	-13.50	-2.4466	 759	  6	lasso	0.19	5e-53	 2.01678	4.37e-02
NA	/data/songy4/twas/output/weights//ENSG00000156521.wgt.RDat	ENSG00000156521	10	71897737	71906432	0.12064	rs2704521	 3.03	rs4746024	 0.067731	  9.06	 0.5132	 730	 49	enet	0.076	1.6e-21	-0.08819	9.30e-01
NA	/data/songy4/twas/output/weights//ENSG00000079332.wgt.RDat	ENSG00000079332	10	71907045	71930279	0.04173	rs2704521	 3.03	rs10999156	 0.007243	  4.68	-1.3067	 732	 30	enet	0.039	1.2e-11	-1.36565	1.72e-01
NA	/data/songy4/twas/output/weights//ENSG00000180817.wgt.RDat	ENSG00000180817	10	71962586	71993667	0.34492	rs2704521	 3.03	rs10509321	 0.406039	 21.60	-1.4135	 731	 34	enet	0.46	1.7e-154	-0.90898	3.63e-01
NA	/data/songy4/twas/output/weights//ENSG00000172731.wgt.RDat	ENSG00000172731	10	72058729	72142382	0.07836	rs2704521	 3.03	rs10762364	 0.011942	  5.43	-0.6226	 750	 57	enet	0.032	6e-10	 0.32802	7.43e-01
NA	/data/songy4/twas/output/weights//ENSG00000166224.wgt.RDat	ENSG00000166224	10	72575717	72640930	0.18645	rs3740462	-2.84	rs11594622	 0.106730	 11.20	-2.3529	 728	 27	enet	0.15	2.1e-41	-1.51006	1.31e-01
NA	/data/songy4/twas/output/weights//ENSG00000166228.wgt.RDat	ENSG00000166228	10	72642037	72648541	0.09035	rs3740462	-2.84	rs10762410	 0.042936	 -8.23	 0.0000	 685	  6	lasso	0.08	1.3e-22	-0.46854	6.39e-01
NA	/data/songy4/twas/output/weights//ENSG00000107731.wgt.RDat	ENSG00000107731	10	72972327	73062621	0.22054	rs3740462	-2.84	rs10999739	 0.203167	 15.26	-0.1802	 813	 20	enet	0.21	3.8e-60	-0.33129	7.40e-01
NA	/data/songy4/twas/output/weights//ENSG00000198246.wgt.RDat	ENSG00000198246	10	73079015	73123142	0.03930	rs3740462	-2.84	rs17628806	 0.004086	  4.44	-0.2167	 729	 21	enet	0.016	8.5e-06	-0.83625	4.03e-01
NA	/data/songy4/twas/output/weights//ENSG00000107736.wgt.RDat	ENSG00000107736	10	73156691	73575702	0.22307	rs2394862	 3.01	rs7913396	 0.200067	-15.53	 0.9000	 884	  6	lasso	0.23	5.4e-67	-0.43149	6.66e-01
NA	/data/songy4/twas/output/weights//ENSG00000214688.wgt.RDat	ENSG00000214688	10	73471458	73497581	0.07125	rs17726002	 2.87	rs2394834	 0.007538	  5.12	 1.4720	 650	 22	enet	0.024	1.1e-07	 0.80622	4.20e-01
NA	/data/songy4/twas/output/weights//ENSG00000107738.wgt.RDat	ENSG00000107738	10	73507316	73533255	0.12673	rs2394862	 3.01	rs748504	 0.047026	 -7.55	-1.2197	 639	 57	enet	0.072	1.9e-20	 0.62346	5.33e-01
NA	/data/songy4/twas/output/weights//ENSG00000197746.wgt.RDat	ENSG00000197746	10	73576055	73611126	0.03125	rs2394862	 3.01	rs7869	 0.028270	  6.06	-0.3905	 610	  1	top1	0.028	6.9e-09	-0.39048	6.96e-01
NA	/data/songy4/twas/output/weights//ENSG00000107742.wgt.RDat	ENSG00000107742	10	73818793	73848790	0.09896	rs2394862	 3.01	rs1668172	 0.118187	 11.75	 0.0300	 534	 18	enet	0.13	1.4e-36	 0.22832	8.19e-01
NA	/data/songy4/twas/output/weights//ENSG00000138303.wgt.RDat	ENSG00000138303	10	73856278	73976892	0.04890	rs2394862	 3.01	rs3780944	 0.010119	  5.65	 1.7857	 518	 26	enet	0.02	1.1e-06	 2.57443	1.00e-02
NA	/data/songy4/twas/output/weights//ENSG00000166295.wgt.RDat	ENSG00000166295	10	73975787	73995618	0.03115	rs2394862	 3.01	rs11000205	 0.009707	  4.24	 1.4705	 439	 18	enet	0.011	0.00028	 2.10103	3.56e-02
NA	/data/songy4/twas/output/weights//ENSG00000148719.wgt.RDat	ENSG00000148719	10	74092588	74114988	0.03684	rs2394862	 3.01	rs9415064	 0.042406	  7.92	 1.5192	 387	  3	lasso	0.047	7.8e-14	 1.86833	6.17e-02
NA	/data/songy4/twas/output/weights//ENSG00000138315.wgt.RDat	ENSG00000138315	10	74653339	74692791	0.07081	rs1034290	 2.78	rs11000440	 0.002521	 -4.37	 1.4780	 257	 14	enet	0.0084	0.0011	-0.42728	6.69e-01
NA	/data/songy4/twas/output/weights//ENSG00000122884.wgt.RDat	ENSG00000122884	10	74766975	74856732	0.01822	rs7901986	 3.09	rs7092445	 0.011853	  4.31	-1.6703	 253	  1	top1	0.012	0.00014	-1.67027	9.49e-02
NA	/data/songy4/twas/output/weights//ENSG00000166321.wgt.RDat	ENSG00000166321	10	74870217	74891586	0.07748	rs6480640	 3.03	rs6480668	 0.190347	-15.08	-1.6802	 225	  1	top1	0.19	2.7e-54	 1.68020	9.29e-02
NA	/data/songy4/twas/output/weights//ENSG00000122882.wgt.RDat	ENSG00000122882	10	74889913	74928813	0.00937	rs6480640	 2.92	rs16930466	 0.010784	 -4.06	-1.2579	 232	  1	top1	0.011	0.00026	 1.25789	2.08e-01
NA	/data/songy4/twas/output/weights//ENSG00000213551.wgt.RDat	ENSG00000213551	10	74943120	75008620	0.05831	rs6480640	 2.94	rs2140933	 0.080242	-10.09	-1.6582	 230	 24	enet	0.089	4.5e-25	 2.09184	3.65e-02
NA	/data/songy4/twas/output/weights//ENSG00000156042.wgt.RDat	ENSG00000156042	10	75013517	75118617	0.06316	rs6480640	 3.00	rs12644	 0.027300	 -5.69	-0.3585	 255	 11	enet	0.034	1.7e-10	 0.02850	9.77e-01
NA	/data/songy4/twas/output/weights//ENSG00000177791.wgt.RDat	ENSG00000177791	10	75391412	75401515	0.01299	rs2675661	-2.84	rs2675679	-0.000432	 -3.33	-1.5167	 252	  1	top1	-0.00043	0.48	 1.51669	1.29e-01
NA	/data/songy4/twas/output/weights//ENSG00000172650.wgt.RDat	ENSG00000172650	10	75434033	75457639	0.03963	NA	   NA	NA	       NA	    NA	     NA	 253	  0	top1	0.025	5e-08	      NA	      NA
NA	/data/songy4/twas/output/weights//ENSG00000196968.wgt.RDat	ENSG00000196968	10	75532049	75540009	0.07392	rs2675661	-2.84	rs10824031	 0.074430	 -9.31	-1.0872	 241	  1	top1	0.074	4.3e-21	 1.08718	2.77e-01
NA	/data/songy4/twas/output/weights//ENSG00000122861.wgt.RDat	ENSG00000122861	10	75668935	75677255	0.17593	rs2675661	-2.84	rs2227551	 0.112312	 11.47	-0.9561	 239	 19	enet	0.12	1.2e-34	-0.99561	3.19e-01
NA	/data/songy4/twas/output/weights//ENSG00000185009.wgt.RDat	ENSG00000185009	10	75881524	75910821	0.23680	rs2675661	-2.84	rs11596526	 0.109970	 11.53	 0.6806	 244	  6	lasso	0.12	1.3e-33	 0.69697	4.86e-01
NA	/data/songy4/twas/output/weights//ENSG00000156110.wgt.RDat	ENSG00000156110	10	75910960	76469061	0.49194	rs2675661	-2.84	rs11596526	 0.359055	 20.23	 0.6806	 407	 59	enet	0.42	9.8e-138	 0.31868	7.50e-01
NA	/data/songy4/twas/output/weights//ENSG00000156650.wgt.RDat	ENSG00000156650	10	76585340	76792380	0.01763	rs11594014	 3.23	rs2488089	 0.007664	 -4.27	-1.3273	 339	  1	top1	0.0077	0.0018	 1.32727	1.84e-01
NA	/data/songy4/twas/output/weights//ENSG00000079393.wgt.RDat	ENSG00000079393	10	76854192	76868979	0.02497	rs11594014	 3.23	rs2047951	 0.009676	  4.98	 0.4737	 313	  1	top1	0.0097	0.00052	 0.47368	6.36e-01
NA	/data/songy4/twas/output/weights//ENSG00000165637.wgt.RDat	ENSG00000165637	10	76969912	76991206	0.09607	rs16932556	-3.91	rs4746261	 0.098726	 10.73	-0.4632	 343	 23	enet	0.1	1.2e-28	-0.17296	8.63e-01
NA	/data/songy4/twas/output/weights//ENSG00000165644.wgt.RDat	ENSG00000165644	10	76993727	76995788	0.14625	rs16932556	-3.91	rs4745765	 0.094455	 10.71	 0.8626	 336	  1	top1	0.094	1.5e-26	 0.86256	3.88e-01
NA	/data/songy4/twas/output/weights//ENSG00000165655.wgt.RDat	ENSG00000165655	10	77157588	77161664	0.18889	rs16932556	-3.91	rs17769639	 0.094529	-10.42	-1.5481	 369	  8	lasso	0.1	5.2e-29	 1.37779	1.68e-01
NA	/data/songy4/twas/output/weights//ENSG00000148655.wgt.RDat	ENSG00000148655	10	77360998	78319925	0.28805	rs846578	-4.70	rs7078507	 0.264241	-17.46	 0.9048	 898	  6	lasso	0.27	1.5e-80	-0.92009	3.58e-01
NA	/data/songy4/twas/output/weights//ENSG00000156113.wgt.RDat	ENSG00000156113	10	78629359	79398353	0.50014	rs846578	-4.70	rs816868	 0.526942	 24.51	-0.5941	 918	 43	enet	0.55	7e-200	-0.63174	5.28e-01
NA	/data/songy4/twas/output/weights//ENSG00000151208.wgt.RDat	ENSG00000151208	10	79550549	79686378	0.22700	rs3862499	-3.28	rs1659390	 0.420030	-21.90	 0.4954	 603	  6	lasso	0.43	1.3e-140	-0.82210	4.11e-01
NA	/data/songy4/twas/output/weights//ENSG00000108179.wgt.RDat	ENSG00000108179	10	81107225	81115093	0.05653	rs10762854	 4.10	rs1483733	 0.041749	  7.48	 0.1700	 396	 16	enet	0.044	4.5e-13	 0.32633	7.44e-01
NA	/data/songy4/twas/output/weights//ENSG00000188199.wgt.RDat	ENSG00000188199	10	81462983	81474437	0.29847	rs10762854	 4.10	rs10885307	 0.231811	-16.35	 0.3273	 327	  1	top1	0.23	2.6e-67	-0.32727	7.43e-01
NA	/data/songy4/twas/output/weights//ENSG00000228570.wgt.RDat	ENSG00000228570	10	81601114	81610632	0.61052	rs2245168	-3.08	rs10885307	 0.273802	 17.66	 0.3273	 320	 46	enet	0.35	4.9e-110	 0.24115	8.09e-01
NA	/data/songy4/twas/output/weights//ENSG00000133661.wgt.RDat	ENSG00000133661	10	81697496	81742370	0.04391	rs2245168	-3.08	rs11201011	 0.014629	 -5.86	 0.8485	 327	  3	lasso	0.02	8.3e-07	 0.04691	9.63e-01
NA	/data/songy4/twas/output/weights//ENSG00000133678.wgt.RDat	ENSG00000133678	10	81838402	81852313	0.23038	rs2245168	-3.08	rs3824727	 0.078711	  9.56	 0.6011	 364	 12	lasso	0.1	3e-29	-0.22104	8.25e-01
NA	/data/songy4/twas/output/weights//ENSG00000122359.wgt.RDat	ENSG00000122359	10	81910645	81965328	0.07529	rs2245168	-3.08	rs12412762	 0.033402	  6.87	-0.0774	 451	  4	enet	0.037	4.7e-11	 0.11154	9.11e-01
NA	/data/songy4/twas/output/weights//ENSG00000122378.wgt.RDat	ENSG00000122378	10	82167585	82192753	0.17957	rs12098864	-3.41	rs1870145	 0.268193	-17.69	 0.1800	 567	 35	enet	0.3	4.6e-92	 0.14552	8.84e-01
NA	/data/songy4/twas/output/weights//ENSG00000108219.wgt.RDat	ENSG00000108219	10	82213922	82292879	0.09924	rs12098864	-3.41	rs12246441	 0.011250	  6.01	-0.8211	 571	 30	enet	0.05	1e-14	-0.73858	4.60e-01
NA	/data/songy4/twas/output/weights//ENSG00000165678.wgt.RDat	ENSG00000165678	10	85899196	85913001	0.08121	rs11591654	 2.45	rs7087073	 0.056509	  8.21	-0.0123	 560	 14	enet	0.068	2.3e-19	-0.39935	6.90e-01
NA	/data/songy4/twas/output/weights//ENSG00000148600.wgt.RDat	ENSG00000148600	10	85954410	85979377	0.11373	rs11591654	 2.45	rs7099098	 0.100963	 10.88	 0.8585	 562	  9	lasso	0.11	1.2e-29	 0.84746	3.97e-01
NA	/data/songy4/twas/output/weights//ENSG00000107771.wgt.RDat	ENSG00000107771	10	86088342	86278273	0.42061	rs11591654	 2.45	rs11598450	 0.539374	-24.82	-0.8298	 617	 44	enet	0.55	9.7e-198	 0.97470	3.30e-01
NA	/data/songy4/twas/output/weights//ENSG00000062650.wgt.RDat	ENSG00000062650	10	88195013	88281572	0.04915	rs10887554	 3.23	rs11202034	 0.018095	 -6.06	-1.5370	 501	  5	lasso	0.018	2.6e-06	 1.35776	1.75e-01
NA	/data/songy4/twas/output/weights//ENSG00000107779.wgt.RDat	ENSG00000107779	10	88516407	88692595	0.14053	rs17107098	 2.62	rs17335915	 0.044533	  7.44	 0.7434	 343	 57	enet	0.069	9.7e-20	-0.00599	9.95e-01
NA	/data/songy4/twas/output/weights//ENSG00000148671.wgt.RDat	ENSG00000148671	10	88727949	88743691	0.01338	rs17107098	 2.62	rs3740334	 0.004606	 -4.20	 1.3286	 251	 12	enet	0.0081	0.0014	-0.34256	7.32e-01
NA	/data/songy4/twas/output/weights//ENSG00000122376.wgt.RDat	ENSG00000122376	10	88853918	88951225	0.03451	rs17107098	 2.62	rs3128151	 0.007914	 -4.31	 0.4128	 315	 13	enet	0.02	1.3e-06	-0.99608	3.19e-01
NA	/data/songy4/twas/output/weights//ENSG00000184923.wgt.RDat	ENSG00000184923	10	88985205	88996665	0.17453	rs17107098	 2.62	rs1885932	 0.016227	  5.79	-0.4912	 276	 54	enet	0.053	2.2e-15	 0.14590	8.84e-01
NA	/data/songy4/twas/output/weights//ENSG00000214562.wgt.RDat	ENSG00000214562	10	89117425	89130452	0.06018	rs1022427	 2.78	rs17430359	 0.008949	 -4.86	-1.1832	 277	  5	lasso	0.026	2.7e-08	 2.73308	6.27e-03
NA	/data/songy4/twas/output/weights//ENSG00000107789.wgt.RDat	ENSG00000107789	10	89264632	89313217	0.06833	rs12412656	-3.69	rs10887726	 0.000212	 -4.39	 0.0938	 284	 28	enet	0.012	0.00016	-0.73912	4.60e-01
NA	/data/songy4/twas/output/weights//ENSG00000198682.wgt.RDat	ENSG00000198682	10	89419370	89507462	0.07108	rs12412656	-3.69	rs7893652	 0.041206	 -7.94	 1.1111	 368	  8	lasso	0.06	3.8e-17	-1.01558	3.10e-01
NA	/data/songy4/twas/output/weights//ENSG00000138138.wgt.RDat	ENSG00000138138	10	89511269	89601100	0.04468	rs12412656	-3.69	rs1321934	 0.057360	 -8.37	-0.0463	 411	  3	lasso	0.058	1.1e-16	 0.29910	7.65e-01
NA	/data/songy4/twas/output/weights//ENSG00000171862.wgt.RDat	ENSG00000171862	10	89622870	89731687	0.02291	rs12412656	-3.69	rs17346680	 0.005117	 -4.40	 0.2132	 468	 26	enet	0.021	5.9e-07	 0.18914	8.50e-01
NA	/data/songy4/twas/output/weights//ENSG00000184719.wgt.RDat	ENSG00000184719	10	90033621	90344287	0.05576	rs12412656	-3.69	rs2765452	 0.020857	  5.96	 0.5769	 658	 18	enet	0.038	1.5e-11	 0.05498	9.56e-01
NA	/data/songy4/twas/output/weights//ENSG00000204020.wgt.RDat	ENSG00000204020	10	90521163	90537999	0.72735	rs3802658	-3.52	rs10509554	 0.590193	 25.93	-0.0571	 566	 45	enet	0.6	1.9e-228	-0.13973	8.89e-01
NA	/data/songy4/twas/output/weights//ENSG00000152766.wgt.RDat	ENSG00000152766	10	90581889	90611575	0.02599	rs3802658	-3.52	rs1214550	 0.002292	 -3.95	 0.1359	 565	  1	top1	0.0023	0.058	-0.13592	8.92e-01
NA	/data/songy4/twas/output/weights//ENSG00000138134.wgt.RDat	ENSG00000138134	10	90639491	90734910	0.05555	rs3802658	-3.52	rs1214550	 0.017085	 -6.20	 0.1359	 615	  5	lasso	0.035	1.6e-10	 0.83723	4.02e-01
NA	/data/songy4/twas/output/weights//ENSG00000107796.wgt.RDat	ENSG00000107796	10	90694831	90751147	0.56600	rs3802658	-3.52	rs7097572	 0.619039	-26.54	 0.1158	 593	 32	enet	0.62	1.3e-243	-0.24467	8.07e-01
NA	/data/songy4/twas/output/weights//ENSG00000026103.wgt.RDat	ENSG00000026103	10	90750414	90775542	0.30212	rs3802658	-3.52	rs7097572	 0.297489	-18.41	 0.1158	 575	 35	enet	0.3	2.7e-91	-0.15679	8.75e-01
NA	/data/songy4/twas/output/weights//ENSG00000107798.wgt.RDat	ENSG00000107798	10	90973326	91174314	0.62608	rs3802658	-3.52	rs1412444	 0.561731	 25.29	-1.1316	 691	  8	lasso	0.61	1.6e-232	-1.20288	2.29e-01
NA	/data/songy4/twas/output/weights//ENSG00000204010.wgt.RDat	ENSG00000204010	10	91137813	91144962	0.10750	rs3802658	-3.52	rs304500	 0.043265	  7.41	-0.3140	 572	  1	top1	0.043	8.3e-13	-0.31405	7.53e-01
NA	/data/songy4/twas/output/weights//ENSG00000152778.wgt.RDat	ENSG00000152778	10	91174343	91180758	0.10341	rs3802658	-3.52	rs303208	 0.090873	-10.28	-0.0625	 557	  5	lasso	0.092	9.5e-26	 0.06727	9.46e-01
NA	/data/songy4/twas/output/weights//ENSG00000152782.wgt.RDat	ENSG00000152782	10	91342745	91405215	0.10395	rs3802658	-3.52	rs2419057	 0.078463	  9.60	 2.0841	 543	  6	lasso	0.13	4.8e-37	 1.33145	1.83e-01
NA	/data/songy4/twas/output/weights//ENSG00000165338.wgt.RDat	ENSG00000165338	10	93170096	93274586	0.15096	rs12777523	 3.99	rs7920553	 0.131450	 13.20	-0.8414	 427	 19	enet	0.17	2.2e-47	-0.83959	4.01e-01
NA	/data/songy4/twas/output/weights//ENSG00000107854.wgt.RDat	ENSG00000107854	10	93558069	93625033	0.08871	rs17347197	 2.22	rs7072165	 0.070980	  9.22	-1.1543	 326	 28	enet	0.087	1.6e-24	-0.44139	6.59e-01
NA	/data/songy4/twas/output/weights//ENSG00000095564.wgt.RDat	ENSG00000095564	10	93683526	93790082	0.01679	rs17347197	 2.22	rs2048901	 0.019163	 -4.98	-1.0240	 348	  1	top1	0.019	1.6e-06	 1.02395	3.06e-01
NA	/data/songy4/twas/output/weights//ENSG00000107864.wgt.RDat	ENSG00000107864	10	93806449	94050844	0.04106	rs2275220	 2.30	rs11186868	 0.034910	  7.50	 1.1553	 400	  6	lasso	0.049	2.7e-14	 0.58183	5.61e-01
NA	/data/songy4/twas/output/weights//ENSG00000198060.wgt.RDat	ENSG00000198060	10	94050920	94113721	0.09374	rs2275220	 2.30	rs1581239	 0.073104	 10.29	-0.2268	 334	  4	lasso	0.11	6.8e-32	 0.35167	7.25e-01
NA	/data/songy4/twas/output/weights//ENSG00000152804.wgt.RDat	ENSG00000152804	10	94447945	94455403	0.14453	rs17108061	-2.42	rs11187167	 0.079722	-10.63	 0.4122	 398	 31	enet	0.17	4.8e-47	-0.40391	6.86e-01
NA	/data/songy4/twas/output/weights//ENSG00000138119.wgt.RDat	ENSG00000138119	10	95066186	95242074	0.05388	rs7902822	 4.18	rs34497165	 0.014834	 -5.34	 0.9485	 663	  3	lasso	0.029	4.8e-09	-0.50189	6.16e-01
NA	/data/songy4/twas/output/weights//ENSG00000186188.wgt.RDat	ENSG00000186188	10	95326422	95364237	0.26449	rs7902822	 4.18	rs10882259	 0.190142	 14.85	 1.2500	 577	 19	enet	0.24	1.9e-69	 1.59595	1.11e-01
NA	/data/songy4/twas/output/weights//ENSG00000148690.wgt.RDat	ENSG00000148690	10	95427640	95462329	0.09367	rs7902822	 4.18	rs11187596	 0.065091	  9.01	 2.0331	 549	 15	enet	0.089	5.1e-25	 0.45477	6.49e-01
NA	/data/songy4/twas/output/weights//ENSG00000176273.wgt.RDat	ENSG00000176273	10	95653730	95715819	0.07389	rs7902822	 4.18	rs11187728	 0.076430	 -9.41	-0.1471	 488	 23	enet	0.082	4.3e-23	-0.94674	3.44e-01
NA	/data/songy4/twas/output/weights//ENSG00000138193.wgt.RDat	ENSG00000138193	10	95753746	96092580	0.03295	rs7902822	 4.18	rs10882365	 0.010550	  4.71	-1.1188	 533	  4	lasso	0.012	0.00016	-1.15720	2.47e-01
NA	/data/songy4/twas/output/weights//ENSG00000173145.wgt.RDat	ENSG00000173145	10	96075004	96122716	0.17651	rs7915414	-2.77	rs12217597	 0.208482	 15.59	 1.4074	 344	  4	lasso	0.21	1.1e-60	 1.26666	2.05e-01
NA	/data/songy4/twas/output/weights//ENSG00000108239.wgt.RDat	ENSG00000108239	10	96162261	96295687	0.10667	rs4918766	-2.80	rs11638	 0.058126	 -8.35	-2.2604	 396	 19	enet	0.079	2.3e-22	 1.76757	7.71e-02
NA	/data/songy4/twas/output/weights//ENSG00000119969.wgt.RDat	ENSG00000119969	10	96305547	96373662	0.21385	rs4918766	-2.80	rs11188019	 0.334327	 19.53	-2.2500	 391	 45	enet	0.35	6.5e-109	-2.04276	4.11e-02
NA	/data/songy4/twas/output/weights//ENSG00000095637.wgt.RDat	ENSG00000095637	10	97071528	97321171	0.03087	rs1410601	-3.75	rs1078641	 0.026502	 -5.85	 1.2617	 622	  1	top1	0.027	2e-08	-1.26168	2.07e-01
NA	/data/songy4/twas/output/weights//ENSG00000059573.wgt.RDat	ENSG00000059573	10	97365696	97416463	0.09832	rs1410601	-3.75	rs10509687	 0.020008	  6.30	-0.5431	 524	  6	lasso	0.038	1.7e-11	-0.44136	6.59e-01
NA	/data/songy4/twas/output/weights//ENSG00000119977.wgt.RDat	ENSG00000119977	10	97423158	97453900	0.09636	rs1410601	-3.75	rs3176893	 0.096202	 10.64	 2.6429	 527	  1	top1	0.096	5.1e-27	 2.64286	8.22e-03
NA	/data/songy4/twas/output/weights//ENSG00000138185.wgt.RDat	ENSG00000138185	10	97471536	97637023	0.28895	rs1410601	-3.75	rs3176893	 0.292461	 18.29	 2.6429	 631	  5	lasso	0.29	3.1e-88	 2.69140	7.12e-03
NA	/data/songy4/twas/output/weights//ENSG00000188649.wgt.RDat	ENSG00000188649	10	97733786	97792441	0.32252	rs10736098	 3.59	rs3176893	 0.266990	 17.44	 2.6429	 551	  7	lasso	0.32	5.8e-97	 2.72786	6.37e-03
NA	/data/songy4/twas/output/weights//ENSG00000107443.wgt.RDat	ENSG00000107443	10	97803151	97820627	0.03385	rs10736098	 3.59	rs10748659	 0.009327	 -4.85	 3.0693	 508	 10	enet	0.012	0.00014	-3.14752	1.65e-03
NA	/data/songy4/twas/output/weights//ENSG00000155629.wgt.RDat	ENSG00000155629	10	98353069	98480271	0.04344	rs10882742	 3.52	rs12572544	 0.030976	  6.30	 0.2239	 569	  1	top1	0.031	1.4e-09	 0.22388	8.23e-01
NA	/data/songy4/twas/output/weights//ENSG00000187122.wgt.RDat	ENSG00000187122	10	98757795	98945677	0.26691	rs2151932	-4.28	rs953097	 0.426005	 22.12	-1.5455	 537	 37	enet	0.45	1e-150	-1.32880	1.84e-01
NA	/data/songy4/twas/output/weights//ENSG00000213390.wgt.RDat	ENSG00000213390	10	98978996	99052413	0.34071	rs2151932	-4.28	rs11189092	 0.403343	 21.44	-1.7233	 481	  9	lasso	0.43	1.3e-141	-1.59360	1.11e-01
NA	/data/songy4/twas/output/weights//ENSG00000165879.wgt.RDat	ENSG00000165879	10	99079022	99081672	0.15951	rs2151932	-4.28	rs11189092	 0.151952	 13.25	-1.7233	 472	 26	enet	0.2	1.7e-57	-2.46399	1.37e-02
NA	/data/songy4/twas/output/weights//ENSG00000181274.wgt.RDat	ENSG00000181274	10	99092255	99094458	0.10534	rs2151932	-4.28	rs10882904	 0.144500	 13.10	-1.5686	 475	  7	lasso	0.15	1.4e-41	-1.23043	2.19e-01
NA	/data/songy4/twas/output/weights//ENSG00000052749.wgt.RDat	ENSG00000052749	10	99116115	99161127	0.28723	rs2151932	-4.28	rs10882904	 0.458695	 22.94	-1.5686	 509	 26	enet	0.46	1.4e-156	-1.34120	1.80e-01
NA	/data/songy4/twas/output/weights//ENSG00000171314.wgt.RDat	ENSG00000171314	10	99185917	99193198	0.10938	rs2151932	-4.28	rs4418736	 0.093178	-10.37	-0.8434	 506	  1	top1	0.093	3.5e-26	 0.84343	3.99e-01
NA	/data/songy4/twas/output/weights//ENSG00000171311.wgt.RDat	ENSG00000171311	10	99195899	99205774	0.03047	rs2151932	-4.28	rs4919098	 0.030920	 -6.34	-1.8112	 511	  1	top1	0.031	1.4e-09	 1.81119	7.01e-02
NA	/data/songy4/twas/output/weights//ENSG00000155229.wgt.RDat	ENSG00000155229	10	99218081	99258551	0.02337	rs2151932	-4.28	rs7089060	 0.009359	 -4.52	-0.3646	 517	  6	lasso	0.0095	0.00057	 0.62795	5.30e-01
NA	/data/songy4/twas/output/weights//ENSG00000155252.wgt.RDat	ENSG00000155252	10	99344131	99436191	0.03413	rs2151932	-4.28	rs1046249	 0.015610	 -5.65	-4.2083	 528	  3	lasso	0.018	3.1e-06	 3.68593	2.28e-04
NA	/data/songy4/twas/output/weights//ENSG00000171160.wgt.RDat	ENSG00000171160	10	99374310	99393344	0.12757	rs2151932	-4.28	rs11189310	 0.081555	-11.25	-1.6356	 488	 22	enet	0.12	4.2e-33	 2.92454	3.45e-03
NA	/data/songy4/twas/output/weights//ENSG00000155256.wgt.RDat	ENSG00000155256	10	99496878	99520664	0.06424	rs2151932	-4.28	rs1981237	 0.069019	 -9.03	-3.1304	 435	  1	top1	0.069	1.2e-19	 3.13043	1.75e-03
NA	/data/songy4/twas/output/weights//ENSG00000155265.wgt.RDat	ENSG00000155265	10	99609996	99631337	0.04598	rs2151932	-4.28	rs11189412	 0.004795	 -5.08	-0.5865	 468	 17	enet	0.02	8e-07	-0.05271	9.58e-01
NA	/data/songy4/twas/output/weights//ENSG00000166024.wgt.RDat	ENSG00000166024	10	99894387	100004654	0.04911	rs2151932	-4.28	rs10883030	 0.025418	 -6.35	-0.6633	 576	  8	lasso	0.033	4.7e-10	 0.08512	9.32e-01
NA	/data/songy4/twas/output/weights//ENSG00000138131.wgt.RDat	ENSG00000138131	10	100007447	100028007	0.02387	rs946778	-3.30	rs11189528	-0.000239	 -3.56	 0.7576	 529	  5	lasso	0.0038	0.02	-0.62127	5.34e-01
NA	/data/songy4/twas/output/weights//ENSG00000119943.wgt.RDat	ENSG00000119943	10	100143322	100174941	0.18803	rs11189457	-2.54	rs1061115	 0.171693	-14.03	-0.5980	 506	 15	enet	0.18	9.2e-50	 0.56457	5.72e-01
NA	/data/songy4/twas/output/weights//ENSG00000107521.wgt.RDat	ENSG00000107521	10	100175955	100206684	0.27407	rs11189457	-2.54	rs1060445	 0.144490	-12.89	-0.5957	 501	 28	enet	0.26	7.9e-77	-0.23041	8.18e-01
NA	/data/songy4/twas/output/weights//ENSG00000198018.wgt.RDat	ENSG00000198018	10	101419263	101465997	0.08796	rs2862595	-4.09	rs3740078	 0.081881	 -9.91	 0.6389	 460	  1	top1	0.082	4.2e-23	-0.63889	5.23e-01
NA	/data/songy4/twas/output/weights//ENSG00000119929.wgt.RDat	ENSG00000119929	10	101462315	101515891	0.03011	rs2862595	-4.09	rs7068079	-0.000819	  3.66	 1.1616	 467	 22	enet	-0.00047	0.49	 1.41541	1.57e-01
NA	/data/songy4/twas/output/weights//ENSG00000014919.wgt.RDat	ENSG00000014919	10	101471601	101491857	0.10844	rs2862595	-4.09	rs3740078	 0.096474	 11.00	 0.6389	 454	  4	lasso	0.11	1.2e-30	 0.73906	4.60e-01
NA	/data/songy4/twas/output/weights//ENSG00000023839.wgt.RDat	ENSG00000023839	10	101542489	101611949	0.08696	rs2862595	-4.09	rs2002042	 0.045417	  8.65	 0.9007	 491	 11	lasso	0.076	1.4e-21	 1.02725	3.04e-01
NA	/data/songy4/twas/output/weights//ENSG00000107554.wgt.RDat	ENSG00000107554	10	101635334	101769676	0.06374	rs2862595	-4.09	rs10883428	 0.025755	  6.62	-0.9192	 510	  1	top1	0.026	3.1e-08	-0.91919	3.58e-01
NA	/data/songy4/twas/output/weights//ENSG00000107566.wgt.RDat	ENSG00000107566	10	101909851	101948091	0.02914	rs12784396	-2.19	rs6584348	 0.005112	 -4.95	 0.7395	 401	  8	lasso	0.019	2.1e-06	 0.04635	9.63e-01
NA	/data/songy4/twas/output/weights//ENSG00000213341.wgt.RDat	ENSG00000213341	10	101948055	101989376	0.04505	rs12784396	-2.19	rs2862954	 0.018223	  5.62	-1.0745	 404	  1	top1	0.018	2.9e-06	-1.07447	2.83e-01
NA	/data/songy4/twas/output/weights//ENSG00000095485.wgt.RDat	ENSG00000095485	10	101992055	102027437	0.28821	rs10786607	-2.90	rs12784396	 0.335207	 19.61	-2.1900	 406	 18	enet	0.34	3.3e-104	-1.88809	5.90e-02
NA	/data/songy4/twas/output/weights//ENSG00000196072.wgt.RDat	ENSG00000196072	10	102033713	102046469	0.10303	rs10786607	-2.90	rs6584354	 0.073407	 -9.93	 1.8229	 409	 23	enet	0.13	1.2e-35	-1.16178	2.45e-01
NA	/data/songy4/twas/output/weights//ENSG00000107593.wgt.RDat	ENSG00000107593	10	102047903	102090243	0.24849	rs4917911	 3.06	rs6584356	 0.236035	 16.54	 0.0439	 425	 22	enet	0.24	7.9e-70	 0.07357	9.41e-01
NA	/data/songy4/twas/output/weights//ENSG00000075826.wgt.RDat	ENSG00000075826	10	102246399	102289628	0.05464	rs3740484	 4.14	rs2495745	 0.113151	-11.63	-1.2414	 442	  1	top1	0.11	1e-31	 1.24138	2.14e-01
NA	/data/songy4/twas/output/weights//ENSG00000166135.wgt.RDat	ENSG00000166135	10	102288829	102319755	0.14625	rs3740484	 4.14	rs10786596	 0.235424	-16.52	-1.1858	 443	 23	enet	0.25	2.2e-73	 1.09078	2.75e-01
NA	/data/songy4/twas/output/weights//ENSG00000119906.wgt.RDat	ENSG00000119906	10	102672326	102724893	0.06481	rs3740484	 4.14	rs10883567	 0.048418	 -7.56	-1.2188	 435	  1	top1	0.048	3.6e-14	 1.21875	2.23e-01
NA	/data/songy4/twas/output/weights//ENSG00000055950.wgt.RDat	ENSG00000055950	10	102729215	102747272	0.03874	rs3740484	 4.14	rs3740487	 0.028150	  6.35	 3.3898	 421	  1	top1	0.028	7.4e-09	 3.38983	6.99e-04
NA	/data/songy4/twas/output/weights//ENSG00000107816.wgt.RDat	ENSG00000107816	10	102756375	102767593	0.08569	rs3740484	 4.14	rs750866	 0.065544	 -9.66	 3.3417	 417	  3	lasso	0.083	2.3e-23	-3.97591	7.01e-05
NA	/data/songy4/twas/output/weights//ENSG00000186862.wgt.RDat	ENSG00000186862	10	102767440	102790890	0.08851	rs3740484	 4.14	rs1998249	 0.020703	  6.49	 0.6288	 417	 15	enet	0.046	1.4e-13	 1.68279	9.24e-02
NA	/data/songy4/twas/output/weights//ENSG00000107819.wgt.RDat	ENSG00000107819	10	102790991	102800998	0.30376	rs3740484	 4.14	rs2275382	 0.036424	  7.78	 3.2193	 415	 49	enet	0.13	1.8e-35	 3.46425	5.32e-04
NA	/data/songy4/twas/output/weights//ENSG00000166167.wgt.RDat	ENSG00000166167	10	103113820	103317078	0.01533	rs3758557	-4.75	rs7909404	 0.004810	  4.45	 0.1533	 417	 16	enet	0.016	1.5e-05	 0.01323	9.89e-01
NA	/data/songy4/twas/output/weights//ENSG00000166171.wgt.RDat	ENSG00000166171	10	103330317	103369425	0.02629	rs3758557	-4.75	rs11191072	 0.009452	  5.77	 0.8252	 313	 13	enet	0.017	5.6e-06	 1.77106	7.66e-02
NA	/data/songy4/twas/output/weights//ENSG00000166169.wgt.RDat	ENSG00000166169	10	103338639	103348027	0.03857	rs3758557	-4.75	rs3730463	 0.035971	  6.69	-1.0221	 307	  1	top1	0.036	6.7e-11	-1.02210	3.07e-01
NA	/data/songy4/twas/output/weights//ENSG00000107829.wgt.RDat	ENSG00000107829	10	103370423	103455052	0.01171	rs11598856	-5.42	rs3816	 0.002469	  3.58	 3.1382	 314	  1	top1	0.0025	0.051	 3.13821	1.70e-03
NA	/data/songy4/twas/output/weights//ENSG00000107833.wgt.RDat	ENSG00000107833	10	103541082	103543170	0.02690	rs11598856	-5.42	rs11191118	 0.019020	 -4.92	 0.8300	 263	  1	top1	0.019	1.8e-06	-0.83000	4.07e-01
NA	/data/songy4/twas/output/weights//ENSG00000120029.wgt.RDat	ENSG00000120029	10	103605356	103815950	0.03705	rs11598856	-5.42	rs17700149	 0.033957	  6.47	-1.4471	 339	  1	top1	0.034	2.3e-10	-1.44712	1.48e-01
NA	/data/songy4/twas/output/weights//ENSG00000166189.wgt.RDat	ENSG00000166189	10	103825147	103827792	0.13942	rs11598856	-5.42	rs17778015	 0.148701	 13.48	-1.3220	 289	 17	enet	0.15	1.7e-42	-1.50935	1.31e-01
NA	/data/songy4/twas/output/weights//ENSG00000198728.wgt.RDat	ENSG00000198728	10	103867317	103880210	0.16817	rs11598856	-5.42	rs17114433	 0.068776	 -9.20	 2.3333	 285	 11	enet	0.069	1.2e-19	-2.38324	1.72e-02
NA	/data/songy4/twas/output/weights//ENSG00000107872.wgt.RDat	ENSG00000107872	10	104178946	104182893	0.04083	rs11598856	-5.42	rs4919632	 0.012169	  5.23	 2.1572	 348	  1	top1	0.012	0.00011	 2.15723	3.10e-02
NA	/data/songy4/twas/output/weights//ENSG00000138111.wgt.RDat	ENSG00000138111	10	104221149	104236802	0.20177	rs11598856	-5.42	rs2902544	 0.145422	 12.99	-2.6974	 345	 18	enet	0.2	7.5e-58	-3.42938	6.05e-04
NA	/data/songy4/twas/output/weights//ENSG00000138107.wgt.RDat	ENSG00000138107	10	104238986	104262482	0.03067	rs11598856	-5.42	rs11594073	 0.051288	 -8.16	 0.1250	 345	  4	lasso	0.057	1.6e-16	-0.80512	4.21e-01
NA	/data/songy4/twas/output/weights//ENSG00000107882.wgt.RDat	ENSG00000107882	10	104263744	104393292	0.02645	rs11598856	-5.42	rs10883736	 0.027102	  5.74	 0.0947	 385	  1	top1	0.027	1.4e-08	 0.09474	9.25e-01
NA	/data/songy4/twas/output/weights//ENSG00000171206.wgt.RDat	ENSG00000171206	10	104404253	104418164	0.06683	rs11598856	-5.42	rs7907503	 0.063337	  8.98	-0.3366	 368	  1	top1	0.063	4.1e-18	-0.33663	7.36e-01
NA	/data/songy4/twas/output/weights//ENSG00000138175.wgt.RDat	ENSG00000138175	10	104433488	104474164	0.06463	rs11598856	-5.42	rs10786706	 0.012449	  7.04	-1.5699	 372	 19	enet	0.054	1.5e-15	-2.45260	1.42e-02
NA	/data/songy4/twas/output/weights//ENSG00000156398.wgt.RDat	ENSG00000156398	10	104474295	104503249	0.09413	rs12572826	 4.99	rs11191381	 0.121213	 11.92	-0.3168	 369	  1	top1	0.12	5.5e-34	-0.31683	7.51e-01
NA	/data/songy4/twas/output/weights//ENSG00000166272.wgt.RDat	ENSG00000166272	10	104503727	104576021	0.06796	rs12572826	 4.99	rs284861	 0.006076	  5.66	-1.3750	 374	 17	enet	0.041	3.1e-12	 0.58165	5.61e-01
NA	/data/songy4/twas/output/weights//ENSG00000166275.wgt.RDat	ENSG00000166275	10	104613980	104624718	0.28094	rs12572826	 4.99	rs9527	 0.329675	-19.40	-1.6296	 345	  6	lasso	0.34	4.6e-105	 1.99628	4.59e-02
NA	/data/songy4/twas/output/weights//ENSG00000214435.wgt.RDat	ENSG00000214435	10	104629273	104661656	0.12678	rs12572826	 4.99	rs7096169	 0.153842	-13.37	-2.9490	 350	  1	top1	0.15	2.3e-43	 2.94898	3.19e-03
NA	/data/songy4/twas/output/weights//ENSG00000148842.wgt.RDat	ENSG00000148842	10	104678050	104849978	0.06280	rs2489744	 4.76	rs10218853	 0.100402	 11.17	-0.9800	 417	 14	lasso	0.1	2.4e-28	-0.97783	3.28e-01
NA	/data/songy4/twas/output/weights//ENSG00000076685.wgt.RDat	ENSG00000076685	10	104845940	104953056	0.25587	rs2489744	 4.76	rs11191560	 0.217757	 16.06	-2.6982	 392	 83	enet	0.24	6.7e-70	-3.00219	2.68e-03
NA	/data/songy4/twas/output/weights//ENSG00000156374.wgt.RDat	ENSG00000156374	10	105062553	105110891	0.10545	rs17115073	 4.19	rs6584547	 0.109257	-11.19	-1.8316	 378	  1	top1	0.11	1.2e-30	 1.83158	6.70e-02
NA	/data/songy4/twas/output/weights//ENSG00000138172.wgt.RDat	ENSG00000138172	10	105206543	105212660	0.42075	rs3781283	 3.84	rs3014190	 0.156129	-13.31	-0.4008	 359	 42	enet	0.23	8.7e-68	 0.44381	6.57e-01
NA	/data/songy4/twas/output/weights//ENSG00000185933.wgt.RDat	ENSG00000185933	10	105213144	105218645	0.01879	rs3781283	 3.84	rs3014190	 0.011724	 -5.20	-0.4008	 361	  6	enet	0.024	7.4e-08	-0.37181	7.10e-01
NA	/data/songy4/twas/output/weights//ENSG00000107954.wgt.RDat	ENSG00000107954	10	105253736	105352309	0.05778	rs3781283	 3.84	rs3781338	 0.000865	  4.13	-0.8411	 415	 32	enet	0.023	1.3e-07	 0.21238	8.32e-01
NA	/data/songy4/twas/output/weights//ENSG00000107957.wgt.RDat	ENSG00000107957	10	105348285	105615301	0.15050	rs12573221	 3.78	rs3824774	 0.042027	 -7.15	-1.4643	 484	 37	enet	0.082	3.7e-23	-0.48388	6.28e-01
NA	/data/songy4/twas/output/weights//ENSG00000107960.wgt.RDat	ENSG00000107960	10	105642300	105677963	0.07916	rs2986015	 3.28	rs9325507	 0.041701	 -7.58	 1.4421	 437	 33	enet	0.048	4.2e-14	-1.05951	2.89e-01
NA	/data/songy4/twas/output/weights//ENSG00000065613.wgt.RDat	ENSG00000065613	10	105726959	105788991	0.03526	rs911547	 3.08	rs12779615	 0.028879	  5.87	 0.1237	 458	  1	top1	0.029	4.8e-09	 0.12371	9.02e-01
NA	/data/songy4/twas/output/weights//ENSG00000065618.wgt.RDat	ENSG00000065618	10	105791044	105845760	0.02954	rs911547	 3.08	rs2147268	 0.020114	  5.95	-1.3814	 452	  1	top1	0.02	9.3e-07	-1.38136	1.67e-01
NA	/data/songy4/twas/output/weights//ENSG00000156384.wgt.RDat	ENSG00000156384	10	105881816	105886143	0.02587	rs911547	 3.08	rs4319444	 0.027600	  5.80	 0.1719	 430	  1	top1	0.028	1e-08	 0.17188	8.64e-01
NA	/data/songy4/twas/output/weights//ENSG00000148834.wgt.RDat	ENSG00000148834	10	105995114	106027217	0.06603	rs911547	 3.08	rs4925	 0.064443	  9.01	-1.5600	 438	  1	top1	0.064	2.1e-18	-1.56000	1.19e-01
NA	/data/songy4/twas/output/weights//ENSG00000065621.wgt.RDat	ENSG00000065621	10	106028631	106064703	0.51264	rs911547	 3.08	rs17116643	 0.042558	  7.49	-1.6541	 446	 86	enet	0.19	2.7e-55	-0.99798	3.18e-01
NA	/data/songy4/twas/output/weights//ENSG00000148841.wgt.RDat	ENSG00000148841	10	106071894	106098162	0.07292	rs911547	 3.08	rs11192013	 0.048650	  8.24	-1.3235	 442	  8	lasso	0.068	2.4e-19	-1.45778	1.45e-01
NA	/data/songy4/twas/output/weights//ENSG00000120051.wgt.RDat	ENSG00000120051	10	106113522	106214848	0.11246	rs911547	 3.08	rs7095770	 0.113360	 12.07	-1.9083	 511	  5	lasso	0.14	5.5e-38	-1.79258	7.30e-02
NA	/data/songy4/twas/output/weights//ENSG00000156395.wgt.RDat	ENSG00000156395	10	106400859	107024993	0.06910	rs1362991	-3.19	rs1340052	 0.021713	  6.53	 0.2513	 751	  6	lasso	0.043	9.2e-13	 0.74215	4.58e-01
NA	/data/songy4/twas/output/weights//ENSG00000108039.wgt.RDat	ENSG00000108039	10	111624524	111683311	0.19323	rs1245931	-3.08	rs944969	 0.204614	 15.39	-0.2549	 340	  1	top1	0.2	1.1e-58	-0.25490	7.99e-01
NA	/data/songy4/twas/output/weights//ENSG00000148700.wgt.RDat	ENSG00000148700	10	111756126	111895323	0.06802	rs1245931	-3.08	rs7071509	 0.102229	 11.06	-1.8248	 392	  4	lasso	0.1	5.6e-29	-1.79420	7.28e-02
NA	/data/songy4/twas/output/weights//ENSG00000119950.wgt.RDat	ENSG00000119950	10	111967363	112047123	0.02264	rs1245931	-3.08	rs11195062	 0.016542	  5.20	-0.2095	 437	  1	top1	0.017	8e-06	-0.20952	8.34e-01
NA	/data/songy4/twas/output/weights//ENSG00000119953.wgt.RDat	ENSG00000119953	10	112050488	112064709	0.03074	rs17127145	-2.57	rs2855469	 0.017361	  5.21	-0.4158	 419	  1	top1	0.017	4.9e-06	-0.41584	6.78e-01
NA	/data/songy4/twas/output/weights//ENSG00000203867.wgt.RDat	ENSG00000203867	10	112404155	112599227	0.05554	rs17127145	-2.57	rs6585015	 0.001543	  4.50	 0.0738	 569	 33	enet	0.0093	0.00066	 0.30889	7.57e-01
NA	/data/songy4/twas/output/weights//ENSG00000150593.wgt.RDat	ENSG00000150593	10	112631565	112659764	0.04495	rs7084236	 2.39	rs6585015	 0.001110	  3.88	 0.0738	 523	 20	enet	0.0078	0.0017	 0.40436	6.86e-01
NA	/data/songy4/twas/output/weights//ENSG00000214413.wgt.RDat	ENSG00000214413	10	112658488	112679032	0.04193	rs7084236	 2.39	rs10732804	 0.012424	 -5.54	-0.8082	 513	 11	enet	0.029	4.2e-09	 0.74199	4.58e-01
NA	/data/songy4/twas/output/weights//ENSG00000119927.wgt.RDat	ENSG00000119927	10	113909624	113975135	0.31016	rs10749108	-2.91	rs2277207	 0.335544	 19.69	-2.6421	 483	 32	enet	0.35	4.4e-109	-2.70335	6.86e-03
NA	/data/songy4/twas/output/weights//ENSG00000197142.wgt.RDat	ENSG00000197142	10	114133776	114188138	0.21752	rs12265047	-2.95	rs11195940	 0.271473	 17.70	-1.0900	 478	  8	lasso	0.29	4.8e-88	-1.25377	2.10e-01
NA	/data/songy4/twas/output/weights//ENSG00000023041.wgt.RDat	ENSG00000023041	10	114190058	114206672	0.10569	rs12265047	-2.95	rs2277205	 0.077239	 -9.79	 0.4051	 457	  4	lasso	0.093	2.9e-26	-0.03311	9.74e-01
NA	/data/songy4/twas/output/weights//ENSG00000148737.wgt.RDat	ENSG00000148737	10	114710009	114927437	0.12170	rs11196391	 3.09	rs7094463	 0.080569	  9.67	 2.2788	 689	  3	lasso	0.12	7.7e-34	 2.13512	3.28e-02
NA	/data/songy4/twas/output/weights//ENSG00000165806.wgt.RDat	ENSG00000165806	10	115438942	115490662	0.44049	rs11196391	 3.09	rs3814231	 0.170183	-14.18	-1.2547	 617	 17	lasso	0.46	4.1e-156	 0.52309	6.01e-01
NA	/data/songy4/twas/output/weights//ENSG00000148735.wgt.RDat	ENSG00000148735	10	115511213	115543188	0.07896	rs11196391	 3.09	rs4353229	 0.061895	  8.69	-1.1682	 622	 24	enet	0.062	7.3e-18	-1.41086	1.58e-01
NA	/data/songy4/twas/output/weights//ENSG00000198924.wgt.RDat	ENSG00000198924	10	115594488	115614142	0.03387	rs11196391	 3.09	rs7914144	 0.015927	  4.46	 1.2143	 605	  1	top1	0.016	1.2e-05	 1.21429	2.25e-01
NA	/data/songy4/twas/output/weights//ENSG00000043591.wgt.RDat	ENSG00000043591	10	115803806	115806667	0.41781	rs11196391	 3.09	rs7915120	 0.284510	 18.03	-0.1927	 566	 44	enet	0.3	3.2e-91	-0.89211	3.72e-01
NA	/data/songy4/twas/output/weights//ENSG00000165813.wgt.RDat	ENSG00000165813	10	115880621	115933979	0.05322	rs2497663	 3.15	rs17091403	 0.017714	 -4.89	 0.7365	 552	  9	enet	0.018	3.7e-06	-0.55082	5.82e-01
NA	/data/songy4/twas/output/weights//ENSG00000151553.wgt.RDat	ENSG00000151553	10	116581503	116659591	0.12714	rs4751639	-3.21	rs2420067	 0.206166	-15.45	 0.4731	 372	 23	enet	0.21	8.5e-61	-0.44152	6.59e-01
NA	/data/songy4/twas/output/weights//ENSG00000165832.wgt.RDat	ENSG00000165832	10	116697952	116737430	0.02797	rs4751639	-3.21	rs7090904	 0.020215	  5.48	-0.6162	 324	  1	top1	0.02	8.7e-07	-0.61616	5.38e-01
NA	/data/songy4/twas/output/weights//ENSG00000165863.wgt.RDat	ENSG00000165863	10	118423207	118429775	0.02967	rs10886017	 3.02	rs12570073	 0.013217	 -5.37	-1.8277	 454	  8	enet	0.023	1.7e-07	 1.38701	1.65e-01
NA	/data/songy4/twas/output/weights//ENSG00000165868.wgt.RDat	ENSG00000165868	10	118430703	118502085	0.12309	rs10886017	 3.02	rs9421246	 0.123247	-12.14	 1.9434	 493	  1	top1	0.12	1.5e-34	-1.94340	5.20e-02
NA	/data/songy4/twas/output/weights//ENSG00000187164.wgt.RDat	ENSG00000187164	10	118643742	118886097	0.34403	rs2255385	 3.56	rs1905542	 0.535284	 24.69	 2.4775	 584	  1	top1	0.54	1.8e-191	 2.47748	1.32e-02
NA	/data/songy4/twas/output/weights//ENSG00000165646.wgt.RDat	ENSG00000165646	10	119000604	119038941	0.10141	rs2255385	 3.56	rs11197936	 0.036049	 -6.67	 0.6742	 507	 37	enet	0.047	1.1e-13	-0.74014	4.59e-01
NA	/data/songy4/twas/output/weights//ENSG00000165650.wgt.RDat	ENSG00000165650	10	119040000	119134978	0.57180	rs2255385	 3.56	rs1638670	 0.531236	 24.62	-0.1743	 573	 12	enet	0.56	4.2e-204	-0.80653	4.20e-01
NA	/data/songy4/twas/output/weights//ENSG00000107560.wgt.RDat	ENSG00000107560	10	119764427	119806114	0.04962	rs4457667	 2.85	rs853584	 0.012905	 -5.79	-1.5108	 618	 22	enet	0.034	2.3e-10	 0.56414	5.73e-01
NA	/data/songy4/twas/output/weights//ENSG00000165669.wgt.RDat	ENSG00000165669	10	120065401	120101840	0.03371	rs17586536	 4.25	rs1711883	 0.020367	  5.60	 0.6250	 557	  1	top1	0.02	8e-07	 0.62500	5.32e-01
NA	/data/songy4/twas/output/weights//ENSG00000119973.wgt.RDat	ENSG00000119973	10	120352916	120355160	0.03342	rs17586536	 4.25	rs10787852	 0.016945	  4.84	-1.2407	 499	 25	enet	0.022	2.5e-07	-0.27590	7.83e-01
NA	/data/songy4/twas/output/weights//ENSG00000151893.wgt.RDat	ENSG00000151893	10	120433679	120514761	0.08814	rs17586536	 4.25	rs4319431	 0.044905	  8.46	-2.7521	 549	  8	lasso	0.079	2.1e-22	-4.17572	2.97e-05
NA	/data/songy4/twas/output/weights//ENSG00000119979.wgt.RDat	ENSG00000119979	10	120863598	120897496	0.09001	rs7075684	-5.86	rs10886381	 0.058658	 -8.58	 1.3786	 500	  1	top1	0.059	7.1e-17	-1.37864	1.68e-01
NA	/data/songy4/twas/output/weights//ENSG00000183605.wgt.RDat	ENSG00000183605	10	120900279	120925179	0.44815	rs7075684	-5.86	rs10749291	 0.522344	 24.41	 1.1287	 496	  1	top1	0.52	1.1e-184	 1.12871	2.59e-01
NA	/data/songy4/twas/output/weights//ENSG00000165672.wgt.RDat	ENSG00000165672	10	120927215	120938345	0.07808	rs196325	 6.77	rs7920891	 0.070019	  9.32	 2.3137	 503	 18	enet	0.076	1.2e-21	 1.99595	4.59e-02
NA	/data/songy4/twas/output/weights//ENSG00000198873.wgt.RDat	ENSG00000198873	10	120967101	121215131	0.24332	rs2223082	 7.32	rs10787945	 0.061949	  8.53	-1.5731	 585	 44	enet	0.17	8.3e-47	-2.39904	1.64e-02
NA	/data/songy4/twas/output/weights//ENSG00000148908.wgt.RDat	ENSG00000148908	10	121259340	121302220	0.18098	rs2223082	 7.32	rs4752333	 0.045876	 -7.41	-3.1572	 480	 69	enet	0.057	2.4e-16	 3.48048	5.01e-04
NA	/data/songy4/twas/output/weights//ENSG00000151929.wgt.RDat	ENSG00000151929	10	121410882	121437331	0.02940	rs2223082	 7.32	rs11198906	 0.000429	  3.99	 0.7458	 501	  1	top1	0.00043	0.22	 0.74576	4.56e-01
NA	/data/songy4/twas/output/weights//ENSG00000197771.wgt.RDat	ENSG00000197771	10	121588972	121652068	0.42452	rs2223082	 7.32	rs196214	 0.124100	-12.02	 1.1059	 542	103	enet	0.26	9e-77	-0.24990	8.03e-01
NA	/data/songy4/twas/output/weights//ENSG00000107651.wgt.RDat	ENSG00000107651	10	121652223	121702014	0.03230	rs2223082	 7.32	rs10490921	 0.001314	  4.68	-0.1206	 533	 38	enet	0.014	3.2e-05	-1.10081	2.71e-01
NA	/data/songy4/twas/output/weights//ENSG00000120008.wgt.RDat	ENSG00000120008	10	122610687	122669036	0.21125	rs4752460	 3.37	rs10788121	 0.150134	 13.81	 2.5395	 679	 18	enet	0.19	1.6e-53	 2.09451	3.62e-02
NA	/data/songy4/twas/output/weights//ENSG00000066468.wgt.RDat	ENSG00000066468	10	123237848	123357972	0.38806	rs11199862	 2.78	rs2420936	 0.437421	 22.43	-0.7129	 657	 35	enet	0.47	4.6e-159	-0.61478	5.39e-01
NA	/data/songy4/twas/output/weights//ENSG00000107669.wgt.RDat	ENSG00000107669	10	123499939	123688316	0.03391	rs11199862	 2.78	rs12572903	 0.022647	  5.64	 0.0524	 755	 11	enet	0.025	4.2e-08	-1.13139	2.58e-01
NA	/data/songy4/twas/output/weights//ENSG00000107679.wgt.RDat	ENSG00000107679	10	124134212	124191867	0.14085	rs2672595	 2.97	rs6585827	 0.126791	-12.31	-1.7200	 635	  6	lasso	0.15	3e-41	 1.44956	1.47e-01
NA	/data/songy4/twas/output/weights//ENSG00000166033.wgt.RDat	ENSG00000166033	10	124221041	124274424	0.07170	rs2672595	 2.97	rs1969619	 0.032909	 -6.25	-0.7883	 650	  6	lasso	0.049	2.9e-14	 0.81524	4.15e-01
NA	/data/songy4/twas/output/weights//ENSG00000213185.wgt.RDat	ENSG00000213185	10	124608594	124639157	0.05868	rs7916600	-3.18	rs7078800	 0.002782	  4.08	-1.3919	 564	  6	lasso	0.005	0.0098	-0.62818	5.30e-01
NA	/data/songy4/twas/output/weights//ENSG00000179988.wgt.RDat	ENSG00000179988	10	124713897	124757029	0.04378	rs7916600	-3.18	rs9423292	 0.030986	 -6.58	 1.4752	 624	  1	top1	0.031	1.3e-09	-1.47525	1.40e-01
NA	/data/songy4/twas/output/weights//ENSG00000196177.wgt.RDat	ENSG00000196177	10	124768495	124817827	0.12517	rs7916600	-3.18	rs7915923	 0.040180	 -7.05	 0.8333	 623	 37	enet	0.074	5.5e-21	-0.95936	3.37e-01
NA	/data/songy4/twas/output/weights//ENSG00000182022.wgt.RDat	ENSG00000182022	10	125767184	125853206	0.08888	rs2807068	-3.27	rs7085454	 0.020307	  5.52	 0.2926	 637	  1	top1	0.02	8.3e-07	 0.29259	7.70e-01
NA	/data/songy4/twas/output/weights//ENSG00000065154.wgt.RDat	ENSG00000065154	10	126085872	126107545	0.23436	rs2807068	-3.27	rs2674341	 0.044934	  8.57	 1.1756	 489	  6	lasso	0.14	1.1e-40	 0.28947	7.72e-01
NA	/data/songy4/twas/output/weights//ENSG00000107902.wgt.RDat	ENSG00000107902	10	126150403	126306457	0.29184	rs2807068	-3.27	rs11245086	 0.085130	 -9.97	-2.4272	 608	 44	enet	0.15	1.1e-41	 1.72217	8.50e-02
NA	/data/songy4/twas/output/weights//ENSG00000189319.wgt.RDat	ENSG00000189319	10	126307861	126432838	0.09033	rs2209684	-4.16	rs11245344	 0.061106	 10.05	 0.6961	 615	 18	enet	0.087	1.9e-24	 1.25947	2.08e-01
NA	/data/songy4/twas/output/weights//ENSG00000203791.wgt.RDat	ENSG00000203791	10	126436718	126480439	0.07399	rs2209684	-4.16	rs1055256	 0.093116	 10.95	 0.7745	 593	 10	lasso	0.096	6.7e-27	 1.08054	2.80e-01
NA	/data/songy4/twas/output/weights//ENSG00000154485.wgt.RDat	ENSG00000154485	10	127455022	127464390	0.01855	rs11244501	 3.37	rs1571278	-0.000112	 -4.22	 2.0500	 571	  9	enet	0.0059	0.0054	-1.32653	1.85e-01
NA	/data/songy4/twas/output/weights//ENSG00000089876.wgt.RDat	ENSG00000089876	10	127524906	127585005	0.24049	rs4962337	-3.44	rs11244686	 0.451319	-22.81	 2.0561	 628	 22	enet	0.46	6.1e-153	-2.18757	2.87e-02
NA	/data/songy4/twas/output/weights//ENSG00000203780.wgt.RDat	ENSG00000203780	10	127585108	127698161	0.13727	rs4962337	-3.44	rs898325	 0.110222	 11.27	 1.0000	 654	 26	enet	0.12	4.9e-35	 0.55509	5.79e-01
NA	/data/songy4/twas/output/weights//ENSG00000148848.wgt.RDat	ENSG00000148848	10	127700950	128077024	0.16271	rs4962337	-3.44	rs898325	 0.037923	  8.70	 1.0000	 848	 22	enet	0.11	4.4e-32	 0.01057	9.92e-01
NA	/data/songy4/twas/output/weights//ENSG00000188916.wgt.RDat	ENSG00000188916	10	128933694	128994422	0.07932	rs7082785	 2.63	rs11594560	 0.040453	  8.52	-0.6571	 659	 11	lasso	0.068	1.9e-19	-0.03869	9.69e-01
NA	/data/songy4/twas/output/weights//ENSG00000132334.wgt.RDat	ENSG00000132334	10	129705325	129884119	0.09938	rs10741141	-2.98	rs12254566	 0.070127	  9.14	 0.0690	 848	 15	enet	0.079	2.5e-22	 0.45764	6.47e-01
NA	/data/songy4/twas/output/weights//ENSG00000148773.wgt.RDat	ENSG00000148773	10	129894923	129924649	0.07073	rs10741141	-2.98	rs1316459	-0.000116	  4.58	-0.2927	 683	 20	enet	0.0032	0.03	 0.56210	5.74e-01
NA	/data/songy4/twas/output/weights//ENSG00000170430.wgt.RDat	ENSG00000170430	10	131265448	131566271	0.38396	rs626545	 2.41	rs12243040	 0.219850	-16.53	 1.5865	 768	 96	enet	0.39	5.2e-125	-1.80270	7.14e-02
NA	/data/songy4/twas/output/weights//ENSG00000237489.wgt.RDat	ENSG00000237489	10	131864638	131909081	0.11172	rs626545	 2.41	rs1180610	 0.047395	  8.40	 0.0000	 640	  4	lasso	0.078	4.4e-22	 0.35251	7.24e-01
NA	/data/songy4/twas/output/weights//ENSG00000175470.wgt.RDat	ENSG00000175470	10	133747955	133773331	0.04857	rs3000528	-3.61	rs7085239	-0.000880	 -3.50	 1.9636	 516	 33	enet	0.0028	0.042	-1.79043	7.34e-02
NA	/data/songy4/twas/output/weights//ENSG00000188385.wgt.RDat	ENSG00000188385	10	133918175	133998313	0.15557	rs3000528	-3.61	rs869251	 0.029563	 -6.40	-0.7533	 505	 16	lasso	0.066	9.2e-19	-1.43412	1.52e-01
NA	/data/songy4/twas/output/weights//ENSG00000151640.wgt.RDat	ENSG00000151640	10	134000404	134019280	0.31676	rs3000528	-3.61	rs2101613	 0.224216	-16.52	 1.2100	 465	 12	lasso	0.35	1.4e-109	-1.26612	2.05e-01
NA	/data/songy4/twas/output/weights//ENSG00000165752.wgt.RDat	ENSG00000165752	10	134020996	134145351	0.43243	rs3000528	-3.61	rs2818400	 0.319387	 19.10	-2.5701	 515	 34	enet	0.43	3.7e-142	-2.12361	3.37e-02
NA	/data/songy4/twas/output/weights//ENSG00000148814.wgt.RDat	ENSG00000148814	10	134145614	134195010	0.35313	rs3000528	-3.61	rs2748391	 0.225094	-16.02	 0.0476	 490	  6	lasso	0.31	1.2e-94	 0.52598	5.99e-01
NA	/data/songy4/twas/output/weights//ENSG00000171813.wgt.RDat	ENSG00000171813	10	134210672	134231367	0.04344	rs3000528	-3.61	rs12570033	 0.002022	 -4.02	 0.3238	 482	  7	lasso	0.0056	0.0066	 0.38687	6.99e-01
NA	/data/songy4/twas/output/weights//ENSG00000171811.wgt.RDat	ENSG00000171811	10	134621896	134756327	0.08627	rs4880275	 3.40	rs10781550	 0.046981	  7.87	 0.0294	 484	 12	enet	0.067	5.3e-19	-0.39721	6.91e-01
NA	/data/songy4/twas/output/weights//ENSG00000171798.wgt.RDat	ENSG00000171798	10	134973951	135039916	0.36790	rs4880275	 3.40	rs2998144	 0.151570	 13.17	-0.4968	 451	 12	lasso	0.24	2e-69	 0.36324	7.16e-01
NA	/data/songy4/twas/output/weights//ENSG00000151650.wgt.RDat	ENSG00000151650	10	135050908	135055433	0.08400	rs4880275	 3.40	rs11101659	 0.014337	 -5.23	-0.2473	 426	 44	enet	0.039	9.3e-12	-0.67347	5.01e-01
NA	/data/songy4/twas/output/weights//ENSG00000151651.wgt.RDat	ENSG00000151651	10	135075907	135090372	0.03177	rs4880275	 3.40	rs2995310	 0.006084	  4.94	 0.2697	 414	 15	enet	0.016	1.4e-05	 0.66296	5.07e-01
NA	/data/songy4/twas/output/weights//ENSG00000130640.wgt.RDat	ENSG00000130640	10	135093135	135125841	0.09267	rs10745297	-2.98	rs2275723	 0.104219	-10.99	 0.7105	 407	 16	enet	0.11	7.5e-32	-0.34110	7.33e-01
NA	/data/songy4/twas/output/weights//ENSG00000148803.wgt.RDat	ENSG00000148803	10	135168658	135171529	0.15628	rs10745297	-2.98	rs11818839	 0.019881	 -6.34	-0.4763	 365	 12	lasso	0.088	7.1e-25	 0.33625	7.37e-01
NA	/data/songy4/twas/output/weights//ENSG00000127884.wgt.RDat	ENSG00000127884	10	135175984	135187193	0.23132	rs10745297	-2.98	rs4838721	 0.239712	 16.58	 0.4560	 362	 48	enet	0.28	2.7e-84	 0.51471	6.07e-01
NA	/data/songy4/twas/output/weights//ENSG00000148832.wgt.RDat	ENSG00000148832	10	135192695	135205198	0.08972	rs10745297	-2.98	rs11101677	 0.006686	  5.07	 1.5817	 351	 31	enet	0.032	6.3e-10	 0.90150	3.67e-01
NA	/data/songy4/twas/output/weights//ENSG00000148824.wgt.RDat	ENSG00000148824	10	135207598	135234811	0.09642	rs10745297	-2.98	rs2265638	 0.095049	 10.46	-0.2793	 345	  4	lasso	0.096	5e-27	-0.40012	6.89e-01
NA	/data/songy4/twas/output/weights//ENSG00000214279.wgt.RDat	ENSG00000214279	10	135267432	135337062	0.11905	rs10745297	-2.98	rs2255518	 0.036596	  7.06	-0.3798	 321	  7	lasso	0.066	8.5e-19	 0.00761	9.94e-01
NA	/data/songy4/twas/output/weights//ENSG00000130649.wgt.RDat	ENSG00000130649	10	135333910	135374724	0.04228	rs10745297	-2.98	rs8192772	 0.010548	 -4.52	 1.6579	 292	 17	enet	0.033	4.8e-10	-0.82093	4.12e-01
NA	/data/songy4/twas/output/weights//ENSG00000171772.wgt.RDat	ENSG00000171772	10	135367404	135382876	0.01649	rs10745297	-2.98	rs8192775	-0.000488	 -3.53	 1.0539	 288	  3	lasso	0.00056	0.2	-1.39700	1.62e-01
