PANEL	FILE	ID	CHR	P0	P1	HSQ	BEST.GWAS.ID	BEST.GWAS.Z	EQTL.ID	EQTL.R2	EQTL.Z	EQTL.GWAS.Z	NSNP	NWGT	MODEL	MODELCV.R2	MODELCV.PV	TWAS.Z	TWAS.P
NA	/data/songy4/twas/output/weights//ENSG00000136319.wgt.RDat	ENSG00000136319	14	20724717	20774153	0.2091	rs17277277	-3.41	rs3093907	 0.090154	-10.91	 0.00990	 612	  8	lasso	0.21	5.1e-61	-0.50846	6.11e-01
NA	/data/songy4/twas/output/weights//ENSG00000100814.wgt.RDat	ENSG00000100814	14	20779527	20801471	0.1662	rs17277277	-3.41	rs7160770	 0.224999	-16.03	 1.45745	 617	  7	lasso	0.24	1.6e-71	-1.47501	1.40e-01
NA	/data/songy4/twas/output/weights//ENSG00000129484.wgt.RDat	ENSG00000129484	14	20811741	20826064	0.0862	rs17277277	-3.41	rs2297616	 0.062848	  9.02	 0.53211	 631	 15	enet	0.089	6e-25	-0.16311	8.70e-01
NA	/data/songy4/twas/output/weights//ENSG00000129566.wgt.RDat	ENSG00000129566	14	20833826	20881588	0.2682	rs17277277	-3.41	rs1713434	 0.149840	-13.13	-0.65979	 653	 24	enet	0.16	1.3e-46	 0.81179	4.17e-01
NA	/data/songy4/twas/output/weights//ENSG00000185271.wgt.RDat	ENSG00000185271	14	20896970	20903801	0.1096	rs17277277	-3.41	rs8017603	 0.046825	  7.41	 1.26804	 655	  1	top1	0.047	9.6e-14	 1.26804	2.05e-01
NA	/data/songy4/twas/output/weights//ENSG00000092094.wgt.RDat	ENSG00000092094	14	20914570	20923264	0.3435	rs17277277	-3.41	rs2275007	 0.368245	-20.49	 1.30303	 658	  5	lasso	0.38	4.8e-121	-1.34840	1.78e-01
NA	/data/songy4/twas/output/weights//ENSG00000198805.wgt.RDat	ENSG00000198805	14	20937113	20945253	0.1025	rs17277277	-3.41	rs1713459	 0.028680	 -5.82	-0.08547	 662	 40	enet	0.043	8e-13	-0.81818	4.13e-01
NA	/data/songy4/twas/output/weights//ENSG00000214274.wgt.RDat	ENSG00000214274	14	21152336	21167130	0.1774	rs17277277	-3.41	rs1010461	 0.140795	-12.70	 0.70408	 683	  1	top1	0.14	1.4e-39	-0.70408	4.81e-01
NA	/data/songy4/twas/output/weights//ENSG00000169413.wgt.RDat	ENSG00000169413	14	21249210	21250626	0.6004	rs1243631	 3.41	rs11628398	 0.188570	-14.75	 1.40566	 645	 93	enet	0.43	9.5e-143	-0.68295	4.95e-01
NA	/data/songy4/twas/output/weights//ENSG00000169397.wgt.RDat	ENSG00000169397	14	21359558	21360507	0.2107	rs1243631	 3.41	rs12435849	 0.054244	  9.46	-2.10909	 608	 49	enet	0.14	2.1e-40	-1.45826	1.45e-01
NA	/data/songy4/twas/output/weights//ENSG00000169385.wgt.RDat	ENSG00000169385	14	21423611	21424595	0.3401	rs10467770	-4.26	rs10144126	 0.148318	 13.07	-1.00000	 555	 40	enet	0.28	1.1e-82	-1.11783	2.64e-01
NA	/data/songy4/twas/output/weights//ENSG00000165792.wgt.RDat	ENSG00000165792	14	21457929	21465189	0.1644	rs10467770	-4.26	rs2771346	 0.089531	-10.38	-0.22018	 550	  8	lasso	0.13	3.6e-36	 0.94099	3.47e-01
NA	/data/songy4/twas/output/weights//ENSG00000092200.wgt.RDat	ENSG00000092200	14	21756098	21819460	0.0588	rs10467770	-4.26	rs4981369	 0.030859	 -6.37	 0.77778	 420	  1	top1	0.031	1.5e-09	-0.77778	4.37e-01
NA	/data/songy4/twas/output/weights//ENSG00000129472.wgt.RDat	ENSG00000129472	14	21927179	21945132	0.0522	rs10467770	-4.26	rs4981372	 0.042479	 -7.12	 1.57534	 432	  7	lasso	0.043	9.8e-13	-1.32510	1.85e-01
NA	/data/songy4/twas/output/weights//ENSG00000092203.wgt.RDat	ENSG00000092203	14	21944756	21967319	0.1469	rs10467770	-4.26	rs2297093	 0.155293	-13.36	-0.27000	 432	  7	lasso	0.16	1.2e-44	-0.02774	9.78e-01
NA	/data/songy4/twas/output/weights//ENSG00000165819.wgt.RDat	ENSG00000165819	14	21966277	21979517	0.0351	rs10467770	-4.26	rs10149170	-0.000762	  3.84	 1.40164	 419	 28	enet	0.0039	0.02	 1.12013	2.63e-01
NA	/data/songy4/twas/output/weights//ENSG00000129562.wgt.RDat	ENSG00000129562	14	23033805	23058175	0.0771	rs226998	-3.56	rs1051189	 0.030068	  6.84	-0.48000	 500	  6	lasso	0.039	8.6e-12	-0.32321	7.47e-01
NA	/data/songy4/twas/output/weights//ENSG00000100439.wgt.RDat	ENSG00000100439	14	23067146	23081265	0.0312	rs226998	-3.56	rs10137999	 0.009401	  4.24	 0.71538	 501	  4	lasso	0.017	7.9e-06	 0.50218	6.16e-01
NA	/data/songy4/twas/output/weights//ENSG00000155463.wgt.RDat	ENSG00000155463	14	23235731	23241007	0.0729	rs226998	-3.56	rs1957373	 0.047249	 -7.67	 1.29000	 500	  1	top1	0.047	7.4e-14	-1.29000	1.97e-01
NA	/data/songy4/twas/output/weights//ENSG00000155465.wgt.RDat	ENSG00000155465	14	23242431	23299029	0.1516	rs226998	-3.56	rs4982673	 0.051496	 -7.93	 0.17606	 506	 50	enet	0.062	8.5e-18	-1.67391	9.41e-02
NA	/data/songy4/twas/output/weights//ENSG00000172590.wgt.RDat	ENSG00000172590	14	23299088	23304246	0.1762	rs226998	-3.56	rs1003349	 0.098106	 10.94	-1.34286	 475	  9	lasso	0.13	1.7e-35	-0.93696	3.49e-01
NA	/data/songy4/twas/output/weights//ENSG00000157227.wgt.RDat	ENSG00000157227	14	23305766	23318236	0.0988	rs226998	-3.56	rs2073344	 0.042788	  7.29	-0.97273	 476	  6	lasso	0.063	6.2e-18	-0.99999	3.17e-01
NA	/data/songy4/twas/output/weights//ENSG00000197324.wgt.RDat	ENSG00000197324	14	23340822	23350789	0.1436	rs226998	-3.56	rs7149064	 0.108956	 11.29	 0.17557	 492	 41	enet	0.11	6.5e-31	-0.09292	9.26e-01
NA	/data/songy4/twas/output/weights//ENSG00000139890.wgt.RDat	ENSG00000139890	14	23352374	23356895	0.1095	rs226998	-3.56	rs4982700	 0.061443	  8.99	-0.24762	 495	 31	enet	0.1	5.9e-28	-1.31736	1.88e-01
NA	/data/songy4/twas/output/weights//ENSG00000100461.wgt.RDat	ENSG00000100461	14	23369854	23388393	0.1114	rs226998	-3.56	rs8022177	 0.078797	 -9.73	 0.43491	 516	  1	top1	0.079	2.9e-22	-0.43491	6.64e-01
NA	/data/songy4/twas/output/weights//ENSG00000100462.wgt.RDat	ENSG00000100462	14	23389720	23398794	0.2305	rs226998	-3.56	rs4981454	 0.343379	-19.79	-0.51282	 513	  7	lasso	0.35	5.3e-108	 0.69916	4.84e-01
NA	/data/songy4/twas/output/weights//ENSG00000092036.wgt.RDat	ENSG00000092036	14	23415437	23426370	0.5595	rs226998	-3.56	rs4981454	 0.491691	-23.67	-0.51282	 514	 53	enet	0.61	6.9e-236	-0.13902	8.89e-01
NA	/data/songy4/twas/output/weights//ENSG00000129474.wgt.RDat	ENSG00000129474	14	23440383	23451851	0.0203	rs226998	-3.56	rs4536383	 0.004492	  4.06	-1.05102	 497	  1	top1	0.0045	0.013	-1.05102	2.93e-01
NA	/data/songy4/twas/output/weights//ENSG00000100804.wgt.RDat	ENSG00000100804	14	23485752	23504439	0.0522	rs4982652	-3.07	rs11543947	 0.056650	 -8.27	 0.73684	 492	  1	top1	0.057	2.4e-16	-0.73684	4.61e-01
NA	/data/songy4/twas/output/weights//ENSG00000222028.wgt.RDat	ENSG00000222028	14	23511376	23513269	0.0506	rs4982652	-3.07	rs8013143	 0.050783	  7.84	-0.76636	 492	  1	top1	0.051	8.7e-15	-0.76636	4.43e-01
NA	/data/songy4/twas/output/weights//ENSG00000100813.wgt.RDat	ENSG00000100813	14	23527773	23564823	0.4577	rs4982652	-3.07	rs17198981	 0.407640	-21.57	-1.08661	 498	 30	enet	0.44	9.4e-146	 1.11382	2.65e-01
NA	/data/songy4/twas/output/weights//ENSG00000092068.wgt.RDat	ENSG00000092068	14	23594504	23652883	0.3592	rs4982652	-3.07	rs2239632	 0.024639	 -7.90	 1.25000	 505	 77	enet	0.23	2e-65	 0.34565	7.30e-01
NA	/data/songy4/twas/output/weights//ENSG00000215271.wgt.RDat	ENSG00000215271	14	23741666	23768656	0.1329	rs3901112	 2.78	rs17256211	 0.082610	 -9.75	 0.98000	 514	 25	enet	0.11	7.8e-31	-0.75475	4.50e-01
NA	/data/songy4/twas/output/weights//ENSG00000129460.wgt.RDat	ENSG00000129460	14	23938897	23979071	0.0268	rs12894524	-2.67	rs7149201	 0.000956	 -4.36	-0.06957	 467	 10	enet	0.0043	0.015	 1.64748	9.95e-02
NA	/data/songy4/twas/output/weights//ENSG00000213983.wgt.RDat	ENSG00000213983	14	24028774	24037279	0.0909	rs10147475	-3.49	rs12886523	 0.081018	 -9.71	-0.03550	 442	  1	top1	0.081	7.2e-23	 0.03550	9.72e-01
NA	/data/songy4/twas/output/weights//ENSG00000157326.wgt.RDat	ENSG00000157326	14	24422795	24438488	0.0588	rs10147475	-3.49	rs10141091	 0.001965	 -4.40	-1.08750	 499	 34	enet	0.037	3e-11	 1.09455	2.74e-01
NA	/data/songy4/twas/output/weights//ENSG00000186648.wgt.RDat	ENSG00000186648	14	24521206	24538937	0.0491	rs10147475	-3.49	rs7146599	 0.044213	  7.20	-2.18519	 504	 13	enet	0.048	5.5e-14	-2.12728	3.34e-02
NA	/data/songy4/twas/output/weights//ENSG00000100889.wgt.RDat	ENSG00000100889	14	24563262	24579807	0.1129	rs10147475	-3.49	rs7146599	 0.079978	 -9.66	-2.18519	 510	  3	lasso	0.093	2.9e-26	 2.25095	2.44e-02
NA	/data/songy4/twas/output/weights//ENSG00000100908.wgt.RDat	ENSG00000100908	14	24608174	24610797	0.1837	rs10147475	-3.49	rs3742500	 0.142887	-12.91	 0.92982	 520	  1	top1	0.14	3.5e-40	-0.92982	3.52e-01
NA	/data/songy4/twas/output/weights//ENSG00000139908.wgt.RDat	ENSG00000139908	14	24674903	24677568	0.0289	rs10147475	-3.49	rs2229463	 0.010267	 -4.74	 0.23529	 503	  1	top1	0.01	0.00036	-0.23529	8.14e-01
NA	/data/songy4/twas/output/weights//ENSG00000254505.wgt.RDat	ENSG00000254505	14	24678789	24683075	0.0411	rs10147475	-3.49	rs1242017	 0.037854	 -6.78	 0.05085	 507	  1	top1	0.038	2.2e-11	-0.05085	9.59e-01
NA	/data/songy4/twas/output/weights//ENSG00000092295.wgt.RDat	ENSG00000092295	14	24718320	24733638	0.1055	rs10147475	-3.49	rs2180196	 0.058252	  8.51	 0.99375	 513	  3	lasso	0.095	1.1e-26	 1.04341	2.97e-01
NA	/data/songy4/twas/output/weights//ENSG00000100949.wgt.RDat	ENSG00000100949	14	24734744	24740945	0.0555	rs10147475	-3.49	rs3940231	 0.038579	  6.98	 1.44792	 506	 12	enet	0.041	3.9e-12	 1.64139	1.01e-01
NA	/data/songy4/twas/output/weights//ENSG00000157379.wgt.RDat	ENSG00000157379	14	24759804	24769039	0.1106	rs10147475	-3.49	rs4568	 0.077979	  9.82	-0.65741	 501	  5	lasso	0.1	3.7e-29	-0.14081	8.88e-01
NA	/data/songy4/twas/output/weights//ENSG00000213906.wgt.RDat	ENSG00000213906	14	24774940	24781259	0.0601	rs10147475	-3.49	rs4374085	 0.059053	 -8.52	 1.48276	 508	  1	top1	0.059	5.6e-17	-1.48276	1.38e-01
NA	/data/songy4/twas/output/weights//ENSG00000213903.wgt.RDat	ENSG00000213903	14	24780656	24787242	0.0187	rs10147475	-3.49	rs17184689	 0.018244	 -5.02	 1.84956	 518	  1	top1	0.018	2.9e-06	-1.84956	6.44e-02
NA	/data/songy4/twas/output/weights//ENSG00000139899.wgt.RDat	ENSG00000139899	14	24895738	24900160	0.4694	rs10147475	-3.49	rs4982912	 0.400238	-21.52	-0.43519	 562	  5	lasso	0.43	3e-141	 0.22613	8.21e-01
NA	/data/songy4/twas/output/weights//ENSG00000100441.wgt.RDat	ENSG00000100441	14	24898492	24910540	0.5007	rs10147475	-3.49	rs10146759	 0.428095	 22.13	-1.25850	 568	  5	lasso	0.44	1.2e-145	-1.14094	2.54e-01
NA	/data/songy4/twas/output/weights//ENSG00000100445.wgt.RDat	ENSG00000100445	14	24908972	24912111	0.0590	rs10147475	-3.49	rs12891613	 0.022745	 -5.22	-1.13514	 565	 44	enet	0.027	1.5e-08	 1.15664	2.47e-01
NA	/data/songy4/twas/output/weights//ENSG00000100448.wgt.RDat	ENSG00000100448	14	25042728	25045466	0.0309	rs11848279	 3.35	rs6573880	 0.022866	  5.54	-0.85987	 600	  4	lasso	0.026	3.2e-08	-0.16727	8.67e-01
NA	/data/songy4/twas/output/weights//ENSG00000100453.wgt.RDat	ENSG00000100453	14	25100160	25103473	0.0651	rs11848279	 3.35	rs2273844	 0.041582	 -7.16	 0.42727	 611	  7	lasso	0.044	5.5e-13	 0.38497	7.00e-01
NA	/data/songy4/twas/output/weights//ENSG00000168952.wgt.RDat	ENSG00000168952	14	25278862	25519503	0.0378	rs11848279	 3.35	rs17109575	 0.016760	  5.04	-0.51007	 723	  1	top1	0.017	7e-06	-0.51007	6.10e-01
NA	/data/songy4/twas/output/weights//ENSG00000184304.wgt.RDat	ENSG00000184304	14	30045687	30661104	0.2307	rs1950663	-3.47	rs10147856	 0.279326	 17.87	 3.16327	 555	  1	top1	0.28	4.2e-83	 3.16327	1.56e-03
NA	/data/songy4/twas/output/weights//ENSG00000092140.wgt.RDat	ENSG00000092140	14	31028329	31089269	0.0864	rs1950663	-3.47	rs7146136	 0.023688	  6.90	 1.35943	 405	  4	lasso	0.068	2.3e-19	 1.28699	1.98e-01
NA	/data/songy4/twas/output/weights//ENSG00000092108.wgt.RDat	ENSG00000092108	14	31091318	31205018	0.1644	rs1950663	-3.47	rs2070339	 0.283327	-17.98	-1.65049	 420	  1	top1	0.28	1.8e-84	 1.65049	9.88e-02
NA	/data/songy4/twas/output/weights//ENSG00000100473.wgt.RDat	ENSG00000100473	14	31343720	31364271	0.1305	rs1950663	-3.47	rs179661	 0.100909	 10.77	 1.19355	 354	  7	lasso	0.11	1.8e-29	 1.46460	1.43e-01
NA	/data/songy4/twas/output/weights//ENSG00000196792.wgt.RDat	ENSG00000196792	14	31363005	31495607	0.0332	rs1950663	-3.47	rs179734	 0.006911	 -5.55	-1.63303	 375	 16	enet	0.016	1.4e-05	 2.00360	4.51e-02
NA	/data/songy4/twas/output/weights//ENSG00000100478.wgt.RDat	ENSG00000100478	14	31494312	31562818	0.0461	rs179744	 3.30	rs7155894	 0.037133	  7.16	-1.20536	 350	  4	lasso	0.042	1.4e-12	-0.94660	3.44e-01
NA	/data/songy4/twas/output/weights//ENSG00000092148.wgt.RDat	ENSG00000092148	14	31569318	31677010	0.0164	rs179744	 3.30	rs10130310	-0.000860	 -3.50	-0.47531	 353	 14	enet	0.00069	0.18	 0.27549	7.83e-01
NA	/data/songy4/twas/output/weights//ENSG00000129493.wgt.RDat	ENSG00000129493	14	31760994	31889788	0.0231	rs179744	 3.30	rs3736918	-0.000160	  3.97	 0.30270	 375	 15	enet	0.0033	0.029	 0.02799	9.78e-01
NA	/data/songy4/twas/output/weights//ENSG00000129480.wgt.RDat	ENSG00000129480	14	31915242	31926716	0.0373	rs179744	 3.30	rs17097892	 0.006347	 -4.87	-0.37333	 324	 19	enet	0.021	5.2e-07	 0.05444	9.57e-01
NA	/data/songy4/twas/output/weights//ENSG00000214943.wgt.RDat	ENSG00000214943	14	31952173	31953171	0.0765	rs179744	 3.30	rs11850326	 0.050249	  8.29	 0.13298	 330	  7	lasso	0.053	1.8e-15	 0.49533	6.20e-01
NA	/data/songy4/twas/output/weights//ENSG00000100852.wgt.RDat	ENSG00000100852	14	32545320	32628934	0.1773	rs1013252	 3.54	rs1278926	 0.127638	-12.14	-0.56311	 520	  8	lasso	0.14	9.2e-40	 1.20125	2.30e-01
NA	/data/songy4/twas/output/weights//ENSG00000151320.wgt.RDat	ENSG00000151320	14	32798479	33300567	0.0629	rs1013252	 3.54	rs2149663	 0.035191	  6.97	 2.48246	 908	 21	enet	0.06	2.5e-17	 2.46537	1.37e-02
NA	/data/songy4/twas/output/weights//ENSG00000129521.wgt.RDat	ENSG00000129521	14	34393437	34931980	0.3574	rs733314	-3.76	rs12586857	 0.195466	-14.97	-0.27500	 830	 74	enet	0.28	1.4e-83	 1.05840	2.90e-01
NA	/data/songy4/twas/output/weights//ENSG00000129518.wgt.RDat	ENSG00000129518	14	34985135	35008916	0.0351	rs7151133	 2.91	rs10220690	 0.028723	  6.26	 2.90647	 440	  4	lasso	0.03	3.1e-09	 2.80345	5.06e-03
NA	/data/songy4/twas/output/weights//ENSG00000129515.wgt.RDat	ENSG00000129515	14	35030300	35099389	0.2164	rs7151133	 2.91	rs13826	 0.261657	-17.38	-1.96078	 456	 21	enet	0.27	2.7e-81	 2.33520	1.95e-02
NA	/data/songy4/twas/output/weights//ENSG00000165410.wgt.RDat	ENSG00000165410	14	35179593	35184029	0.4982	rs7151133	 2.91	rs9743965	 0.501653	 23.96	 0.11594	 412	 35	enet	0.51	1.5e-176	 0.02410	9.81e-01
NA	/data/songy4/twas/output/weights//ENSG00000198604.wgt.RDat	ENSG00000198604	14	35221937	35344853	0.0403	rs7151133	 2.91	rs7159390	 0.000583	  4.37	-0.17000	 421	 13	enet	0.013	5.7e-05	 1.53007	1.26e-01
NA	/data/songy4/twas/output/weights//ENSG00000100883.wgt.RDat	ENSG00000100883	14	35451163	35498773	0.0867	rs7151133	 2.91	rs1967723	 0.059634	  8.34	-0.79630	 388	  7	lasso	0.061	1.3e-17	-0.38375	7.01e-01
NA	/data/songy4/twas/output/weights//ENSG00000151327.wgt.RDat	ENSG00000151327	14	35514113	35582336	0.2144	rs10220690	 2.91	rs7147346	 0.211704	-15.58	-1.92157	 381	 42	enet	0.28	1.2e-83	 1.33997	1.80e-01
NA	/data/songy4/twas/output/weights//ENSG00000092020.wgt.RDat	ENSG00000092020	14	35554673	35591723	0.6065	rs10220690	 2.91	rs11156875	 0.559895	-25.33	-0.99242	 380	 19	enet	0.71	1.3e-309	 0.41325	6.79e-01
NA	/data/songy4/twas/output/weights//ENSG00000100890.wgt.RDat	ENSG00000100890	14	35591052	35743271	0.4739	rs9671535	-2.88	rs12100841	 0.651931	 27.24	-0.67692	 407	  9	lasso	0.65	3e-264	-0.61613	5.38e-01
NA	/data/songy4/twas/output/weights//ENSG00000100902.wgt.RDat	ENSG00000100902	14	35747839	35786699	0.0902	rs712305	 2.34	rs8017330	 0.083309	  9.98	-0.27778	 357	 14	enet	0.094	2.5e-26	-0.55068	5.82e-01
NA	/data/songy4/twas/output/weights//ENSG00000100906.wgt.RDat	ENSG00000100906	14	35870717	35873955	0.1204	rs712305	 2.34	rs12100841	 0.107326	 11.22	-0.67692	 339	 29	enet	0.15	2e-41	 0.23228	8.16e-01
NA	/data/songy4/twas/output/weights//ENSG00000174373.wgt.RDat	ENSG00000174373	14	36007558	36278510	0.1248	rs9788456	 2.49	rs4982302	 0.225737	 16.06	-0.03472	 497	 31	enet	0.23	5.6e-66	 0.16040	8.73e-01
NA	/data/songy4/twas/output/weights//ENSG00000183032.wgt.RDat	ENSG00000183032	14	37147636	37642071	0.1494	rs12147950	-5.51	rs35322850	 0.301012	 18.54	-4.30973	 737	  3	lasso	0.3	4.2e-91	-4.33716	1.44e-05
NA	/data/songy4/twas/output/weights//ENSG00000151338.wgt.RDat	ENSG00000151338	14	37667118	38021566	0.0588	rs12147950	-5.51	rs4378536	 0.040071	 -6.96	 1.25490	 587	 10	enet	0.055	6e-16	-0.97745	3.28e-01
NA	/data/songy4/twas/output/weights//ENSG00000182400.wgt.RDat	ENSG00000182400	14	39617015	39639736	0.1787	rs17109168	 3.39	rs3759545	 0.108755	 11.37	 2.75000	 376	 43	enet	0.15	3.7e-41	 1.79049	7.34e-02
NA	/data/songy4/twas/output/weights//ENSG00000150527.wgt.RDat	ENSG00000150527	14	39734488	39856156	0.0438	rs17109168	 3.39	rs2415541	 0.011438	  5.38	 2.73659	 439	  4	lasso	0.035	1.4e-10	 1.67154	9.46e-02
NA	/data/songy4/twas/output/weights//ENSG00000198718.wgt.RDat	ENSG00000198718	14	45431411	45543634	0.0197	rs17115489	 2.38	rs10132949	 0.013680	 -4.91	 0.19307	 316	  1	top1	0.014	4.5e-05	-0.19307	8.47e-01
NA	/data/songy4/twas/output/weights//ENSG00000129534.wgt.RDat	ENSG00000129534	14	45672393	45722743	0.0133	rs17115489	 2.38	rs3825627	 0.002750	 -4.07	-0.01932	 273	  5	lasso	0.0035	0.026	 0.77136	4.40e-01
NA	/data/songy4/twas/output/weights//ENSG00000213741.wgt.RDat	ENSG00000213741	14	50043390	50065408	0.0206	rs10438007	-2.67	rs11620675	 0.000272	  3.33	 0.11905	 394	  1	top1	0.00027	0.25	 0.11905	9.05e-01
NA	/data/songy4/twas/output/weights//ENSG00000165501.wgt.RDat	ENSG00000165501	14	50065415	50081390	0.2352	rs2103889	-2.43	rs1957979	 0.293257	-18.38	-0.54128	 397	  7	lasso	0.34	2.9e-103	 0.18008	8.57e-01
NA	/data/songy4/twas/output/weights//ENSG00000165502.wgt.RDat	ENSG00000165502	14	50085237	50087403	0.1359	rs2103889	-2.43	rs3007033	 0.142553	-13.06	 0.03636	 384	 32	enet	0.15	1.6e-42	-0.02137	9.83e-01
NA	/data/songy4/twas/output/weights//ENSG00000168282.wgt.RDat	ENSG00000168282	14	50087489	50090198	0.0683	rs2103889	-2.43	rs9989177	 0.066897	 -9.02	 0.81720	 384	  1	top1	0.067	4.5e-19	-0.81720	4.14e-01
NA	/data/songy4/twas/output/weights//ENSG00000197776.wgt.RDat	ENSG00000197776	14	50159823	50219870	0.0465	rs743076	-2.47	rs10146912	 0.035575	  6.62	-0.00952	 403	  1	top1	0.036	8.5e-11	-0.00952	9.92e-01
NA	/data/songy4/twas/output/weights//ENSG00000100483.wgt.RDat	ENSG00000100483	14	50575350	50583318	0.0877	rs743076	-2.47	rs10150798	 0.029648	  7.57	 0.68966	 351	 18	enet	0.076	1.9e-21	 1.48394	1.38e-01
NA	/data/songy4/twas/output/weights//ENSG00000100485.wgt.RDat	ENSG00000100485	14	50583847	50698276	0.0656	rs743076	-2.47	rs4901000	 0.016377	  5.84	 0.67763	 397	  9	lasso	0.038	2.6e-11	 1.72322	8.48e-02
NA	/data/songy4/twas/output/weights//ENSG00000087299.wgt.RDat	ENSG00000087299	14	50704281	50779266	0.0549	rs743076	-2.47	rs2211247	 0.010699	 -5.51	 1.86792	 402	  5	lasso	0.023	1.9e-07	-2.14393	3.20e-02
NA	/data/songy4/twas/output/weights//ENSG00000125375.wgt.RDat	ENSG00000125375	14	50779044	50802276	0.0594	rs743076	-2.47	rs8013965	 0.010816	  5.27	 1.28713	 403	 52	enet	0.032	7.6e-10	 0.98838	3.23e-01
NA	/data/songy4/twas/output/weights//ENSG00000100490.wgt.RDat	ENSG00000100490	14	50796310	50883179	0.2014	rs1547763	 2.48	rs7151046	 0.225162	 16.05	-1.60825	 457	 40	enet	0.25	8.3e-74	-1.53746	1.24e-01
NA	/data/songy4/twas/output/weights//ENSG00000012983.wgt.RDat	ENSG00000012983	14	50885219	51027844	0.0335	rs1547763	 2.48	rs10143848	 0.010199	 -4.87	 0.72222	 553	  1	top1	0.01	0.00038	-0.72222	4.70e-01
NA	/data/songy4/twas/output/weights//ENSG00000198513.wgt.RDat	ENSG00000198513	14	50999227	51099786	0.0217	rs1547763	 2.48	rs12433794	 0.019339	  5.74	 1.65263	 513	  1	top1	0.019	1.5e-06	 1.65263	9.84e-02
NA	/data/songy4/twas/output/weights//ENSG00000151748.wgt.RDat	ENSG00000151748	14	51098776	51135049	0.0571	rs1547763	 2.48	rs3759589	 0.047028	 -7.39	-0.08911	 476	  4	lasso	0.05	1.1e-14	-0.59966	5.49e-01
NA	/data/songy4/twas/output/weights//ENSG00000100504.wgt.RDat	ENSG00000100504	14	51324609	51411454	0.1155	rs1890697	 3.23	rs8004788	 0.036627	  7.07	 1.33645	 558	 46	enet	0.062	7.8e-18	 0.61144	5.41e-01
NA	/data/songy4/twas/output/weights//ENSG00000100505.wgt.RDat	ENSG00000100505	14	51441980	51562779	0.2358	rs1890697	 3.23	rs10135768	 0.053857	 -7.89	 1.87619	 639	 63	enet	0.13	4.1e-36	-2.22734	2.59e-02
NA	/data/songy4/twas/output/weights//ENSG00000139921.wgt.RDat	ENSG00000139921	14	51706880	51722759	0.0392	rs1890697	 3.23	rs4901098	 0.029447	  6.61	-0.02439	 650	  5	lasso	0.034	1.7e-10	-0.57186	5.67e-01
NA	/data/songy4/twas/output/weights//ENSG00000139926.wgt.RDat	ENSG00000139926	14	51955818	52197445	0.0964	rs10498433	 3.39	rs6572784	 0.021588	  6.24	-0.20155	 846	 54	enet	0.061	1.6e-17	 0.86257	3.88e-01
NA	/data/songy4/twas/output/weights//ENSG00000186469.wgt.RDat	ENSG00000186469	14	52292913	52446060	0.0298	rs10498433	 3.39	rs2000005	 0.023656	  5.89	-1.02564	 804	  1	top1	0.024	1.1e-07	-1.02564	3.05e-01
NA	/data/songy4/twas/output/weights//ENSG00000087303.wgt.RDat	ENSG00000087303	14	52471521	52535712	0.0446	rs10498433	 3.39	rs1151580	 0.015668	 -5.08	 1.76289	 682	 16	enet	0.024	9.9e-08	-0.18746	8.51e-01
NA	/data/songy4/twas/output/weights//ENSG00000168229.wgt.RDat	ENSG00000168229	14	52734431	52743442	0.2562	rs10498433	 3.39	rs4901212	 0.255487	-17.08	-1.94118	 572	 20	enet	0.3	4.5e-90	 2.43639	1.48e-02
NA	/data/songy4/twas/output/weights//ENSG00000125384.wgt.RDat	ENSG00000125384	14	52781023	52795324	0.0646	rs10498433	 3.39	rs1254600	 0.046038	 -7.57	 2.08633	 555	  1	top1	0.046	1.5e-13	-2.08633	3.69e-02
NA	/data/songy4/twas/output/weights//ENSG00000087301.wgt.RDat	ENSG00000087301	14	52897308	53019240	0.0813	rs1390376	-3.03	rs781384	 0.057907	 -8.35	 2.50000	 537	  1	top1	0.058	1.1e-16	-2.50000	1.24e-02
NA	/data/songy4/twas/output/weights//ENSG00000197930.wgt.RDat	ENSG00000197930	14	53106634	53162618	0.5561	rs1390376	-3.03	rs7150290	 0.095854	-10.92	-0.76552	 405	136	enet	0.42	1.6e-135	 0.27782	7.81e-01
NA	/data/songy4/twas/output/weights//ENSG00000100519.wgt.RDat	ENSG00000100519	14	53173890	53195305	0.1618	rs1390376	-3.03	rs17125639	 0.010011	 -5.96	 0.69677	 363	 66	enet	0.085	5.1e-24	 0.10412	9.17e-01
NA	/data/songy4/twas/output/weights//ENSG00000198252.wgt.RDat	ENSG00000198252	14	53196898	53241716	0.0513	rs1390376	-3.03	rs7142734	 0.035577	 -6.99	-0.49524	 368	  6	lasso	0.038	1.8e-11	 0.58216	5.60e-01
NA	/data/songy4/twas/output/weights//ENSG00000073712.wgt.RDat	ENSG00000073712	14	53323986	53419153	0.0139	rs1565970	 2.57	rs1255342	 0.010418	 -4.18	-0.81633	 401	  1	top1	0.01	0.00033	 0.81633	4.14e-01
NA	/data/songy4/twas/output/weights//ENSG00000125378.wgt.RDat	ENSG00000125378	14	54416454	54425479	0.0478	rs10147611	 2.46	rs7157515	 0.029609	  5.99	-0.81452	 455	  3	lasso	0.036	6.9e-11	-0.22211	8.24e-01
NA	/data/songy4/twas/output/weights//ENSG00000100528.wgt.RDat	ENSG00000100528	14	54893654	54908149	0.0396	rs2183081	-8.11	rs10162433	 0.046149	  7.54	-1.85926	 448	  1	top1	0.046	1.4e-13	-1.85926	6.30e-02
NA	/data/songy4/twas/output/weights//ENSG00000020577.wgt.RDat	ENSG00000020577	14	55033815	55260033	0.1496	rs8018800	-8.22	rs28707162	 0.056295	  8.17	 0.52632	 502	  5	lasso	0.083	1.9e-23	 0.33942	7.34e-01
NA	/data/songy4/twas/output/weights//ENSG00000131979.wgt.RDat	ENSG00000131979	14	55308726	55369570	0.1322	rs8018800	-8.22	rs17128077	 0.064691	 -9.44	-4.43796	 418	  4	lasso	0.11	2.5e-30	 0.70837	4.79e-01
NA	/data/songy4/twas/output/weights//ENSG00000168175.wgt.RDat	ENSG00000168175	14	55518349	55536910	0.0271	rs8018800	-8.22	rs10147667	 0.005802	  4.65	-5.23437	 451	 30	enet	0.016	1.1e-05	-5.43480	5.49e-08
NA	/data/songy4/twas/output/weights//ENSG00000131981.wgt.RDat	ENSG00000131981	14	55590828	55612126	0.0941	rs8018800	-8.22	rs2075601	 0.208293	-15.69	-4.71037	 431	  6	lasso	0.21	5.9e-60	 4.79912	1.59e-06
NA	/data/songy4/twas/output/weights//ENSG00000139946.wgt.RDat	ENSG00000139946	14	56584532	56768244	0.1055	rs8012377	-6.02	rs241517	 0.075670	 -9.62	-2.07477	 808	 23	enet	0.09	2.1e-25	 1.80565	7.10e-02
NA	/data/songy4/twas/output/weights//ENSG00000053770.wgt.RDat	ENSG00000053770	14	57735627	57756797	0.0176	rs1565946	 2.83	rs7143051	-0.000733	  3.38	-1.01835	 436	  5	lasso	0.0074	0.0021	 0.08026	9.36e-01
NA	/data/songy4/twas/output/weights//ENSG00000139977.wgt.RDat	ENSG00000139977	14	57857262	57882635	0.1897	rs1565946	 2.83	rs1152534	 0.151284	 13.24	 1.56154	 435	 57	enet	0.18	7.8e-51	 1.23913	2.15e-01
NA	/data/songy4/twas/output/weights//ENSG00000131966.wgt.RDat	ENSG00000131966	14	58666798	58701750	0.1589	rs941752	-3.22	rs17832891	 0.074794	-10.46	-2.78049	 422	 21	enet	0.16	2.1e-44	 2.87883	3.99e-03
NA	/data/songy4/twas/output/weights//ENSG00000100575.wgt.RDat	ENSG00000100575	14	58875212	58894332	0.0212	rs941752	-3.22	rs8012790	 0.002985	 -3.42	-0.24742	 483	  1	top1	0.003	0.036	 0.24742	8.05e-01
NA	/data/songy4/twas/output/weights//ENSG00000100578.wgt.RDat	ENSG00000100578	14	58894103	59015216	0.0422	rs941752	-3.22	rs1743720	 0.020994	 -5.97	 1.36893	 550	  6	lasso	0.026	3.2e-08	-1.41777	1.56e-01
NA	/data/songy4/twas/output/weights//ENSG00000100592.wgt.RDat	ENSG00000100592	14	59655364	59838123	0.0810	rs1253170	 3.66	rs1015428	 0.044377	  7.58	 2.17259	 666	  1	top1	0.044	4.2e-13	 2.17259	2.98e-02
NA	/data/songy4/twas/output/weights//ENSG00000181619.wgt.RDat	ENSG00000181619	14	59895740	59932060	0.3848	rs1253170	 3.84	rs8660	 0.236864	 16.46	 1.72918	 485	 85	enet	0.31	1.3e-92	 1.52160	1.28e-01
NA	/data/songy4/twas/output/weights//ENSG00000126790.wgt.RDat	ENSG00000126790	14	59927081	59951148	0.2292	rs1253170	 3.84	rs2774052	 0.119877	-12.87	 3.13325	 477	  6	lasso	0.21	1.8e-61	-1.66532	9.58e-02
NA	/data/songy4/twas/output/weights//ENSG00000050130.wgt.RDat	ENSG00000050130	14	59951161	59972128	0.0575	rs1253170	 3.86	rs1046701	 0.043670	  7.42	-0.73485	 468	  1	top1	0.044	6.5e-13	-0.73485	4.62e-01
NA	/data/songy4/twas/output/weights//ENSG00000151838.wgt.RDat	ENSG00000151838	14	59971257	60043549	0.0849	rs1253170	 3.89	rs17834111	 0.051791	 -7.80	-0.95833	 473	  1	top1	0.052	4.7e-15	 0.95833	3.38e-01
NA	/data/songy4/twas/output/weights//ENSG00000139970.wgt.RDat	ENSG00000139970	14	60062694	60337684	0.1759	rs1887103	 4.34	rs17834111	 0.065892	-10.03	-0.95833	 515	 25	enet	0.16	2.2e-45	-0.63886	5.23e-01
NA	/data/songy4/twas/output/weights//ENSG00000131951.wgt.RDat	ENSG00000131951	14	60386431	60530277	0.0186	rs1887103	 4.34	rs1271183	 0.003542	 -4.35	 1.69423	 380	 10	enet	0.015	2.7e-05	 0.28056	7.79e-01
NA	/data/songy4/twas/output/weights//ENSG00000126773.wgt.RDat	ENSG00000126773	14	60558629	60635851	0.1674	rs1887103	 4.34	rs441282	 0.126371	 12.20	 2.33333	 319	  7	lasso	0.16	5.8e-44	 2.83323	4.61e-03
NA	/data/songy4/twas/output/weights//ENSG00000100612.wgt.RDat	ENSG00000100612	14	60610838	60636574	0.1619	rs1887103	 4.34	rs7401258	 0.038580	 -8.44	-2.27490	 294	 12	enet	0.075	2.8e-21	 2.93349	3.35e-03
NA	/data/songy4/twas/output/weights//ENSG00000100625.wgt.RDat	ENSG00000100625	14	61176246	61191066	0.0566	rs1887103	 4.34	rs12891495	 0.016293	  5.05	 0.34074	 279	 20	enet	0.02	9.7e-07	-0.11883	9.05e-01
NA	/data/songy4/twas/output/weights//ENSG00000139974.wgt.RDat	ENSG00000139974	14	61447832	61550451	0.0251	rs2144114	 3.52	rs1951108	-0.000244	  3.13	 0.01948	 422	 27	enet	0.0022	0.06	 0.70491	4.81e-01
NA	/data/songy4/twas/output/weights//ENSG00000100644.wgt.RDat	ENSG00000100644	14	62162231	62214976	0.0372	rs1954483	 4.07	rs12434438	 0.002989	 -4.74	-0.44081	 543	 12	enet	0.012	1e-04	-0.27895	7.80e-01
NA	/data/songy4/twas/output/weights//ENSG00000023608.wgt.RDat	ENSG00000023608	14	62229075	62263146	0.4939	rs1954483	 4.07	rs10145554	 0.312116	 19.14	 0.13393	 538	141	enet	0.43	6.5e-143	 0.61374	5.39e-01
NA	/data/songy4/twas/output/weights//ENSG00000139973.wgt.RDat	ENSG00000139973	14	62453803	62568431	0.0263	rs1954483	 4.07	rs1954487	 0.007076	 -4.39	 1.91176	 563	  4	lasso	0.0088	0.00092	-1.71025	8.72e-02
NA	/data/songy4/twas/output/weights//ENSG00000054654.wgt.RDat	ENSG00000054654	14	64319683	64693165	0.0630	rs1951210	-2.81	rs8020821	 0.038928	 -6.78	-0.45699	 506	  1	top1	0.039	1.1e-11	 0.45699	6.48e-01
NA	/data/songy4/twas/output/weights//ENSG00000140009.wgt.RDat	ENSG00000140009	14	64550950	64804830	0.0193	rs1959033	 2.80	rs3020445	 0.011150	  4.93	-0.53535	 535	  1	top1	0.011	0.00021	-0.53535	5.92e-01
NA	/data/songy4/twas/output/weights//ENSG00000100714.wgt.RDat	ENSG00000100714	14	64854749	64926722	0.0360	rs17101464	 2.29	rs8018032	 0.038825	 -6.81	 0.44898	 527	  1	top1	0.039	1.2e-11	-0.44898	6.53e-01
NA	/data/songy4/twas/output/weights//ENSG00000126822.wgt.RDat	ENSG00000126822	14	65170820	65213610	0.1959	rs17824591	-2.08	rs17767206	 0.111093	 11.32	-0.67883	 503	  7	lasso	0.12	6.6e-35	-0.34951	7.27e-01
NA	/data/songy4/twas/output/weights//ENSG00000258289.wgt.RDat	ENSG00000258289	14	65381079	65411309	0.3716	rs17824591	-2.08	rs11158569	 0.482158	 23.60	 0.03390	 496	 37	enet	0.49	6e-170	 0.02534	9.80e-01
NA	/data/songy4/twas/output/weights//ENSG00000257365.wgt.RDat	ENSG00000257365	14	65381203	65529368	0.1945	rs17824591	-2.08	rs12434868	 0.106810	 11.18	 0.76923	 520	 40	enet	0.16	8.4e-45	 0.54189	5.88e-01
NA	/data/songy4/twas/output/weights//ENSG00000139998.wgt.RDat	ENSG00000139998	14	65412532	65439494	0.2912	rs2296322	-1.94	rs4902336	 0.054097	  8.48	 0.05085	 493	 79	enet	0.12	9.7e-35	-0.67108	5.02e-01
NA	/data/songy4/twas/output/weights//ENSG00000125952.wgt.RDat	ENSG00000125952	14	65472892	65569413	0.0570	rs2296322	-1.94	rs762810	 0.030661	  6.08	-0.66346	 486	 21	enet	0.043	1.3e-12	-1.10580	2.69e-01
NA	/data/songy4/twas/output/weights//ENSG00000033170.wgt.RDat	ENSG00000033170	14	65877310	66210839	0.1515	rs7154449	-2.30	rs8010726	 0.135636	-12.60	 0.15686	 515	 49	enet	0.2	2.8e-56	 0.72707	4.67e-01
NA	/data/songy4/twas/output/weights//ENSG00000171723.wgt.RDat	ENSG00000171723	14	66974125	67648520	0.1327	rs12323823	-2.92	rs10144753	 0.011642	 -5.18	-1.74752	 641	 47	enet	0.023	1.8e-07	 0.34967	7.27e-01
NA	/data/songy4/twas/output/weights//ENSG00000172717.wgt.RDat	ENSG00000172717	14	67656110	67695267	0.0112	rs12323823	-2.92	rs1955611	 0.009530	 -4.27	 1.42373	 416	  1	top1	0.0095	0.00057	-1.42373	1.55e-01
NA	/data/songy4/twas/output/weights//ENSG00000072415.wgt.RDat	ENSG00000072415	14	67707826	67802536	0.0266	rs12323823	-2.92	rs12588458	 0.012899	 -5.11	 0.59880	 450	 13	enet	0.017	5.1e-06	-0.75073	4.53e-01
NA	/data/songy4/twas/output/weights//ENSG00000100554.wgt.RDat	ENSG00000100554	14	67761088	67826982	0.0114	rs12323823	-2.92	rs10431718	 0.007888	  4.01	 0.08163	 424	  1	top1	0.0079	0.0016	 0.08163	9.35e-01
NA	/data/songy4/twas/output/weights//ENSG00000198133.wgt.RDat	ENSG00000198133	14	67913801	68000456	0.1923	rs8021740	-2.76	rs1980615	 0.093169	 10.40	 1.89691	 417	 10	lasso	0.099	1.1e-27	 1.73969	8.19e-02
NA	/data/songy4/twas/output/weights//ENSG00000054690.wgt.RDat	ENSG00000054690	14	68000018	68056329	0.1113	rs8021740	-2.76	rs1077989	 0.045759	  7.49	 1.48387	 391	  3	lasso	0.053	2.4e-15	 0.95624	3.39e-01
NA	/data/songy4/twas/output/weights//ENSG00000100564.wgt.RDat	ENSG00000100564	14	68048672	68067004	0.0424	rs8021740	-2.76	rs11158685	 0.028827	 -5.91	-0.90323	 374	  1	top1	0.029	4.9e-09	 0.90323	3.66e-01
NA	/data/songy4/twas/output/weights//ENSG00000100568.wgt.RDat	ENSG00000100568	14	68113792	68141548	0.0391	rs8021740	-2.76	rs1033686	 0.003600	 -4.55	 0.33594	 369	 32	enet	0.0044	0.014	 0.52360	6.01e-01
NA	/data/songy4/twas/output/weights//ENSG00000185650.wgt.RDat	ENSG00000185650	14	69254377	69263190	0.0828	rs2842337	 3.20	rs7159916	 0.039408	 -6.82	 0.37438	 615	 21	enet	0.042	2.1e-12	 0.27918	7.80e-01
NA	/data/songy4/twas/output/weights//ENSG00000139990.wgt.RDat	ENSG00000139990	14	69517598	69619867	0.0165	rs8016546	 3.36	rs4902699	 0.006570	  4.64	 2.04082	 613	  6	enet	0.0078	0.0017	 1.73529	8.27e-02
NA	/data/songy4/twas/output/weights//ENSG00000029364.wgt.RDat	ENSG00000029364	14	69864732	69929105	0.4273	rs8016546	 3.36	rs12884741	 0.217862	 15.78	-1.22059	 482	 31	enet	0.24	6.4e-71	-1.60685	1.08e-01
NA	/data/songy4/twas/output/weights//ENSG00000175985.wgt.RDat	ENSG00000175985	14	69951409	69995215	0.6384	rs8016546	 3.36	rs17836248	 0.329724	 19.43	-0.20144	 485	 83	enet	0.48	1.5e-162	 0.37847	7.05e-01
NA	/data/songy4/twas/output/weights//ENSG00000100678.wgt.RDat	ENSG00000100678	14	70510934	70655787	0.0858	rs4899323	 3.88	rs11158839	 0.027180	 -6.04	-0.53543	 567	  1	top1	0.027	1.3e-08	 0.53543	5.92e-01
NA	/data/songy4/twas/output/weights//ENSG00000213463.wgt.RDat	ENSG00000213463	14	70838148	70883778	0.0699	rs4899323	 3.88	rs8021180	 0.053271	  8.37	 0.87129	 582	 19	enet	0.054	1.1e-15	 0.78201	4.34e-01
NA	/data/songy4/twas/output/weights//ENSG00000139985.wgt.RDat	ENSG00000139985	14	70918874	70926622	0.0310	rs4899323	 3.88	rs17108017	 0.011841	 -4.91	-0.29897	 529	  4	lasso	0.014	4.1e-05	 0.34846	7.27e-01
NA	/data/songy4/twas/output/weights//ENSG00000134007.wgt.RDat	ENSG00000134007	14	70989075	71001732	0.2335	rs4899323	 3.88	rs17108246	 0.247503	-16.81	-1.62874	 497	 38	enet	0.25	3.2e-73	 1.28337	1.99e-01
NA	/data/songy4/twas/output/weights//ENSG00000133997.wgt.RDat	ENSG00000133997	14	71047974	71067384	0.0932	rs7148389	 3.24	rs4902855	 0.029688	 -7.49	 0.29787	 451	 12	lasso	0.084	1.1e-23	 1.04183	2.97e-01
NA	/data/songy4/twas/output/weights//ENSG00000133985.wgt.RDat	ENSG00000133985	14	71108504	71142077	0.3731	rs1076265	-2.02	rs11624934	 0.081342	 10.66	 0.17822	 446	 54	enet	0.23	5.2e-66	-0.01805	9.86e-01
NA	/data/songy4/twas/output/weights//ENSG00000006432.wgt.RDat	ENSG00000006432	14	71189243	71276251	0.1256	rs7155371	 2.23	rs7144786	 0.115765	 12.06	-0.80000	 461	 26	enet	0.16	1.6e-44	-0.64304	5.20e-01
NA	/data/songy4/twas/output/weights//ENSG00000100731.wgt.RDat	ENSG00000100731	14	71374122	71582099	0.1217	rs7155371	 2.23	rs4902866	 0.069131	-10.95	-0.47727	 454	  8	lasso	0.16	5.5e-44	-0.64901	5.16e-01
NA	/data/songy4/twas/output/weights//ENSG00000197555.wgt.RDat	ENSG00000197555	14	71787166	72207946	0.0454	rs17179637	-3.17	rs10132818	 0.012048	 -4.51	-1.54000	 615	  1	top1	0.012	0.00012	 1.54000	1.24e-01
NA	/data/songy4/twas/output/weights//ENSG00000182732.wgt.RDat	ENSG00000182732	14	72399156	73030654	0.1678	rs847355	 4.19	rs11623535	 0.122936	 12.01	-0.91892	 880	 51	enet	0.15	8e-42	 0.08747	9.30e-01
NA	/data/songy4/twas/output/weights//ENSG00000119599.wgt.RDat	ENSG00000119599	14	73393040	73426411	0.6271	rs7148786	-3.44	rs11629006	 0.268036	 17.59	 0.65833	 467	 83	enet	0.51	3.1e-176	 0.35689	7.21e-01
NA	/data/songy4/twas/output/weights//ENSG00000165861.wgt.RDat	ENSG00000165861	14	73436159	73493920	0.0376	rs7148786	-3.44	rs7523	 0.012289	  5.63	-1.08065	 485	 16	enet	0.029	4.3e-09	-0.79973	4.24e-01
NA	/data/songy4/twas/output/weights//ENSG00000080815.wgt.RDat	ENSG00000080815	14	73603126	73690399	0.3709	rs8013337	 2.57	rs214260	 0.287704	-18.15	 1.69919	 432	 33	enet	0.45	8.9e-149	-1.81562	6.94e-02
NA	/data/songy4/twas/output/weights//ENSG00000100767.wgt.RDat	ENSG00000100767	14	73704205	73741348	0.0567	rs10483851	 2.55	rs214260	 0.028554	 -5.90	 1.69919	 409	  1	top1	0.029	5.8e-09	-1.69919	8.93e-02
NA	/data/songy4/twas/output/weights//ENSG00000133961.wgt.RDat	ENSG00000133961	14	73741815	73930348	0.0497	rs10483851	 2.55	rs17781962	 0.035722	 -6.49	 1.87719	 478	  5	lasso	0.046	1.9e-13	-2.38226	1.72e-02
NA	/data/songy4/twas/output/weights//ENSG00000187105.wgt.RDat	ENSG00000187105	14	73945189	74025651	0.0684	rs10133043	 2.55	rs2041073	 0.019996	  6.64	 0.56836	 390	 17	enet	0.035	1.3e-10	 0.84496	3.98e-01
NA	/data/songy4/twas/output/weights//ENSG00000170468.wgt.RDat	ENSG00000170468	14	73957644	73960105	0.0727	rs10133043	 2.55	rs758053	 0.029560	 -7.14	-0.66964	 369	 29	enet	0.057	1.9e-16	 0.11100	9.12e-01
NA	/data/songy4/twas/output/weights//ENSG00000184227.wgt.RDat	ENSG00000184227	14	74003818	74010498	0.5122	rs10133043	 2.55	rs8015976	 0.359309	-20.27	-0.32110	 356	 30	enet	0.43	1.1e-141	 0.08079	9.36e-01
NA	/data/songy4/twas/output/weights//ENSG00000119673.wgt.RDat	ENSG00000119673	14	74034324	74042357	0.5749	rs10133043	 2.55	rs7151745	 0.029833	  6.83	 0.27857	 366	113	enet	0.25	1.3e-71	 0.80768	4.19e-01
NA	/data/songy4/twas/output/weights//ENSG00000177465.wgt.RDat	ENSG00000177465	14	74058410	74063200	0.4189	rs10133043	 2.55	rs12590145	 0.327250	 19.33	 0.30303	 375	 37	enet	0.37	1.3e-116	-0.16169	8.72e-01
NA	/data/songy4/twas/output/weights//ENSG00000176903.wgt.RDat	ENSG00000176903	14	74178494	74181128	0.0282	rs10133043	 2.55	rs8007548	 0.026093	 -5.72	 1.96190	 402	  1	top1	0.026	2.6e-08	-1.96190	4.98e-02
NA	/data/songy4/twas/output/weights//ENSG00000140043.wgt.RDat	ENSG00000140043	14	74318547	74353530	0.6505	rs10133043	 2.55	rs8020267	 0.367439	 20.48	 0.20238	 392	 51	enet	0.41	1.9e-131	 0.30193	7.63e-01
NA	/data/songy4/twas/output/weights//ENSG00000119725.wgt.RDat	ENSG00000119725	14	74353320	74399214	0.0552	rs10133043	 2.55	rs17782239	 0.070322	  9.23	-0.22105	 412	  1	top1	0.07	5.5e-20	-0.22105	8.25e-01
NA	/data/songy4/twas/output/weights//ENSG00000156050.wgt.RDat	ENSG00000156050	14	74398204	74417117	0.1641	rs10133043	 2.55	rs4903164	 0.218142	-16.03	 0.38806	 410	 32	enet	0.26	2.5e-77	-0.17028	8.65e-01
NA	/data/songy4/twas/output/weights//ENSG00000119723.wgt.RDat	ENSG00000119723	14	74416629	74430373	0.1328	rs10133043	 2.55	rs4899484	 0.179454	-14.53	 0.50370	 415	 12	lasso	0.18	6e-52	-0.51008	6.10e-01
NA	/data/songy4/twas/output/weights//ENSG00000187097.wgt.RDat	ENSG00000187097	14	74424713	74486102	0.2236	rs10133043	 2.55	rs8020310	 0.113335	-11.51	 0.09375	 428	 58	enet	0.19	1.4e-55	 0.09142	9.27e-01
NA	/data/songy4/twas/output/weights//ENSG00000119636.wgt.RDat	ENSG00000119636	14	74486056	74549566	0.0804	rs8014087	-3.00	rs7152352	 0.056222	 -8.09	-0.40594	 429	  6	lasso	0.062	8.9e-18	 0.11808	9.06e-01
NA	/data/songy4/twas/output/weights//ENSG00000119711.wgt.RDat	ENSG00000119711	14	74523553	74551196	0.0232	rs8014087	-3.00	rs7152352	 0.007741	  4.69	-0.40594	 421	 13	enet	0.0095	0.00056	-1.03357	3.01e-01
NA	/data/songy4/twas/output/weights//ENSG00000119688.wgt.RDat	ENSG00000119688	14	74752126	74769759	0.0370	rs2287407	-5.69	rs17182959	 0.012584	 -4.44	-0.45213	 387	  1	top1	0.013	8.8e-05	 0.45213	6.51e-01
NA	/data/songy4/twas/output/weights//ENSG00000119655.wgt.RDat	ENSG00000119655	14	74942895	74960880	0.0287	rs10134885	-5.95	rs7569	 0.029017	 -5.93	-0.03061	 373	  1	top1	0.029	4.4e-09	 0.03061	9.76e-01
NA	/data/songy4/twas/output/weights//ENSG00000165898.wgt.RDat	ENSG00000165898	14	74960423	74963809	0.6323	rs10134885	-5.95	rs4903231	 0.558679	 25.23	-0.18367	 362	  1	top1	0.56	3.2e-204	-0.18367	8.54e-01
NA	/data/songy4/twas/output/weights//ENSG00000119681.wgt.RDat	ENSG00000119681	14	74964873	75079306	0.0284	rs10134885	-5.95	rs8006778	 0.012187	 -4.73	 1.16495	 405	 10	enet	0.013	7.4e-05	-0.61250	5.40e-01
NA	/data/songy4/twas/output/weights//ENSG00000119682.wgt.RDat	ENSG00000119682	14	75120140	75179818	0.0360	rs10134885	-5.95	rs12587457	 0.053603	  8.12	-0.62500	 373	 11	enet	0.056	3.3e-16	 1.03559	3.00e-01
NA	/data/songy4/twas/output/weights//ENSG00000119616.wgt.RDat	ENSG00000119616	14	75179847	75203394	0.0296	rs10134885	-5.95	rs732765	 0.032067	 -6.44	-5.57500	 358	  8	enet	0.034	2.8e-10	 5.43040	5.62e-08
NA	/data/songy4/twas/output/weights//ENSG00000119608.wgt.RDat	ENSG00000119608	14	75319736	75330537	0.0321	rs10134885	-5.95	rs3742783	 0.011939	 -5.01	 5.11765	 370	  3	lasso	0.024	1e-07	-6.61748	3.65e-11
NA	/data/songy4/twas/output/weights//ENSG00000198208.wgt.RDat	ENSG00000198208	14	75370657	75390099	0.1423	rs10134885	-5.95	rs2286913	 0.212812	 15.65	 0.95833	 397	 13	enet	0.22	1.7e-62	 1.84290	6.53e-02
NA	/data/songy4/twas/output/weights//ENSG00000119718.wgt.RDat	ENSG00000119718	14	75469614	75476292	0.1644	rs10134885	-5.95	rs175040	 0.393813	-21.33	 1.73684	 419	  6	lasso	0.4	5.5e-128	-1.54695	1.22e-01
NA	/data/songy4/twas/output/weights//ENSG00000119684.wgt.RDat	ENSG00000119684	14	75480467	75518235	0.0839	rs10134885	-5.95	rs175071	 0.137037	-12.71	 1.51064	 438	  1	top1	0.14	1.7e-38	-1.51064	1.31e-01
NA	/data/songy4/twas/output/weights//ENSG00000119640.wgt.RDat	ENSG00000119640	14	75519924	75536186	0.0336	rs10134885	-5.95	rs175505	 0.047526	 -7.74	 1.27957	 428	  1	top1	0.048	6.3e-14	-1.27957	2.01e-01
NA	/data/songy4/twas/output/weights//ENSG00000119638.wgt.RDat	ENSG00000119638	14	75548822	75594047	0.0297	rs10134885	-5.95	rs4903273	 0.001721	  4.61	-0.43299	 438	 23	enet	0.014	3.6e-05	-3.15394	1.61e-03
NA	/data/songy4/twas/output/weights//ENSG00000170345.wgt.RDat	ENSG00000170345	14	75745477	75748933	0.1167	rs10134885	-5.95	rs7101	 0.033891	 -6.46	 1.04237	 436	  8	lasso	0.04	6.9e-12	-0.23987	8.10e-01
NA	/data/songy4/twas/output/weights//ENSG00000140044.wgt.RDat	ENSG00000140044	14	75894419	75940814	0.0472	rs11159113	 4.20	rs6574232	 0.004062	 -4.02	-1.28431	 442	  4	lasso	0.0084	0.0011	-0.31843	7.50e-01
NA	/data/songy4/twas/output/weights//ENSG00000119686.wgt.RDat	ENSG00000119686	14	76044960	76129557	0.1762	rs12431669	 3.05	rs3784003	 0.123450	 11.92	 2.79825	 495	  4	lasso	0.16	3.6e-46	 2.06724	3.87e-02
NA	/data/songy4/twas/output/weights//ENSG00000119685.wgt.RDat	ENSG00000119685	14	76099968	76421421	0.0852	rs7158350	 2.99	rs2059382	 0.117352	-11.97	 2.52830	 639	  8	enet	0.12	5e-34	-2.47808	1.32e-02
NA	/data/songy4/twas/output/weights//ENSG00000119699.wgt.RDat	ENSG00000119699	14	76424442	76449334	0.1145	rs7158350	 2.99	rs3917172	 0.102639	-11.13	 0.57921	 481	 10	enet	0.11	6.8e-30	-0.72477	4.69e-01
NA	/data/songy4/twas/output/weights//ENSG00000089916.wgt.RDat	ENSG00000089916	14	76618259	76720685	0.3945	rs850755	-3.05	rs7151939	 0.296036	 18.36	 0.16892	 529	 21	enet	0.37	3.9e-116	 0.59463	5.52e-01
NA	/data/songy4/twas/output/weights//ENSG00000119715.wgt.RDat	ENSG00000119715	14	76776957	76968178	0.0542	rs850755	-3.05	rs11159180	 0.035416	 -7.14	 0.41748	 602	  1	top1	0.035	9.4e-11	-0.41748	6.76e-01
NA	/data/songy4/twas/output/weights//ENSG00000071246.wgt.RDat	ENSG00000071246	14	77228532	77249354	0.5930	rs8021076	-3.89	rs10483877	 0.719361	 28.60	-0.94690	 580	  6	lasso	0.73	1.1e-322	-1.08927	2.76e-01
NA	/data/songy4/twas/output/weights//ENSG00000013523.wgt.RDat	ENSG00000013523	14	77253588	77292589	0.0937	rs8021076	-3.89	rs4903482	 0.056716	  8.58	-0.30075	 604	  7	lasso	0.072	2.2e-20	-0.82443	4.10e-01
NA	/data/songy4/twas/output/weights//ENSG00000119669.wgt.RDat	ENSG00000119669	14	77490888	77495034	0.1025	rs8021076	-3.89	rs1986116	 0.079278	  9.61	 0.99145	 557	  5	lasso	0.084	1.1e-23	 0.95626	3.39e-01
NA	/data/songy4/twas/output/weights//ENSG00000198894.wgt.RDat	ENSG00000198894	14	77564440	77583630	0.1263	rs8021076	-3.89	rs1045823	 0.093615	-10.54	-0.47748	 554	  6	lasso	0.11	5.5e-30	 0.17652	8.60e-01
NA	/data/songy4/twas/output/weights//ENSG00000165548.wgt.RDat	ENSG00000165548	14	77582911	77725838	0.5244	rs8021076	-3.89	rs1911728	 0.337153	 19.60	-1.44554	 615	 45	enet	0.51	7.8e-180	-1.74785	8.05e-02
NA	/data/songy4/twas/output/weights//ENSG00000009830.wgt.RDat	ENSG00000009830	14	77741299	77787227	0.1172	rs8021076	-3.89	rs8177539	 0.047250	 -7.52	-0.56000	 564	  5	lasso	0.079	2.3e-22	-1.59987	1.10e-01
NA	/data/songy4/twas/output/weights//ENSG00000100577.wgt.RDat	ENSG00000100577	14	77787227	77797940	0.1120	rs8021076	-3.89	rs2270421	 0.103619	 11.37	 1.45192	 554	 22	enet	0.13	3.8e-35	 0.94003	3.47e-01
NA	/data/songy4/twas/output/weights//ENSG00000100580.wgt.RDat	ENSG00000100580	14	77801364	77843452	0.0788	rs8021076	-3.89	rs12435136	 0.073948	  9.39	-2.61458	 578	  1	top1	0.074	5.8e-21	-2.61458	8.93e-03
NA	/data/songy4/twas/output/weights//ENSG00000100583.wgt.RDat	ENSG00000100583	14	77843032	77857840	0.0364	rs8021076	-3.89	rs8005759	 0.038642	 -7.12	 2.64894	 555	  1	top1	0.039	1.3e-11	-2.64894	8.07e-03
NA	/data/songy4/twas/output/weights//ENSG00000165555.wgt.RDat	ENSG00000165555	14	77860364	77889860	0.0593	rs8021076	-3.89	rs2242619	 0.055409	  8.25	 2.64894	 582	  1	top1	0.055	5.2e-16	 2.64894	8.07e-03
NA	/data/songy4/twas/output/weights//ENSG00000100591.wgt.RDat	ENSG00000100591	14	77924213	77935817	0.0307	rs8021076	-3.89	rs17824238	 0.018782	 -4.78	 0.44724	 596	  1	top1	0.019	2.1e-06	-0.44724	6.55e-01
NA	/data/songy4/twas/output/weights//ENSG00000100596.wgt.RDat	ENSG00000100596	14	77972340	78083116	0.1920	rs8021076	-3.89	rs11629330	 0.096929	-10.55	 0.11224	 674	 51	enet	0.16	2.4e-46	 1.62870	1.03e-01
NA	/data/songy4/twas/output/weights//ENSG00000100601.wgt.RDat	ENSG00000100601	14	78138747	78174363	0.0735	rs8021076	-3.89	rs1030151	 0.064486	  8.77	 0.97093	 653	 11	enet	0.069	1.3e-19	 0.48247	6.29e-01
NA	/data/songy4/twas/output/weights//ENSG00000100603.wgt.RDat	ENSG00000100603	14	78183942	78227550	0.0521	rs8021076	-3.89	rs17752707	 0.034586	  6.81	 1.15909	 660	 10	enet	0.038	2.3e-11	 0.56699	5.71e-01
NA	/data/songy4/twas/output/weights//ENSG00000063761.wgt.RDat	ENSG00000063761	14	78266426	78401355	0.5390	rs17106604	-3.27	rs17752707	 0.509810	 24.41	 1.15909	 706	 57	enet	0.54	1.7e-195	 1.00745	3.14e-01
NA	/data/songy4/twas/output/weights//ENSG00000021645.wgt.RDat	ENSG00000021645	14	78708734	80330762	0.0697	rs17106604	-3.27	rs17107557	 0.028550	 -5.97	 1.50962	1323	 22	enet	0.039	1.3e-11	-0.49324	6.22e-01
NA	/data/songy4/twas/output/weights//ENSG00000100629.wgt.RDat	ENSG00000100629	14	80943330	81425861	0.2353	rs12147846	 2.70	rs7154132	 0.260371	 17.80	-1.85366	 603	 52	enet	0.34	2.2e-105	-1.69631	8.98e-02
NA	/data/songy4/twas/output/weights//ENSG00000165409.wgt.RDat	ENSG00000165409	14	81421333	81612646	0.0936	rs12147846	 2.70	rs12101255	 0.097960	-10.66	 0.90816	 500	  8	lasso	0.12	3.6e-33	-1.07352	2.83e-01
NA	/data/songy4/twas/output/weights//ENSG00000165417.wgt.RDat	ENSG00000165417	14	81641796	81687721	0.0570	rs7160517	 2.98	rs4899786	 0.051639	 -8.10	-1.25862	 434	 19	enet	0.052	4e-15	 1.32667	1.85e-01
NA	/data/songy4/twas/output/weights//ENSG00000140022.wgt.RDat	ENSG00000140022	14	81727000	81902809	0.0481	rs7160517	 2.98	rs8004137	 0.040271	  7.50	 0.46364	 503	 12	enet	0.044	5.5e-13	 0.11348	9.10e-01
NA	/data/songy4/twas/output/weights//ENSG00000071537.wgt.RDat	ENSG00000071537	14	81937893	82000205	0.0752	rs7160517	 2.98	rs2160213	 0.006179	 -4.49	-0.08943	 464	 34	enet	0.015	2e-05	 0.65968	5.09e-01
NA	/data/songy4/twas/output/weights//ENSG00000054983.wgt.RDat	ENSG00000054983	14	88304164	88460009	0.0687	rs979812	 6.56	rs1441807	 0.034028	 -8.43	-2.86364	 538	 15	enet	0.067	3.8e-19	 4.94596	7.58e-07
NA	/data/songy4/twas/output/weights//ENSG00000140030.wgt.RDat	ENSG00000140030	14	88471468	88478419	0.1821	rs979812	 6.56	rs2289511	 0.205811	-15.41	-5.13684	 479	  6	lasso	0.23	3.8e-65	 5.87679	4.18e-09
NA	/data/songy4/twas/output/weights//ENSG00000042317.wgt.RDat	ENSG00000042317	14	88851268	88936694	0.0941	rs979812	 6.56	rs3179969	 0.055314	 -8.05	-0.19192	 522	 16	enet	0.068	3e-19	-0.03814	9.70e-01
NA	/data/songy4/twas/output/weights//ENSG00000165521.wgt.RDat	ENSG00000165521	14	89078775	89259096	0.0657	rs2236267	 4.29	rs7157521	 0.036379	  6.71	 0.53224	 554	  1	top1	0.036	5.3e-11	 0.53224	5.95e-01
NA	/data/songy4/twas/output/weights//ENSG00000165533.wgt.RDat	ENSG00000165533	14	89290497	89344335	0.0275	rs4904500	-3.05	rs6575021	 0.022629	  5.36	 1.44882	 462	  1	top1	0.023	2e-07	 1.44882	1.47e-01
NA	/data/songy4/twas/output/weights//ENSG00000042088.wgt.RDat	ENSG00000042088	14	90421283	90511106	0.2059	rs1294569	 3.17	rs7154092	 0.031892	 -7.28	-0.21574	 481	 68	enet	0.11	2e-30	 0.19250	8.47e-01
NA	/data/songy4/twas/output/weights//ENSG00000152315.wgt.RDat	ENSG00000152315	14	90528109	90652201	0.0713	rs1294569	 3.17	rs7157041	 0.044257	 -7.75	 0.34545	 499	  8	enet	0.05	1.7e-14	-0.77788	4.37e-01
NA	/data/songy4/twas/output/weights//ENSG00000100764.wgt.RDat	ENSG00000100764	14	90722839	90738968	0.0186	rs17721032	-3.19	rs11621127	 0.006853	  4.55	 2.14286	 457	  1	top1	0.0069	0.003	 2.14286	3.21e-02
NA	/data/songy4/twas/output/weights//ENSG00000100784.wgt.RDat	ENSG00000100784	14	91336799	91526980	0.2477	rs743201	-3.70	rs6575178	 0.041003	  8.32	 2.22689	 478	 54	enet	0.16	2e-44	 0.75578	4.50e-01
NA	/data/songy4/twas/output/weights//ENSG00000133943.wgt.RDat	ENSG00000133943	14	91526677	91691976	0.6542	rs743201	-3.70	rs12589587	 0.076971	-11.34	 0.87379	 472	 77	enet	0.39	3e-125	-1.02731	3.04e-01
NA	/data/songy4/twas/output/weights//ENSG00000119714.wgt.RDat	ENSG00000119714	14	91698876	91720269	0.0781	rs743201	-3.70	rs2540879	 0.054143	 -8.29	 0.64754	 385	  1	top1	0.054	1.1e-15	-0.64754	5.17e-01
NA	/data/songy4/twas/output/weights//ENSG00000133962.wgt.RDat	ENSG00000133962	14	92047040	92247051	0.3518	rs7152572	-3.43	rs2052204	 0.169498	 15.38	 0.80000	 523	 50	enet	0.34	1e-105	 1.45392	1.46e-01
NA	/data/songy4/twas/output/weights//ENSG00000165929.wgt.RDat	ENSG00000165929	14	92246095	92333880	0.2791	rs7152572	-3.43	rs10149012	 0.072880	-10.92	 1.39200	 499	 51	enet	0.18	4.7e-51	-1.40707	1.59e-01
NA	/data/songy4/twas/output/weights//ENSG00000140092.wgt.RDat	ENSG00000140092	14	92335756	92414331	0.5699	rs7152572	-3.43	rs2284339	 0.522314	-24.40	-0.23000	 508	 44	enet	0.57	3.7e-212	 0.31688	7.51e-01
NA	/data/songy4/twas/output/weights//ENSG00000100815.wgt.RDat	ENSG00000100815	14	92432335	92507240	0.0325	rs10132169	 3.19	rs4904831	 0.011641	  5.60	-0.07407	 524	 20	enet	0.015	2.7e-05	 0.20271	8.39e-01
NA	/data/songy4/twas/output/weights//ENSG00000066427.wgt.RDat	ENSG00000066427	14	92524896	92572965	0.3025	rs10132169	 3.19	rs2402109	 0.217377	 15.86	-0.91228	 542	 11	lasso	0.27	5.4e-79	-0.76789	4.43e-01
NA	/data/songy4/twas/output/weights//ENSG00000183648.wgt.RDat	ENSG00000183648	14	92582466	92588261	0.0906	rs10132169	 3.19	rs12586783	 0.063083	  9.12	 0.09524	 528	 50	enet	0.077	8.8e-22	-0.76975	4.41e-01
NA	/data/songy4/twas/output/weights//ENSG00000165934.wgt.RDat	ENSG00000165934	14	92588281	92630755	0.2315	rs10132169	 3.19	rs3814833	 0.266121	-17.48	-0.19608	 560	  7	lasso	0.29	1.5e-85	-0.10881	9.13e-01
NA	/data/songy4/twas/output/weights//ENSG00000140090.wgt.RDat	ENSG00000140090	14	92788925	92962596	0.3089	rs9658635	 3.39	rs17783630	 0.135355	 12.48	-0.14851	 655	138	enet	0.17	1.5e-48	-0.25368	8.00e-01
NA	/data/songy4/twas/output/weights//ENSG00000100599.wgt.RDat	ENSG00000100599	14	92980118	93155339	0.2009	rs9658635	 3.39	rs17783630	 0.133435	 12.50	-0.14851	 620	 43	enet	0.15	3.1e-43	 0.21513	8.30e-01
NA	/data/songy4/twas/output/weights//ENSG00000066455.wgt.RDat	ENSG00000066455	14	93260576	93306308	0.0458	rs9658635	 3.39	rs11847677	 0.035610	  6.77	-2.25234	 541	 10	enet	0.039	1.3e-11	-2.03182	4.22e-02
NA	/data/songy4/twas/output/weights//ENSG00000100605.wgt.RDat	ENSG00000100605	14	93403259	93582665	0.1355	rs9658635	 3.39	rs4905048	 0.072104	 -9.21	-0.47826	 533	  1	top1	0.072	1.8e-20	 0.47826	6.32e-01
NA	/data/songy4/twas/output/weights//ENSG00000012963.wgt.RDat	ENSG00000012963	14	93673401	93695561	0.1279	rs9658635	 3.39	rs2905	 0.097859	-10.97	 0.31429	 389	  7	enet	0.098	1.6e-27	-0.35576	7.22e-01
NA	/data/songy4/twas/output/weights//ENSG00000011114.wgt.RDat	ENSG00000011114	14	93703896	93799438	0.0713	rs9658635	 3.39	rs11621859	 0.020393	 -5.94	-1.40000	 448	 50	enet	0.033	3.2e-10	 1.67697	9.35e-02
NA	/data/songy4/twas/output/weights//ENSG00000133958.wgt.RDat	ENSG00000133958	14	93799565	94174222	0.0266	rs9658635	 3.39	rs11629272	-0.000797	  3.22	-0.20732	 685	 20	enet	0.00084	0.16	-0.34307	7.32e-01
NA	/data/songy4/twas/output/weights//ENSG00000089737.wgt.RDat	ENSG00000089737	14	94517266	94547591	0.0475	rs1243167	 3.80	rs4905149	 0.021050	 -6.01	-0.29245	 716	  8	enet	0.025	5.1e-08	 0.06995	9.44e-01
NA	/data/songy4/twas/output/weights//ENSG00000165948.wgt.RDat	ENSG00000165948	14	94547628	94570192	0.0570	rs1243167	 3.80	rs10151745	 0.025881	  6.25	 0.60483	 745	  1	top1	0.026	2.9e-08	 0.60483	5.45e-01
NA	/data/songy4/twas/output/weights//ENSG00000119632.wgt.RDat	ENSG00000119632	14	94594116	94596590	0.0885	rs1243167	 3.80	rs10145627	 0.049898	 -7.65	 1.68498	 754	 36	enet	0.097	2.4e-27	-0.58470	5.59e-01
NA	/data/songy4/twas/output/weights//ENSG00000119698.wgt.RDat	ENSG00000119698	14	94612465	94746072	0.3280	rs1243167	 3.80	rs10138647	 0.270290	 17.81	 1.21429	 862	 40	enet	0.37	8.6e-117	 1.15698	2.47e-01
NA	/data/songy4/twas/output/weights//ENSG00000197249.wgt.RDat	ENSG00000197249	14	94843084	94857030	0.4586	rs1243167	 3.80	rs2896268	 0.182006	 14.88	 0.77320	 816	 10	lasso	0.43	3.2e-140	-0.34236	7.32e-01
NA	/data/songy4/twas/output/weights//ENSG00000133937.wgt.RDat	ENSG00000133937	14	95234553	95236562	0.0917	rs1057035	 4.90	rs2798823	 0.058818	 -8.28	 1.02963	 779	 27	enet	0.06	3.6e-17	-1.20919	2.27e-01
NA	/data/songy4/twas/output/weights//ENSG00000100697.wgt.RDat	ENSG00000100697	14	95552565	95624347	0.0879	rs1057035	 4.90	rs8005908	 0.051970	 -7.87	-0.75000	 833	  1	top1	0.052	4.2e-15	 0.75000	4.53e-01
NA	/data/songy4/twas/output/weights//ENSG00000165959.wgt.RDat	ENSG00000165959	14	95648277	95786243	0.1699	rs1057035	 4.90	rs7144405	 0.061422	 -8.46	 1.42342	 859	  8	lasso	0.094	1.7e-26	-1.53977	1.24e-01
NA	/data/songy4/twas/output/weights//ENSG00000176438.wgt.RDat	ENSG00000176438	14	95883831	95942173	0.1578	rs1057035	 4.90	rs86990	 0.058299	 -8.31	 0.69167	 742	 25	enet	0.09	1.9e-25	-1.53672	1.24e-01
NA	/data/songy4/twas/output/weights//ENSG00000182512.wgt.RDat	ENSG00000182512	14	95999840	96011061	0.1207	rs1057035	 4.90	rs17092644	 0.049774	  7.67	 0.65041	 702	 50	enet	0.061	1.4e-17	 0.40297	6.87e-01
NA	/data/songy4/twas/output/weights//ENSG00000213231.wgt.RDat	ENSG00000213231	14	96152754	96158980	0.1243	rs7156411	 3.34	rs1743519	 0.076834	  9.95	 0.87629	 747	  1	top1	0.077	9.7e-22	 0.87629	3.81e-01
NA	/data/songy4/twas/output/weights//ENSG00000100721.wgt.RDat	ENSG00000100721	14	96176304	96180533	0.0261	rs7140309	-3.00	rs2369049	 0.020827	 -5.66	-0.69504	 746	  9	enet	0.024	1.2e-07	 1.03734	3.00e-01
NA	/data/songy4/twas/output/weights//ENSG00000227051.wgt.RDat	ENSG00000227051	14	96505661	96560417	0.4378	rs1743516	 2.22	rs17093634	 0.220026	-17.07	 0.66864	 661	  4	lasso	0.42	1.6e-136	-0.56736	5.70e-01
NA	/data/songy4/twas/output/weights//ENSG00000100744.wgt.RDat	ENSG00000100744	14	96829814	96853625	0.2148	rs11850396	-2.19	rs1545280	 0.283432	 17.98	-0.48220	 566	  1	top1	0.28	1.6e-84	-0.48220	6.30e-01
NA	/data/songy4/twas/output/weights//ENSG00000090060.wgt.RDat	ENSG00000090060	14	96967770	97033448	0.0602	rs11850396	-2.19	rs7160148	 0.039622	 -7.08	-0.27559	 603	 26	enet	0.043	1.1e-12	 0.03239	9.74e-01
NA	/data/songy4/twas/output/weights//ENSG00000100749.wgt.RDat	ENSG00000100749	14	97263641	97398059	0.0329	rs4900365	 2.49	rs12878184	 0.022594	 -5.53	 0.58333	 540	  1	top1	0.023	2.1e-07	-0.58333	5.60e-01
NA	/data/songy4/twas/output/weights//ENSG00000183576.wgt.RDat	ENSG00000183576	14	99864083	99947216	0.0278	rs4900442	 3.92	rs1884527	 0.000109	  3.58	 0.72253	 596	 14	enet	0.00048	0.21	 0.51436	6.07e-01
NA	/data/songy4/twas/output/weights//ENSG00000090061.wgt.RDat	ENSG00000090061	14	99947506	100001381	0.0498	rs4900442	 3.92	rs10148889	 0.036751	 -6.96	 0.64000	 554	 24	enet	0.039	8.1e-12	-1.20734	2.27e-01
NA	/data/songy4/twas/output/weights//ENSG00000182218.wgt.RDat	ENSG00000182218	14	100111447	100146906	0.1792	rs2236317	 4.31	rs4905874	 0.101176	 10.90	 0.45946	 458	  7	lasso	0.1	1.3e-28	 0.55204	5.81e-01
NA	/data/songy4/twas/output/weights//ENSG00000197119.wgt.RDat	ENSG00000197119	14	100757448	100772884	0.8824	rs1058009	 4.62	rs1059264	 0.481969	 23.44	 2.34579	 414	 23	lasso	0.78	0	 0.42292	6.72e-01
NA	/data/songy4/twas/output/weights//ENSG00000140105.wgt.RDat	ENSG00000140105	14	100800125	100843142	0.3470	rs1058009	 4.62	rs1570305	 0.483589	 23.92	-2.61739	 445	 28	enet	0.51	7.5e-180	-2.92226	3.48e-03
NA	/data/songy4/twas/output/weights//ENSG00000176473.wgt.RDat	ENSG00000176473	14	100842755	100996640	0.3610	rs1058009	 4.62	rs12897338	 0.386303	 21.00	 0.90426	 479	 17	enet	0.41	1.8e-130	 0.01965	9.84e-01
NA	/data/songy4/twas/output/weights//ENSG00000183092.wgt.RDat	ENSG00000183092	14	101003486	101053750	0.4923	rs1058009	 4.62	rs4073738	 0.672035	-27.75	 0.27835	 447	 21	enet	0.67	3e-279	-0.36946	7.12e-01
NA	/data/songy4/twas/output/weights//ENSG00000078304.wgt.RDat	ENSG00000078304	14	102228135	102394326	0.0170	rs3818079	-3.18	rs1904298	 0.000867	 -4.36	-0.05729	 417	  4	lasso	0.0018	0.08	-0.16756	8.67e-01
NA	/data/songy4/twas/output/weights//ENSG00000140153.wgt.RDat	ENSG00000140153	14	102605840	102691184	0.0148	rs12434778	-3.26	rs1004783	 0.007580	  5.23	 0.64865	 344	  4	lasso	0.014	3.4e-05	-0.59701	5.51e-01
NA	/data/songy4/twas/output/weights//ENSG00000100865.wgt.RDat	ENSG00000100865	14	102808956	102829253	0.0639	rs941727	-3.34	rs1190540	 0.007906	 -5.04	-0.41748	 347	 10	enet	0.023	1.5e-07	-0.12882	8.98e-01
NA	/data/songy4/twas/output/weights//ENSG00000156381.wgt.RDat	ENSG00000156381	14	102973179	102976136	0.1065	rs941727	-3.34	rs4906203	 0.114608	-11.64	-0.83186	 328	 11	lasso	0.13	2.6e-35	 0.59181	5.54e-01
NA	/data/songy4/twas/output/weights//ENSG00000089902.wgt.RDat	ENSG00000089902	14	103058998	103196913	0.0797	rs941727	-3.34	rs4906253	 0.051662	  7.93	-3.17073	 375	  8	lasso	0.057	1.6e-16	-3.14941	1.64e-03
NA	/data/songy4/twas/output/weights//ENSG00000131323.wgt.RDat	ENSG00000131323	14	103243813	103377837	0.0852	rs941727	-3.34	rs2075771	 0.033839	  7.72	 1.41000	 387	  9	enet	0.057	2.1e-16	 0.28191	7.78e-01
NA	/data/songy4/twas/output/weights//ENSG00000198752.wgt.RDat	ENSG00000198752	14	103398716	103523799	0.1063	rs941727	-3.34	rs2269323	 0.061165	 -8.62	 0.87129	 383	 27	enet	0.09	3.1e-25	-1.12502	2.61e-01
NA	/data/songy4/twas/output/weights//ENSG00000100664.wgt.RDat	ENSG00000100664	14	103799881	103811362	0.0821	rs2246490	-2.63	rs7401414	 0.018438	  6.92	 0.89032	 361	 28	enet	0.039	1e-11	 0.65558	5.12e-01
NA	/data/songy4/twas/output/weights//ENSG00000075413.wgt.RDat	ENSG00000075413	14	103851729	103970168	0.1379	rs17792891	 3.85	rs8020912	 0.169698	 13.98	 0.65789	 400	  8	lasso	0.18	1.4e-50	 0.26355	7.92e-01
NA	/data/songy4/twas/output/weights//ENSG00000166165.wgt.RDat	ENSG00000166165	14	103985996	103989448	0.0425	rs17792891	 3.85	rs8007489	 0.019057	 -5.94	-2.31373	 358	 16	enet	0.032	8.7e-10	 0.70324	4.82e-01
NA	/data/songy4/twas/output/weights//ENSG00000166166.wgt.RDat	ENSG00000166166	14	103995521	104003410	0.0504	rs17792891	 3.85	rs7155511	 0.038802	 -7.54	-1.91089	 356	 10	lasso	0.053	2e-15	 1.22125	2.22e-01
NA	/data/songy4/twas/output/weights//ENSG00000166170.wgt.RDat	ENSG00000166170	14	104022881	104029168	0.1223	rs17792891	 3.85	rs7693	 0.163459	-14.11	 1.93000	 361	 21	enet	0.17	8e-48	-1.89096	5.86e-02
NA	/data/songy4/twas/output/weights//ENSG00000126214.wgt.RDat	ENSG00000126214	14	104028233	104167888	0.2286	rs17792891	 3.85	rs861537	 0.258243	-17.19	-1.53922	 402	  4	lasso	0.32	6.9e-99	 0.93918	3.48e-01
NA	/data/songy4/twas/output/weights//ENSG00000126215.wgt.RDat	ENSG00000126215	14	104163946	104181841	0.0949	rs17792891	 3.85	rs12881418	 0.055442	 -8.37	-1.15702	 356	  8	lasso	0.059	7.8e-17	 0.99675	3.19e-01
NA	/data/songy4/twas/output/weights//ENSG00000088808.wgt.RDat	ENSG00000088808	14	104200089	104313927	0.0199	rs17792891	 3.85	rs941475	 0.014188	 -4.77	 0.70408	 382	  1	top1	0.014	3.3e-05	-0.70408	4.81e-01
NA	/data/songy4/twas/output/weights//ENSG00000156411.wgt.RDat	ENSG00000156411	14	104378625	104394606	0.0673	rs17792891	 3.85	rs17101951	 0.025478	 -6.23	-0.75083	 345	  1	top1	0.025	3.7e-08	 0.75083	4.53e-01
NA	/data/songy4/twas/output/weights//ENSG00000156414.wgt.RDat	ENSG00000156414	14	104394799	104519004	0.2374	rs17792891	 3.85	rs10149651	 0.207694	 15.44	-1.92308	 377	  3	lasso	0.24	3.7e-71	-2.98810	2.81e-03
NA	/data/songy4/twas/output/weights//ENSG00000066735.wgt.RDat	ENSG00000066735	14	104605060	104647231	0.1383	rs17792891	 3.85	rs1557012	 0.045883	 -7.48	 3.20301	 364	 43	enet	0.062	1.2e-17	-2.72309	6.47e-03
NA	/data/songy4/twas/output/weights//ENSG00000203485.wgt.RDat	ENSG00000203485	14	105155943	105185942	0.3477	rs7156096	 3.65	rs10133301	 0.281568	-17.95	 1.14667	 370	  5	lasso	0.31	1.2e-93	-0.48180	6.30e-01
NA	/data/songy4/twas/output/weights//ENSG00000184990.wgt.RDat	ENSG00000184990	14	105219437	105234831	0.0545	rs7156096	 3.65	rs2498794	 0.017481	 -5.63	 1.02381	 374	  7	lasso	0.025	6.2e-08	-2.03642	4.17e-02
NA	/data/songy4/twas/output/weights//ENSG00000142208.wgt.RDat	ENSG00000142208	14	105235686	105262088	0.3049	rs7156096	 3.65	rs4983559	 0.146516	-12.98	-0.84694	 377	 20	enet	0.18	3.4e-50	 0.87924	3.79e-01
NA	/data/songy4/twas/output/weights//ENSG00000099814.wgt.RDat	ENSG00000099814	14	105331617	105363107	0.1710	rs7156096	 3.65	rs2028416	 0.064746	  9.57	-0.48515	 342	 23	enet	0.13	1.3e-37	 0.43863	6.61e-01
NA	/data/songy4/twas/output/weights//ENSG00000166428.wgt.RDat	ENSG00000166428	14	105391153	105399574	0.0411	rs7156096	 3.65	rs10438246	 0.030773	  6.20	-2.75320	 320	  1	top1	0.031	1.5e-09	-2.75320	5.90e-03
NA	/data/songy4/twas/output/weights//ENSG00000140104.wgt.RDat	ENSG00000140104	14	105452112	105476819	0.0221	rs7156096	 3.65	rs2241865	 0.018690	  5.63	 0.04054	 325	  1	top1	0.019	2.2e-06	 0.04054	9.68e-01
NA	/data/songy4/twas/output/weights//ENSG00000170779.wgt.RDat	ENSG00000170779	14	105475910	105487485	0.3140	rs7156096	 3.65	rs7147450	 0.386681	-21.07	-1.71094	 316	 26	enet	0.41	2.8e-133	 2.04889	4.05e-02
NA	/data/songy4/twas/output/weights//ENSG00000183828.wgt.RDat	ENSG00000183828	14	105639275	105647660	0.0660	rs7156096	 3.65	rs10134946	 0.001057	  3.54	 0.00935	 260	 19	enet	0.0074	0.0021	 0.95376	3.40e-01
NA	/data/songy4/twas/output/weights//ENSG00000185024.wgt.RDat	ENSG00000185024	14	105675623	105781926	0.0643	rs7156096	 3.65	rs8022526	 0.045394	  7.50	-1.85586	 245	  1	top1	0.045	2.3e-13	-1.85586	6.35e-02
NA	/data/songy4/twas/output/weights//ENSG00000184887.wgt.RDat	ENSG00000184887	14	105714827	105717430	0.5666	rs1057744	-3.12	rs14592	 0.228464	-16.14	 1.75405	 219	 12	lasso	0.31	1.5e-95	-1.07495	2.82e-01
NA	/data/songy4/twas/output/weights//ENSG00000182809.wgt.RDat	ENSG00000182809	14	105939299	105946499	0.4347	rs1057744	-3.12	rs10143851	 0.060822	 -9.37	-0.22672	 157	 23	enet	0.21	2.3e-61	 1.08091	2.80e-01
NA	/data/songy4/twas/output/weights//ENSG00000184986.wgt.RDat	ENSG00000184986	14	105992940	105996539	0.2131	rs1057744	-3.12	rs7160747	 0.315820	-19.14	 0.43103	 132	 16	enet	0.32	3.8e-98	-0.40722	6.84e-01
