PANEL	FILE	ID	CHR	P0	P1	HSQ	BEST.GWAS.ID	BEST.GWAS.Z	EQTL.ID	EQTL.R2	EQTL.Z	EQTL.GWAS.Z	NSNP	NWGT	MODEL	MODELCV.R2	MODELCV.PV	TWAS.Z	TWAS.P
NA	/data/songy4/twas/output/weights//ENSG00000140157.wgt.RDat	ENSG00000140157	15	23004684	23034427	0.1451	NA	   NA	NA	       NA	    NA	      NA	175	  0	top1	0.13	8.1e-38	      NA	      NA
NA	/data/songy4/twas/output/weights//ENSG00000170113.wgt.RDat	ENSG00000170113	15	23043277	23100005	0.2239	NA	   NA	NA	       NA	    NA	      NA	175	  0	enet	0.21	1.7e-60	      NA	      NA
NA	/data/songy4/twas/output/weights//ENSG00000182636.wgt.RDat	ENSG00000182636	15	23930565	23932450	0.0851	NA	   NA	NA	       NA	    NA	      NA	363	  0	top1	0.078	5.6e-22	      NA	      NA
NA	/data/songy4/twas/output/weights//ENSG00000128739.wgt.RDat	ENSG00000128739	15	25068794	25223870	0.0610	rs7359322	-3.29	rs12050838	 3.54e-02	  7.05	 0.29412	409	  1	top1	0.035	9.3e-11	 0.29412	7.69e-01
NA	/data/songy4/twas/output/weights//ENSG00000273173.wgt.RDat	ENSG00000273173	15	25200133	25223729	0.0184	rs7359322	-3.29	rs2554430	 7.16e-03	  4.36	-0.11765	398	  3	lasso	0.009	0.00078	 0.83858	4.02e-01
NA	/data/songy4/twas/output/weights//ENSG00000114062.wgt.RDat	ENSG00000114062	15	25582381	25684128	0.0393	rs7359322	-3.29	rs2015598	-6.99e-04	 -3.77	 0.40458	611	  1	top1	-7e-04	0.65	-0.40458	6.86e-01
NA	/data/songy4/twas/output/weights//ENSG00000206190.wgt.RDat	ENSG00000206190	15	25922420	26110317	0.1399	rs7359322	-3.29	rs1345098	 9.65e-02	 10.59	-2.18627	709	 49	enet	0.13	4.1e-36	-0.67246	5.01e-01
NA	/data/songy4/twas/output/weights//ENSG00000166206.wgt.RDat	ENSG00000166206	15	26788693	27184686	0.1313	rs6576557	 3.13	rs768899	 6.82e-02	  9.47	-0.96040	692	 10	lasso	0.094	2.2e-26	-0.23438	8.15e-01
NA	/data/songy4/twas/output/weights//ENSG00000104044.wgt.RDat	ENSG00000104044	15	28000021	28344504	0.1658	rs2311202	-3.25	rs16950927	 1.43e-01	 12.97	 0.76887	474	  1	top1	0.14	2.4e-40	 0.76887	4.42e-01
NA	/data/songy4/twas/output/weights//ENSG00000128731.wgt.RDat	ENSG00000128731	15	28356186	28567298	0.3416	rs2311202	-3.25	rs16950987	 4.03e-01	 21.61	 0.49524	320	 25	enet	0.42	2.6e-135	 0.42948	6.68e-01
NA	/data/songy4/twas/output/weights//ENSG00000188626.wgt.RDat	ENSG00000188626	15	28947100	28983530	0.0905	rs4779801	 2.19	rs8036234	 5.33e-02	 -7.99	-0.50775	183	  1	top1	0.053	1.9e-15	 0.50775	6.12e-01
NA	/data/songy4/twas/output/weights//ENSG00000034053.wgt.RDat	ENSG00000034053	15	29129629	29410518	0.0646	rs17750398	-3.70	rs17748395	 3.92e-02	  7.05	 0.45294	391	 53	enet	0.044	5.2e-13	 1.12743	2.60e-01
NA	/data/songy4/twas/output/weights//ENSG00000104067.wgt.RDat	ENSG00000104067	15	29991571	30261068	0.0231	rs17750398	-3.70	rs4779461	 3.34e-03	 -3.59	 0.31746	406	  1	top1	0.0033	0.028	-0.31746	7.51e-01
NA	/data/songy4/twas/output/weights//ENSG00000166664.wgt.RDat	ENSG00000166664	15	30653443	30686052	0.2836	rs4779695	 1.91	rs12904872	 1.04e-01	 11.56	 1.11702	154	 47	enet	0.18	5.6e-52	 0.44831	6.54e-01
NA	/data/songy4/twas/output/weights//ENSG00000186399.wgt.RDat	ENSG00000186399	15	30695943	30706463	0.4011	rs4779695	 1.91	rs12906190	 3.02e-01	 18.59	 0.00518	138	 26	enet	0.32	4.7e-99	 0.46872	6.39e-01
NA	/data/songy4/twas/output/weights//ENSG00000178115.wgt.RDat	ENSG00000178115	15	30844183	30854704	0.2054	rs10519726	-2.11	rs12906190	 5.60e-02	  8.22	 0.00518	155	 49	enet	0.11	3.2e-30	 0.67834	4.98e-01
NA	/data/songy4/twas/output/weights//ENSG00000261794.wgt.RDat	ENSG00000261794	15	30896329	30906764	0.1420	rs2113945	-2.18	rs4779776	 9.40e-02	-10.45	 0.34783	190	  4	lasso	0.12	1.5e-34	-0.37013	7.11e-01
NA	/data/songy4/twas/output/weights//ENSG00000198690.wgt.RDat	ENSG00000198690	15	31196055	31235311	0.6021	rs17228178	-3.00	rs798087	 4.00e-01	 21.35	-0.01274	334	 30	enet	0.64	3.3e-257	 0.32548	7.45e-01
NA	/data/songy4/twas/output/weights//ENSG00000169926.wgt.RDat	ENSG00000169926	15	31619058	31727868	0.0384	rs11071179	-3.61	rs12439853	 1.82e-02	 -5.10	-1.08072	489	  1	top1	0.018	2.9e-06	 1.08072	2.80e-01
NA	/data/songy4/twas/output/weights//ENSG00000169918.wgt.RDat	ENSG00000169918	15	31775329	32162992	0.0307	rs11071179	-3.61	rs8042404	 5.34e-03	 -4.83	-0.75676	535	 19	enet	0.016	1e-05	 1.46176	1.44e-01
NA	/data/songy4/twas/output/weights//ENSG00000175344.wgt.RDat	ENSG00000175344	15	32322691	32464722	0.0406	rs11071179	-3.61	rs4779556	 6.51e-02	 -8.76	-1.12500	262	  1	top1	0.065	1.4e-18	 1.12500	2.61e-01
NA	/data/songy4/twas/output/weights//ENSG00000249931.wgt.RDat	ENSG00000249931	15	32684983	32695396	0.1827	rs12593365	 3.40	rs11635997	 5.19e-02	 -7.87	 0.41509	342	 52	enet	0.13	7.5e-36	 1.12646	2.60e-01
NA	/data/songy4/twas/output/weights//ENSG00000206127.wgt.RDat	ENSG00000206127	15	32737307	32747835	0.4741	rs12593365	 3.40	rs28457217	 1.22e-01	 11.88	 0.33083	361	 83	enet	0.22	2.2e-63	 0.95557	3.39e-01
NA	/data/songy4/twas/output/weights//ENSG00000232653.wgt.RDat	ENSG00000232653	15	32885657	32896179	0.4329	rs12593365	 3.40	rs28457217	 1.18e-01	-11.82	 0.33083	402	 70	enet	0.22	5.6e-65	 1.25260	2.10e-01
NA	/data/songy4/twas/output/weights//ENSG00000198826.wgt.RDat	ENSG00000198826	15	32907345	32932150	0.5872	rs12593365	 3.40	rs12101641	 8.35e-02	 -9.83	-0.87395	427	 73	enet	0.3	1.6e-90	-0.51129	6.09e-01
NA	/data/songy4/twas/output/weights//ENSG00000166922.wgt.RDat	ENSG00000166922	15	32933877	32989299	0.1806	rs12593365	 3.40	rs12101641	 1.88e-02	 -6.15	-0.87395	464	 39	enet	0.13	2.8e-36	-0.38981	6.97e-01
NA	/data/songy4/twas/output/weights//ENSG00000248905.wgt.RDat	ENSG00000248905	15	33057747	33486897	0.7461	rs16966848	 3.40	rs345781	 7.35e-01	 28.90	-0.64602	857	  1	top1	0.73	0	-0.64602	5.18e-01
NA	/data/songy4/twas/output/weights//ENSG00000169857.wgt.RDat	ENSG00000169857	15	34158428	34331377	0.0321	rs8030094	 2.92	rs16958281	 2.11e-03	  3.64	 0.22008	688	  1	top1	0.0021	0.065	 0.22008	8.26e-01
NA	/data/songy4/twas/output/weights//ENSG00000182405.wgt.RDat	ENSG00000182405	15	34394274	34396591	0.0787	rs8030094	 2.92	rs1436923	 7.65e-02	  9.44	-1.38333	486	  1	top1	0.076	1.2e-21	-1.38333	1.67e-01
NA	/data/songy4/twas/output/weights//ENSG00000134152.wgt.RDat	ENSG00000134152	15	34432875	34502297	0.0942	rs2118157	-3.63	rs16958835	 6.18e-02	  9.75	 0.69281	507	 15	enet	0.1	5.8e-28	 1.74381	8.12e-02
NA	/data/songy4/twas/output/weights//ENSG00000140199.wgt.RDat	ENSG00000140199	15	34525460	34630261	0.0650	rs2118157	-3.63	rs11631094	 5.63e-02	 -8.65	 1.09009	538	  5	lasso	0.058	1.4e-16	-1.25412	2.10e-01
NA	/data/songy4/twas/output/weights//ENSG00000182117.wgt.RDat	ENSG00000182117	15	34633917	34635378	0.0476	rs2118157	-3.63	rs6495662	 5.54e-02	  8.23	 0.58824	444	  1	top1	0.055	5.2e-16	 0.58824	5.56e-01
NA	/data/songy4/twas/output/weights//ENSG00000176454.wgt.RDat	ENSG00000176454	15	34651106	34659479	0.0295	rs2118157	-3.63	rs11631094	 7.73e-03	  4.67	 1.09009	437	  1	top1	0.0077	0.0017	 1.09009	2.76e-01
NA	/data/songy4/twas/output/weights//ENSG00000175265.wgt.RDat	ENSG00000175265	15	34671269	34880704	0.2294	rs2118157	-3.63	rs1836974	 4.56e-02	  7.40	-1.02922	503	146	enet	0.086	3.9e-24	-1.78990	7.35e-02
NA	/data/songy4/twas/output/weights//ENSG00000215252.wgt.RDat	ENSG00000215252	15	34817408	34880704	0.6931	rs2118157	-3.63	rs2879515	 8.27e-02	-11.06	-0.14000	417	154	enet	0.37	3.1e-115	-1.02077	3.07e-01
NA	/data/songy4/twas/output/weights//ENSG00000255192.wgt.RDat	ENSG00000255192	15	35376394	35377311	0.0296	rs2118157	-3.63	rs8032009	 5.02e-04	  3.44	-0.36709	432	 22	enet	0.0065	0.0037	-0.13879	8.90e-01
NA	/data/songy4/twas/output/weights//ENSG00000186073.wgt.RDat	ENSG00000186073	15	36871812	37102449	0.0528	rs12102100	-2.47	rs12916408	 5.24e-02	 -8.09	-1.07767	669	  1	top1	0.052	3.2e-15	 1.07767	2.81e-01
NA	/data/songy4/twas/output/weights//ENSG00000171262.wgt.RDat	ENSG00000171262	15	38746328	38779911	0.0241	rs11635917	 3.08	rs1916153	 5.65e-03	  4.21	 0.57241	536	  1	top1	0.0056	0.0064	 0.57241	5.67e-01
NA	/data/songy4/twas/output/weights//ENSG00000137801.wgt.RDat	ENSG00000137801	15	39873280	39891667	0.2858	rs7181985	-2.82	rs10520129	 3.74e-02	  8.30	 0.68627	543	 48	enet	0.18	2.8e-50	 0.37465	7.08e-01
NA	/data/songy4/twas/output/weights//ENSG00000150667.wgt.RDat	ENSG00000150667	15	39892232	40075031	0.0405	rs7181985	-2.82	rs1876852	 2.05e-03	 -4.41	 0.99029	599	  6	lasso	0.0031	0.033	-1.14992	2.50e-01
NA	/data/songy4/twas/output/weights//ENSG00000166073.wgt.RDat	ENSG00000166073	15	40091233	40213093	0.0484	rs7181985	-2.82	rs16970035	 3.28e-02	  6.47	 1.37624	539	  7	lasso	0.04	4.4e-12	 1.29515	1.95e-01
NA	/data/songy4/twas/output/weights//ENSG00000128829.wgt.RDat	ENSG00000128829	15	40226347	40327797	0.2142	rs7181985	-2.82	rs534757	 1.39e-01	 12.65	 0.56881	490	  9	lasso	0.15	9.6e-43	 0.81911	4.13e-01
NA	/data/songy4/twas/output/weights//ENSG00000140319.wgt.RDat	ENSG00000140319	15	40327940	40331389	0.0527	rs7181985	-2.82	rs8026641	 1.37e-02	  6.11	 0.62500	448	  6	enet	0.028	8.7e-09	 0.53030	5.96e-01
NA	/data/songy4/twas/output/weights//ENSG00000137841.wgt.RDat	ENSG00000137841	15	40570377	40600136	0.1153	rs7181985	-2.82	rs2229690	 6.38e-02	  8.75	-1.47475	403	  8	enet	0.072	1.5e-20	-1.33000	1.84e-01
NA	/data/songy4/twas/output/weights//ENSG00000259330.wgt.RDat	ENSG00000259330	15	40617417	40618916	0.1227	rs7181985	-2.82	rs2118960	 1.06e-01	 11.13	-0.31313	396	  1	top1	0.11	1.2e-29	-0.31313	7.54e-01
NA	/data/songy4/twas/output/weights//ENSG00000188549.wgt.RDat	ENSG00000188549	15	40623653	40633168	0.0544	rs7181985	-2.82	rs17672041	 3.67e-02	 -6.83	-1.19310	397	  1	top1	0.037	4.3e-11	 1.19310	2.33e-01
NA	/data/songy4/twas/output/weights//ENSG00000140323.wgt.RDat	ENSG00000140323	15	40650436	40663257	0.1260	rs7181985	-2.82	rs7165012	 6.09e-02	 -8.44	 0.36864	399	  5	lasso	0.088	1e-24	-0.59798	5.50e-01
NA	/data/songy4/twas/output/weights//ENSG00000128944.wgt.RDat	ENSG00000128944	15	40674922	40686447	0.5004	rs7181985	-2.82	rs7164132	 5.90e-01	 25.90	-1.04965	393	 20	enet	0.59	8.2e-223	-1.06909	2.85e-01
NA	/data/songy4/twas/output/weights//ENSG00000128928.wgt.RDat	ENSG00000128928	15	40697686	40728146	0.3071	rs7181985	-2.82	rs7164132	 2.49e-01	-16.95	-1.04965	395	 19	enet	0.32	1e-97	 0.36333	7.16e-01
NA	/data/songy4/twas/output/weights//ENSG00000140320.wgt.RDat	ENSG00000140320	15	40731920	40760441	0.0136	rs11557249	 3.30	rs11853333	 7.17e-03	 -4.26	-1.06122	395	  1	top1	0.0072	0.0025	 1.06122	2.89e-01
NA	/data/songy4/twas/output/weights//ENSG00000128891.wgt.RDat	ENSG00000128891	15	40820882	40857256	0.1598	rs7182660	-3.63	rs17673703	 2.74e-01	-18.10	-0.57172	360	 31	enet	0.3	5.5e-92	 0.80676	4.20e-01
NA	/data/songy4/twas/output/weights//ENSG00000137824.wgt.RDat	ENSG00000137824	15	41028082	41048049	0.0396	rs7182660	-3.63	rs2412546	 2.61e-02	 -6.39	-0.16616	325	  3	lasso	0.038	2.2e-11	-0.04848	9.61e-01
NA	/data/songy4/twas/output/weights//ENSG00000137880.wgt.RDat	ENSG00000137880	15	41056218	41059906	0.0880	rs7182660	-3.63	rs8042729	 5.87e-02	 -8.70	 0.68182	311	 52	enet	0.072	2.4e-20	 1.43123	1.52e-01
NA	/data/songy4/twas/output/weights//ENSG00000104129.wgt.RDat	ENSG00000104129	15	41060067	41099675	0.0389	NA	   NA	NA	       NA	    NA	      NA	  0	  0	enet	0.0022	0.061	      NA	      NA
NA	/data/songy4/twas/output/weights//ENSG00000188277.wgt.RDat	ENSG00000188277	15	41062159	41064643	0.0249	rs7182660	-3.63	rs2279578	 4.16e-03	  3.78	 0.73214	303	  1	top1	0.0042	0.017	 0.73214	4.64e-01
NA	/data/songy4/twas/output/weights//ENSG00000166140.wgt.RDat	ENSG00000166140	15	41099284	41106767	0.4540	rs7182660	-3.63	rs3743034	 4.80e-01	-23.48	-0.07071	298	  8	lasso	0.51	1.9e-177	 0.26207	7.93e-01
NA	/data/songy4/twas/output/weights//ENSG00000166145.wgt.RDat	ENSG00000166145	15	41136216	41150405	0.1269	rs7182660	-3.63	rs16952331	 2.94e-02	 -6.49	-0.17195	300	  8	lasso	0.045	3.7e-13	 0.14990	8.81e-01
NA	/data/songy4/twas/output/weights//ENSG00000187446.wgt.RDat	ENSG00000187446	15	41523037	41574043	0.0264	rs2297377	-4.07	rs7166556	 2.29e-02	 -5.22	-3.41678	291	  1	top1	0.023	1.8e-07	 3.41678	6.34e-04
NA	/data/songy4/twas/output/weights//ENSG00000137804.wgt.RDat	ENSG00000137804	15	41624892	41673248	0.0204	rs2297377	-4.07	rs16971454	 1.65e-02	  5.34	 1.82609	313	 11	enet	0.019	1.5e-06	 1.37786	1.68e-01
NA	/data/songy4/twas/output/weights//ENSG00000137806.wgt.RDat	ENSG00000137806	15	41679551	41694717	0.1253	rs2297377	-4.07	rs2305030	 1.94e-02	  5.96	 0.11258	306	 21	enet	0.082	3.9e-23	 0.54032	5.89e-01
NA	/data/songy4/twas/output/weights//ENSG00000137815.wgt.RDat	ENSG00000137815	15	41700606	41775761	0.1312	rs2297377	-4.07	rs17718117	 8.57e-03	  4.95	-3.53012	350	 42	enet	0.046	1.3e-13	-2.43639	1.48e-02
NA	/data/songy4/twas/output/weights//ENSG00000243708.wgt.RDat	ENSG00000243708	15	42120283	42140345	0.1911	rs2297377	-4.07	rs2241522	 2.78e-01	 17.85	 3.22222	423	  1	top1	0.28	9e-83	 3.22222	1.27e-03
NA	/data/songy4/twas/output/weights//ENSG00000168970.wgt.RDat	ENSG00000168970	15	42120293	42140353	0.0295	rs2297377	-4.07	rs2925339	 2.95e-02	 -6.30	-2.32000	423	  5	lasso	0.03	2.8e-09	 2.80143	5.09e-03
NA	/data/songy4/twas/output/weights//ENSG00000137877.wgt.RDat	ENSG00000137877	15	42140345	42186275	0.3755	rs2297377	-4.07	rs1672461	 2.37e-01	-16.44	-0.54167	435	 44	enet	0.28	9.3e-82	 0.91553	3.60e-01
NA	/data/songy4/twas/output/weights//ENSG00000103966.wgt.RDat	ENSG00000103966	15	42190950	42264776	0.4494	rs17708630	 4.15	rs8043408	 1.41e-01	 12.74	 0.31746	451	 15	lasso	0.24	1.7e-69	 0.33488	7.38e-01
NA	/data/songy4/twas/output/weights//ENSG00000214013.wgt.RDat	ENSG00000214013	15	42565431	42645864	0.0301	rs17708630	 4.15	rs751572	 1.24e-02	 -4.10	 2.16667	451	  1	top1	0.012	1e-04	-2.16667	3.03e-02
NA	/data/songy4/twas/output/weights//ENSG00000103994.wgt.RDat	ENSG00000103994	15	42705021	42783321	0.0161	rs17708630	 4.15	rs2899051	 9.54e-03	  4.80	 2.29358	419	  1	top1	0.0095	0.00057	 2.29358	2.18e-02
NA	/data/songy4/twas/output/weights//ENSG00000092531.wgt.RDat	ENSG00000092531	15	42783431	42837547	0.0185	rs17708630	 4.15	rs2899051	 3.42e-03	  4.62	 2.29358	385	  3	lasso	0.0042	0.016	 2.36199	1.82e-02
NA	/data/songy4/twas/output/weights//ENSG00000180979.wgt.RDat	ENSG00000180979	15	42834720	42841000	0.0750	rs17708630	 4.15	rs34359922	 9.21e-02	 10.35	-0.12575	341	  1	top1	0.092	6.7e-26	-0.12575	9.00e-01
NA	/data/songy4/twas/output/weights//ENSG00000137814.wgt.RDat	ENSG00000137814	15	42841008	42862192	0.0497	rs17708630	 4.15	rs12439377	 2.53e-02	  5.98	 3.27273	342	 13	enet	0.029	5e-09	 2.78335	5.38e-03
NA	/data/songy4/twas/output/weights//ENSG00000159433.wgt.RDat	ENSG00000159433	15	42867857	43013179	0.0579	rs17708630	 4.15	rs1197547	 5.02e-02	 -7.73	 2.13462	352	  1	top1	0.05	1.2e-14	-2.13462	3.28e-02
NA	/data/songy4/twas/output/weights//ENSG00000140326.wgt.RDat	ENSG00000140326	15	43015757	43029324	0.0265	rs17708630	 4.15	rs7167802	-8.60e-04	  3.51	-0.92381	283	 16	enet	0.004	0.018	-0.07495	9.40e-01
NA	/data/songy4/twas/output/weights//ENSG00000128881.wgt.RDat	ENSG00000128881	15	43030932	43213007	0.0811	rs17708630	 4.15	rs1381855	 1.06e-01	-11.20	-0.44444	346	  1	top1	0.11	1.3e-29	 0.44444	6.57e-01
NA	/data/songy4/twas/output/weights//ENSG00000159459.wgt.RDat	ENSG00000159459	15	43235095	43398311	0.0632	rs12440118	 3.73	rs11070389	 6.20e-02	 -8.65	-0.70476	336	  1	top1	0.062	9.1e-18	 0.70476	4.81e-01
NA	/data/songy4/twas/output/weights//ENSG00000168806.wgt.RDat	ENSG00000168806	15	43619974	43622803	0.4332	rs7181079	 1.94	rs3742970	 3.02e-01	-18.65	 0.73006	264	  2	lasso	0.3	6.4e-92	-0.65922	5.10e-01
NA	/data/songy4/twas/output/weights//ENSG00000168803.wgt.RDat	ENSG00000168803	15	43622872	43646096	0.1897	rs7181079	 1.94	rs3742969	 1.91e-01	-14.98	 0.21127	267	  6	lasso	0.2	3.4e-58	-0.17152	8.64e-01
NA	/data/songy4/twas/output/weights//ENSG00000140265.wgt.RDat	ENSG00000140265	15	43650370	43663223	0.2517	rs7181079	 1.94	rs514438	 1.81e-01	-14.40	 0.06780	270	 38	enet	0.18	4.7e-52	 0.05738	9.54e-01
NA	/data/songy4/twas/output/weights//ENSG00000137822.wgt.RDat	ENSG00000137822	15	43661419	43699293	0.0953	rs7181079	 1.94	rs514438	 1.13e-01	-11.45	 0.06780	276	  6	lasso	0.11	3.9e-32	-0.03768	9.70e-01
NA	/data/songy4/twas/output/weights//ENSG00000166963.wgt.RDat	ENSG00000166963	15	43803156	43823818	0.0323	rs7181079	 1.94	rs538238	 4.04e-03	  4.79	-0.07619	267	  4	lasso	0.0079	0.0015	 0.30881	7.57e-01
NA	/data/songy4/twas/output/weights//ENSG00000168781.wgt.RDat	ENSG00000168781	15	43825660	43882430	0.0383	rs7181079	 1.94	rs12907002	 8.76e-04	  3.37	-0.50230	273	 26	enet	0.011	0.00021	 0.32019	7.49e-01
NA	/data/songy4/twas/output/weights//ENSG00000242866.wgt.RDat	ENSG00000242866	15	43891596	44010458	0.0229	rs8028608	 1.82	rs2927071	 1.37e-02	  5.84	-0.19727	283	  5	lasso	0.017	5.6e-06	-0.13832	8.90e-01
NA	/data/songy4/twas/output/weights//ENSG00000166762.wgt.RDat	ENSG00000166762	15	43920701	43960316	0.1465	rs16959468	 1.64	rs8042868	 1.44e-01	-13.54	-0.32075	261	  1	top1	0.14	2.2e-40	 0.32075	7.48e-01
NA	/data/songy4/twas/output/weights//ENSG00000223572.wgt.RDat	ENSG00000223572	15	43985084	43991420	0.0675	rs16959468	 1.64	rs2957581	 1.04e-02	  4.61	-0.55000	259	 15	enet	0.016	8.9e-06	-1.32606	1.85e-01
NA	/data/songy4/twas/output/weights//ENSG00000167004.wgt.RDat	ENSG00000167004	15	44038590	44065477	0.0253	rs16959468	 1.64	rs3087657	 2.63e-02	 -5.93	-0.27885	256	  8	lasso	0.033	4.8e-10	 0.49111	6.23e-01
NA	/data/songy4/twas/output/weights//ENSG00000128886.wgt.RDat	ENSG00000128886	15	44064798	44069741	0.0202	rs16959468	 1.64	rs7173487	 3.95e-03	  3.89	 0.25301	243	  1	top1	0.004	0.019	 0.25301	8.00e-01
NA	/data/songy4/twas/output/weights//ENSG00000140264.wgt.RDat	ENSG00000140264	15	44069285	44094787	0.0361	rs16959468	 1.64	rs10163069	 3.05e-02	 -6.72	-0.11382	246	 13	lasso	0.035	1.3e-10	 0.08144	9.35e-01
NA	/data/songy4/twas/output/weights//ENSG00000140259.wgt.RDat	ENSG00000140259	15	44096690	44117000	0.0204	rs16959468	 1.64	rs16950215	-3.61e-04	  3.73	 0.36364	247	  1	top1	-0.00036	0.44	 0.36364	7.16e-01
NA	/data/songy4/twas/output/weights//ENSG00000092470.wgt.RDat	ENSG00000092470	15	44119161	44160617	0.0106	rs16959468	 1.64	rs4923971	 6.23e-03	 -3.99	-0.82114	244	  1	top1	0.0062	0.0044	 0.82114	4.12e-01
NA	/data/songy4/twas/output/weights//ENSG00000104131.wgt.RDat	ENSG00000104131	15	44829255	44855227	0.0388	rs11629994	 2.83	rs8023453	 2.70e-03	 -4.48	 0.14634	220	 37	enet	0.02	8.5e-07	 0.71390	4.75e-01
NA	/data/songy4/twas/output/weights//ENSG00000229474.wgt.RDat	ENSG00000229474	15	44957930	45003514	0.2476	rs2854439	 2.94	rs12594905	 4.44e-02	  7.47	-2.21739	259	 29	enet	0.09	3.3e-25	-1.66975	9.50e-02
NA	/data/songy4/twas/output/weights//ENSG00000185880.wgt.RDat	ENSG00000185880	15	45021186	45060027	0.1310	rs2854439	 2.94	rs3110172	 1.20e-01	-11.93	-0.34375	276	 30	enet	0.13	1.1e-37	 0.32742	7.43e-01
NA	/data/songy4/twas/output/weights//ENSG00000140263.wgt.RDat	ENSG00000140263	15	45315302	45369383	0.0868	rs2854439	 2.94	rs270810	 8.91e-02	-10.31	 1.48052	316	 17	enet	0.093	4.4e-26	-1.62724	1.04e-01
NA	/data/songy4/twas/output/weights//ENSG00000138606.wgt.RDat	ENSG00000138606	15	45459412	45493373	0.1142	rs2854439	 2.94	rs16939752	 1.12e-01	-11.36	-0.95890	339	  1	top1	0.11	2.1e-31	 0.95890	3.38e-01
NA	/data/songy4/twas/output/weights//ENSG00000171766.wgt.RDat	ENSG00000171766	15	45653322	45694525	0.1858	rs2854439	 2.94	rs1820518	 4.42e-01	-22.46	 2.17925	341	 16	lasso	0.44	9.4e-147	-2.20992	2.71e-02
NA	/data/songy4/twas/output/weights//ENSG00000171763.wgt.RDat	ENSG00000171763	15	45694529	45713617	0.4180	rs2854439	 2.94	rs3809472	 6.95e-01	 28.24	 2.16038	347	 13	lasso	0.71	4.6e-304	 2.24284	2.49e-02
NA	/data/songy4/twas/output/weights//ENSG00000166920.wgt.RDat	ENSG00000166920	15	45722727	45740959	0.0250	rs2854439	 2.94	rs1346268	 2.16e-02	  5.93	 2.21905	360	 15	enet	0.027	1.2e-08	 1.74400	8.12e-02
NA	/data/songy4/twas/output/weights//ENSG00000104154.wgt.RDat	ENSG00000104154	15	45771809	45815005	0.0214	rs2854439	 2.94	rs12440038	 2.93e-02	 -6.06	 2.18692	380	  1	top1	0.029	3.8e-09	-2.18692	2.87e-02
NA	/data/songy4/twas/output/weights//ENSG00000137767.wgt.RDat	ENSG00000137767	15	45923346	45983492	0.1929	rs8037147	-2.51	rs353099	 8.18e-02	  9.81	-1.94309	390	  9	lasso	0.086	3.9e-24	-1.81399	6.97e-02
NA	/data/songy4/twas/output/weights//ENSG00000104177.wgt.RDat	ENSG00000104177	15	48431625	48470714	0.3373	rs363836	 2.62	rs964611	 5.30e-01	 24.58	-1.40769	400	  1	top1	0.53	6.4e-189	-1.40769	1.59e-01
NA	/data/songy4/twas/output/weights//ENSG00000233932.wgt.RDat	ENSG00000233932	15	48483736	48495953	0.0120	rs363836	 2.62	rs2413891	 3.05e-03	  4.20	-2.33480	389	  1	top1	0.003	0.035	-2.33480	1.96e-02
NA	/data/songy4/twas/output/weights//ENSG00000074803.wgt.RDat	ENSG00000074803	15	48483861	48596275	0.1047	rs363836	 2.62	rs16960809	 1.44e-01	 13.59	-1.48837	424	 14	enet	0.16	8.1e-46	-1.49774	1.34e-01
NA	/data/songy4/twas/output/weights//ENSG00000128951.wgt.RDat	ENSG00000128951	15	48623208	48635570	0.3621	rs363836	 2.62	rs964611	 3.69e-01	 20.59	-1.40769	340	 26	enet	0.4	2.2e-126	-1.30297	1.93e-01
NA	/data/songy4/twas/output/weights//ENSG00000166147.wgt.RDat	ENSG00000166147	15	48700503	48938046	0.1131	rs11858814	 3.44	rs657635	 2.53e-01	-17.53	 0.12500	411	 10	lasso	0.27	1.3e-80	-0.17093	8.64e-01
NA	/data/songy4/twas/output/weights//ENSG00000103995.wgt.RDat	ENSG00000103995	15	49005125	49103343	0.1599	rs2127242	-3.51	rs12185088	 8.61e-02	 -9.99	-0.53425	391	  5	lasso	0.1	2.7e-29	 0.35241	7.25e-01
NA	/data/songy4/twas/output/weights//ENSG00000156958.wgt.RDat	ENSG00000156958	15	49447853	49660066	0.1337	rs2127242	-3.51	rs6493363	 2.31e-01	-16.73	-3.45545	416	 27	enet	0.25	3.3e-74	 3.67498	2.38e-04
NA	/data/songy4/twas/output/weights//ENSG00000166262.wgt.RDat	ENSG00000166262	15	49619159	49913128	0.0262	rs2127242	-3.51	rs11639111	 2.93e-02	  5.93	 0.98990	485	  1	top1	0.029	3.7e-09	 0.98990	3.22e-01
NA	/data/songy4/twas/output/weights//ENSG00000140285.wgt.RDat	ENSG00000140285	15	49715293	49780972	0.1456	rs2127242	-3.51	rs2078024	 2.51e-01	 17.08	 0.41379	378	  5	lasso	0.25	1e-74	 0.34556	7.30e-01
NA	/data/songy4/twas/output/weights//ENSG00000104047.wgt.RDat	ENSG00000104047	15	49913177	49937333	0.0940	rs2127242	-3.51	rs8033476	 3.17e-02	 -7.15	-2.48958	388	 16	lasso	0.061	2.1e-17	 1.39953	1.62e-01
NA	/data/songy4/twas/output/weights//ENSG00000104043.wgt.RDat	ENSG00000104043	15	50150435	50475014	0.1992	rs3098180	-4.85	rs12903325	 9.70e-02	-10.75	 2.35088	529	 18	enet	0.13	1.2e-37	-1.76589	7.74e-02
NA	/data/songy4/twas/output/weights//ENSG00000140284.wgt.RDat	ENSG00000140284	15	50474393	50528592	0.0540	rs3098180	-4.85	rs8036777	 5.47e-03	  5.43	-2.22449	452	  5	lasso	0.023	1.3e-07	-1.05768	2.90e-01
NA	/data/songy4/twas/output/weights//ENSG00000104064.wgt.RDat	ENSG00000104064	15	50569389	50647605	0.0272	rs3098180	-4.85	rs535648	 3.07e-02	  6.26	 0.69903	449	  1	top1	0.031	1.6e-09	 0.69903	4.85e-01
NA	/data/songy4/twas/output/weights//ENSG00000138592.wgt.RDat	ENSG00000138592	15	50716577	50793280	0.1040	rs3098180	-4.85	rs11070774	 1.06e-01	-11.22	 1.04413	426	  8	lasso	0.11	2.6e-30	-0.92037	3.57e-01
NA	/data/songy4/twas/output/weights//ENSG00000170236.wgt.RDat	ENSG00000170236	15	50792759	50838905	0.0271	rs3098180	-4.85	rs11635825	 8.49e-03	 -4.83	 1.43182	389	  9	lasso	0.012	0.00012	-2.54510	1.09e-02
NA	/data/songy4/twas/output/weights//ENSG00000092439.wgt.RDat	ENSG00000092439	15	50844670	50979012	0.0638	rs3098180	-4.85	rs3784302	 2.04e-02	 -7.12	 0.97980	417	 13	enet	0.043	8.6e-13	-1.42903	1.53e-01
NA	/data/songy4/twas/output/weights//ENSG00000138600.wgt.RDat	ENSG00000138600	15	50999506	51058005	0.0882	rs3098180	-4.85	rs3109898	 5.06e-02	 -8.12	-3.59821	432	  7	lasso	0.064	2.7e-18	 3.74763	1.79e-04
NA	/data/songy4/twas/output/weights//ENSG00000081014.wgt.RDat	ENSG00000081014	15	51200869	51298097	0.3324	rs3098180	-4.85	rs6493470	 2.74e-01	 17.75	 0.05085	501	 30	enet	0.33	2.9e-101	-1.00999	3.13e-01
NA	/data/songy4/twas/output/weights//ENSG00000186417.wgt.RDat	ENSG00000186417	15	51633826	51700210	0.1267	rs2614765	-3.38	rs11070843	 4.82e-02	  8.30	-0.87417	505	  8	lasso	0.077	1.2e-21	-0.47408	6.35e-01
NA	/data/songy4/twas/output/weights//ENSG00000104093.wgt.RDat	ENSG00000104093	15	51739908	51915030	0.1005	rs1904430	-2.75	rs8024233	 5.99e-02	  8.52	 0.12963	517	  8	lasso	0.07	9e-20	-0.24755	8.04e-01
NA	/data/songy4/twas/output/weights//ENSG00000128872.wgt.RDat	ENSG00000128872	15	52043758	52108565	0.2451	rs11633035	-3.25	rs11070868	 4.48e-01	 22.60	-0.22549	463	 27	enet	0.46	1.3e-153	-0.02072	9.83e-01
NA	/data/songy4/twas/output/weights//ENSG00000138594.wgt.RDat	ENSG00000138594	15	52121825	52239492	0.1304	rs11638675	-3.36	rs2570258	 1.58e-01	-13.58	-0.64356	453	 11	lasso	0.18	9.2e-51	 0.91291	3.61e-01
NA	/data/songy4/twas/output/weights//ENSG00000137875.wgt.RDat	ENSG00000137875	15	52401460	52404972	0.0183	rs11638675	-3.36	rs4238384	 1.49e-02	  5.28	 1.23770	397	  1	top1	0.015	2.1e-05	 1.23770	2.16e-01
NA	/data/songy4/twas/output/weights//ENSG00000069966.wgt.RDat	ENSG00000069966	15	52413117	52483566	0.2731	rs11638675	-3.36	rs7168334	 9.86e-02	 10.79	 2.12400	415	 31	enet	0.12	1.4e-34	 2.25089	2.44e-02
NA	/data/songy4/twas/output/weights//ENSG00000128833.wgt.RDat	ENSG00000128833	15	52484519	52587995	0.2795	rs11638675	-3.36	rs12594710	 8.84e-02	 10.75	-0.77778	440	 43	enet	0.13	3.9e-36	-1.15379	2.49e-01
NA	/data/songy4/twas/output/weights//ENSG00000197535.wgt.RDat	ENSG00000197535	15	52599480	52821247	0.1595	rs11638675	-3.36	rs1724586	 5.76e-02	  8.51	-2.09353	506	  9	lasso	0.061	1.7e-17	-1.99963	4.55e-02
NA	/data/songy4/twas/output/weights//ENSG00000128989.wgt.RDat	ENSG00000128989	15	52839242	52862080	0.0893	rs11638675	-3.36	rs1055746	 6.66e-02	 -9.20	 2.13907	456	  4	lasso	0.067	4e-19	-2.14052	3.23e-02
NA	/data/songy4/twas/output/weights//ENSG00000137876.wgt.RDat	ENSG00000137876	15	55473004	55489265	0.0520	rs8030981	-3.44	rs3759861	 7.48e-02	  9.41	-3.12308	449	  1	top1	0.075	3.4e-21	-3.12308	1.79e-03
NA	/data/songy4/twas/output/weights//ENSG00000069974.wgt.RDat	ENSG00000069974	15	55495164	55611311	0.0687	rs8030981	-3.44	rs12440420	 6.27e-02	  8.51	-2.51261	503	 11	lasso	0.066	9.2e-19	-2.68263	7.30e-03
NA	/data/songy4/twas/output/weights//ENSG00000261652.wgt.RDat	ENSG00000261652	15	55700746	55710962	0.1486	rs8030981	-3.44	rs16953240	 1.18e-01	 11.63	 0.82716	434	  8	lasso	0.13	1.4e-35	 0.84765	3.97e-01
NA	/data/songy4/twas/output/weights//ENSG00000256061.wgt.RDat	ENSG00000256061	15	55702723	55800432	0.1266	rs8030981	-3.44	rs17819126	 9.78e-02	 10.61	-1.45026	461	 17	enet	0.1	4.4e-28	-1.14867	2.51e-01
NA	/data/songy4/twas/output/weights//ENSG00000171016.wgt.RDat	ENSG00000171016	15	55831088	55881145	0.1066	rs8030981	-3.44	rs11858599	 2.92e-02	  7.06	-0.86096	444	  6	lasso	0.055	7.8e-16	-0.70346	4.82e-01
NA	/data/songy4/twas/output/weights//ENSG00000069869.wgt.RDat	ENSG00000069869	15	56119120	56285944	0.5715	rs16976788	-2.85	rs7183768	 9.10e-02	 12.14	-1.51389	431	 56	enet	0.39	1e-123	-0.18322	8.55e-01
NA	/data/songy4/twas/output/weights//ENSG00000181827.wgt.RDat	ENSG00000181827	15	56379478	56535483	0.0577	rs16976788	-2.85	rs16976792	 2.35e-02	 -6.62	-2.67123	412	 25	enet	0.053	2.4e-15	 1.62397	1.04e-01
NA	/data/songy4/twas/output/weights//ENSG00000137871.wgt.RDat	ENSG00000137871	15	56922379	57210769	0.0123	rs2163369	 2.99	rs3803455	 8.38e-03	  5.03	 1.22917	412	  3	lasso	0.0097	5e-04	 1.45503	1.46e-01
NA	/data/songy4/twas/output/weights//ENSG00000137878.wgt.RDat	ENSG00000137878	15	57884106	58006943	0.6301	rs2703593	 2.75	rs4774966	 4.75e-01	 23.61	 0.61386	721	  9	lasso	0.57	5.7e-213	 0.26175	7.94e-01
NA	/data/songy4/twas/output/weights//ENSG00000263155.wgt.RDat	ENSG00000263155	15	57884139	57977562	0.5970	rs2703593	 2.75	rs4774966	 4.32e-01	 22.59	 0.61386	703	 24	enet	0.52	1.4e-185	 0.23900	8.11e-01
NA	/data/songy4/twas/output/weights//ENSG00000255529.wgt.RDat	ENSG00000255529	15	57884231	58074960	0.0485	rs2703593	 2.75	rs7181032	 4.35e-02	  7.35	 0.06557	758	  1	top1	0.044	7e-13	 0.06557	9.48e-01
NA	/data/songy4/twas/output/weights//ENSG00000128918.wgt.RDat	ENSG00000128918	15	58245622	58790065	0.1315	rs6494041	 3.09	rs1869145	 4.79e-02	 -7.78	 0.09244	964	 28	enet	0.054	1.1e-15	 0.28292	7.77e-01
NA	/data/songy4/twas/output/weights//ENSG00000103569.wgt.RDat	ENSG00000103569	15	58430368	58478110	0.0521	rs12594625	 2.58	rs538170	 1.25e-03	 -3.80	-0.43396	694	 31	enet	0.01	0.00036	-0.60885	5.43e-01
NA	/data/songy4/twas/output/weights//ENSG00000166035.wgt.RDat	ENSG00000166035	15	58702768	58861151	0.6844	rs6494041	 3.09	rs11631312	 3.23e-01	 19.24	-0.69325	610	 17	lasso	0.47	1.4e-157	-1.11913	2.63e-01
NA	/data/songy4/twas/output/weights//ENSG00000137845.wgt.RDat	ENSG00000137845	15	58887403	59042177	0.2708	rs6494041	 3.09	rs11631312	 1.35e-01	 12.45	-0.69325	612	  6	lasso	0.16	7.7e-46	-1.07202	2.84e-01
NA	/data/songy4/twas/output/weights//ENSG00000128923.wgt.RDat	ENSG00000128923	15	59063391	59154099	0.3182	rs6494041	 3.09	rs387812	 1.89e-01	 14.71	 0.23398	558	 28	enet	0.31	6.8e-94	-1.49971	1.34e-01
NA	/data/songy4/twas/output/weights//ENSG00000157483.wgt.RDat	ENSG00000157483	15	59427113	59665099	0.2104	rs12916540	-3.10	rs1001839	 9.18e-02	-10.43	-0.59406	551	 49	enet	0.099	8.9e-28	 0.38772	6.98e-01
NA	/data/songy4/twas/output/weights//ENSG00000157470.wgt.RDat	ENSG00000157470	15	59664892	59815748	0.1004	rs12907231	-3.46	rs8025941	 3.33e-02	  7.45	 0.25424	545	  4	lasso	0.038	2.5e-11	 0.36939	7.12e-01
NA	/data/songy4/twas/output/weights//ENSG00000140297.wgt.RDat	ENSG00000140297	15	59887074	59932438	0.0782	rs12907231	-3.46	rs34571374	 1.71e-02	  5.50	-0.71603	533	 66	enet	0.025	5.4e-08	 0.26535	7.91e-01
NA	/data/songy4/twas/output/weights//ENSG00000140307.wgt.RDat	ENSG00000140307	15	59930261	59949740	0.1267	rs12907231	-3.46	rs8041394	 2.08e-01	 15.46	 0.55000	522	  5	lasso	0.21	9e-61	 0.37887	7.05e-01
NA	/data/songy4/twas/output/weights//ENSG00000140299.wgt.RDat	ENSG00000140299	15	59951345	59981733	0.0207	rs12907231	-3.46	rs4775175	 5.67e-03	 -4.43	-0.81188	535	 13	enet	0.0074	0.0021	 1.01035	3.12e-01
NA	/data/songy4/twas/output/weights//ENSG00000182718.wgt.RDat	ENSG00000182718	15	60639333	60695082	0.0900	rs12907231	-3.46	rs2100432	 4.53e-02	  8.23	-0.05217	593	 20	enet	0.055	5.7e-16	-0.41640	6.77e-01
NA	/data/songy4/twas/output/weights//ENSG00000128915.wgt.RDat	ENSG00000128915	15	60711808	60771359	0.0361	rs11634318	-3.47	rs17270097	 6.78e-03	  4.59	-1.03247	606	 29	enet	0.011	3e-04	-2.01644	4.38e-02
NA	/data/songy4/twas/output/weights//ENSG00000129003.wgt.RDat	ENSG00000129003	15	62144588	62352672	0.0950	rs2243453	-8.55	rs12898209	 1.81e-01	 14.82	-0.56583	649	  5	lasso	0.19	4.4e-53	-0.53135	5.95e-01
NA	/data/songy4/twas/output/weights//ENSG00000171914.wgt.RDat	ENSG00000171914	15	62682725	63136830	0.0481	rs3784671	 3.89	rs707598	 3.25e-02	  6.60	 1.72816	744	  1	top1	0.032	5.5e-10	 1.72816	8.40e-02
NA	/data/songy4/twas/output/weights//ENSG00000140416.wgt.RDat	ENSG00000140416	15	63334831	63364114	0.2387	rs3784671	 3.89	rs11071720	 1.76e-01	-14.20	-3.31068	530	 44	enet	0.23	2.7e-67	 2.50672	1.22e-02
NA	/data/songy4/twas/output/weights//ENSG00000103642.wgt.RDat	ENSG00000103642	15	63413999	63434260	0.1668	rs3784671	 3.89	rs1126308	 2.50e-01	 17.08	 3.58947	520	  8	lasso	0.29	4.3e-85	 3.24497	1.17e-03
NA	/data/songy4/twas/output/weights//ENSG00000185088.wgt.RDat	ENSG00000185088	15	63418071	63450220	0.3060	rs3784671	 3.89	rs953978	 3.97e-01	-21.35	-1.20000	522	  6	lasso	0.4	1.9e-127	 1.29676	1.95e-01
NA	/data/songy4/twas/output/weights//ENSG00000138613.wgt.RDat	ENSG00000138613	15	63568217	63601325	0.1286	rs3784671	 3.89	rs2068143	 1.71e-02	 -6.39	-1.75926	487	 90	enet	0.04	7.6e-12	 1.91301	5.57e-02
NA	/data/songy4/twas/output/weights//ENSG00000074410.wgt.RDat	ENSG00000074410	15	63613577	63674360	0.0461	rs3784671	 3.89	rs12148463	 4.59e-02	  8.00	-1.92199	488	  1	top1	0.046	1.7e-13	-1.92199	5.46e-02
NA	/data/songy4/twas/output/weights//ENSG00000140455.wgt.RDat	ENSG00000140455	15	63796793	63886839	0.1815	rs3784671	 3.89	rs11635675	 1.77e-01	 14.44	 1.98020	445	  1	top1	0.18	2.5e-50	 1.98020	4.77e-02
NA	/data/songy4/twas/output/weights//ENSG00000197361.wgt.RDat	ENSG00000197361	15	63889552	63894627	0.0150	rs3784671	 3.89	rs7178762	 8.73e-03	 -4.81	-2.11672	388	  1	top1	0.0087	0.00093	 2.11672	3.43e-02
NA	/data/songy4/twas/output/weights//ENSG00000103657.wgt.RDat	ENSG00000103657	15	63900817	64126141	0.0509	rs3784671	 3.89	rs4411464	 1.64e-02	 -5.88	-2.76923	431	 30	enet	0.033	4.1e-10	 2.46768	1.36e-02
NA	/data/songy4/twas/output/weights//ENSG00000035664.wgt.RDat	ENSG00000035664	15	64199235	64364232	0.2115	rs7168440	-3.34	rs332236	 1.56e-01	-13.56	-0.64789	365	 31	enet	0.17	8.4e-49	 1.50576	1.32e-01
NA	/data/songy4/twas/output/weights//ENSG00000166797.wgt.RDat	ENSG00000166797	15	64364758	64386217	0.0213	rs7168440	-3.34	rs7164156	 1.74e-02	 -4.81	-0.17213	299	 10	enet	0.018	3.9e-06	 0.55821	5.77e-01
NA	/data/songy4/twas/output/weights//ENSG00000028528.wgt.RDat	ENSG00000028528	15	64386322	64438289	0.0513	rs7168440	-3.34	rs3887731	 3.45e-02	  6.65	 0.04800	314	  1	top1	0.034	1.6e-10	 0.04800	9.62e-01
NA	/data/songy4/twas/output/weights//ENSG00000169118.wgt.RDat	ENSG00000169118	15	64457716	64648442	0.0494	rs7168440	-3.34	rs11071789	 4.95e-02	  8.31	-1.05298	343	 13	lasso	0.05	1.6e-14	-1.10540	2.69e-01
NA	/data/songy4/twas/output/weights//ENSG00000166831.wgt.RDat	ENSG00000166831	15	65032091	65067786	0.1262	rs17208301	 2.59	rs4777558	 2.11e-01	 15.89	-0.48511	278	 20	enet	0.23	9.7e-67	-0.33511	7.38e-01
NA	/data/songy4/twas/output/weights//ENSG00000140451.wgt.RDat	ENSG00000140451	15	65107831	65117867	0.0174	rs17208301	 2.59	rs8027676	 1.77e-02	  4.69	 1.41042	280	  9	enet	0.023	2e-07	 1.56301	1.18e-01
NA	/data/songy4/twas/output/weights//ENSG00000249240.wgt.RDat	ENSG00000249240	15	65134082	65223118	0.0220	rs17208301	 2.59	rs2200490	 6.81e-03	 -4.63	-0.35052	313	 17	enet	0.013	9e-05	-0.03212	9.74e-01
NA	/data/songy4/twas/output/weights//ENSG00000241839.wgt.RDat	ENSG00000241839	15	65134088	65160206	0.1796	rs17208301	 2.59	rs1719288	 2.08e-01	 15.48	 1.38384	291	 19	enet	0.22	2.7e-62	 1.15525	2.48e-01
NA	/data/songy4/twas/output/weights//ENSG00000166839.wgt.RDat	ENSG00000166839	15	65204101	65251042	0.8108	rs17208301	 2.59	rs1628955	 8.20e-01	 30.53	 1.00000	304	  1	top1	0.82	0	 1.00000	3.17e-01
NA	/data/songy4/twas/output/weights//ENSG00000246922.wgt.RDat	ENSG00000246922	15	65385338	65407535	0.0643	rs17208301	 2.59	rs7402511	 2.17e-02	  6.16	 0.05908	315	 27	enet	0.033	4e-10	-0.66780	5.04e-01
NA	/data/songy4/twas/output/weights//ENSG00000090470.wgt.RDat	ENSG00000090470	15	65409717	65426174	0.1908	rs17208301	 2.59	rs6494484	 1.06e-01	 11.03	 0.37168	309	  1	top1	0.11	1.2e-29	 0.37168	7.10e-01
NA	/data/songy4/twas/output/weights//ENSG00000138615.wgt.RDat	ENSG00000138615	15	65488337	65503826	0.0838	rs17208301	 2.59	rs665287	 3.46e-02	  6.84	-0.19231	303	 14	enet	0.054	1.1e-15	 0.91628	3.60e-01
NA	/data/songy4/twas/output/weights//ENSG00000138617.wgt.RDat	ENSG00000138617	15	65526798	65592956	0.4707	rs17208301	 2.59	rs12905133	 1.11e-01	 11.33	-0.65263	328	 69	enet	0.19	1.3e-54	 0.92620	3.54e-01
NA	/data/songy4/twas/output/weights//ENSG00000074603.wgt.RDat	ENSG00000074603	15	65734801	65810042	0.0289	rs602192	-2.49	rs352461	 2.18e-02	  5.27	 0.22705	338	  1	top1	0.022	3.5e-07	 0.22705	8.20e-01
NA	/data/songy4/twas/output/weights//ENSG00000074696.wgt.RDat	ENSG00000074696	15	65822756	65870687	0.0257	rs602192	-2.49	rs8023536	 2.96e-02	  6.26	-1.64567	332	  1	top1	0.03	3.1e-09	-1.64567	9.98e-02
NA	/data/songy4/twas/output/weights//ENSG00000074621.wgt.RDat	ENSG00000074621	15	65903704	65953333	0.1002	rs602192	-2.49	rs352461	 1.12e-01	-11.65	 0.22705	356	  1	top1	0.11	2.5e-31	-0.22705	8.20e-01
NA	/data/songy4/twas/output/weights//ENSG00000174485.wgt.RDat	ENSG00000174485	15	65950384	66084631	0.0348	rs1466434	-3.02	rs7176565	 2.30e-02	 -6.28	 0.90826	448	  5	lasso	0.029	4.4e-09	-0.25131	8.02e-01
NA	/data/songy4/twas/output/weights//ENSG00000166938.wgt.RDat	ENSG00000166938	15	66585555	66626236	0.5828	rs4776323	-3.69	rs7170930	 2.40e-01	-17.74	 1.46847	513	  6	lasso	0.51	1.1e-177	-2.10775	3.51e-02
NA	/data/songy4/twas/output/weights//ENSG00000075131.wgt.RDat	ENSG00000075131	15	66628544	66679084	0.1377	rs6494611	-4.23	rs12914520	 1.31e-01	 12.28	 1.80226	528	  9	lasso	0.15	5.2e-41	 1.13222	2.58e-01
NA	/data/songy4/twas/output/weights//ENSG00000169032.wgt.RDat	ENSG00000169032	15	66679155	66784650	0.0809	rs6494611	-4.23	rs11630608	 4.18e-02	 -7.02	-1.51402	601	  1	top1	0.042	2e-12	 1.51402	1.30e-01
NA	/data/songy4/twas/output/weights//ENSG00000174446.wgt.RDat	ENSG00000174446	15	66782473	66790151	0.0826	rs6494611	-4.23	rs12050732	 1.08e-01	-11.29	 1.11200	561	  1	top1	0.11	2.1e-30	-1.11200	2.66e-01
NA	/data/songy4/twas/output/weights//ENSG00000137834.wgt.RDat	ENSG00000137834	15	66994566	67074338	0.0454	rs6494611	-4.23	rs12594923	 1.70e-02	 -5.29	 2.20000	607	  4	lasso	0.021	4.5e-07	-1.92517	5.42e-02
NA	/data/songy4/twas/output/weights//ENSG00000103591.wgt.RDat	ENSG00000103591	15	67493371	67547533	0.0453	rs6494611	-4.23	rs750766	 8.42e-03	 -4.24	-0.52525	521	 18	enet	0.013	6.1e-05	-0.98575	3.24e-01
NA	/data/songy4/twas/output/weights//ENSG00000103599.wgt.RDat	ENSG00000103599	15	67547138	67794598	0.0210	rs6494611	-4.23	rs8031500	 2.13e-02	 -5.77	 1.85507	598	  1	top1	0.021	4.4e-07	-1.85507	6.36e-02
NA	/data/songy4/twas/output/weights//ENSG00000137764.wgt.RDat	ENSG00000137764	15	67835047	68099461	0.3197	rs11629609	 2.76	rs4776943	 3.53e-01	-20.17	 0.93786	485	 28	enet	0.37	2.6e-117	-0.98558	3.24e-01
NA	/data/songy4/twas/output/weights//ENSG00000188779.wgt.RDat	ENSG00000188779	15	68112042	68126899	0.0309	rs1125721	 2.77	rs7180312	 2.39e-02	 -6.12	 0.57447	377	  1	top1	0.024	9.6e-08	-0.57447	5.66e-01
NA	/data/songy4/twas/output/weights//ENSG00000033800.wgt.RDat	ENSG00000033800	15	68346517	68483096	0.1968	rs1125721	 2.77	rs11635759	 8.48e-02	-10.79	 2.35849	520	 28	enet	0.15	6.3e-42	-1.28017	2.00e-01
NA	/data/songy4/twas/output/weights//ENSG00000129007.wgt.RDat	ENSG00000129007	15	68483043	68498417	0.0807	rs1125721	 2.77	rs8024471	 1.03e-01	-11.19	 2.37500	487	 33	enet	0.11	6.5e-31	-2.50302	1.23e-02
NA	/data/songy4/twas/output/weights//ENSG00000260007.wgt.RDat	ENSG00000260007	15	68486139	68522056	0.0775	rs1125721	 2.77	rs11629609	 1.15e-01	-11.55	 2.76238	503	  1	top1	0.12	3.1e-32	-2.76238	5.74e-03
NA	/data/songy4/twas/output/weights//ENSG00000128973.wgt.RDat	ENSG00000128973	15	68499330	68549549	0.3078	rs1125721	 2.77	rs8024471	 5.66e-01	-25.40	 2.37500	507	  1	top1	0.57	2.2e-208	-2.37500	1.75e-02
NA	/data/songy4/twas/output/weights//ENSG00000169018.wgt.RDat	ENSG00000169018	15	68570141	68588203	0.1294	rs1125721	 2.77	rs6494730	 5.99e-02	 -8.74	-2.45098	485	 44	enet	0.08	1.7e-22	 1.77878	7.53e-02
NA	/data/songy4/twas/output/weights//ENSG00000137809.wgt.RDat	ENSG00000137809	15	68594050	68724501	0.0443	rs1125721	 2.77	rs16951774	 1.79e-02	  4.69	-0.17188	505	  1	top1	0.018	3.5e-06	-0.17188	8.64e-01
NA	/data/songy4/twas/output/weights//ENSG00000103647.wgt.RDat	ENSG00000103647	15	68871308	69020145	0.0376	rs1125721	 2.77	rs8030733	 8.67e-03	 -5.01	 0.16667	500	  2	lasso	0.038	2.4e-11	 1.14078	2.54e-01
NA	/data/songy4/twas/output/weights//ENSG00000138604.wgt.RDat	ENSG00000138604	15	69452923	69564556	0.1292	rs34291864	-3.14	rs12440300	 5.30e-02	  7.86	-0.18280	426	  5	lasso	0.094	2.7e-26	-0.10557	9.16e-01
NA	/data/songy4/twas/output/weights//ENSG00000137819.wgt.RDat	ENSG00000137819	15	69591286	69700119	0.0429	rs34291864	-3.14	rs7173363	 2.64e-02	  6.37	-0.89510	473	  7	lasso	0.029	5.1e-09	-1.32406	1.85e-01
NA	/data/songy4/twas/output/weights//ENSG00000137807.wgt.RDat	ENSG00000137807	15	69706585	69740764	0.0825	rs34291864	-3.14	rs11852675	 8.36e-02	  9.92	-0.72222	473	  1	top1	0.084	1.4e-23	-0.72222	4.70e-01
NA	/data/songy4/twas/output/weights//ENSG00000137831.wgt.RDat	ENSG00000137831	15	70946893	71055932	0.1126	rs2415080	-2.48	rs10518919	 7.60e-02	 10.20	 0.49112	459	  7	lasso	0.099	6.9e-28	 0.50439	6.14e-01
NA	/data/songy4/twas/output/weights//ENSG00000129028.wgt.RDat	ENSG00000129028	15	71173681	71185124	0.0187	rs8033889	-2.41	rs4777326	 2.47e-02	 -5.76	 0.77804	414	  1	top1	0.025	5.8e-08	-0.77804	4.37e-01
NA	/data/songy4/twas/output/weights//ENSG00000066933.wgt.RDat	ENSG00000066933	15	72114632	72410918	0.0347	rs12148733	-3.80	rs8747	 3.14e-02	 -7.49	-1.25197	573	  4	lasso	0.041	3.9e-12	 2.06959	3.85e-02
NA	/data/songy4/twas/output/weights//ENSG00000213614.wgt.RDat	ENSG00000213614	15	72635775	72668817	0.0336	rs12148733	-3.80	rs16956890	 3.36e-03	 -3.93	-0.16797	304	  1	top1	0.0034	0.028	 0.16797	8.67e-01
NA	/data/songy4/twas/output/weights//ENSG00000215186.wgt.RDat	ENSG00000215186	15	72947079	72958735	0.0221	rs12148733	-3.80	rs12441929	 9.49e-04	  3.71	-0.59722	288	 13	enet	0.0091	0.00076	-0.28794	7.73e-01
NA	/data/songy4/twas/output/weights//ENSG00000140463.wgt.RDat	ENSG00000140463	15	72978527	73030817	0.5282	rs12148733	-3.80	rs11637927	 2.76e-01	 17.82	-1.12255	299	 29	enet	0.28	1.6e-83	-1.42466	1.54e-01
NA	/data/songy4/twas/output/weights//ENSG00000159322.wgt.RDat	ENSG00000159322	15	73043710	73078187	0.1765	rs12148733	-3.80	rs12594320	 7.46e-02	  9.60	 0.19286	296	  8	lasso	0.085	4.6e-24	-0.79287	4.28e-01
NA	/data/songy4/twas/output/weights//ENSG00000067141.wgt.RDat	ENSG00000067141	15	73344051	73597547	0.3080	rs4777546	-3.33	rs17762146	 1.81e-01	-14.62	 0.76190	380	 44	enet	0.34	5e-103	-0.15976	8.73e-01
NA	/data/songy4/twas/output/weights//ENSG00000067221.wgt.RDat	ENSG00000067221	15	74275547	74286963	0.1239	rs2899826	-3.38	rs3784562	 1.22e-01	 11.87	 0.58163	402	  6	lasso	0.13	3e-35	 0.58483	5.59e-01
NA	/data/songy4/twas/output/weights//ENSG00000140464.wgt.RDat	ENSG00000140464	15	74287014	74340153	0.0453	rs2899826	-3.38	rs11636065	 1.24e-03	  4.09	 0.23711	417	 29	enet	0.0066	0.0034	-0.04465	9.64e-01
NA	/data/songy4/twas/output/weights//ENSG00000140459.wgt.RDat	ENSG00000140459	15	74630100	74660081	0.0267	rs12487	-3.89	rs4077581	 2.19e-02	  5.26	-0.30097	389	  1	top1	0.022	3.2e-07	-0.30097	7.63e-01
NA	/data/songy4/twas/output/weights//ENSG00000179361.wgt.RDat	ENSG00000179361	15	74833518	74890472	0.0989	rs3812945	 5.17	rs8027459	 8.11e-02	  9.93	 1.21101	367	 12	enet	0.086	2.3e-24	 1.47047	1.41e-01
NA	/data/songy4/twas/output/weights//ENSG00000103653.wgt.RDat	ENSG00000103653	15	75074398	75095539	0.0139	rs3812945	 5.17	rs2168518	 1.92e-02	  5.32	-2.62626	323	  1	top1	0.019	1.6e-06	-2.62626	8.63e-03
NA	/data/songy4/twas/output/weights//ENSG00000140474.wgt.RDat	ENSG00000140474	15	75128457	75135687	0.1378	rs3812945	 5.17	rs936228	 2.11e-01	 15.53	-2.28846	292	  4	lasso	0.21	4.5e-61	-1.97226	4.86e-02
NA	/data/songy4/twas/output/weights//ENSG00000140497.wgt.RDat	ENSG00000140497	15	75136071	75165706	0.1667	rs3812945	 5.17	rs8025170	 8.47e-02	-11.40	-2.75758	295	 33	enet	0.15	3.8e-42	 4.16679	3.09e-05
NA	/data/songy4/twas/output/weights//ENSG00000178761.wgt.RDat	ENSG00000178761	15	75192328	75199462	0.0150	rs3812945	 5.17	rs11072511	 3.12e-03	 -4.37	-3.43158	276	  1	top1	0.0031	0.033	 3.43158	6.00e-04
NA	/data/songy4/twas/output/weights//ENSG00000167173.wgt.RDat	ENSG00000167173	15	75487984	75504510	0.0636	rs3812945	 5.17	rs11636245	 2.70e-02	 -6.63	 2.18692	269	  6	lasso	0.034	1.8e-10	-2.11903	3.41e-02
NA	/data/songy4/twas/output/weights//ENSG00000140478.wgt.RDat	ENSG00000140478	15	75575176	75586816	0.0934	rs3812945	 5.17	rs12441881	-8.45e-05	  5.32	-0.08734	260	  8	enet	0.019	2e-06	 0.08951	9.29e-01
NA	/data/songy4/twas/output/weights//ENSG00000140400.wgt.RDat	ENSG00000140400	15	75648133	75660971	0.4237	rs3812945	 5.17	rs4886443	 7.18e-01	 28.65	 1.09434	234	 19	enet	0.73	0	 1.17745	2.39e-01
NA	/data/songy4/twas/output/weights//ENSG00000169371.wgt.RDat	ENSG00000169371	15	75890424	75918810	0.0209	rs8040372	-3.37	rs6495182	 1.66e-02	  4.81	 1.03704	222	  1	top1	0.017	7.5e-06	 1.03704	3.00e-01
NA	/data/songy4/twas/output/weights//ENSG00000177971.wgt.RDat	ENSG00000177971	15	75931426	75941047	0.0473	rs8040372	-3.37	rs13737	 8.04e-02	  9.65	 0.85841	231	  1	top1	0.08	1.1e-22	 0.85841	3.91e-01
NA	/data/songy4/twas/output/weights//ENSG00000173548.wgt.RDat	ENSG00000173548	15	75940247	75954642	0.0202	rs8040372	-3.37	rs8609	 1.91e-02	 -4.90	 0.18000	237	  1	top1	0.019	1.8e-06	-0.18000	8.57e-01
NA	/data/songy4/twas/output/weights//ENSG00000140367.wgt.RDat	ENSG00000140367	15	76135622	76193419	0.0752	rs11072561	-2.88	rs4503758	 3.45e-02	  6.53	 0.38679	297	 20	enet	0.052	4.8e-15	-0.66561	5.06e-01
NA	/data/songy4/twas/output/weights//ENSG00000167196.wgt.RDat	ENSG00000167196	15	76196200	76227609	0.0544	rs11072561	-2.88	rs2133409	 1.47e-02	 -5.34	 1.37920	294	 30	enet	0.027	1.4e-08	-0.87901	3.79e-01
NA	/data/songy4/twas/output/weights//ENSG00000140374.wgt.RDat	ENSG00000140374	15	76507696	76603813	0.3560	rs11072561	-2.88	rs11631423	 1.98e-01	 15.04	-0.97297	296	 25	enet	0.28	4.4e-82	-1.07201	2.84e-01
NA	/data/songy4/twas/output/weights//ENSG00000159556.wgt.RDat	ENSG00000159556	15	76629065	76634817	0.2967	rs16967626	 2.66	rs12591100	 1.19e-01	 12.48	-0.22105	272	 10	lasso	0.26	6.3e-76	-1.02522	3.05e-01
NA	/data/songy4/twas/output/weights//ENSG00000140386.wgt.RDat	ENSG00000140386	15	76640526	77197785	0.1335	rs4886841	 2.74	rs11637296	 2.69e-01	 17.60	-0.26471	416	  4	lasso	0.28	7.2e-83	-0.33450	7.38e-01
NA	/data/songy4/twas/output/weights//ENSG00000140368.wgt.RDat	ENSG00000140368	15	77285700	77329673	0.0714	rs4886841	 2.74	rs2254441	 1.24e-02	 -4.84	 0.29167	247	 30	enet	0.035	1.6e-10	-0.29366	7.69e-01
NA	/data/songy4/twas/output/weights//ENSG00000140391.wgt.RDat	ENSG00000140391	15	77336359	77376326	0.2353	rs4886841	 2.74	rs17471480	 1.29e-01	 12.39	 0.74528	262	  6	lasso	0.21	4.6e-59	-0.52653	5.99e-01
NA	/data/songy4/twas/output/weights//ENSG00000173517.wgt.RDat	ENSG00000173517	15	77400471	77712486	0.0793	rs4886841	 2.74	rs10519167	 9.15e-02	 11.36	-0.92157	383	 17	lasso	0.14	7.4e-40	-1.66854	9.52e-02
NA	/data/songy4/twas/output/weights//ENSG00000140382.wgt.RDat	ENSG00000140382	15	77712754	77777949	0.1177	rs4886841	 2.74	rs10519167	 1.24e-01	 12.77	-0.92157	334	 37	enet	0.16	2.8e-46	-1.28751	1.98e-01
NA	/data/songy4/twas/output/weights//ENSG00000167202.wgt.RDat	ENSG00000167202	15	78276378	78370066	0.1332	rs4887026	 3.84	rs3803380	 1.00e-01	-11.39	-0.91538	457	  6	lasso	0.12	1.8e-33	 0.94292	3.46e-01
NA	/data/songy4/twas/output/weights//ENSG00000136425.wgt.RDat	ENSG00000136425	15	78396948	78423886	0.0217	rs4887026	 3.84	rs8036417	 6.08e-03	  4.47	 0.05357	430	  5	enet	0.013	7.5e-05	 1.09673	2.73e-01
NA	/data/songy4/twas/output/weights//ENSG00000166411.wgt.RDat	ENSG00000166411	15	78423840	78464291	0.0283	rs4887026	 3.84	rs3825847	 1.08e-02	 -4.48	-0.80269	424	 16	enet	0.023	1.9e-07	 0.59290	5.53e-01
NA	/data/songy4/twas/output/weights//ENSG00000140403.wgt.RDat	ENSG00000140403	15	78556428	78574538	0.2145	rs4887026	 3.84	rs11638991	 1.48e-01	-13.02	-3.61111	407	 37	enet	0.19	2.2e-55	 4.09256	4.27e-05
NA	/data/songy4/twas/output/weights//ENSG00000140395.wgt.RDat	ENSG00000140395	15	78570177	78592136	0.1361	rs4887026	 3.84	rs4268717	 1.33e-01	 12.45	 1.86992	407	  1	top1	0.13	3.2e-37	 1.86992	6.15e-02
NA	/data/songy4/twas/output/weights//ENSG00000136381.wgt.RDat	ENSG00000136381	15	78729773	78793798	0.2055	rs4887026	 3.84	rs1062980	 1.40e-01	 12.79	 0.69792	433	  5	lasso	0.16	3.5e-44	 0.29558	7.68e-01
NA	/data/songy4/twas/output/weights//ENSG00000188266.wgt.RDat	ENSG00000188266	15	78799906	78829714	0.0430	rs4887026	 3.84	rs7163730	 1.72e-02	  4.85	 1.56637	436	 37	enet	0.028	7.8e-09	-0.22690	8.21e-01
NA	/data/songy4/twas/output/weights//ENSG00000041357.wgt.RDat	ENSG00000041357	15	78832747	78841604	0.0374	rs4887026	 3.84	rs6495308	 1.58e-02	 -5.88	 1.83636	429	 18	enet	0.021	4.8e-07	-0.54694	5.84e-01
NA	/data/songy4/twas/output/weights//ENSG00000169684.wgt.RDat	ENSG00000169684	15	78857862	78887611	0.2342	rs4887026	 3.84	rs12591557	 3.24e-01	 19.36	-1.46875	448	  8	lasso	0.32	5e-99	-1.48756	1.37e-01
NA	/data/songy4/twas/output/weights//ENSG00000103811.wgt.RDat	ENSG00000103811	15	79213400	79241916	0.3610	rs939661	-3.75	rs12148472	 1.62e-01	-13.61	-1.43151	444	 37	enet	0.22	4e-64	 2.13405	3.28e-02
NA	/data/songy4/twas/output/weights//ENSG00000166557.wgt.RDat	ENSG00000166557	15	79603404	79704334	0.0710	rs939661	-3.75	rs11072841	 4.59e-02	 -7.37	 0.65625	650	 30	enet	0.064	2.1e-18	-1.18781	2.35e-01
NA	/data/songy4/twas/output/weights//ENSG00000169330.wgt.RDat	ENSG00000169330	15	79724858	79764632	0.1796	rs939661	-3.75	rs1765266	 7.61e-02	 -9.47	 2.00000	633	 44	enet	0.19	8.6e-54	-1.00413	3.15e-01
NA	/data/songy4/twas/output/weights//ENSG00000259332.wgt.RDat	ENSG00000259332	15	80137537	80216096	0.0676	rs2562747	 3.36	rs7167420	 3.50e-02	 -6.74	-0.32847	618	  5	lasso	0.042	2.2e-12	 0.50848	6.11e-01
NA	/data/songy4/twas/output/weights//ENSG00000180953.wgt.RDat	ENSG00000180953	15	80191182	80216044	0.2513	rs2562747	 3.36	rs7171636	 1.03e-01	 12.40	 0.77686	595	  7	lasso	0.21	2.2e-60	 1.55835	1.19e-01
NA	/data/songy4/twas/output/weights//ENSG00000140379.wgt.RDat	ENSG00000140379	15	80253231	80263788	0.0272	rs2562747	 3.36	rs16971253	 8.68e-03	  4.66	 1.03448	590	  1	top1	0.0087	0.00096	 1.03448	3.01e-01
NA	/data/songy4/twas/output/weights//ENSG00000103876.wgt.RDat	ENSG00000103876	15	80444832	80479288	0.0515	rs2562747	 3.36	rs11635107	 2.64e-02	 -5.78	 0.28421	538	  1	top1	0.026	2.1e-08	-0.28421	7.76e-01
NA	/data/songy4/twas/output/weights//ENSG00000172379.wgt.RDat	ENSG00000172379	15	80696692	80890278	0.0519	rs2170879	 3.42	rs2278701	 3.17e-02	  6.13	 1.72897	602	  1	top1	0.032	8.8e-10	 1.72897	8.38e-02
NA	/data/songy4/twas/output/weights//ENSG00000136379.wgt.RDat	ENSG00000136379	15	80972025	81047962	0.3466	rs2170879	 3.42	rs2170881	 1.48e-01	 13.28	 0.87793	564	 12	lasso	0.25	2.3e-72	-0.32341	7.46e-01
NA	/data/songy4/twas/output/weights//ENSG00000156206.wgt.RDat	ENSG00000156206	15	81299374	81441516	0.1084	rs2170879	 3.42	rs2663914	 7.13e-02	  9.77	 0.82407	511	 30	enet	0.091	1.1e-25	 0.85624	3.92e-01
NA	/data/songy4/twas/output/weights//ENSG00000172349.wgt.RDat	ENSG00000172349	15	81451916	81605104	0.1909	rs2170879	 3.42	rs859	 1.14e-01	 11.52	-0.27273	494	 34	enet	0.15	1.5e-42	-0.08752	9.30e-01
NA	/data/songy4/twas/output/weights//ENSG00000172345.wgt.RDat	ENSG00000172345	15	81601394	81616524	0.1869	rs2625002	-2.74	rs4778641	 7.34e-02	  9.30	-0.04854	402	 31	enet	0.11	4.3e-30	 0.04762	9.62e-01
NA	/data/songy4/twas/output/weights//ENSG00000183496.wgt.RDat	ENSG00000183496	15	82334119	82338482	0.0232	rs2625002	-2.74	rs718276	 6.88e-03	  4.69	-1.86719	305	  1	top1	0.0069	0.0029	-1.86719	6.19e-02
NA	/data/songy4/twas/output/weights//ENSG00000140598.wgt.RDat	ENSG00000140598	15	82422571	82555104	0.0397	rs8025366	-2.35	rs2665103	 4.09e-03	  4.69	-0.09278	281	  5	lasso	0.0083	0.0012	-0.16797	8.67e-01
NA	/data/songy4/twas/output/weights//ENSG00000188659.wgt.RDat	ENSG00000188659	15	82555151	82577271	0.8921	rs8025366	-2.35	rs12439679	 8.63e-01	 31.35	-1.86975	243	  1	top1	0.86	0	-1.86975	6.15e-02
NA	/data/songy4/twas/output/weights//ENSG00000197978.wgt.RDat	ENSG00000197978	15	82722223	82731338	0.6481	rs8025366	-2.35	rs1846910	 3.97e-01	 21.31	-0.15152	192	 79	enet	0.5	9.7e-175	 0.10174	9.19e-01
NA	/data/songy4/twas/output/weights//ENSG00000260836.wgt.RDat	ENSG00000260836	15	83208783	83224682	0.0210	rs11637433	 2.29	rs783540	 1.32e-02	  4.61	 2.24490	189	  1	top1	0.013	6.2e-05	 2.24490	2.48e-02
NA	/data/songy4/twas/output/weights//ENSG00000214575.wgt.RDat	ENSG00000214575	15	83211951	83317612	0.0453	rs8035001	 2.72	rs11637433	 5.49e-02	  8.65	 2.29167	214	 12	enet	0.059	6.3e-17	 2.21663	2.66e-02
NA	/data/songy4/twas/output/weights//ENSG00000103723.wgt.RDat	ENSG00000103723	15	83328033	83378666	0.4886	rs8035001	 2.72	rs7163848	 2.63e-01	 17.30	-0.23077	236	  1	top1	0.26	1.6e-77	-0.23077	8.17e-01
NA	/data/songy4/twas/output/weights//ENSG00000156232.wgt.RDat	ENSG00000156232	15	83478380	83503611	0.0688	rs8035001	 2.72	rs8041231	 5.33e-02	 -7.98	 1.14894	267	  1	top1	0.053	1.9e-15	-1.14894	2.51e-01
NA	/data/songy4/twas/output/weights//ENSG00000103942.wgt.RDat	ENSG00000103942	15	83509838	83654661	0.1200	rs8035001	 2.72	rs2667385	 6.58e-02	 -9.66	 1.40000	314	 12	lasso	0.11	1e-29	-1.54354	1.23e-01
NA	/data/songy4/twas/output/weights//ENSG00000169612.wgt.RDat	ENSG00000169612	15	83654959	83659809	0.3702	rs8035001	 2.72	rs8031595	 1.47e-01	-13.10	-1.66667	315	  7	lasso	0.23	3e-67	 1.67181	9.46e-02
NA	/data/songy4/twas/output/weights//ENSG00000169609.wgt.RDat	ENSG00000169609	15	83657193	83680393	0.0758	rs17158916	 3.69	rs11858468	 4.10e-02	 -7.96	-0.01770	326	 38	enet	0.06	2.5e-17	-0.00957	9.92e-01
NA	/data/songy4/twas/output/weights//ENSG00000136404.wgt.RDat	ENSG00000136404	15	83776159	83813606	0.2104	rs934140	 3.71	rs28436027	 5.33e-02	 -9.38	 0.14423	364	 25	enet	0.16	1e-45	-1.22109	2.22e-01
NA	/data/songy4/twas/output/weights//ENSG00000166503.wgt.RDat	ENSG00000166503	15	83784320	83876770	0.2903	rs934140	 3.71	rs7167364	 3.12e-01	 18.91	-0.32275	390	 23	enet	0.39	4.6e-126	 0.09521	9.24e-01
NA	/data/songy4/twas/output/weights//ENSG00000156218.wgt.RDat	ENSG00000156218	15	84322838	84708594	0.0195	rs934140	 3.71	rs7165448	-4.56e-04	  3.67	-0.81967	390	 23	enet	0.0086	0.00098	-0.93483	3.50e-01
NA	/data/songy4/twas/output/weights//ENSG00000259511.wgt.RDat	ENSG00000259511	15	84841242	84850986	0.1263	rs4310815	-2.95	rs3825877	 6.76e-02	 -9.60	 0.56383	260	 18	enet	0.13	1.9e-37	-0.75241	4.52e-01
NA	/data/songy4/twas/output/weights//ENSG00000184206.wgt.RDat	ENSG00000184206	15	84904525	84914120	0.6634	rs4310815	-2.95	rs3762169	 4.43e-01	 22.49	 1.32540	261	 65	enet	0.59	1.7e-224	 1.46042	1.44e-01
NA	/data/songy4/twas/output/weights//ENSG00000176371.wgt.RDat	ENSG00000176371	15	85144217	85171027	0.0512	rs12910396	-2.69	rs3817193	 2.20e-02	 -5.35	-0.03906	379	  5	lasso	0.023	1.2e-07	 0.58005	5.62e-01
NA	/data/songy4/twas/output/weights//ENSG00000177082.wgt.RDat	ENSG00000177082	15	85185999	85197574	0.1927	rs12910396	-2.69	rs9744239	 2.35e-01	 16.51	 0.34416	383	  9	lasso	0.25	5.2e-72	 0.29043	7.71e-01
NA	/data/songy4/twas/output/weights//ENSG00000197696.wgt.RDat	ENSG00000197696	15	85198360	85201794	0.0498	rs12910396	-2.69	rs11635597	 5.17e-02	 -7.98	 0.48077	382	 20	enet	0.054	1.1e-15	-0.44036	6.60e-01
NA	/data/songy4/twas/output/weights//ENSG00000140612.wgt.RDat	ENSG00000140612	15	85212775	85259947	0.0708	rs12910396	-2.69	rs7179643	 5.55e-02	  8.21	 0.10185	386	  5	lasso	0.058	9.2e-17	-0.24936	8.03e-01
NA	/data/songy4/twas/output/weights//ENSG00000166716.wgt.RDat	ENSG00000166716	15	85291866	85349659	0.2098	rs12910396	-2.69	rs17599989	 2.00e-01	-15.25	 0.62500	382	 26	enet	0.22	8.7e-64	-0.39398	6.94e-01
NA	/data/songy4/twas/output/weights//ENSG00000136383.wgt.RDat	ENSG00000136383	15	85359911	85416713	0.0355	rs12910396	-2.69	rs11073663	 1.75e-02	 -5.56	-0.79787	392	  1	top1	0.018	4.4e-06	 0.79787	4.25e-01
NA	/data/songy4/twas/output/weights//ENSG00000073417.wgt.RDat	ENSG00000073417	15	85523671	85682376	0.1462	rs12910396	-2.69	rs12900078	 6.72e-02	 -8.85	 0.75362	531	 11	lasso	0.084	1.1e-23	-0.62441	5.32e-01
NA	/data/songy4/twas/output/weights//ENSG00000170776.wgt.RDat	ENSG00000170776	15	85923802	86292586	0.0422	rs12910396	-2.69	rs16943484	 3.16e-02	  6.56	-1.11707	774	  4	lasso	0.041	2.5e-12	-0.74510	4.56e-01
NA	/data/songy4/twas/output/weights//ENSG00000183655.wgt.RDat	ENSG00000183655	15	86302554	86338261	0.0390	rs12594289	-2.47	rs1978391	 1.41e-02	 -5.32	 0.90566	588	 27	enet	0.02	9.4e-07	-1.33051	1.83e-01
NA	/data/songy4/twas/output/weights//ENSG00000140543.wgt.RDat	ENSG00000140543	15	89054790	89089906	0.0413	rs894290	-3.09	rs1561577	 1.69e-02	  5.14	-2.87500	475	 28	enet	0.019	1.8e-06	-2.56934	1.02e-02
NA	/data/songy4/twas/output/weights//ENSG00000181026.wgt.RDat	ENSG00000181026	15	89164527	89175513	0.1320	rs894290	-3.09	rs3826039	 1.53e-02	 -6.18	-0.18182	475	  9	lasso	0.062	1e-17	-0.40075	6.89e-01
NA	/data/songy4/twas/output/weights//ENSG00000172183.wgt.RDat	ENSG00000172183	15	89179384	89199714	0.2450	rs894290	-3.09	rs11853186	 2.02e-01	 15.20	-0.59048	474	  6	lasso	0.24	4.2e-69	-0.40671	6.84e-01
NA	/data/songy4/twas/output/weights//ENSG00000140545.wgt.RDat	ENSG00000140545	15	89441916	89456642	0.1428	rs1440125	 3.02	rs3784752	 7.70e-02	  9.44	-2.46087	452	 11	lasso	0.097	3.3e-27	-2.21752	2.66e-02
NA	/data/songy4/twas/output/weights//ENSG00000140526.wgt.RDat	ENSG00000140526	15	89630690	89745591	0.1167	rs1561577	-2.88	rs8026267	 1.22e-02	  6.18	-0.95050	491	 42	enet	0.047	8.7e-14	-1.02490	3.05e-01
NA	/data/songy4/twas/output/weights//ENSG00000140521.wgt.RDat	ENSG00000140521	15	89859534	89878092	0.0589	rs2283436	 2.68	rs2283430	 3.98e-02	  7.16	-1.22449	469	  1	top1	0.04	6.7e-12	-1.22449	2.21e-01
NA	/data/songy4/twas/output/weights//ENSG00000166819.wgt.RDat	ENSG00000166819	15	90207596	90222658	0.0806	rs2283436	 2.68	rs17816376	 5.07e-02	  8.37	-0.25641	398	 16	enet	0.054	1.1e-15	-1.02461	3.06e-01
NA	/data/songy4/twas/output/weights//ENSG00000166821.wgt.RDat	ENSG00000166821	15	90220995	90234014	0.3413	rs2283436	 2.68	rs17816376	 4.35e-01	 22.26	-0.25641	397	  1	top1	0.44	1.9e-143	-0.25641	7.98e-01
NA	/data/songy4/twas/output/weights//ENSG00000140527.wgt.RDat	ENSG00000140527	15	90234028	90286869	0.0696	rs894160	-2.23	rs8035597	 3.14e-02	 -6.56	-1.17143	428	 19	enet	0.04	6.8e-12	 0.75978	4.47e-01
NA	/data/songy4/twas/output/weights//ENSG00000166823.wgt.RDat	ENSG00000166823	15	90291892	90294541	0.0910	rs894160	-2.23	rs28625357	 1.04e-01	-11.36	 1.47448	397	 24	enet	0.11	3.6e-32	-1.29483	1.95e-01
NA	/data/songy4/twas/output/weights//ENSG00000188095.wgt.RDat	ENSG00000188095	15	90303822	90321982	0.0578	rs894160	-2.23	rs11073891	 4.58e-02	  7.49	-1.05051	406	  1	top1	0.046	1.8e-13	-1.05051	2.93e-01
NA	/data/songy4/twas/output/weights//ENSG00000166825.wgt.RDat	ENSG00000166825	15	90328120	90358633	0.4030	rs894160	-2.23	rs11073891	 2.42e-01	-16.64	-1.05051	413	  6	lasso	0.34	8.4e-104	 1.10202	2.70e-01
NA	/data/songy4/twas/output/weights//ENSG00000157823.wgt.RDat	ENSG00000157823	15	90373831	90437574	0.3241	rs894160	-2.23	rs10520684	 9.74e-02	-10.69	-0.45714	438	 25	enet	0.23	1.3e-65	-1.11150	2.66e-01
NA	/data/songy4/twas/output/weights//ENSG00000250021.wgt.RDat	ENSG00000250021	15	90377540	90456114	0.2484	rs894160	-2.23	rs1269077	 1.58e-01	-13.43	 1.72483	441	 25	enet	0.17	2.4e-49	-1.22621	2.20e-01
NA	/data/songy4/twas/output/weights//ENSG00000242498.wgt.RDat	ENSG00000242498	15	90443159	90456188	0.6860	rs894160	-2.23	rs1269077	 5.64e-01	-25.33	 1.72483	425	 10	lasso	0.61	6.6e-233	-1.73591	8.26e-02
NA	/data/songy4/twas/output/weights//ENSG00000140548.wgt.RDat	ENSG00000140548	15	90544624	90625438	0.1663	rs894160	-2.23	rs2970359	 8.08e-02	  9.86	 1.18803	455	 27	enet	0.099	6.6e-28	 0.81076	4.18e-01
NA	/data/songy4/twas/output/weights//ENSG00000182054.wgt.RDat	ENSG00000182054	15	90626277	90645736	0.0313	rs894160	-2.23	rs9972327	-1.38e-04	  3.56	 0.97842	448	 18	enet	0.0037	0.022	-0.21632	8.29e-01
NA	/data/songy4/twas/output/weights//ENSG00000185033.wgt.RDat	ENSG00000185033	15	90703836	90772911	0.1052	rs894160	-2.23	rs1543115	 8.06e-02	  9.81	-0.25472	445	  1	top1	0.081	9.4e-23	-0.25472	7.99e-01
NA	/data/songy4/twas/output/weights//ENSG00000185043.wgt.RDat	ENSG00000185043	15	90773207	90777279	0.4538	rs2301822	 2.18	rs9744242	 4.74e-01	-23.23	-1.36842	414	  7	lasso	0.58	2e-218	 0.48531	6.27e-01
NA	/data/songy4/twas/output/weights//ENSG00000183208.wgt.RDat	ENSG00000183208	15	90777040	90785315	0.0230	rs2301822	 2.18	rs7171194	 2.86e-02	 -5.82	-1.68367	414	  1	top1	0.029	5.7e-09	 1.68367	9.22e-02
NA	/data/songy4/twas/output/weights//ENSG00000182768.wgt.RDat	ENSG00000182768	15	90808891	90816463	0.2156	rs2301822	 2.18	rs1533327	 1.28e-01	 12.24	-0.07368	410	  5	lasso	0.16	3.4e-44	-0.04882	9.61e-01
NA	/data/songy4/twas/output/weights//ENSG00000140575.wgt.RDat	ENSG00000140575	15	90931450	91045475	0.0700	rs16945157	 2.75	rs2589939	 7.41e-02	  9.67	 0.55319	478	  8	lasso	0.094	1.9e-26	 1.31192	1.90e-01
NA	/data/songy4/twas/output/weights//ENSG00000140577.wgt.RDat	ENSG00000140577	15	91073157	91188577	0.0691	rs1108351	 3.36	rs11631439	 1.74e-02	  7.28	 0.56481	515	 22	enet	0.066	9.9e-19	 0.38999	6.97e-01
NA	/data/songy4/twas/output/weights//ENSG00000197299.wgt.RDat	ENSG00000197299	15	91260558	91358859	0.0908	rs1108351	 3.36	rs389480	 4.99e-02	  7.79	 0.31183	555	  1	top1	0.05	1.4e-14	 0.31183	7.55e-01
NA	/data/songy4/twas/output/weights//ENSG00000182511.wgt.RDat	ENSG00000182511	15	91426925	91439006	0.3149	rs1108351	 3.36	rs1894400	 8.25e-02	-10.73	-0.60913	508	 69	enet	0.24	2.7e-70	 1.43998	1.50e-01
NA	/data/songy4/twas/output/weights//ENSG00000196547.wgt.RDat	ENSG00000196547	15	91445448	91465814	0.1036	rs1108351	 3.36	rs2072077	 7.38e-02	 -9.31	-1.80693	507	  7	enet	0.078	4e-22	 1.85835	6.31e-02
NA	/data/songy4/twas/output/weights//ENSG00000140553.wgt.RDat	ENSG00000140553	15	91473410	91497323	0.0358	rs1108351	 3.36	rs6496749	-4.25e-04	  3.53	 1.43902	503	  1	top1	-0.00043	0.47	 1.43902	1.50e-01
NA	/data/songy4/twas/output/weights//ENSG00000184056.wgt.RDat	ENSG00000184056	15	91541646	91565833	0.0490	rs1108351	 3.36	rs11073967	 3.81e-02	 -6.82	 1.92079	506	  1	top1	0.038	1.8e-11	-1.92079	5.48e-02
NA	/data/songy4/twas/output/weights//ENSG00000185518.wgt.RDat	ENSG00000185518	15	91643180	91844539	0.0346	rs1108351	 3.36	rs11074005	 5.58e-03	 -4.49	-1.15152	597	  5	lasso	0.018	3.4e-06	 0.48552	6.27e-01
NA	/data/songy4/twas/output/weights//ENSG00000176463.wgt.RDat	ENSG00000176463	15	92396925	92715665	0.2164	rs7171140	 3.82	rs7162027	 1.57e-01	-13.48	-1.30508	833	  9	lasso	0.17	1.2e-47	 1.43043	1.53e-01
NA	/data/songy4/twas/output/weights//ENSG00000140563.wgt.RDat	ENSG00000140563	15	94774767	95023632	0.1145	rs7403440	-3.30	rs11854463	 7.58e-02	  9.47	-0.89189	767	 53	enet	0.087	1.3e-24	-0.56143	5.75e-01
NA	/data/songy4/twas/output/weights//ENSG00000185551.wgt.RDat	ENSG00000185551	15	96869167	96883492	0.0341	rs12912030	-2.55	rs8042185	-8.79e-04	  3.41	 0.94667	515	  1	lasso	0.0052	0.0087	 0.94667	3.44e-01
NA	/data/songy4/twas/output/weights//ENSG00000140450.wgt.RDat	ENSG00000140450	15	98462784	98517068	0.4890	rs1043382	 4.65	rs1552679	 5.24e-01	 24.41	 2.95690	609	 40	enet	0.55	4.2e-197	 2.77323	5.55e-03
NA	/data/songy4/twas/output/weights//ENSG00000140443.wgt.RDat	ENSG00000140443	15	99192200	99507759	0.1036	rs7177074	 2.90	rs2593053	 4.60e-02	 -7.33	-0.95370	771	 23	enet	0.084	1.3e-23	 1.14981	2.50e-01
NA	/data/songy4/twas/output/weights//ENSG00000182253.wgt.RDat	ENSG00000182253	15	99638420	99675798	0.3404	rs7177074	 2.90	rs11636944	 4.41e-01	-22.45	-1.52941	547	  1	top1	0.44	6.3e-146	 1.52941	1.26e-01
NA	/data/songy4/twas/output/weights//ENSG00000103852.wgt.RDat	ENSG00000103852	15	99676528	99791428	0.3667	rs7177074	 2.90	rs2084900	 4.54e-01	-22.78	 0.26804	586	 33	enet	0.46	3.2e-156	-0.18542	8.53e-01
NA	/data/songy4/twas/output/weights//ENSG00000168904.wgt.RDat	ENSG00000168904	15	99791567	99930934	0.2066	rs7177074	 2.90	rs2602021	 1.12e-01	 11.86	 0.65000	594	  9	lasso	0.2	3.1e-57	 0.20826	8.35e-01
NA	/data/songy4/twas/output/weights//ENSG00000068305.wgt.RDat	ENSG00000068305	15	100017370	100256671	0.1762	rs7183000	-3.06	rs8026614	 3.05e-02	 -6.95	 0.16327	640	 53	enet	0.097	2.6e-27	-0.72942	4.66e-01
NA	/data/songy4/twas/output/weights//ENSG00000183060.wgt.RDat	ENSG00000183060	15	100255902	100273766	0.5608	rs7183000	-3.06	rs6598265	 3.77e-01	 20.73	 0.93000	512	  7	lasso	0.46	5.9e-156	 1.00790	3.14e-01
NA	/data/songy4/twas/output/weights//ENSG00000140470.wgt.RDat	ENSG00000140470	15	100511794	100882210	0.1692	rs7183000	-3.06	rs2573643	 8.87e-02	-10.21	-1.26667	721	 16	enet	0.13	8.7e-38	 1.30294	1.93e-01
NA	/data/songy4/twas/output/weights//ENSG00000154227.wgt.RDat	ENSG00000154227	15	100940600	101085200	0.4831	rs7183000	-3.06	rs4965672	 2.44e-01	 17.85	-0.42241	661	 77	enet	0.47	8.9e-160	 0.30078	7.64e-01
NA	/data/songy4/twas/output/weights//ENSG00000140471.wgt.RDat	ENSG00000140471	15	101099574	101143435	0.3982	rs7183000	-3.06	rs12460	 2.76e-01	-17.77	-0.16327	613	 62	enet	0.39	3.7e-126	 1.70161	8.88e-02
NA	/data/songy4/twas/output/weights//ENSG00000183475.wgt.RDat	ENSG00000183475	15	101142739	101191910	0.0710	rs7183000	-3.06	rs4965320	 3.54e-02	 -6.67	-0.40594	621	  1	top1	0.035	9.6e-11	 0.40594	6.85e-01
NA	/data/songy4/twas/output/weights//ENSG00000154237.wgt.RDat	ENSG00000154237	15	101459420	101610317	0.0783	rs8029801	-2.76	rs11858394	 1.14e-02	 -5.57	 0.78195	746	 53	enet	0.045	3.4e-13	 0.32770	7.43e-01
NA	/data/songy4/twas/output/weights//ENSG00000131873.wgt.RDat	ENSG00000131873	15	101715928	101792137	0.3116	rs8029801	-2.76	rs3743193	 2.64e-01	-17.45	-0.36538	662	 18	enet	0.27	1.6e-78	 0.23060	8.18e-01
NA	/data/songy4/twas/output/weights//ENSG00000184277.wgt.RDat	ENSG00000184277	15	102161847	102192594	0.0607	rs8029801	-2.76	rs8031873	 5.26e-02	  8.57	-0.84821	452	 11	enet	0.081	7.1e-23	-1.29717	1.95e-01
NA	/data/songy4/twas/output/weights//ENSG00000185418.wgt.RDat	ENSG00000185418	15	102193801	102264807	0.0751	rs8029801	-2.76	rs12595678	 7.60e-02	 -9.56	-0.71552	436	  5	lasso	0.081	5.6e-23	 1.17708	2.39e-01
NA	/data/songy4/twas/output/weights//ENSG00000184140.wgt.RDat	ENSG00000184140	15	102345902	102346876	0.0477	rs8029801	-2.76	rs8026439	 3.82e-02	  7.38	-0.41379	337	  3	lasso	0.05	1.5e-14	-1.20355	2.29e-01
NA	/data/songy4/twas/output/weights//ENSG00000182854.wgt.RDat	ENSG00000182854	15	102358366	102359350	0.0193	rs8029801	-2.76	rs7169476	 1.85e-02	 -4.95	 1.54000	329	  1	top1	0.019	2.5e-06	-1.54000	1.24e-01
