PANEL	FILE	ID	CHR	P0	P1	HSQ	BEST.GWAS.ID	BEST.GWAS.Z	EQTL.ID	EQTL.R2	EQTL.Z	EQTL.GWAS.Z	NSNP	NWGT	MODEL	MODELCV.R2	MODELCV.PV	TWAS.Z	TWAS.P
NA	/data/songy4/twas/output/weights//ENSG00000196199.wgt.RDat	ENSG00000196199	13	20207788	20247599	0.0461	rs9552089	-3.11	rs9508811	 0.057270	  8.57	-1.59575	 311	13	lasso	0.059	7.2e-17	-1.77104	7.66e-02
NA	/data/songy4/twas/output/weights//ENSG00000121390.wgt.RDat	ENSG00000121390	13	20248896	20357142	0.0834	rs3751385	 3.28	rs9578201	 0.075434	  9.39	-2.52577	 347	 3	lasso	0.11	8.5e-32	-0.97000	3.32e-01
NA	/data/songy4/twas/output/weights//ENSG00000132950.wgt.RDat	ENSG00000132950	13	20397622	20437776	0.1024	rs3751385	 3.28	rs7328604	 0.051162	 -8.09	 0.21622	 366	29	enet	0.065	1.1e-18	 0.58457	5.59e-01
NA	/data/songy4/twas/output/weights//ENSG00000121743.wgt.RDat	ENSG00000121743	13	20712394	20735188	0.1069	rs3751385	 3.28	rs1011038	 0.059338	  8.40	 0.92233	 465	 1	top1	0.059	4.7e-17	 0.92233	3.56e-01
NA	/data/songy4/twas/output/weights//ENSG00000121742.wgt.RDat	ENSG00000121742	13	20796110	20806534	0.2113	rs3751385	 3.28	rs7329649	 0.144549	 14.17	-1.21698	 455	22	enet	0.2	1.7e-58	-1.68422	9.21e-02
NA	/data/songy4/twas/output/weights//ENSG00000165475.wgt.RDat	ENSG00000165475	13	20977806	21099996	0.1605	rs3751385	 3.28	rs9552200	 0.079182	 -9.84	-0.97414	 528	41	enet	0.12	1.5e-33	-0.35538	7.22e-01
NA	/data/songy4/twas/output/weights//ENSG00000032742.wgt.RDat	ENSG00000032742	13	21140585	21265503	0.3932	rs3751385	 3.28	rs12873775	 0.411623	 21.68	-0.86458	 575	43	enet	0.49	5.4e-168	-0.51706	6.05e-01
NA	/data/songy4/twas/output/weights//ENSG00000150456.wgt.RDat	ENSG00000150456	13	21302870	21348097	0.1309	rs1537787	 2.65	rs9579937	 0.151779	 13.20	-2.35417	 528	 1	top1	0.15	9e-43	-2.35417	1.86e-02
NA	/data/songy4/twas/output/weights//ENSG00000150457.wgt.RDat	ENSG00000150457	13	21547171	21635686	0.1404	rs9509428	 2.50	rs9509513	 0.105576	 11.37	 0.27928	 473	 9	lasso	0.11	2.5e-31	 0.13835	8.90e-01
NA	/data/songy4/twas/output/weights//ENSG00000165480.wgt.RDat	ENSG00000165480	13	21727734	21750741	0.0305	rs9509428	 2.50	rs9506622	 0.023988	  5.50	-0.42105	 422	 1	top1	0.024	9e-08	-0.42105	6.74e-01
NA	/data/songy4/twas/output/weights//ENSG00000173141.wgt.RDat	ENSG00000173141	13	21750784	21753223	0.0359	rs9509428	 2.50	rs9550716	 0.029569	 -6.28	 1.29730	 414	 2	lasso	0.03	2.5e-09	-1.24199	2.14e-01
NA	/data/songy4/twas/output/weights//ENSG00000180776.wgt.RDat	ENSG00000180776	13	21950263	22033509	0.1755	rs7317016	-2.92	rs8002194	 0.142585	 13.20	-1.30973	 551	 9	lasso	0.18	8.6e-52	-1.51028	1.31e-01
NA	/data/songy4/twas/output/weights//ENSG00000165487.wgt.RDat	ENSG00000165487	13	22066836	22178353	0.0522	rs7317016	-2.92	rs1044045	 0.040644	 -7.32	 0.14844	 619	22	enet	0.055	6.6e-16	-0.15448	8.77e-01
NA	/data/songy4/twas/output/weights//ENSG00000151835.wgt.RDat	ENSG00000151835	13	23902965	24007841	0.0337	rs9507038	-3.04	rs6650254	-0.000840	  3.51	 0.20325	 735	 4	lasso	0.0058	0.0057	 0.26392	7.92e-01
NA	/data/songy4/twas/output/weights//ENSG00000127863.wgt.RDat	ENSG00000127863	13	24144509	24250232	0.0402	rs9507038	-3.04	rs7337765	 0.011337	  5.36	-0.45263	 847	18	enet	0.017	6.8e-06	-0.37207	7.10e-01
NA	/data/songy4/twas/output/weights//ENSG00000027001.wgt.RDat	ENSG00000027001	13	24304328	24463558	0.0514	rs9507294	 4.64	rs1926087	 0.044096	 -7.43	 1.44538	 855	 4	lasso	0.053	3e-15	-1.43666	1.51e-01
NA	/data/songy4/twas/output/weights//ENSG00000182957.wgt.RDat	ENSG00000182957	13	24553944	24881212	0.2558	rs9507294	 4.64	rs9578700	 0.065225	 -9.33	-0.85981	 921	 9	lasso	0.16	8.1e-46	 0.62889	5.29e-01
NA	/data/songy4/twas/output/weights//ENSG00000102699.wgt.RDat	ENSG00000102699	13	24995064	25086948	0.1881	rs9507294	 4.64	rs1816752	 0.077396	-10.84	-1.68269	 739	19	enet	0.15	5.9e-43	 1.94295	5.20e-02
NA	/data/songy4/twas/output/weights//ENSG00000132972.wgt.RDat	ENSG00000132972	13	25338290	25454059	0.0255	rs17081918	 3.25	rs8000984	 0.000109	 -4.43	-0.44000	 580	15	enet	0.0059	0.0054	 0.08513	9.32e-01
NA	/data/songy4/twas/output/weights//ENSG00000151849.wgt.RDat	ENSG00000151849	13	25457171	25497018	0.0300	rs17081918	 3.25	rs7999070	 0.005086	 -4.69	-1.08589	 550	 1	top1	0.0051	0.0092	 1.08589	2.78e-01
NA	/data/songy4/twas/output/weights//ENSG00000139505.wgt.RDat	ENSG00000139505	13	25802307	25862147	0.0753	rs17081918	 3.25	rs9645860	 0.059578	  8.58	 1.78125	 523	 1	top1	0.06	4.1e-17	 1.78125	7.49e-02
NA	/data/songy4/twas/output/weights//ENSG00000139496.wgt.RDat	ENSG00000139496	13	25875662	25923938	0.0871	rs17081918	 3.25	rs12491	 0.054774	 -7.99	 1.36190	 509	 3	lasso	0.071	4.7e-20	-0.64156	5.21e-01
NA	/data/songy4/twas/output/weights//ENSG00000132932.wgt.RDat	ENSG00000132932	13	25946209	26599989	0.1485	rs17081918	 3.25	rs1048789	 0.069979	 -9.07	 0.00990	 841	29	enet	0.11	8.3e-31	 0.55028	5.82e-01
NA	/data/songy4/twas/output/weights//ENSG00000180730.wgt.RDat	ENSG00000180730	13	26618735	26625169	0.0901	rs9507528	-2.91	rs12871257	 0.007142	  4.74	 1.79545	 506	66	enet	0.056	4.8e-16	-1.12750	2.60e-01
NA	/data/songy4/twas/output/weights//ENSG00000127870.wgt.RDat	ENSG00000127870	13	26706253	26796791	0.0211	rs6491121	-2.86	rs10507353	 0.021984	  5.48	-0.25743	 561	 1	top1	0.022	3e-07	-0.25743	7.97e-01
NA	/data/songy4/twas/output/weights//ENSG00000132964.wgt.RDat	ENSG00000132964	13	26828276	26979375	0.0611	rs6491121	-2.86	rs2182848	 0.026964	  6.20	-2.09579	 635	62	enet	0.032	8.3e-10	-1.43210	1.52e-01
NA	/data/songy4/twas/output/weights//ENSG00000132970.wgt.RDat	ENSG00000132970	13	27131840	27263085	0.0238	rs6491121	-2.86	rs2133813	 0.011025	 -4.50	 0.55000	 674	 1	top1	0.011	0.00023	-0.55000	5.82e-01
NA	/data/songy4/twas/output/weights//ENSG00000152484.wgt.RDat	ENSG00000152484	13	27640293	27746033	0.1074	rs12429729	 2.64	rs17522912	 0.079108	 -9.66	 0.11111	 664	 1	top1	0.079	2.4e-22	-0.11111	9.12e-01
NA	/data/songy4/twas/output/weights//ENSG00000122026.wgt.RDat	ENSG00000122026	13	27825446	27830828	0.0847	rs12429729	 2.64	rs17522912	 0.094984	-10.50	 0.11111	 603	 1	top1	0.095	1.1e-26	-0.11111	9.12e-01
NA	/data/songy4/twas/output/weights//ENSG00000122035.wgt.RDat	ENSG00000122035	13	27844464	27847827	0.2184	rs12429729	 2.64	rs41485749	 0.163111	 13.66	-0.57432	 602	 8	lasso	0.22	1.1e-63	-0.60125	5.48e-01
NA	/data/songy4/twas/output/weights//ENSG00000122034.wgt.RDat	ENSG00000122034	13	27998681	28009958	0.1171	rs944496	-3.07	rs7988412	 0.092723	-10.63	 0.23770	 570	17	enet	0.11	8.7e-30	 0.08331	9.34e-01
NA	/data/songy4/twas/output/weights//ENSG00000122033.wgt.RDat	ENSG00000122033	13	28009776	28024739	0.0812	rs944496	-3.07	rs2760901	 0.067939	  8.88	 1.84375	 569	 5	lasso	0.091	1.5e-25	 1.44292	1.49e-01
NA	/data/songy4/twas/output/weights//ENSG00000139517.wgt.RDat	ENSG00000139517	13	28120050	28194541	0.2156	rs944496	-3.07	rs9512759	 0.178050	-14.32	 1.80000	 564	21	enet	0.2	3.6e-57	-2.17273	2.98e-02
NA	/data/songy4/twas/output/weights//ENSG00000186184.wgt.RDat	ENSG00000186184	13	28194903	28241548	0.5613	rs944496	-3.07	rs9512759	 0.344483	-19.82	 1.80000	 537	44	enet	0.52	1.9e-181	-1.01981	3.08e-01
NA	/data/songy4/twas/output/weights//ENSG00000152520.wgt.RDat	ENSG00000152520	13	28712643	28869475	0.1236	rs944496	-3.07	rs7338285	 0.130660	 12.74	-0.51131	 606	25	enet	0.14	7.8e-39	-0.79093	4.29e-01
NA	/data/songy4/twas/output/weights//ENSG00000102755.wgt.RDat	ENSG00000102755	13	28874489	29069265	0.1082	rs944496	-3.07	rs622227	 0.054727	 -8.01	 0.06294	 574	 6	lasso	0.078	4.4e-22	-0.29385	7.69e-01
NA	/data/songy4/twas/output/weights//ENSG00000139508.wgt.RDat	ENSG00000139508	13	29274201	29293107	0.0498	rs7320128	-2.92	rs913798	 0.014620	  5.35	-0.26606	 489	23	enet	0.03	2.2e-09	-0.21923	8.26e-01
NA	/data/songy4/twas/output/weights//ENSG00000139514.wgt.RDat	ENSG00000139514	13	30083547	30169825	0.1781	rs1571994	 3.40	rs9506213	 0.102290	 10.97	 0.62500	 650	28	enet	0.16	4.4e-44	 0.60048	5.48e-01
NA	/data/songy4/twas/output/weights//ENSG00000122042.wgt.RDat	ENSG00000122042	13	30338508	30424821	0.0404	rs1571994	 3.40	rs9551757	 0.010229	  4.75	 1.00529	 645	16	enet	0.024	8.2e-08	 1.83197	6.70e-02
NA	/data/songy4/twas/output/weights//ENSG00000102781.wgt.RDat	ENSG00000102781	13	30776767	30881621	0.0964	rs1571994	 3.40	rs9508700	 0.064911	 -8.79	 0.43137	 631	 7	lasso	0.071	4.3e-20	-0.38881	6.97e-01
NA	/data/songy4/twas/output/weights//ENSG00000189403.wgt.RDat	ENSG00000189403	13	31032884	31191734	0.0623	rs1571994	 3.40	rs1045411	 0.038463	  6.74	 2.28696	 677	 1	top1	0.038	1.5e-11	 2.28696	2.22e-02
NA	/data/songy4/twas/output/weights//ENSG00000132965.wgt.RDat	ENSG00000132965	13	31309645	31338556	0.2020	rs4942614	-2.85	rs4075131	 0.172391	 14.08	 0.36207	 581	 8	lasso	0.19	1.4e-54	 0.29877	7.65e-01
NA	/data/songy4/twas/output/weights//ENSG00000102802.wgt.RDat	ENSG00000102802	13	31480328	31499709	0.0265	rs4942614	-2.85	rs11147435	 0.012863	  4.92	 0.59091	 590	 1	top1	0.013	7.4e-05	 0.59091	5.55e-01
NA	/data/songy4/twas/output/weights//ENSG00000120694.wgt.RDat	ENSG00000120694	13	31710762	31736525	0.0515	rs1744809	-3.07	rs2274019	 0.021429	  6.53	-1.54054	 609	 4	lasso	0.041	2.5e-12	-1.65144	9.86e-02
NA	/data/songy4/twas/output/weights//ENSG00000187676.wgt.RDat	ENSG00000187676	13	31774073	31906413	0.0433	rs1744809	-3.07	rs9540737	 0.030638	  6.15	 1.76923	 661	 1	top1	0.031	1.7e-09	 1.76923	7.69e-02
NA	/data/songy4/twas/output/weights//ENSG00000073910.wgt.RDat	ENSG00000073910	13	32605437	32870794	0.1061	rs424118	-3.89	rs13313317	 0.035266	  6.70	-0.11765	 552	27	enet	0.047	1.1e-13	-0.49573	6.20e-01
NA	/data/songy4/twas/output/weights//ENSG00000139618.wgt.RDat	ENSG00000139618	13	32889611	32973805	0.1137	rs424118	-3.89	rs1799943	 0.074586	 -9.35	 0.03604	 468	24	enet	0.084	1.1e-23	-0.13377	8.94e-01
NA	/data/songy4/twas/output/weights//ENSG00000139597.wgt.RDat	ENSG00000139597	13	32974861	33002315	0.0727	rs424118	-3.89	rs4942486	 0.043087	 -7.25	-0.73118	 456	 1	top1	0.043	9.2e-13	 0.73118	4.65e-01
NA	/data/songy4/twas/output/weights//ENSG00000244754.wgt.RDat	ENSG00000244754	13	33006554	33112970	0.0231	rs424118	-3.89	rs9595795	 0.009359	 -4.78	 0.79381	 543	 7	enet	0.013	5.1e-05	-1.37466	1.69e-01
NA	/data/songy4/twas/output/weights//ENSG00000083642.wgt.RDat	ENSG00000083642	13	33160564	33352157	0.0354	rs204566	-3.39	rs7988462	 0.024604	 -5.94	 0.75510	 670	20	enet	0.03	3.1e-09	-1.05012	2.94e-01
NA	/data/songy4/twas/output/weights//ENSG00000133116.wgt.RDat	ENSG00000133116	13	33590207	33640282	0.1352	rs12716668	-3.07	rs2244820	 0.065006	  9.12	 0.49305	 544	49	enet	0.12	1.7e-32	 0.38242	7.02e-01
NA	/data/songy4/twas/output/weights//ENSG00000133121.wgt.RDat	ENSG00000133121	13	33677272	33924767	0.0571	rs9592031	-3.14	rs9597282	 0.002592	  4.52	-0.55469	 686	32	enet	0.024	8.2e-08	-1.37960	1.68e-01
NA	/data/songy4/twas/output/weights//ENSG00000133119.wgt.RDat	ENSG00000133119	13	34392186	34540695	0.0962	rs9592031	-3.14	rs9538485	 0.009050	  5.58	 0.35354	 553	31	enet	0.047	8.9e-14	 0.45441	6.50e-01
NA	/data/songy4/twas/output/weights//ENSG00000172915.wgt.RDat	ENSG00000172915	13	35516424	36247159	0.0342	rs9544930	 3.79	rs998923	 0.051620	  7.89	 0.98527	 749	 1	top1	0.052	5.2e-15	 0.98527	3.24e-01
NA	/data/songy4/twas/output/weights//ENSG00000250709.wgt.RDat	ENSG00000250709	13	36742931	36871979	0.0223	rs9575700	-4.20	rs9546762	 0.007735	  4.11	-1.97872	 609	 1	top1	0.0077	0.0017	-1.97872	4.78e-02
NA	/data/songy4/twas/output/weights//ENSG00000242715.wgt.RDat	ENSG00000242715	13	36801182	36871977	0.0388	rs9575700	-4.20	rs9547461	 0.014086	  4.87	 0.89076	 569	 1	top1	0.014	3.5e-05	 0.89076	3.73e-01
NA	/data/songy4/twas/output/weights//ENSG00000133104.wgt.RDat	ENSG00000133104	13	36875775	36944317	0.2582	rs9575700	-4.20	rs2874915	 0.463971	 23.06	-2.72973	 569	27	enet	0.47	3.7e-157	-2.79129	5.25e-03
NA	/data/songy4/twas/output/weights//ENSG00000133101.wgt.RDat	ENSG00000133101	13	37005967	37017019	0.0908	rs9575700	-4.20	rs3927730	 0.071337	  9.12	-0.09434	 493	22	enet	0.091	1.2e-25	 0.65810	5.10e-01
NA	/data/songy4/twas/output/weights//ENSG00000120699.wgt.RDat	ENSG00000120699	13	37572953	37583750	0.1054	rs17055893	 3.59	rs9603126	 0.124573	 12.19	 2.01031	 529	 1	top1	0.12	6.1e-35	 2.01031	4.44e-02
NA	/data/songy4/twas/output/weights//ENSG00000102710.wgt.RDat	ENSG00000102710	13	37583449	37633850	0.3309	rs17055893	 3.59	rs6563508	 0.504199	-23.97	-0.08929	 573	66	enet	0.51	2.3e-177	-0.08735	9.30e-01
NA	/data/songy4/twas/output/weights//ENSG00000120686.wgt.RDat	ENSG00000120686	13	38923986	38937140	0.0204	rs2442364	-2.40	rs9315573	 0.010703	 -4.79	-0.57407	 427	 1	top1	0.011	0.00028	 0.57407	5.66e-01
NA	/data/songy4/twas/output/weights//ENSG00000183722.wgt.RDat	ENSG00000183722	13	39917029	40177665	0.0797	rs9532443	-3.41	rs11147763	 0.056668	 -8.15	 0.33962	 688	 1	top1	0.057	2.4e-16	-0.33962	7.34e-01
NA	/data/songy4/twas/output/weights//ENSG00000133103.wgt.RDat	ENSG00000133103	13	40229764	40365802	0.2473	rs9532443	-3.41	rs9532406	 0.235834	 16.42	-0.74074	 624	 9	lasso	0.33	2.1e-99	-1.66579	9.58e-02
NA	/data/songy4/twas/output/weights//ENSG00000102738.wgt.RDat	ENSG00000102738	13	41303432	41345309	0.0521	rs9576975	 2.67	rs4943810	 0.059942	 -8.34	-0.24088	 433	 1	top1	0.06	3.2e-17	 0.24088	8.10e-01
NA	/data/songy4/twas/output/weights//ENSG00000102743.wgt.RDat	ENSG00000102743	13	41363548	41384247	0.0230	rs12858465	 2.52	rs4943810	 0.011730	 -4.94	-0.24088	 393	 5	lasso	0.029	3.9e-09	 0.39514	6.93e-01
NA	/data/songy4/twas/output/weights//ENSG00000120688.wgt.RDat	ENSG00000120688	13	41635410	41658137	0.0272	rs9532889	-2.93	rs3794330	 0.007673	 -4.81	-1.85039	 324	21	enet	0.017	4.8e-06	 1.21913	2.23e-01
NA	/data/songy4/twas/output/weights//ENSG00000120696.wgt.RDat	ENSG00000120696	13	41763969	41768702	0.1683	rs9532889	-2.93	rs11620231	 0.160576	 13.57	-0.01515	 322	 3	lasso	0.16	1.9e-45	 0.28788	7.73e-01
NA	/data/songy4/twas/output/weights//ENSG00000120662.wgt.RDat	ENSG00000120662	13	41790505	41837742	0.0632	rs9532889	-2.93	rs7993974	 0.033363	 -6.46	 0.70874	 357	18	enet	0.05	1.3e-14	-1.14882	2.51e-01
NA	/data/songy4/twas/output/weights//ENSG00000172766.wgt.RDat	ENSG00000172766	13	41885341	41951166	0.0661	rs9532889	-2.93	rs12873706	 0.045951	 -7.36	 1.25000	 357	24	enet	0.054	1e-15	-1.49819	1.34e-01
NA	/data/songy4/twas/output/weights//ENSG00000102760.wgt.RDat	ENSG00000102760	13	42031695	42045018	0.0223	rs9532889	-2.93	rs7326471	 0.009549	 -4.10	-0.80172	 349	 1	top1	0.0095	0.00056	 0.80172	4.23e-01
NA	/data/songy4/twas/output/weights//ENSG00000102763.wgt.RDat	ENSG00000102763	13	42140973	42535256	0.0543	rs1033951	 3.00	rs7990886	 0.023097	 -6.38	 0.55838	 631	 8	lasso	0.046	1.8e-13	 0.19827	8.43e-01
NA	/data/songy4/twas/output/weights//ENSG00000023516.wgt.RDat	ENSG00000023516	13	42846289	42897396	0.0424	rs1033951	 3.00	rs1375620	 0.036514	  6.86	-0.43689	 542	12	lasso	0.048	5.2e-14	-0.97226	3.31e-01
NA	/data/songy4/twas/output/weights//ENSG00000133106.wgt.RDat	ENSG00000133106	13	43460524	43566407	0.2303	rs7984835	 2.89	rs3825511	 0.229280	 16.23	 1.20339	 643	 1	top1	0.23	1.7e-66	 1.20339	2.29e-01
NA	/data/songy4/twas/output/weights//ENSG00000120675.wgt.RDat	ENSG00000120675	13	43597339	43683045	0.8238	rs7984835	 2.89	rs17553284	 0.765190	-29.50	-1.94495	 641	 1	top1	0.77	0	 1.94495	5.18e-02
NA	/data/songy4/twas/output/weights//ENSG00000151773.wgt.RDat	ENSG00000151773	13	44398045	44453827	0.5806	rs17600057	 2.50	rs6561150	 0.523006	 24.41	-0.15464	 579	96	enet	0.63	8.6e-245	-0.35791	7.20e-01
NA	/data/songy4/twas/output/weights//ENSG00000179630.wgt.RDat	ENSG00000179630	13	44453420	44468068	0.0666	rs17600057	 2.50	rs2275252	 0.036653	 -7.27	 0.70833	 542	 8	lasso	0.057	2.6e-16	-1.14256	2.53e-01
NA	/data/songy4/twas/output/weights//ENSG00000133114.wgt.RDat	ENSG00000133114	13	45563687	45607746	0.0314	rs12877778	 3.40	rs9534009	 0.018023	  5.02	 1.46721	 368	 7	lasso	0.019	2.2e-06	 1.09321	2.74e-01
NA	/data/songy4/twas/output/weights//ENSG00000188342.wgt.RDat	ENSG00000188342	13	45694650	45858237	0.4888	rs1325648	 3.74	rs7987863	 0.320981	 19.17	-0.59016	 469	 6	lasso	0.32	9.8e-99	-0.46380	6.43e-01
NA	/data/songy4/twas/output/weights//ENSG00000174032.wgt.RDat	ENSG00000174032	13	45967451	45992590	0.0282	rs1325648	 3.74	rs9534150	 0.014890	  5.03	 1.42857	 476	 1	top1	0.015	2.2e-05	 1.42857	1.53e-01
NA	/data/songy4/twas/output/weights//ENSG00000136152.wgt.RDat	ENSG00000136152	13	46039060	46110765	0.0646	rs1325648	 3.74	rs2404229	 0.001978	 -4.05	-1.18033	 480	38	enet	0.013	7.2e-05	-0.46336	6.43e-01
NA	/data/songy4/twas/output/weights//ENSG00000136167.wgt.RDat	ENSG00000136167	13	46700055	46786006	0.0222	rs1325648	 3.74	rs2209092	 0.016620	  4.59	-0.00847	 573	 1	top1	0.017	7.6e-06	-0.00847	9.93e-01
NA	/data/songy4/twas/output/weights//ENSG00000173988.wgt.RDat	ENSG00000173988	13	46786083	46851501	0.1214	rs7996340	 3.84	rs1230465	 0.073812	  9.32	 0.72549	 583	 5	lasso	0.082	5e-23	 0.60582	5.45e-01
NA	/data/songy4/twas/output/weights//ENSG00000102445.wgt.RDat	ENSG00000102445	13	46916139	47012325	0.1486	rs7996340	 3.84	rs2765626	 0.184559	 14.70	 1.09091	 600	23	enet	0.2	2.8e-56	 1.25869	2.08e-01
NA	/data/songy4/twas/output/weights//ENSG00000136141.wgt.RDat	ENSG00000136141	13	47127303	47327175	0.1276	rs7996340	 3.84	rs2794661	 0.073244	  9.73	-0.87578	 656	38	enet	0.11	9.4e-30	-1.49147	1.36e-01
NA	/data/songy4/twas/output/weights//ENSG00000139684.wgt.RDat	ENSG00000139684	13	47345391	47371367	0.0383	rs7996340	 3.84	rs8192889	 0.038710	 -7.37	 1.10000	 551	 1	top1	0.039	1.3e-11	-1.10000	2.71e-01
NA	/data/songy4/twas/output/weights//ENSG00000136143.wgt.RDat	ENSG00000136143	13	48510622	48612125	0.0781	rs970651	-3.31	rs9591118	 0.045624	  8.17	 0.23158	 411	14	enet	0.054	1.2e-15	-0.87045	3.84e-01
NA	/data/songy4/twas/output/weights//ENSG00000136159.wgt.RDat	ENSG00000136159	13	48611703	48621358	0.0242	rs970651	-3.31	rs9568011	 0.013495	  4.13	-2.82051	 368	 1	top1	0.013	5.1e-05	-2.82051	4.79e-03
NA	/data/songy4/twas/output/weights//ENSG00000136146.wgt.RDat	ENSG00000136146	13	48627459	48669267	0.0781	rs970651	-3.31	rs7335797	 0.050885	  8.51	 2.16495	 375	 6	lasso	0.057	2.6e-16	 1.72391	8.47e-02
NA	/data/songy4/twas/output/weights//ENSG00000136156.wgt.RDat	ENSG00000136156	13	48807294	48837063	0.0549	rs970651	-3.31	rs3818455	 0.036280	  6.80	 1.29661	 375	 8	lasso	0.037	3.4e-11	 1.14736	2.51e-01
NA	/data/songy4/twas/output/weights//ENSG00000139687.wgt.RDat	ENSG00000139687	13	48877887	49056122	0.0259	rs970651	-3.31	rs9316367	 0.037131	 -6.81	 1.16529	 457	 1	top1	0.037	3.3e-11	-1.16529	2.44e-01
NA	/data/songy4/twas/output/weights//ENSG00000152207.wgt.RDat	ENSG00000152207	13	49280951	49283498	0.0255	rs6561505	-2.76	rs7332030	 0.023833	  5.55	 0.50980	 371	 1	top1	0.024	9.9e-08	 0.50980	6.10e-01
NA	/data/songy4/twas/output/weights//ENSG00000102531.wgt.RDat	ENSG00000102531	13	49550048	49783915	0.1032	rs7991335	-5.56	rs6561497	 0.032042	 -7.23	-1.89623	 552	 5	lasso	0.073	1.1e-20	 1.26726	2.05e-01
NA	/data/songy4/twas/output/weights//ENSG00000102543.wgt.RDat	ENSG00000102543	13	49822047	49867618	0.1156	rs7991335	-5.56	rs6561510	 0.056552	  9.06	-4.11765	 453	13	enet	0.098	1.3e-27	-4.15727	3.22e-05
NA	/data/songy4/twas/output/weights//ENSG00000102547.wgt.RDat	ENSG00000102547	13	49882786	50018262	0.1332	rs7991335	-5.56	rs1358991	 0.087954	 10.34	-0.65625	 487	10	lasso	0.11	4.4e-31	-0.87091	3.84e-01
NA	/data/songy4/twas/output/weights//ENSG00000136169.wgt.RDat	ENSG00000136169	13	50018429	50069138	0.0654	rs7991335	-5.56	rs4142285	 0.028017	  5.95	-1.30392	 414	 6	lasso	0.033	4.5e-10	-0.88456	3.76e-01
NA	/data/songy4/twas/output/weights//ENSG00000136147.wgt.RDat	ENSG00000136147	13	50069746	50103123	0.0915	rs7991335	-5.56	rs6561534	 0.096399	-10.68	 0.31915	 405	 8	lasso	0.098	1.7e-27	-1.04330	2.97e-01
NA	/data/songy4/twas/output/weights//ENSG00000136144.wgt.RDat	ENSG00000136144	13	50106082	50159719	0.5271	rs7991335	-5.56	rs1359541	 0.373218	-21.44	 2.73469	 402	11	lasso	0.68	2.2e-284	-0.97118	3.31e-01
NA	/data/songy4/twas/output/weights//ENSG00000152213.wgt.RDat	ENSG00000152213	13	50202435	50208008	0.0578	rs7991335	-5.56	rs9535274	 0.044326	  7.28	 1.95050	 375	 1	top1	0.044	4.3e-13	 1.95050	5.11e-02
NA	/data/songy4/twas/output/weights//ENSG00000123179.wgt.RDat	ENSG00000123179	13	50234859	50265611	0.5332	rs7991335	-5.56	rs3809325	 0.352023	 20.43	 0.31000	 400	 9	lasso	0.55	6.4e-200	-1.20556	2.28e-01
NA	/data/songy4/twas/output/weights//ENSG00000204977.wgt.RDat	ENSG00000204977	13	50570024	50594617	0.0685	rs9535310	 4.60	rs9535407	 0.038573	  7.32	 0.34977	 412	20	enet	0.041	3.3e-12	 0.58682	5.57e-01
NA	/data/songy4/twas/output/weights//ENSG00000198553.wgt.RDat	ENSG00000198553	13	50589390	50595058	0.0515	rs9535310	 4.60	rs12583615	 0.056370	  8.27	 1.03521	 403	 1	top1	0.056	2.9e-16	 1.03521	3.01e-01
NA	/data/songy4/twas/output/weights//ENSG00000186047.wgt.RDat	ENSG00000186047	13	51285144	51418075	0.2382	rs279072	-2.54	rs2540521	 0.074549	 -9.54	-1.44000	 585	32	enet	0.21	7.2e-61	 0.94065	3.47e-01
NA	/data/songy4/twas/output/weights//ENSG00000136104.wgt.RDat	ENSG00000136104	13	51483814	51544592	0.6806	rs279072	-2.54	rs9563011	 0.261157	-17.35	-0.29839	 547	92	enet	0.49	2.1e-170	 0.70653	4.80e-01
NA	/data/songy4/twas/output/weights//ENSG00000150510.wgt.RDat	ENSG00000150510	13	51796503	51858377	0.0281	rs9563014	-2.54	rs4941693	 0.013217	 -5.37	 1.42857	 479	 3	lasso	0.017	4.9e-06	-0.29399	7.69e-01
NA	/data/songy4/twas/output/weights//ENSG00000139668.wgt.RDat	ENSG00000139668	13	52158644	52336171	0.0589	rs9535772	-2.66	rs12561532	 0.018992	 -5.00	-0.92857	 513	 1	top1	0.019	1.8e-06	 0.92857	3.53e-01
NA	/data/songy4/twas/output/weights//ENSG00000102796.wgt.RDat	ENSG00000102796	13	52342129	52378293	0.2730	rs9535772	-2.66	rs913901	 0.040147	 -7.01	 1.77119	 395	44	enet	0.11	3.9e-31	-0.87245	3.83e-01
NA	/data/songy4/twas/output/weights//ENSG00000123191.wgt.RDat	ENSG00000123191	13	52506809	52585630	0.1716	rs9535772	-2.66	rs3742290	 0.076563	 -9.49	 0.07746	 374	24	enet	0.099	1.1e-27	 0.08866	9.29e-01
NA	/data/songy4/twas/output/weights//ENSG00000253710.wgt.RDat	ENSG00000253710	13	52586534	52603800	0.0725	rs9535772	-2.66	rs9535832	 0.060808	  8.50	 0.94737	 352	 5	lasso	0.062	7.9e-18	 0.92647	3.54e-01
NA	/data/songy4/twas/output/weights//ENSG00000253797.wgt.RDat	ENSG00000253797	13	52598827	52607736	0.0515	rs9535772	-2.66	rs1122934	 0.011631	 -5.32	 0.88119	 347	16	enet	0.021	7e-07	-0.64710	5.18e-01
NA	/data/songy4/twas/output/weights//ENSG00000197168.wgt.RDat	ENSG00000197168	13	52611093	52703214	0.0194	rs9535772	-2.66	rs1122934	 0.013484	 -4.58	 0.88119	 354	 1	top1	0.013	5.1e-05	-0.88119	3.78e-01
NA	/data/songy4/twas/output/weights//ENSG00000136098.wgt.RDat	ENSG00000136098	13	52706775	52733996	0.0463	rs9535772	-2.66	rs7981050	 0.002636	  4.41	 1.30000	 342	18	enet	0.0078	0.0017	 1.27374	2.03e-01
NA	/data/songy4/twas/output/weights//ENSG00000136114.wgt.RDat	ENSG00000136114	13	52951305	52980629	0.0402	rs471680	-2.51	rs4261418	 0.049100	  7.94	 1.65899	 369	11	enet	0.05	1.7e-14	 1.24810	2.12e-01
NA	/data/songy4/twas/output/weights//ENSG00000136100.wgt.RDat	ENSG00000136100	13	52986737	53024763	0.1166	rs471680	-2.51	rs7334583	 0.128441	 13.22	 0.73000	 390	 8	lasso	0.23	8.1e-68	 1.30788	1.91e-01
NA	/data/songy4/twas/output/weights//ENSG00000136108.wgt.RDat	ENSG00000136108	13	53029564	53050763	0.3570	rs471680	-2.51	rs9536079	 0.529802	 24.69	 0.68421	 384	16	enet	0.54	3.5e-192	 1.02551	3.05e-01
NA	/data/songy4/twas/output/weights//ENSG00000165416.wgt.RDat	ENSG00000165416	13	53226844	53275044	0.0803	rs471680	-2.51	rs4885325	 0.064037	 -9.66	-1.60784	 426	 4	lasso	0.12	8.5e-34	 1.80956	7.04e-02
NA	/data/songy4/twas/output/weights//ENSG00000136099.wgt.RDat	ENSG00000136099	13	53418109	53422775	0.5296	rs471680	-2.51	rs656443	 0.446217	 22.56	-1.12950	 469	 1	top1	0.45	3.5e-148	-1.12950	2.59e-01
NA	/data/songy4/twas/output/weights//ENSG00000102837.wgt.RDat	ENSG00000102837	13	53602894	53626192	0.3506	rs471680	-2.51	rs17552047	 0.176422	-14.20	-0.99160	 512	 7	lasso	0.19	1.1e-52	 0.67098	5.02e-01
NA	/data/songy4/twas/output/weights//ENSG00000083544.wgt.RDat	ENSG00000083544	13	60970591	61148012	0.0334	rs9570261	 2.54	rs4886229	 0.016850	  5.41	 1.14000	 538	 1	top1	0.017	6.6e-06	 1.14000	2.54e-01
NA	/data/songy4/twas/output/weights//ENSG00000184226.wgt.RDat	ENSG00000184226	13	66876967	67804468	0.0333	rs12875389	 2.79	rs2325027	 0.022221	  5.66	-0.31579	 777	 3	lasso	0.025	5.5e-08	-0.52059	6.03e-01
NA	/data/songy4/twas/output/weights//ENSG00000136122.wgt.RDat	ENSG00000136122	13	73302061	73330336	0.4779	rs7332697	 2.65	rs11842828	 0.100211	-10.89	 0.01630	 543	72	enet	0.28	1.4e-82	 0.06439	9.49e-01
NA	/data/songy4/twas/output/weights//ENSG00000102554.wgt.RDat	ENSG00000102554	13	73629114	73651676	0.0346	rs9318156	 2.77	rs4885065	 0.003712	 -4.00	-0.76515	 515	37	enet	0.012	0.00014	 2.36170	1.82e-02
NA	/data/songy4/twas/output/weights//ENSG00000118922.wgt.RDat	ENSG00000118922	13	74260226	74708394	0.0962	rs4454843	-3.23	rs9600237	 0.046592	 -8.10	 1.81295	 869	15	enet	0.077	1.1e-21	-1.99405	4.61e-02
NA	/data/songy4/twas/output/weights//ENSG00000136111.wgt.RDat	ENSG00000136111	13	75858808	76056250	0.2746	rs7319334	-2.69	rs2297203	 0.154363	 13.30	-0.11224	 585	 9	lasso	0.27	1.4e-80	 0.79511	4.27e-01
NA	/data/songy4/twas/output/weights//ENSG00000136153.wgt.RDat	ENSG00000136153	13	76194570	76434004	0.0360	rs7319334	-2.69	rs7331661	 0.008013	  4.63	 0.04902	 716	 1	top1	0.008	0.0015	 0.04902	9.61e-01
NA	/data/songy4/twas/output/weights//ENSG00000102805.wgt.RDat	ENSG00000102805	13	77564795	77576652	0.1192	rs700361	 2.94	rs1800209	 0.026145	  6.63	 2.37791	 455	39	enet	0.064	2.2e-18	 2.00724	4.47e-02
NA	/data/songy4/twas/output/weights//ENSG00000136160.wgt.RDat	ENSG00000136160	13	78469616	78493903	0.0319	rs9544591	 2.55	rs1886481	 0.016836	 -5.79	 0.26214	 471	 4	lasso	0.02	9.2e-07	-0.34982	7.26e-01
NA	/data/songy4/twas/output/weights//ENSG00000152193.wgt.RDat	ENSG00000152193	13	79188426	79233314	0.1095	rs4255678	-2.57	rs7339081	 0.145870	-13.00	-0.76849	 525	 3	lasso	0.15	1.5e-41	 0.85358	3.93e-01
NA	/data/songy4/twas/output/weights//ENSG00000139746.wgt.RDat	ENSG00000139746	13	79885962	79980612	0.0727	rs1360251	-2.36	rs2274554	 0.079767	 -9.66	-0.64948	 436	 1	top1	0.08	1.6e-22	 0.64948	5.16e-01
NA	/data/songy4/twas/output/weights//ENSG00000136158.wgt.RDat	ENSG00000136158	13	80910111	80915086	0.0518	rs11616833	-2.56	rs7995973	 0.062556	 -8.55	 0.66038	 425	 1	top1	0.063	6.5e-18	-0.66038	5.09e-01
NA	/data/songy4/twas/output/weights//ENSG00000165300.wgt.RDat	ENSG00000165300	13	88324870	88331871	0.1419	rs959536	-2.36	rs913970	 0.062709	  8.59	-0.25641	 284	 6	lasso	0.08	1.3e-22	 0.07721	9.38e-01
NA	/data/songy4/twas/output/weights//ENSG00000179399.wgt.RDat	ENSG00000179399	13	92050929	93519490	0.0441	rs17735101	 3.03	rs1324062	 0.008219	  4.30	 0.57252	1106	33	enet	0.014	3.1e-05	 2.00994	4.44e-02
NA	/data/songy4/twas/output/weights//ENSG00000183098.wgt.RDat	ENSG00000183098	13	93879095	95059655	0.2693	rs7982191	 2.72	rs7994743	 0.287545	 18.33	 0.54237	1112	46	enet	0.3	3.2e-90	 0.31612	7.52e-01
NA	/data/songy4/twas/output/weights//ENSG00000080166.wgt.RDat	ENSG00000080166	13	95089558	95131936	0.1626	rs1337835	-2.68	rs9561576	 0.191096	 14.84	 0.20755	 581	 1	top1	0.19	1.6e-54	 0.20755	8.36e-01
NA	/data/songy4/twas/output/weights//ENSG00000152749.wgt.RDat	ENSG00000152749	13	95254157	95286899	0.4867	rs7985331	-2.63	rs3897474	 0.607700	-26.35	 1.41346	 659	23	enet	0.62	8.8e-239	-1.29984	1.94e-01
NA	/data/songy4/twas/output/weights//ENSG00000125257.wgt.RDat	ENSG00000125257	13	95672083	95953687	0.3843	rs9302049	 3.20	rs9561814	 0.075698	 10.69	 0.80000	 860	74	enet	0.27	1.1e-78	 1.39287	1.64e-01
NA	/data/songy4/twas/output/weights//ENSG00000134873.wgt.RDat	ENSG00000134873	13	96085858	96232013	0.0792	rs9302049	 3.20	rs9524991	 0.034606	  6.74	-0.04040	 691	10	lasso	0.037	3.6e-11	-0.01049	9.92e-01
NA	/data/songy4/twas/output/weights//ENSG00000102580.wgt.RDat	ENSG00000102580	13	96329393	96447243	0.0152	rs9302049	 3.20	rs9525085	 0.000142	  4.03	 0.15625	 554	15	enet	0.0022	0.063	-0.06974	9.44e-01
NA	/data/songy4/twas/output/weights//ENSG00000102595.wgt.RDat	ENSG00000102595	13	96453834	96705736	0.2989	rs10508011	-2.53	rs10467347	 0.176055	-14.37	-1.20417	 460	51	enet	0.26	1.8e-76	 1.22985	2.19e-01
NA	/data/songy4/twas/output/weights//ENSG00000165621.wgt.RDat	ENSG00000165621	13	97637973	97646984	0.0322	rs4771268	 6.03	rs510339	 0.001672	 -3.55	 0.35938	 362	15	enet	0.006	0.005	 0.41326	6.79e-01
NA	/data/songy4/twas/output/weights//ENSG00000139793.wgt.RDat	ENSG00000139793	13	97873688	98046374	0.0389	rs4771268	 6.03	rs8000282	 0.030238	 -6.24	-0.50303	 493	 1	top1	0.03	2.1e-09	 0.50303	6.15e-01
NA	/data/songy4/twas/output/weights//ENSG00000125249.wgt.RDat	ENSG00000125249	13	98086476	98121382	0.0583	rs4771268	 6.03	rs1304392	 0.055031	 -8.42	-4.22857	 421	 6	lasso	0.059	7.8e-17	 4.07621	4.58e-05
NA	/data/songy4/twas/output/weights//ENSG00000102572.wgt.RDat	ENSG00000102572	13	99102455	99230194	0.2077	rs688872	 2.55	rs9517320	 0.164612	-14.37	 0.96842	 726	49	enet	0.26	2.1e-76	-0.99663	3.19e-01
NA	/data/songy4/twas/output/weights//ENSG00000088387.wgt.RDat	ENSG00000088387	13	99445741	99738879	0.0964	rs9584995	-2.65	rs4772160	 0.036640	  6.83	-0.75258	 775	 4	lasso	0.042	1.9e-12	-0.19295	8.47e-01
NA	/data/songy4/twas/output/weights//ENSG00000134882.wgt.RDat	ENSG00000134882	13	99853028	100038688	0.0265	rs9584995	-2.65	rs2181502	 0.021980	  5.62	-1.65741	 621	 1	top1	0.022	3e-07	-1.65741	9.74e-02
NA	/data/songy4/twas/output/weights//ENSG00000125245.wgt.RDat	ENSG00000125245	13	99906968	99913998	0.0227	rs9584995	-2.65	rs9557276	 0.004990	 -3.97	 1.54000	 493	 4	lasso	0.0098	0.00048	-1.34213	1.80e-01
NA	/data/songy4/twas/output/weights//ENSG00000125246.wgt.RDat	ENSG00000125246	13	100258919	100549387	0.1285	rs9584995	-2.65	rs7335639	 0.074656	 -9.38	 0.02924	 563	 6	lasso	0.085	4.7e-24	 0.15505	8.77e-01
NA	/data/songy4/twas/output/weights//ENSG00000175198.wgt.RDat	ENSG00000175198	13	100741269	101182686	0.0237	rs9518226	 2.50	rs1998467	 0.009332	  4.43	-1.26016	 698	 1	top1	0.0093	0.00064	-1.26016	2.08e-01
NA	/data/songy4/twas/output/weights//ENSG00000134864.wgt.RDat	ENSG00000134864	13	101183810	101241782	0.4757	rs3916904	-3.26	rs9513762	 0.370089	 20.62	 1.63344	 525	21	enet	0.41	1.5e-130	 1.30737	1.91e-01
NA	/data/songy4/twas/output/weights//ENSG00000125247.wgt.RDat	ENSG00000125247	13	101256181	101327347	0.5980	rs3916904	-3.26	rs1283211	 0.698493	 28.30	-0.21720	 584	11	lasso	0.77	0	-0.35739	7.21e-01
NA	/data/songy4/twas/output/weights//ENSG00000102466.wgt.RDat	ENSG00000102466	13	102372134	103054124	0.0767	rs7994725	 3.57	rs1322693	 0.037494	  6.71	 1.03529	 999	40	enet	0.042	1.7e-12	 1.52362	1.28e-01
NA	/data/songy4/twas/output/weights//ENSG00000134900.wgt.RDat	ENSG00000134900	13	103249353	103331521	0.0213	rs7994725	 3.57	rs9585949	 0.018289	  5.45	-1.42574	 728	 1	top1	0.018	2.8e-06	-1.42574	1.54e-01
NA	/data/songy4/twas/output/weights//ENSG00000151287.wgt.RDat	ENSG00000151287	13	103418340	103426161	0.0323	rs7994725	 3.57	rs634293	 0.003787	  3.82	-0.97000	 689	38	enet	0.011	0.00018	-1.67896	9.32e-02
NA	/data/songy4/twas/output/weights//ENSG00000134897.wgt.RDat	ENSG00000134897	13	103451399	103493885	0.1074	rs7994725	 3.57	rs7329172	 0.060503	  8.66	 0.97521	 725	 5	lasso	0.1	5.2e-28	 1.07526	2.82e-01
NA	/data/songy4/twas/output/weights//ENSG00000134899.wgt.RDat	ENSG00000134899	13	103497194	103528345	0.0930	rs7994725	 3.57	rs11069498	 0.041468	 -7.57	 0.98980	 720	14	enet	0.055	8e-16	-0.85154	3.94e-01
NA	/data/songy4/twas/output/weights//ENSG00000134884.wgt.RDat	ENSG00000134884	13	107194021	107220512	0.0364	rs1556237	 3.66	rs9583095	 0.021605	 -5.68	-0.55046	 517	 1	top1	0.022	3.8e-07	 0.55046	5.82e-01
NA	/data/songy4/twas/output/weights//ENSG00000139826.wgt.RDat	ENSG00000139826	13	108870727	108886603	0.0663	rs12859133	-2.58	rs7321414	 0.005897	 -5.11	-0.46094	 604	24	enet	0.033	4.7e-10	-0.46788	6.40e-01
NA	/data/songy4/twas/output/weights//ENSG00000102524.wgt.RDat	ENSG00000102524	13	108903588	108960832	0.0728	rs12859133	-2.58	rs12856070	 0.040519	 -6.91	 0.06726	 652	 1	top1	0.041	4.3e-12	-0.06726	9.46e-01
NA	/data/songy4/twas/output/weights//ENSG00000185950.wgt.RDat	ENSG00000185950	13	110406184	110438915	0.0442	rs9521520	 4.59	rs9634582	 0.034204	  6.58	 0.99057	 627	 1	top1	0.034	1.9e-10	 0.99057	3.22e-01
NA	/data/songy4/twas/output/weights//ENSG00000187498.wgt.RDat	ENSG00000187498	13	110801318	110959496	0.2222	rs9521520	 4.59	rs2275843	 0.056408	-10.38	 0.56618	 792	 7	lasso	0.2	2.8e-56	-0.52800	5.98e-01
NA	/data/songy4/twas/output/weights//ENSG00000139832.wgt.RDat	ENSG00000139832	13	111175417	111214080	0.2938	rs9559946	-3.34	rs4771686	 0.165734	-14.23	 0.46535	 748	 9	lasso	0.2	8.8e-59	-0.39453	6.93e-01
NA	/data/songy4/twas/output/weights//ENSG00000213995.wgt.RDat	ENSG00000213995	13	111267881	111292340	0.4618	rs9559946	-3.34	rs2765341	 0.478087	-23.34	 0.21854	 739	 7	lasso	0.51	1.9e-178	-0.25699	7.97e-01
NA	/data/songy4/twas/output/weights//ENSG00000134905.wgt.RDat	ENSG00000134905	13	111293759	111365950	0.1369	rs1886555	 4.21	rs2119480	 0.060314	 -9.58	-0.20619	 763	16	enet	0.11	7.5e-30	 0.41337	6.79e-01
NA	/data/songy4/twas/output/weights//ENSG00000153487.wgt.RDat	ENSG00000153487	13	111365083	111373421	0.1500	rs1886555	 4.21	rs1887200	 0.121430	-11.88	-0.58065	 686	 8	lasso	0.13	3.3e-36	 0.60249	5.47e-01
NA	/data/songy4/twas/output/weights//ENSG00000088448.wgt.RDat	ENSG00000088448	13	111530887	111567416	0.1198	rs1555754	 4.49	rs7994149	 0.082340	 -9.81	 0.53398	 671	15	enet	0.11	6.1e-32	-0.21974	8.26e-01
NA	/data/songy4/twas/output/weights//ENSG00000102606.wgt.RDat	ENSG00000102606	13	111766906	111958084	0.1801	rs1555754	 4.49	rs1536051	 0.105274	 12.33	 1.27723	 616	33	enet	0.19	5.7e-53	 0.72597	4.68e-01
NA	/data/songy4/twas/output/weights//ENSG00000153495.wgt.RDat	ENSG00000153495	13	111968531	111996596	0.1219	rs1555754	 4.49	rs2479967	 0.043844	 -7.36	-1.94958	 513	 6	lasso	0.08	1.2e-22	 3.54896	3.87e-04
NA	/data/songy4/twas/output/weights//ENSG00000126216.wgt.RDat	ENSG00000126216	13	113139325	113242481	0.0426	rs1290177	 3.13	rs7995838	 0.016170	 -5.86	-0.97345	 559	 4	lasso	0.026	2.7e-08	 0.99891	3.18e-01
NA	/data/songy4/twas/output/weights//ENSG00000068650.wgt.RDat	ENSG00000068650	13	113344643	113541482	0.0668	rs1290177	 3.13	rs9604408	 0.013705	 -5.35	-0.76307	 558	 9	lasso	0.026	2.2e-08	 1.41526	1.57e-01
NA	/data/songy4/twas/output/weights//ENSG00000126217.wgt.RDat	ENSG00000126217	13	113548692	113754053	0.0939	rs1290177	 3.13	rs514181	 0.020190	 -5.65	-0.89000	 554	23	enet	0.046	1.8e-13	-0.28663	7.74e-01
NA	/data/songy4/twas/output/weights//ENSG00000057593.wgt.RDat	ENSG00000057593	13	113760105	113774995	0.0603	rs1290177	 3.13	rs515863	 0.030801	 -6.27	-2.11921	 454	10	enet	0.036	5.1e-11	 0.87791	3.80e-01
NA	/data/songy4/twas/output/weights//ENSG00000139835.wgt.RDat	ENSG00000139835	13	113978505	114018446	0.2518	rs11839787	-3.26	rs2018093	 0.138526	-12.68	 0.97938	 404	21	enet	0.17	1.6e-48	-1.39322	1.64e-01
NA	/data/songy4/twas/output/weights//ENSG00000153531.wgt.RDat	ENSG00000153531	13	114076260	114107839	0.0609	rs11839787	-3.33	rs1386	 0.015554	 -5.62	-0.61538	 391	21	enet	0.034	2.5e-10	 0.52852	5.97e-01
NA	/data/songy4/twas/output/weights//ENSG00000150401.wgt.RDat	ENSG00000150401	13	114110134	114145267	0.0312	rs11839787	-3.38	rs7338449	 0.023421	  5.29	 0.00000	 389	 1	top1	0.023	1.3e-07	 0.00000	1.00e+00
NA	/data/songy4/twas/output/weights//ENSG00000150403.wgt.RDat	ENSG00000150403	13	114145310	114204542	0.5477	rs11839787	-3.42	rs9805651	 0.073355	 -9.44	 0.50000	 377	72	enet	0.31	2e-94	 0.11931	9.05e-01
NA	/data/songy4/twas/output/weights//ENSG00000184497.wgt.RDat	ENSG00000184497	13	114462216	114514926	0.2873	rs11839787	-3.30	rs7996145	 0.103430	-10.90	-0.94595	 365	33	enet	0.18	1e-50	 1.28410	1.99e-01
NA	/data/songy4/twas/output/weights//ENSG00000183087.wgt.RDat	ENSG00000183087	13	114523522	114567046	0.1591	rs11839787	-3.40	rs11843762	 0.052132	 -7.80	-1.90000	 364	26	enet	0.088	7.2e-25	 0.92487	3.55e-01
NA	/data/songy4/twas/output/weights//ENSG00000130177.wgt.RDat	ENSG00000130177	13	115000362	115038198	0.3978	rs7987231	 2.49	rs7324744	 0.674065	 27.71	 0.28814	 208	34	enet	0.68	8e-282	 0.29725	7.66e-01
NA	/data/songy4/twas/output/weights//ENSG00000169062.wgt.RDat	ENSG00000169062	13	115047059	115071283	0.2477	rs7987231	 2.49	rs9314907	 0.311780	 18.93	 0.48305	 188	42	enet	0.35	1.8e-107	 0.76768	4.43e-01
