PANEL	FILE	ID	CHR	P0	P1	HSQ	BEST.GWAS.ID	BEST.GWAS.Z	EQTL.ID	EQTL.R2	EQTL.Z	EQTL.GWAS.Z	NSNP	NWGT	MODEL	MODELCV.R2	MODELCV.PV	TWAS.Z	TWAS.P
NA	/data/songy4/twas/output/weights//ENSG00000161980.wgt.RDat	ENSG00000161980	16	96407	103628	0.1828	rs8061637	 2.81	rs2541593	 1.65e-01	-13.80	-1.20438	 238	  8	enet	0.17	2.7e-48	 1.40390	1.60e-01
NA	/data/songy4/twas/output/weights//ENSG00000161981.wgt.RDat	ENSG00000161981	16	103010	107669	0.4683	rs8061637	 2.81	rs8466	 2.10e-01	-15.56	 0.30137	 241	  7	lasso	0.26	4.5e-78	-0.91398	3.61e-01
NA	/data/songy4/twas/output/weights//ENSG00000103152.wgt.RDat	ENSG00000103152	16	127006	135852	0.0413	rs8061637	 2.81	rs2685127	 1.39e-02	 -4.96	-0.48611	 253	  5	lasso	0.036	5.3e-11	 1.44482	1.49e-01
NA	/data/songy4/twas/output/weights//ENSG00000103148.wgt.RDat	ENSG00000103148	16	134273	188859	0.8661	rs8061637	 2.81	rs2562164	 1.13e-01	 12.16	 0.12381	 279	 97	enet	0.47	7.7e-158	 0.90240	3.67e-01
NA	/data/songy4/twas/output/weights//ENSG00000130656.wgt.RDat	ENSG00000130656	16	202686	204502	0.4220	rs8061637	 2.81	rs2461286	 3.10e-01	 18.84	-0.77519	 282	  8	lasso	0.33	1.5e-100	-0.39052	6.96e-01
NA	/data/songy4/twas/output/weights//ENSG00000206177.wgt.RDat	ENSG00000206177	16	203891	216767	0.0674	rs8061637	 2.81	rs8061637	 1.98e-02	  5.76	 2.81463	 293	 21	enet	0.032	6.4e-10	 2.08532	3.70e-02
NA	/data/songy4/twas/output/weights//ENSG00000086506.wgt.RDat	ENSG00000086506	16	230452	231180	0.3911	rs8061637	 2.81	rs3929997	 8.56e-02	 10.05	-1.50980	 303	 54	enet	0.17	1e-47	-1.62134	1.05e-01
NA	/data/songy4/twas/output/weights//ENSG00000167930.wgt.RDat	ENSG00000167930	16	284545	319942	0.0399	rs8061637	 2.81	rs11248925	 1.91e-02	 -5.14	 0.32593	 345	 40	enet	0.02	1e-06	 0.09479	9.24e-01
NA	/data/songy4/twas/output/weights//ENSG00000103126.wgt.RDat	ENSG00000103126	16	337440	402673	0.1082	rs8061637	 2.81	rs214246	 5.56e-02	 -8.85	-2.21053	 380	  6	lasso	0.089	4.3e-25	 1.45526	1.46e-01
NA	/data/songy4/twas/output/weights//ENSG00000129925.wgt.RDat	ENSG00000129925	16	420773	437113	0.2876	rs8061637	 2.81	rs11641742	 1.43e-01	 12.89	 1.41053	 388	 11	lasso	0.24	8.8e-69	 0.77199	4.40e-01
NA	/data/songy4/twas/output/weights//ENSG00000103202.wgt.RDat	ENSG00000103202	16	446725	460367	0.1996	rs8061637	 2.81	rs390499	 1.08e-01	 11.69	-0.29126	 396	 42	enet	0.15	5.2e-43	 0.45392	6.50e-01
NA	/data/songy4/twas/output/weights//ENSG00000242612.wgt.RDat	ENSG00000242612	16	451826	462487	0.1961	rs8061637	 2.81	rs3743890	 1.66e-01	 13.82	-1.44248	 399	 21	enet	0.18	5.2e-51	-1.91124	5.60e-02
NA	/data/songy4/twas/output/weights//ENSG00000103326.wgt.RDat	ENSG00000103326	16	577717	604636	0.1292	rs8061637	 2.81	rs11864655	 8.23e-02	 -9.87	-1.18239	 479	  5	lasso	0.084	1.1e-23	 1.07579	2.82e-01
NA	/data/songy4/twas/output/weights//ENSG00000007541.wgt.RDat	ENSG00000007541	16	616995	634136	0.0252	rs8061637	 2.81	rs17139376	 2.04e-02	  5.30	 1.49194	 486	  1	top1	0.02	7.6e-07	 1.49194	1.36e-01
NA	/data/songy4/twas/output/weights//ENSG00000127578.wgt.RDat	ENSG00000127578	16	679239	684116	0.0568	rs8061637	 2.81	rs7189540	 5.54e-02	  8.31	-1.44915	 468	  1	top1	0.055	5.2e-16	-1.44915	1.47e-01
NA	/data/songy4/twas/output/weights//ENSG00000130731.wgt.RDat	ENSG00000130731	16	684429	686358	0.0764	rs8061637	 2.81	rs1139897	 6.96e-02	  9.63	-1.00266	 469	 14	enet	0.096	7.7e-27	-1.02697	3.04e-01
NA	/data/songy4/twas/output/weights//ENSG00000161996.wgt.RDat	ENSG00000161996	16	699311	717833	0.1278	rs8061637	 2.81	rs9934288	 1.10e-01	-11.70	 1.06024	 463	  2	lasso	0.13	7e-36	-0.78522	4.32e-01
NA	/data/songy4/twas/output/weights//ENSG00000140983.wgt.RDat	ENSG00000140983	16	718086	724174	0.0291	rs8061637	 2.81	rs7205124	 3.37e-02	  7.15	-1.18117	 456	  2	lasso	0.045	2.6e-13	-1.07963	2.80e-01
NA	/data/songy4/twas/output/weights//ENSG00000127580.wgt.RDat	ENSG00000127580	16	734622	740444	0.0637	rs1204509	-2.81	rs7205124	 8.51e-02	 10.19	-1.14074	 456	 10	enet	0.087	2.2e-24	-1.37858	1.68e-01
NA	/data/songy4/twas/output/weights//ENSG00000103260.wgt.RDat	ENSG00000103260	16	765115	769655	0.0759	rs1204509	-2.81	rs9928077	 5.70e-02	  8.78	-1.59987	 469	  4	lasso	0.06	3.7e-17	-1.57271	1.16e-01
NA	/data/songy4/twas/output/weights//ENSG00000103254.wgt.RDat	ENSG00000103254	16	770581	772601	0.0388	NA	   NA	NA	       NA	    NA	      NA	 474	  0	top1	0.035	1e-10	      NA	      NA
NA	/data/songy4/twas/output/weights//ENSG00000162004.wgt.RDat	ENSG00000162004	16	772582	776954	0.0484	rs1204509	-2.81	rs12448432	 1.98e-02	  5.79	-1.73471	 476	  2	lasso	0.034	2.2e-10	-2.52270	1.16e-02
NA	/data/songy4/twas/output/weights//ENSG00000103253.wgt.RDat	ENSG00000103253	16	776936	785525	0.1437	rs1204509	-2.81	rs2071951	 9.10e-02	 10.72	-1.34338	 475	  5	lasso	0.11	6.5e-30	-2.03748	4.16e-02
NA	/data/songy4/twas/output/weights//ENSG00000103245.wgt.RDat	ENSG00000103245	16	779753	791329	0.2239	NA	   NA	NA	       NA	    NA	      NA	 474	  0	top1	0.24	2.3e-71	      NA	      NA
NA	/data/songy4/twas/output/weights//ENSG00000102854.wgt.RDat	ENSG00000102854	16	810762	818865	0.3090	rs1204509	-2.81	rs3765266	 4.73e-03	  4.69	-0.71545	 470	119	enet	0.22	1.2e-62	-1.66869	9.52e-02
NA	/data/songy4/twas/output/weights//ENSG00000127586.wgt.RDat	ENSG00000127586	16	838046	850737	0.0230	rs1204509	-2.81	rs3765264	 1.06e-02	 -4.37	-0.69919	 463	  1	top1	0.011	0.00029	 0.69919	4.84e-01
NA	/data/songy4/twas/output/weights//ENSG00000103227.wgt.RDat	ENSG00000103227	16	903634	1031318	0.0947	rs1204509	-2.81	rs3751667	 7.38e-02	  9.30	-2.09091	 503	  4	lasso	0.075	3.8e-21	-2.08882	3.67e-02
NA	/data/songy4/twas/output/weights//ENSG00000005513.wgt.RDat	ENSG00000005513	16	1031808	1036979	0.0547	rs17850290	 2.79	rs2072042	 3.52e-02	 -6.48	-0.62857	 455	  1	top1	0.035	1.1e-10	 0.62857	5.30e-01
NA	/data/songy4/twas/output/weights//ENSG00000196557.wgt.RDat	ENSG00000196557	16	1203241	1271771	0.0411	rs2064289	-5.04	rs11648002	 2.49e-02	  5.44	 1.06250	 496	  6	lasso	0.027	1.8e-08	 0.64404	5.20e-01
NA	/data/songy4/twas/output/weights//ENSG00000197253.wgt.RDat	ENSG00000197253	16	1277272	1280214	0.0842	rs2064289	-5.04	rs9937881	 5.58e-02	  8.10	-1.93210	 455	  1	top1	0.056	4.2e-16	-1.93210	5.33e-02
NA	/data/songy4/twas/output/weights//ENSG00000172236.wgt.RDat	ENSG00000172236	16	1290697	1292555	0.0954	rs2064289	-5.04	rs3765436	 1.78e-02	 -5.96	-2.44660	 448	 47	enet	0.047	1.1e-13	 0.76698	4.43e-01
NA	/data/songy4/twas/output/weights//ENSG00000007516.wgt.RDat	ENSG00000007516	16	1383602	1399439	0.3458	rs2064289	-5.04	rs8063	 1.34e-01	 13.22	-0.93519	 473	  6	lasso	0.28	3.1e-82	-0.39776	6.91e-01
NA	/data/songy4/twas/output/weights//ENSG00000090581.wgt.RDat	ENSG00000090581	16	1401924	1413352	0.1097	rs2064289	-5.04	rs4984820	 6.81e-02	  8.89	 0.06250	 484	  4	lasso	0.084	1.5e-23	 0.82476	4.10e-01
NA	/data/songy4/twas/output/weights//ENSG00000197599.wgt.RDat	ENSG00000197599	16	1484384	1494557	0.0654	rs2064289	-5.04	rs34470360	 6.47e-02	  8.70	-2.08642	 497	  1	top1	0.065	1.8e-18	-2.08642	3.69e-02
NA	/data/songy4/twas/output/weights//ENSG00000103249.wgt.RDat	ENSG00000103249	16	1494935	1525581	0.2534	rs2064289	-5.04	rs12926669	 1.67e-01	-14.00	-2.22727	 501	  7	lasso	0.22	2.2e-62	 2.27115	2.31e-02
NA	/data/songy4/twas/output/weights//ENSG00000100726.wgt.RDat	ENSG00000100726	16	1543345	1560458	0.2122	rs2064289	-5.04	rs2667666	 1.44e-01	-12.86	-0.58989	 509	 17	enet	0.15	2.8e-42	 0.57418	5.66e-01
NA	/data/songy4/twas/output/weights//ENSG00000187535.wgt.RDat	ENSG00000187535	16	1560428	1662111	0.0799	rs2064289	-5.04	rs3784828	 4.65e-02	 -7.43	-2.13699	 536	  4	lasso	0.057	2.3e-16	 0.32644	7.44e-01
NA	/data/songy4/twas/output/weights//ENSG00000131634.wgt.RDat	ENSG00000131634	16	1578689	1605581	0.3915	rs2064289	-5.04	rs8048206	 5.38e-01	 24.76	-2.19580	 515	  7	lasso	0.55	2.7e-200	-2.58378	9.77e-03
NA	/data/songy4/twas/output/weights//ENSG00000007545.wgt.RDat	ENSG00000007545	16	1662326	1727909	0.0517	rs2064289	-5.04	rs3178656	 5.91e-02	  8.54	-1.28736	 495	  1	top1	0.059	5.4e-17	-1.28736	1.98e-01
NA	/data/songy4/twas/output/weights//ENSG00000206053.wgt.RDat	ENSG00000206053	16	1728257	1752281	0.0354	rs2064289	-5.04	rs8058190	 1.13e-02	  5.83	 4.70000	 496	 13	enet	0.032	6.7e-10	 3.89382	9.87e-05
NA	/data/songy4/twas/output/weights//ENSG00000074071.wgt.RDat	ENSG00000074071	16	1821891	1823156	0.0975	rs2064289	-5.04	rs8058190	 7.35e-02	-10.03	 4.70000	 475	  9	lasso	0.094	1.8e-26	-4.96707	6.80e-07
NA	/data/songy4/twas/output/weights//ENSG00000197774.wgt.RDat	ENSG00000197774	16	1823208	1831709	0.1802	rs2064289	-5.04	rs1033476	 1.73e-01	 14.25	-2.65625	 484	  9	lasso	0.22	3.5e-63	-3.90759	9.32e-05
NA	/data/songy4/twas/output/weights//ENSG00000095906.wgt.RDat	ENSG00000095906	16	1832902	1839192	0.0426	rs2064289	-5.04	rs1065663	 3.26e-02	 -7.24	-3.39516	 484	  6	lasso	0.049	2e-14	 4.67902	2.88e-06
NA	/data/songy4/twas/output/weights//ENSG00000099769.wgt.RDat	ENSG00000099769	16	1840414	1844972	0.0850	rs2064289	-5.04	rs17559	 6.01e-02	  8.40	-0.14907	 480	  9	lasso	0.065	1.6e-18	 1.33352	1.82e-01
NA	/data/songy4/twas/output/weights//ENSG00000063854.wgt.RDat	ENSG00000063854	16	1845621	1877195	0.1049	rs2064289	-5.04	rs3743854	 1.37e-01	-12.61	-2.83206	 487	 13	enet	0.15	2.7e-43	 1.58469	1.13e-01
NA	/data/songy4/twas/output/weights//ENSG00000180185.wgt.RDat	ENSG00000180185	16	1876968	1890208	0.0676	rs2064289	-5.04	rs6600181	 1.74e-02	 -6.50	-0.38000	 479	 23	enet	0.04	5.9e-12	-1.24149	2.14e-01
NA	/data/songy4/twas/output/weights//ENSG00000140986.wgt.RDat	ENSG00000140986	16	1993975	2007607	0.0787	rs2064289	-5.04	rs2815301	 6.40e-02	 -8.60	 2.48742	 460	  2	lasso	0.065	1.2e-18	-1.91653	5.53e-02
NA	/data/songy4/twas/output/weights//ENSG00000140990.wgt.RDat	ENSG00000140990	16	2009509	2011976	0.1144	rs2064289	-5.04	rs397435	 5.35e-02	 -8.04	 2.35200	 450	 23	enet	0.059	4.5e-17	-1.58147	1.14e-01
NA	/data/songy4/twas/output/weights//ENSG00000140988.wgt.RDat	ENSG00000140988	16	2012053	2014861	0.0967	rs2064289	-5.04	rs397435	 5.42e-02	  8.04	 2.35200	 449	  7	enet	0.063	6e-18	 1.61528	1.06e-01
NA	/data/songy4/twas/output/weights//ENSG00000196408.wgt.RDat	ENSG00000196408	16	2028918	2034193	0.0633	rs2064289	-5.04	rs17135750	 7.12e-02	 -9.13	-3.47581	 440	  1	top1	0.071	3.2e-20	 3.47581	5.09e-04
NA	/data/songy4/twas/output/weights//ENSG00000127561.wgt.RDat	ENSG00000127561	16	2039661	2044276	0.0967	rs2064289	-5.04	rs17135745	 6.83e-02	  9.21	-3.50000	 429	  6	lasso	0.078	4.3e-22	-4.29252	1.77e-05
NA	/data/songy4/twas/output/weights//ENSG00000182685.wgt.RDat	ENSG00000182685	16	2259254	2261951	0.0928	rs26828	 4.52	rs26857	 8.51e-02	 -9.98	-3.73689	 356	  1	top1	0.085	5.4e-24	 3.73689	1.86e-04
NA	/data/songy4/twas/output/weights//ENSG00000184207.wgt.RDat	ENSG00000184207	16	2261998	2264808	0.0537	rs26828	 4.52	rs26857	 4.17e-02	 -7.51	-3.72475	 353	  6	lasso	0.043	8.2e-13	 3.97804	6.95e-05
NA	/data/songy4/twas/output/weights//ENSG00000167968.wgt.RDat	ENSG00000167968	16	2285817	2288712	0.0306	rs26828	 4.52	rs2074969	 4.76e-03	 -4.65	-2.26733	 349	 15	enet	0.025	4.5e-08	 4.09072	4.30e-05
NA	/data/songy4/twas/output/weights//ENSG00000205937.wgt.RDat	ENSG00000205937	16	2303117	2318413	0.1868	rs26828	 4.52	rs155247	 1.82e-01	-14.43	-2.93750	 353	  1	top1	0.18	8.2e-52	 2.93750	3.31e-03
NA	/data/songy4/twas/output/weights//ENSG00000162066.wgt.RDat	ENSG00000162066	16	2570358	2581423	0.0832	rs26828	 4.52	rs7201584	 1.91e-02	 -6.21	-0.18079	 293	 16	enet	0.057	2.4e-16	-0.14673	8.83e-01
NA	/data/songy4/twas/output/weights//ENSG00000007038.wgt.RDat	ENSG00000007038	16	2867164	2876305	0.0541	rs732532	 3.05	rs12935415	 1.55e-02	  5.03	 0.10185	 310	  9	lasso	0.018	2.8e-06	 0.03782	9.70e-01
NA	/data/songy4/twas/output/weights//ENSG00000162078.wgt.RDat	ENSG00000162078	16	2880170	2888967	0.2303	rs732532	 3.05	rs9925556	 1.29e-01	-12.32	-0.30909	 309	  7	lasso	0.22	9.1e-63	-1.23195	2.18e-01
NA	/data/songy4/twas/output/weights//ENSG00000005001.wgt.RDat	ENSG00000005001	16	2902728	2908171	0.1614	rs732532	 3.05	rs7192880	 1.39e-01	-12.80	 2.60396	 320	  3	lasso	0.15	6.8e-43	-2.84521	4.44e-03
NA	/data/songy4/twas/output/weights//ENSG00000162076.wgt.RDat	ENSG00000162076	16	2933187	2949383	0.2564	rs732532	 3.05	rs9673618	 2.38e-01	 16.78	-1.00000	 339	  7	lasso	0.26	1.8e-77	-0.96879	3.33e-01
NA	/data/songy4/twas/output/weights//ENSG00000059122.wgt.RDat	ENSG00000059122	16	2961938	3001209	0.6287	rs732532	 3.05	rs9928222	 5.75e-01	 25.58	-0.87379	 359	 47	enet	0.58	1.2e-214	-1.28999	1.97e-01
NA	/data/songy4/twas/output/weights//ENSG00000127564.wgt.RDat	ENSG00000127564	16	3018025	3030540	0.0253	rs732532	 3.05	rs7188234	-8.52e-04	 -3.59	-0.53589	 349	 16	enet	0.004	0.018	 1.19721	2.31e-01
NA	/data/songy4/twas/output/weights//ENSG00000162073.wgt.RDat	ENSG00000162073	16	3019246	3023490	0.2180	rs732532	 3.05	rs6500763	 1.37e-01	 12.65	 0.33590	 348	  4	lasso	0.14	6.6e-39	 0.06123	9.51e-01
NA	/data/songy4/twas/output/weights//ENSG00000162069.wgt.RDat	ENSG00000162069	16	3077683	3086927	0.4785	rs732532	 3.05	rs1859376	 5.24e-01	 24.42	-1.99020	 368	  6	lasso	0.55	1.6e-199	-1.72248	8.50e-02
NA	/data/songy4/twas/output/weights//ENSG00000008516.wgt.RDat	ENSG00000008516	16	3096682	3110727	0.4994	rs732532	 3.05	rs7188573	 2.06e-01	 16.07	-1.17500	 373	 60	enet	0.38	2e-119	-0.81306	4.16e-01
NA	/data/songy4/twas/output/weights//ENSG00000008517.wgt.RDat	ENSG00000008517	16	3115298	3131908	0.2331	rs732532	 3.05	rs4786377	 4.73e-02	  8.84	 1.37383	 380	 29	enet	0.14	1.6e-39	 0.87806	3.80e-01
NA	/data/songy4/twas/output/weights//ENSG00000122386.wgt.RDat	ENSG00000122386	16	3162561	3170518	0.3217	rs732532	 3.05	rs224177	 4.56e-01	 22.81	-1.33019	 389	  5	lasso	0.46	9.1e-155	-1.57257	1.16e-01
NA	/data/songy4/twas/output/weights//ENSG00000085644.wgt.RDat	ENSG00000085644	16	3179778	3192806	0.0478	rs732532	 3.05	rs224246	 2.21e-02	  5.98	 0.15873	 393	 10	enet	0.034	1.6e-10	-0.71517	4.75e-01
NA	/data/songy4/twas/output/weights//ENSG00000168124.wgt.RDat	ENSG00000168124	16	3254247	3255188	0.0867	rs732532	 3.05	rs190081	 3.00e-02	  7.66	-0.92661	 395	 35	enet	0.083	1.5e-23	-1.21217	2.25e-01
NA	/data/songy4/twas/output/weights//ENSG00000010539.wgt.RDat	ENSG00000010539	16	3272325	3286221	0.1297	rs9392	 3.52	rs224243	 7.33e-02	 -9.75	-1.14000	 400	 31	enet	0.085	5.5e-24	 0.97284	3.31e-01
NA	/data/songy4/twas/output/weights//ENSG00000103313.wgt.RDat	ENSG00000103313	16	3292028	3306627	0.2846	rs9392	 3.52	rs224225	 2.51e-01	-16.93	-1.38776	 400	 17	enet	0.25	7.4e-74	 1.38649	1.66e-01
NA	/data/songy4/twas/output/weights//ENSG00000006194.wgt.RDat	ENSG00000006194	16	3313743	3351401	0.0655	rs9392	 3.52	rs7185015	 3.41e-02	  7.07	-1.00917	 404	  1	top1	0.034	2e-10	-1.00917	3.13e-01
NA	/data/songy4/twas/output/weights//ENSG00000140993.wgt.RDat	ENSG00000140993	16	3348832	3355729	0.3082	rs9392	 3.52	rs220381	 8.69e-02	 10.02	-0.63462	 388	  7	lasso	0.24	6.2e-70	-1.40453	1.60e-01
NA	/data/songy4/twas/output/weights//ENSG00000140987.wgt.RDat	ENSG00000140987	16	3432085	3451065	0.0716	rs9392	 3.52	rs27234	 5.05e-02	 -7.92	 0.89600	 364	  5	lasso	0.051	6.5e-15	-0.61972	5.35e-01
NA	/data/songy4/twas/output/weights//ENSG00000103343.wgt.RDat	ENSG00000103343	16	3451235	3459370	0.0557	rs9392	 3.52	rs37814	 5.84e-02	  8.40	 0.09346	 360	  1	top1	0.058	8.4e-17	 0.09346	9.26e-01
NA	/data/songy4/twas/output/weights//ENSG00000167981.wgt.RDat	ENSG00000167981	16	3486104	3493542	0.0803	rs9392	 3.52	rs27234	 4.79e-02	 -9.02	 0.89600	 355	  5	lasso	0.093	3.2e-26	-0.56091	5.75e-01
NA	/data/songy4/twas/output/weights//ENSG00000103351.wgt.RDat	ENSG00000103351	16	3550924	3589048	0.2080	rs2238431	 3.83	rs3751837	 1.94e-01	 15.52	 0.17355	 389	 22	enet	0.25	3e-74	-0.50045	6.17e-01
NA	/data/songy4/twas/output/weights//ENSG00000167984.wgt.RDat	ENSG00000167984	16	3589033	3627401	0.0948	rs2238431	 3.83	rs35402060	 5.85e-02	  8.56	 0.32124	 384	 11	enet	0.08	1.1e-22	-0.25041	8.02e-01
NA	/data/songy4/twas/output/weights//ENSG00000213918.wgt.RDat	ENSG00000213918	16	3661729	3730144	0.1148	rs2238431	 3.83	rs10852636	 1.04e-01	-11.80	-0.62745	 407	  7	lasso	0.12	2.5e-34	 0.52266	6.01e-01
NA	/data/songy4/twas/output/weights//ENSG00000126602.wgt.RDat	ENSG00000126602	16	3701640	3767598	0.6317	rs2238431	 3.83	rs2072379	 4.74e-01	-23.24	-0.47059	 421	 47	enet	0.55	1.3e-199	 0.24601	8.06e-01
NA	/data/songy4/twas/output/weights//ENSG00000162104.wgt.RDat	ENSG00000162104	16	4003388	4166186	0.3716	rs2238431	 3.83	rs7204987	 3.58e-01	 20.25	-0.67961	 422	 37	enet	0.43	5.1e-143	-0.44074	6.59e-01
NA	/data/songy4/twas/output/weights//ENSG00000090447.wgt.RDat	ENSG00000090447	16	4307187	4323076	0.1304	rs2238431	 3.83	rs251736	 1.01e-01	 11.01	-1.03960	 391	 15	enet	0.1	2.9e-29	-1.18010	2.38e-01
NA	/data/songy4/twas/output/weights//ENSG00000103423.wgt.RDat	ENSG00000103423	16	4475806	4506776	0.2676	rs2238431	 3.83	rs12927449	 1.96e-01	 15.34	-0.09877	 451	  5	lasso	0.25	1.7e-74	-0.02019	9.84e-01
NA	/data/songy4/twas/output/weights//ENSG00000153406.wgt.RDat	ENSG00000153406	16	4511681	4545764	0.3463	rs8058624	-3.57	rs4785966	 2.73e-01	 17.69	 0.08929	 455	 41	enet	0.45	3.4e-150	-0.62998	5.29e-01
NA	/data/songy4/twas/output/weights//ENSG00000102858.wgt.RDat	ENSG00000102858	16	4666494	4740975	0.1625	rs8058624	-3.57	rs715109	 1.14e-01	-11.62	-0.52577	 441	 13	lasso	0.18	3.1e-50	 1.06138	2.89e-01
NA	/data/songy4/twas/output/weights//ENSG00000103199.wgt.RDat	ENSG00000103199	16	4798240	4817625	0.2733	rs12709122	-3.43	rs2290562	 6.75e-02	 10.01	 0.13158	 398	  9	lasso	0.17	3.8e-48	-0.39234	6.95e-01
NA	/data/songy4/twas/output/weights//ENSG00000067836.wgt.RDat	ENSG00000067836	16	4846969	4852951	0.1606	rs12709122	-3.43	rs2290562	 8.54e-02	  9.97	 0.13158	 391	  4	lasso	0.1	4e-28	-0.33620	7.37e-01
NA	/data/songy4/twas/output/weights//ENSG00000118900.wgt.RDat	ENSG00000118900	16	4896666	4932361	0.0410	rs12709122	-3.43	rs9935080	 3.28e-02	  6.45	-0.30851	 419	  1	top1	0.033	4.4e-10	-0.30851	7.58e-01
NA	/data/songy4/twas/output/weights//ENSG00000118898.wgt.RDat	ENSG00000118898	16	4932508	5010742	0.1875	rs12709122	-3.43	rs2939958	 9.74e-02	-10.67	-2.19084	 432	  3	lasso	0.099	1.1e-27	 2.09555	3.61e-02
NA	/data/songy4/twas/output/weights//ENSG00000103184.wgt.RDat	ENSG00000103184	16	5008318	5069159	0.1662	rs12709122	-3.43	rs9925477	 1.61e-01	-13.59	 0.14563	 449	  1	lasso	0.16	1.3e-45	-0.14563	8.84e-01
NA	/data/songy4/twas/output/weights//ENSG00000103174.wgt.RDat	ENSG00000103174	16	5074845	5084142	0.1798	rs12709122	-3.43	rs887854	 1.59e-01	-13.70	 0.93814	 440	 17	enet	0.19	6.5e-53	-0.45936	6.46e-01
NA	/data/songy4/twas/output/weights//ENSG00000067365.wgt.RDat	ENSG00000067365	16	8715540	8740081	0.0604	rs10852271	 3.17	rs2302607	 2.90e-02	 -5.85	-0.80000	 598	  5	lasso	0.057	2.4e-16	-0.92010	3.58e-01
NA	/data/songy4/twas/output/weights//ENSG00000183044.wgt.RDat	ENSG00000183044	16	8768422	8878432	0.5023	rs10852271	 3.17	rs9923816	 8.55e-02	-11.18	-1.04580	 617	119	enet	0.31	1.1e-94	-0.13482	8.93e-01
NA	/data/songy4/twas/output/weights//ENSG00000140650.wgt.RDat	ENSG00000140650	16	8882680	8943188	0.4297	rs10852271	 3.17	rs2447927	 2.78e-01	 17.95	-0.36515	 566	  4	lasso	0.42	1.7e-136	-0.80678	4.20e-01
NA	/data/songy4/twas/output/weights//ENSG00000153048.wgt.RDat	ENSG00000153048	16	8946799	8962866	0.3491	rs10852271	 3.17	rs11645498	 2.13e-01	 15.60	-0.87500	 511	 46	enet	0.3	4.8e-89	-1.72300	8.49e-02
NA	/data/songy4/twas/output/weights//ENSG00000166669.wgt.RDat	ENSG00000166669	16	10420291	10577495	0.2049	rs837694	-3.65	rs12165003	 1.06e-01	 11.28	 0.56934	 684	 33	enet	0.14	8.9e-41	-0.05121	9.59e-01
NA	/data/songy4/twas/output/weights//ENSG00000153060.wgt.RDat	ENSG00000153060	16	10721358	10788802	0.0798	rs9928081	-3.33	rs1344514	 3.64e-02	 -6.69	 0.39823	 588	 42	enet	0.039	1.3e-11	-1.15770	2.47e-01
NA	/data/songy4/twas/output/weights//ENSG00000182108.wgt.RDat	ENSG00000182108	16	11022748	11036317	0.1708	rs9928081	-3.33	rs8056098	 1.54e-01	 13.35	-0.29167	 561	 20	enet	0.19	3.8e-54	-0.71827	4.73e-01
NA	/data/songy4/twas/output/weights//ENSG00000175643.wgt.RDat	ENSG00000175643	16	11343476	11445619	0.2048	rs12446552	 3.73	rs243327	 2.12e-01	 15.88	-1.05319	 542	 46	enet	0.27	2.2e-80	-1.39151	1.64e-01
NA	/data/songy4/twas/output/weights//ENSG00000188897.wgt.RDat	ENSG00000188897	16	11453702	11617444	0.0779	rs12446552	 3.73	rs7203193	 6.12e-03	 -5.29	-1.12500	 560	 32	enet	0.045	3.8e-13	 0.67151	5.02e-01
NA	/data/songy4/twas/output/weights//ENSG00000189067.wgt.RDat	ENSG00000189067	16	11641853	11730237	0.0288	rs12446552	 3.73	rs12446552	 2.60e-03	  4.59	 3.72650	 522	 18	enet	0.01	0.00038	 3.04857	2.30e-03
NA	/data/songy4/twas/output/weights//ENSG00000153066.wgt.RDat	ENSG00000153066	16	11772936	11836734	0.2014	rs12446552	 3.73	rs12920377	 2.24e-01	-16.29	-1.07921	 503	 34	enet	0.24	2e-68	 0.48280	6.29e-01
NA	/data/songy4/twas/output/weights//ENSG00000122299.wgt.RDat	ENSG00000122299	16	11844442	11891123	0.0999	rs12446552	 3.73	rs7199993	 3.75e-02	 -6.69	 0.00000	 498	 31	enet	0.051	6.8e-15	 0.29072	7.71e-01
NA	/data/songy4/twas/output/weights//ENSG00000103342.wgt.RDat	ENSG00000103342	16	11961985	12009939	0.2485	rs12446552	 3.73	rs3743590	 1.29e-01	 12.22	-1.80612	 497	 35	enet	0.2	1.7e-56	-2.44960	1.43e-02
NA	/data/songy4/twas/output/weights//ENSG00000234719.wgt.RDat	ENSG00000234719	16	12021230	12070500	0.4719	rs12446552	 3.73	rs2869492	 5.35e-01	 24.68	-1.49000	 492	  6	lasso	0.54	1.1e-194	-1.46184	1.44e-01
NA	/data/songy4/twas/output/weights//ENSG00000048471.wgt.RDat	ENSG00000048471	16	12070594	12668146	0.0544	rs12446552	 3.73	rs9938283	 8.95e-04	 -4.22	-1.42636	 893	 29	enet	0.013	5.9e-05	 1.10698	2.68e-01
NA	/data/songy4/twas/output/weights//ENSG00000103381.wgt.RDat	ENSG00000103381	16	12756919	12897874	0.1354	rs890897	-2.90	rs9941068	 9.21e-02	 10.81	 1.38235	 737	  9	lasso	0.093	4.9e-26	 1.35604	1.75e-01
NA	/data/songy4/twas/output/weights//ENSG00000175595.wgt.RDat	ENSG00000175595	16	14014014	14046202	0.0443	rs246174	-3.66	rs3136042	 3.12e-02	  6.06	 1.04331	 519	  1	top1	0.031	1.2e-09	 1.04331	2.97e-01
NA	/data/songy4/twas/output/weights//ENSG00000186260.wgt.RDat	ENSG00000186260	16	14165178	14360630	0.0263	rs246174	-3.66	rs928968	 8.70e-03	  4.66	 0.48333	 471	  1	top1	0.0087	0.00095	 0.48333	6.29e-01
NA	/data/songy4/twas/output/weights//ENSG00000103429.wgt.RDat	ENSG00000103429	16	14726672	14763093	0.1101	rs246174	-3.66	rs11546303	 7.52e-02	  9.30	-1.72549	 183	 47	enet	0.1	5.3e-28	-1.68703	9.16e-02
NA	/data/songy4/twas/output/weights//ENSG00000183426.wgt.RDat	ENSG00000183426	16	15016659	15045915	0.3013	rs153779	 1.92	rs4780563	 1.46e-01	 13.29	 0.04167	 109	 25	enet	0.21	1e-59	-0.38228	7.02e-01
NA	/data/songy4/twas/output/weights//ENSG00000179889.wgt.RDat	ENSG00000179889	16	15068448	15233196	0.4334	rs1125972	-2.35	rs1125972	 9.04e-02	-10.34	-2.34574	 148	 64	enet	0.19	1.7e-53	 1.65402	9.81e-02
NA	/data/songy4/twas/output/weights//ENSG00000157045.wgt.RDat	ENSG00000157045	16	15131710	15149921	0.0933	rs1125972	-2.35	rs11075253	 7.93e-02	 -9.71	 0.25714	 112	 14	enet	0.082	5.2e-23	-0.31444	7.53e-01
NA	/data/songy4/twas/output/weights//ENSG00000085721.wgt.RDat	ENSG00000085721	16	15153879	15188174	0.0406	rs1125972	-2.35	rs2280018	 3.05e-02	  6.05	 1.04124	 111	  4	lasso	0.032	9e-10	 0.79921	4.24e-01
NA	/data/songy4/twas/output/weights//ENSG00000183793.wgt.RDat	ENSG00000183793	16	15457516	15474904	0.2817	rs12934645	 2.73	rs3198697	 1.72e-01	 14.05	 1.35417	 233	 46	enet	0.21	1.1e-59	 0.62154	5.34e-01
NA	/data/songy4/twas/output/weights//ENSG00000156968.wgt.RDat	ENSG00000156968	16	15489611	15507125	0.2406	rs12934645	 2.73	rs153000	 1.19e-01	 12.35	 1.47222	 250	 24	enet	0.19	3.6e-53	 0.30825	7.58e-01
NA	/data/songy4/twas/output/weights//ENSG00000166780.wgt.RDat	ENSG00000166780	16	15528152	15718885	0.0341	rs12934645	 2.73	rs7404843	 1.10e-02	  4.84	 0.11724	 424	  1	top1	0.011	0.00024	 0.11724	9.07e-01
NA	/data/songy4/twas/output/weights//ENSG00000166783.wgt.RDat	ENSG00000166783	16	15688243	15737023	0.0334	rs12934645	 2.73	rs11649126	 2.00e-02	 -5.23	 1.60000	 409	  1	top1	0.02	9.8e-07	-1.60000	1.10e-01
NA	/data/songy4/twas/output/weights//ENSG00000072864.wgt.RDat	ENSG00000072864	16	15737124	15820210	0.0593	rs12934645	 2.73	rs16967494	 5.45e-02	  8.21	-0.80189	 454	  1	top1	0.054	9.1e-16	-0.80189	4.23e-01
NA	/data/songy4/twas/output/weights//ENSG00000133393.wgt.RDat	ENSG00000133393	16	15959577	15982482	0.0891	rs12934645	 2.73	rs3213476	 5.89e-02	  8.42	-0.48175	 454	  1	top1	0.059	6e-17	-0.48175	6.30e-01
NA	/data/songy4/twas/output/weights//ENSG00000103222.wgt.RDat	ENSG00000103222	16	16043434	16236931	0.1372	rs12934645	 2.73	rs8045000	 1.33e-02	 -5.81	-0.79825	 437	 50	enet	0.047	6.6e-14	 1.58813	1.12e-01
NA	/data/songy4/twas/output/weights//ENSG00000091262.wgt.RDat	ENSG00000091262	16	16242785	16317379	0.3163	rs12934645	 2.73	rs2856553	 1.64e-01	-13.76	 1.64390	 383	  4	lasso	0.17	5.3e-48	-1.52656	1.27e-01
NA	/data/songy4/twas/output/weights//ENSG00000103226.wgt.RDat	ENSG00000103226	16	16326352	16388668	0.5314	rs4781701	-2.71	rs2239319	 1.34e-01	-12.40	-0.72804	 355	 44	enet	0.24	1.9e-69	 0.59951	5.49e-01
NA	/data/songy4/twas/output/weights//ENSG00000183889.wgt.RDat	ENSG00000183889	16	16411301	16444447	0.4508	rs4781701	-2.71	rs2856553	 2.16e-01	-15.69	 1.64390	 335	  7	lasso	0.22	8.3e-64	-1.46477	1.43e-01
NA	/data/songy4/twas/output/weights//ENSG00000103489.wgt.RDat	ENSG00000103489	16	17195626	17564738	0.3108	rs7193856	-2.89	rs12923427	 1.35e-01	-12.52	 2.43717	 573	 58	enet	0.28	1.2e-81	-1.83320	6.68e-02
NA	/data/songy4/twas/output/weights//ENSG00000260342.wgt.RDat	ENSG00000260342	16	18799385	18812841	0.0268	rs11343	 6.44	rs2606562	 1.60e-02	  5.24	 1.11628	 226	  1	top1	0.016	1.1e-05	 1.11628	2.64e-01
NA	/data/songy4/twas/output/weights//ENSG00000170540.wgt.RDat	ENSG00000170540	16	18802991	18813000	0.0738	rs11343	 6.44	rs12444081	 1.08e-01	-11.30	 0.03774	 226	  1	top1	0.11	2.7e-30	-0.03774	9.70e-01
NA	/data/songy4/twas/output/weights//ENSG00000157106.wgt.RDat	ENSG00000157106	16	18816175	18937776	0.1083	rs11343	 6.44	rs11646765	 1.49e-01	-13.28	-0.05882	 311	  9	lasso	0.16	1.1e-45	 0.18551	8.53e-01
NA	/data/songy4/twas/output/weights//ENSG00000167186.wgt.RDat	ENSG00000167186	16	19078921	19091417	0.1740	rs11343	 6.44	rs4630530	 1.26e-01	 12.09	-2.35052	 392	 45	enet	0.13	9.1e-36	-0.83377	4.04e-01
NA	/data/songy4/twas/output/weights//ENSG00000205730.wgt.RDat	ENSG00000205730	16	19125254	19132946	0.0463	rs11343	 6.44	rs6497331	 2.57e-02	  5.66	-1.33945	 417	 31	enet	0.031	1.6e-09	-1.04261	2.97e-01
NA	/data/songy4/twas/output/weights//ENSG00000103534.wgt.RDat	ENSG00000103534	16	19421818	19510435	0.1053	rs11343	 6.44	rs7200119	 4.04e-02	 -6.96	-1.24590	 472	 74	enet	0.064	3.4e-18	 1.70266	8.86e-02
NA	/data/songy4/twas/output/weights//ENSG00000006007.wgt.RDat	ENSG00000006007	16	19513015	19533467	0.1467	rs11343	 6.44	rs12708624	 1.01e-01	-10.81	 0.64516	 460	 11	lasso	0.15	7.1e-43	-1.04253	2.97e-01
NA	/data/songy4/twas/output/weights//ENSG00000103540.wgt.RDat	ENSG00000103540	16	19535133	19564730	0.0494	rs11343	 6.44	rs9929533	 4.96e-02	  8.19	-1.66667	 468	 13	enet	0.053	2.3e-15	-1.47473	1.40e-01
NA	/data/songy4/twas/output/weights//ENSG00000103550.wgt.RDat	ENSG00000103550	16	19714902	19729557	0.0519	rs11343	 6.44	rs4780822	 5.76e-02	  8.28	-1.14961	 446	 20	enet	0.058	9.6e-17	-0.05966	9.52e-01
NA	/data/songy4/twas/output/weights//ENSG00000166743.wgt.RDat	ENSG00000166743	16	20634559	20710212	0.1614	rs1974492	-3.32	rs163242	 1.54e-01	 13.59	-1.69748	 423	 21	enet	0.18	5.1e-51	-1.71899	8.56e-02
NA	/data/songy4/twas/output/weights//ENSG00000066654.wgt.RDat	ENSG00000066654	16	20744986	20753406	0.0650	rs1974492	-3.32	rs12325560	 6.54e-02	  9.05	-0.26804	 405	 10	lasso	0.086	3.3e-24	-1.29432	1.96e-01
NA	/data/songy4/twas/output/weights//ENSG00000196678.wgt.RDat	ENSG00000196678	16	20791515	20911671	0.0475	rs1974492	-3.32	rs12325560	 3.89e-02	  6.85	-0.26804	 407	 12	lasso	0.043	1.2e-12	-0.17313	8.63e-01
NA	/data/songy4/twas/output/weights//ENSG00000011638.wgt.RDat	ENSG00000011638	16	21169698	21191937	0.1257	rs13339094	-2.87	rs1862268	 2.38e-02	 -7.73	 2.13265	 279	  6	lasso	0.073	1.3e-20	-1.15340	2.49e-01
NA	/data/songy4/twas/output/weights//ENSG00000103316.wgt.RDat	ENSG00000103316	16	21250195	21314404	0.0654	rs13339094	-2.87	rs8057454	 5.73e-02	 -8.22	-0.89474	 271	  1	top1	0.057	1.6e-16	 0.89474	3.71e-01
NA	/data/songy4/twas/output/weights//ENSG00000169246.wgt.RDat	ENSG00000169246	16	21413558	21459888	0.4760	rs13339094	-2.87	rs194548	 1.53e-01	 13.29	 1.94118	 218	 48	enet	0.23	7.2e-66	 2.14727	3.18e-02
NA	/data/songy4/twas/output/weights//ENSG00000197006.wgt.RDat	ENSG00000197006	16	21608539	21668794	0.1012	rs16972760	 2.64	rs7204169	 9.01e-02	 10.19	-0.85047	 190	  1	top1	0.09	2.4e-25	-0.85047	3.95e-01
NA	/data/songy4/twas/output/weights//ENSG00000140749.wgt.RDat	ENSG00000140749	16	21652609	21663981	0.0430	rs16972760	 2.64	rs215901	 2.13e-02	  6.41	-1.06250	 176	  5	lasso	0.026	2.1e-08	-0.81373	4.16e-01
NA	/data/songy4/twas/output/weights//ENSG00000185864.wgt.RDat	ENSG00000185864	16	21845890	21892148	0.4930	rs16972760	 2.64	rs226005	 9.27e-02	 10.72	-0.16216	 153	 64	enet	0.25	3.8e-74	 1.40705	1.59e-01
NA	/data/songy4/twas/output/weights//ENSG00000140740.wgt.RDat	ENSG00000140740	16	21963981	21994981	0.0187	rs16972760	 2.64	rs7200959	 1.43e-02	 -4.36	-0.74436	 155	  1	top1	0.014	3.1e-05	 0.74436	4.57e-01
NA	/data/songy4/twas/output/weights//ENSG00000140743.wgt.RDat	ENSG00000140743	16	22357257	22448486	0.0853	rs154533	-3.30	rs13334621	 1.05e-01	-11.15	-0.13143	 255	  1	top1	0.11	1.7e-29	 0.13143	8.95e-01
NA	/data/songy4/twas/output/weights//ENSG00000103365.wgt.RDat	ENSG00000103365	16	23474863	23533316	0.0395	rs916677	-3.37	rs4968006	 1.44e-02	 -4.63	 1.23622	 474	  1	top1	0.014	2.9e-05	-1.23622	2.16e-01
NA	/data/songy4/twas/output/weights//ENSG00000103356.wgt.RDat	ENSG00000103356	16	23533335	23569052	0.0196	rs916677	-3.37	rs7203580	 1.20e-02	 -4.60	 1.21212	 446	  1	top1	0.012	0.00012	-1.21212	2.25e-01
NA	/data/songy4/twas/output/weights//ENSG00000103353.wgt.RDat	ENSG00000103353	16	23568392	23585710	0.0284	rs916677	-3.37	rs13334957	 9.30e-04	  4.62	 0.18613	 436	 33	enet	0.013	8.5e-05	-0.17835	8.58e-01
NA	/data/songy4/twas/output/weights//ENSG00000166847.wgt.RDat	ENSG00000166847	16	23652713	23681195	0.6313	rs916677	-3.37	rs34514	 7.45e-01	 29.15	 1.36207	 444	  1	top1	0.75	0	 1.36207	1.73e-01
NA	/data/songy4/twas/output/weights//ENSG00000166851.wgt.RDat	ENSG00000166851	16	23688977	23701688	0.2076	rs916677	-3.37	rs35633	 2.30e-01	 16.31	 1.31897	 440	 28	enet	0.24	4.1e-69	 1.62131	1.05e-01
NA	/data/songy4/twas/output/weights//ENSG00000166501.wgt.RDat	ENSG00000166501	16	23847322	24231932	0.2471	rs916677	-3.37	rs7404095	 2.53e-01	-17.01	 0.36000	 652	  5	lasso	0.31	1.5e-95	-0.51946	6.03e-01
NA	/data/songy4/twas/output/weights//ENSG00000122257.wgt.RDat	ENSG00000122257	16	24549014	24584184	0.0849	rs2022174	 3.22	rs12051088	 7.84e-02	  9.71	 1.26087	 471	  3	lasso	0.078	3.5e-22	 1.21361	2.25e-01
NA	/data/songy4/twas/output/weights//ENSG00000090905.wgt.RDat	ENSG00000090905	16	24741016	24838953	0.1857	rs2022174	 3.22	rs4788432	 1.15e-01	-12.07	 0.13725	 476	 12	lasso	0.14	2.4e-39	 0.33168	7.40e-01
NA	/data/songy4/twas/output/weights//ENSG00000158865.wgt.RDat	ENSG00000158865	16	24857162	24922949	0.3903	rs6497765	-3.21	rs2287783	 5.75e-01	 25.61	 0.88235	 421	 19	enet	0.58	2.2e-215	 0.89118	3.73e-01
NA	/data/songy4/twas/output/weights//ENSG00000140750.wgt.RDat	ENSG00000140750	16	24930706	25026987	0.0310	rs6497765	-3.21	rs1035946	 9.93e-03	 -4.61	 0.50781	 455	  1	top1	0.0099	0.00044	-0.50781	6.12e-01
NA	/data/songy4/twas/output/weights//ENSG00000205629.wgt.RDat	ENSG00000205629	16	25123050	25189552	0.0296	rs6497765	-3.21	rs2881053	 1.57e-02	 -4.99	 0.00855	 450	  1	top1	0.016	1.4e-05	-0.00855	9.93e-01
NA	/data/songy4/twas/output/weights//ENSG00000155592.wgt.RDat	ENSG00000155592	16	25247322	25269252	0.0637	rs6497765	-3.21	rs8049535	 2.99e-02	  6.20	 1.78431	 438	  1	top1	0.03	2.5e-09	 1.78431	7.44e-02
NA	/data/songy4/twas/output/weights//ENSG00000155666.wgt.RDat	ENSG00000155666	16	27214807	27233089	0.0475	rs11647423	-2.91	rs7192633	 1.85e-02	  5.83	-0.27273	 524	  5	lasso	0.033	4.2e-10	 0.40062	6.89e-01
NA	/data/songy4/twas/output/weights//ENSG00000077238.wgt.RDat	ENSG00000077238	16	27324989	27376099	0.0720	rs11647423	-2.91	rs1805010	 1.85e-02	 -6.67	-1.24731	 533	  4	lasso	0.035	9.4e-11	 0.97769	3.28e-01
NA	/data/songy4/twas/output/weights//ENSG00000103522.wgt.RDat	ENSG00000103522	16	27413483	27462115	0.1416	rs11647423	-2.91	rs2285452	 1.32e-01	-12.38	 1.41071	 543	  5	lasso	0.13	3.7e-37	-1.39001	1.65e-01
NA	/data/songy4/twas/output/weights//ENSG00000047578.wgt.RDat	ENSG00000047578	16	27561454	27791690	0.0247	rs2052544	 2.87	rs2057768	 5.34e-04	  3.30	-0.48571	 559	 27	enet	0.0038	0.021	 0.71765	4.73e-01
NA	/data/songy4/twas/output/weights//ENSG00000169180.wgt.RDat	ENSG00000169180	16	28109300	28223241	0.0617	rs3859172	-4.07	rs245733	 9.78e-02	 10.65	 1.15455	 367	  5	lasso	0.1	1.5e-28	 1.16850	2.43e-01
NA	/data/songy4/twas/output/weights//ENSG00000188322.wgt.RDat	ENSG00000188322	16	28303840	28335170	0.0464	rs2008514	-5.27	rs4788055	 4.84e-03	  4.45	-0.75188	 295	  5	lasso	0.027	1.3e-08	 1.97289	4.85e-02
NA	/data/songy4/twas/output/weights//ENSG00000188603.wgt.RDat	ENSG00000188603	16	28477983	28506896	0.0183	rs8045689	-6.05	rs151228	 1.08e-02	 -4.72	-2.82292	 235	  1	top1	0.011	0.00026	 2.82292	4.76e-03
NA	/data/songy4/twas/output/weights//ENSG00000197272.wgt.RDat	ENSG00000197272	16	28510683	28523372	0.0340	rs8045689	-6.05	rs4788084	 2.69e-02	  6.13	-4.09102	 219	 12	enet	0.035	9.3e-11	-3.52543	4.23e-04
NA	/data/songy4/twas/output/weights//ENSG00000176476.wgt.RDat	ENSG00000176476	16	28565236	28603111	0.1177	rs8045689	-6.05	rs7193402	 2.18e-01	-15.86	-3.76787	 205	  6	lasso	0.23	1.1e-67	 3.68147	2.32e-04
NA	/data/songy4/twas/output/weights//ENSG00000197165.wgt.RDat	ENSG00000197165	16	28603264	28608430	0.2908	rs8045689	-6.05	rs3859172	 5.03e-01	 24.04	-4.07216	 192	 10	lasso	0.52	2.7e-182	-3.91345	9.10e-05
NA	/data/songy4/twas/output/weights//ENSG00000196502.wgt.RDat	ENSG00000196502	16	28616903	28634946	0.5806	rs8045689	-6.05	rs151228	 9.83e-02	-10.66	-2.82292	 193	 65	enet	0.24	9.8e-70	 0.37695	7.06e-01
NA	/data/songy4/twas/output/weights//ENSG00000255524.wgt.RDat	ENSG00000255524	16	28648975	28670003	0.0906	rs8045689	-6.05	rs1642026	 1.42e-02	 -5.03	-1.36449	 196	 22	enet	0.026	2.4e-08	 1.16765	2.43e-01
NA	/data/songy4/twas/output/weights//ENSG00000196993.wgt.RDat	ENSG00000196993	16	28763108	28784128	0.0542	rs8045689	-6.05	rs7359397	 6.96e-02	 -9.32	-5.34021	 204	  8	lasso	0.077	7.9e-22	 4.60463	4.13e-06
NA	/data/songy4/twas/output/weights//ENSG00000168488.wgt.RDat	ENSG00000168488	16	28834356	28848558	0.0358	rs8045689	-6.05	rs7498555	 5.92e-03	 -3.73	-5.30612	 188	  1	top1	0.0059	0.0054	 5.30612	1.12e-07
NA	/data/songy4/twas/output/weights//ENSG00000178952.wgt.RDat	ENSG00000178952	16	28853732	28857729	0.3204	rs8045689	-6.05	rs7187776	 6.21e-01	 26.68	-4.52941	 187	  5	lasso	0.63	1.1e-246	-4.77544	1.79e-06
NA	/data/songy4/twas/output/weights//ENSG00000177548.wgt.RDat	ENSG00000177548	16	28915742	28947847	0.0232	rs8045689	-6.05	rs40837	 1.66e-02	  5.51	-3.69109	 189	  4	lasso	0.017	6e-06	-3.55011	3.85e-04
NA	/data/songy4/twas/output/weights//ENSG00000176953.wgt.RDat	ENSG00000176953	16	28962128	28978418	0.0354	rs8045689	-6.05	rs252272	 1.93e-02	 -5.06	-0.22778	 189	  1	top1	0.019	1.5e-06	 0.22778	8.20e-01
NA	/data/songy4/twas/output/weights//ENSG00000213658.wgt.RDat	ENSG00000213658	16	28996147	29002104	0.1011	rs8045689	-6.05	rs4788114	 3.61e-02	  6.54	-3.78261	 186	 13	enet	0.045	2.1e-13	-2.65982	7.82e-03
NA	/data/songy4/twas/output/weights//ENSG00000261740.wgt.RDat	ENSG00000261740	16	29454551	29465972	0.0734	rs8045689	-6.05	rs9936474	 5.35e-02	 -7.94	 1.82474	 169	  1	top1	0.054	1.6e-15	-1.82474	6.80e-02
NA	/data/songy4/twas/output/weights//ENSG00000181625.wgt.RDat	ENSG00000181625	16	29465822	29469540	0.0961	rs8045689	-6.05	rs10083738	 6.03e-02	 -8.50	 1.87500	 167	  8	lasso	0.076	2.1e-21	-2.19797	2.80e-02
NA	/data/songy4/twas/output/weights//ENSG00000169203.wgt.RDat	ENSG00000169203	16	29495010	29517320	0.2098	rs9929088	-5.46	rs10083738	 1.03e-01	-11.08	 1.87500	 177	 34	enet	0.16	3.7e-46	-2.63272	8.47e-03
NA	/data/songy4/twas/output/weights//ENSG00000197471.wgt.RDat	ENSG00000197471	16	29674300	29682187	0.0135	rs12917712	-4.00	rs252345	 9.93e-04	 -3.49	-0.13846	 193	  1	top1	0.00099	0.14	 0.13846	8.90e-01
NA	/data/songy4/twas/output/weights//ENSG00000103485.wgt.RDat	ENSG00000103485	16	29674600	29710020	0.0361	rs12917712	-4.00	rs2071420	 1.34e-03	 -4.02	 0.54494	 195	 12	enet	0.0025	0.05	-1.20563	2.28e-01
NA	/data/songy4/twas/output/weights//ENSG00000013364.wgt.RDat	ENSG00000013364	16	29831715	29859355	0.0685	rs12917712	-4.00	rs4788187	 5.18e-02	  7.75	-1.43796	 158	 18	enet	0.058	1.1e-16	-1.00097	3.17e-01
NA	/data/songy4/twas/output/weights//ENSG00000174943.wgt.RDat	ENSG00000174943	16	29916333	29938356	0.0163	rs12917712	-4.00	rs10083738	 1.67e-02	 -4.81	 1.87500	 184	  1	top1	0.017	7.5e-06	-1.87500	6.08e-02
NA	/data/songy4/twas/output/weights//ENSG00000149929.wgt.RDat	ENSG00000149929	16	30003645	30007757	0.0333	rs12917712	-4.00	rs8058765	 1.02e-02	 -4.51	 2.31492	 207	  1	top1	0.01	0.00038	-2.31492	2.06e-02
NA	/data/songy4/twas/output/weights//ENSG00000169592.wgt.RDat	ENSG00000169592	16	30006615	30017114	0.0729	rs12917712	-4.00	rs4787491	 1.08e-01	 11.71	 1.78723	 209	  9	lasso	0.12	2.8e-33	 2.44926	1.43e-02
NA	/data/songy4/twas/output/weights//ENSG00000149922.wgt.RDat	ENSG00000149922	16	30097114	30103208	0.0531	rs36063822	-5.42	rs2005219	 4.34e-02	 -7.53	 2.00962	 227	 21	enet	0.063	6.3e-18	-1.46542	1.43e-01
NA	/data/songy4/twas/output/weights//ENSG00000102886.wgt.RDat	ENSG00000102886	16	30116131	30125177	0.0560	rs36063822	-5.42	rs11865086	 7.88e-02	 10.02	 2.55175	 229	  8	lasso	0.1	5.8e-28	 2.50652	1.22e-02
NA	/data/songy4/twas/output/weights//ENSG00000102882.wgt.RDat	ENSG00000102882	16	30125426	30134827	0.1170	rs36063822	-5.42	rs11865086	 1.79e-01	 14.33	 2.55669	 230	  7	lasso	0.2	7e-58	 2.87668	4.02e-03
NA	/data/songy4/twas/output/weights//ENSG00000102879.wgt.RDat	ENSG00000102879	16	30194148	30200397	0.0284	rs36063822	-5.42	rs13331817	 1.47e-02	 -5.98	-2.22222	 217	  6	lasso	0.025	4.6e-08	 2.51446	1.19e-02
NA	/data/songy4/twas/output/weights//ENSG00000132207.wgt.RDat	ENSG00000132207	16	30205208	30208882	0.2249	rs36063822	-5.42	rs12373078	 2.25e-01	-16.12	-1.29412	 215	 32	enet	0.23	2.4e-65	 0.91134	3.62e-01
NA	/data/songy4/twas/output/weights//ENSG00000198064.wgt.RDat	ENSG00000198064	16	30234258	30265831	0.1171	rs36063822	-5.42	rs4238961	 1.08e-01	-11.21	 1.24272	 216	  7	lasso	0.12	2.4e-32	-1.60610	1.08e-01
NA	/data/songy4/twas/output/weights//ENSG00000169217.wgt.RDat	ENSG00000169217	16	30362087	30366682	0.0641	rs11150596	-7.26	rs13335932	 2.71e-02	 -6.36	 1.94622	 209	  1	top1	0.027	1.4e-08	-1.94622	5.16e-02
NA	/data/songy4/twas/output/weights//ENSG00000180035.wgt.RDat	ENSG00000180035	16	30389427	30411429	0.0432	rs9933843	-7.97	rs13333093	 4.58e-02	  7.87	-1.01042	 209	  1	top1	0.046	1.8e-13	-1.01042	3.12e-01
NA	/data/songy4/twas/output/weights//ENSG00000180096.wgt.RDat	ENSG00000180096	16	30389454	30407312	0.0215	rs9933843	-7.97	rs8060853	 2.36e-02	 -5.47	-1.70707	 209	  1	top1	0.024	1.2e-07	 1.70707	8.78e-02
NA	/data/songy4/twas/output/weights//ENSG00000179965.wgt.RDat	ENSG00000179965	16	30418618	30440920	0.0222	rs8050588	-9.13	rs9924308	 4.23e-03	 -4.28	-2.45833	 213	 12	enet	0.0066	0.0035	 1.89092	5.86e-02
NA	/data/songy4/twas/output/weights//ENSG00000179918.wgt.RDat	ENSG00000179918	16	30454952	30457502	0.0437	rs7206511	-9.14	rs11150588	 6.67e-03	  4.27	 1.82524	 206	  1	top1	0.0067	0.0034	 1.82524	6.80e-02
NA	/data/songy4/twas/output/weights//ENSG00000196118.wgt.RDat	ENSG00000196118	16	30768744	30774031	0.0234	rs2305880	-9.17	rs11864054	 2.70e-02	  5.68	 7.02000	 214	  1	top1	0.027	1.5e-08	 7.02000	2.22e-12
NA	/data/songy4/twas/output/weights//ENSG00000099377.wgt.RDat	ENSG00000099377	16	30996519	31000473	0.0681	rs2305880	-9.17	rs9927295	 4.84e-02	 -8.22	 0.18018	 237	 18	enet	0.063	5.3e-18	 2.53746	1.12e-02
NA	/data/songy4/twas/output/weights//ENSG00000103496.wgt.RDat	ENSG00000103496	16	31044210	31054296	0.1176	rs2305880	-9.17	rs17839567	 2.00e-01	 15.12	-8.46465	 248	  1	top1	0.2	3.2e-57	-8.46465	2.57e-17
NA	/data/songy4/twas/output/weights//ENSG00000167394.wgt.RDat	ENSG00000167394	16	31072164	31085641	0.0471	rs2305880	-9.17	rs881929	 4.50e-02	  7.69	 7.82292	 247	  5	lasso	0.046	1.7e-13	 7.64471	2.09e-14
NA	/data/songy4/twas/output/weights//ENSG00000167395.wgt.RDat	ENSG00000167395	16	31085743	31095517	0.0386	rs2305880	-9.17	rs2303222	 2.92e-02	 -7.06	 7.63542	 247	  4	lasso	0.037	4.1e-11	-9.09153	9.77e-20
NA	/data/songy4/twas/output/weights//ENSG00000103507.wgt.RDat	ENSG00000103507	16	31117428	31124110	0.0142	rs2305880	-9.17	rs7190997	 1.26e-02	 -4.28	-3.91753	 249	  1	top1	0.013	8.8e-05	 3.91753	8.95e-05
NA	/data/songy4/twas/output/weights//ENSG00000089280.wgt.RDat	ENSG00000089280	16	31191431	31203127	0.0113	rs2305880	-9.17	rs17708638	 3.93e-03	  4.16	-3.67290	 256	  1	top1	0.0039	0.019	-3.67290	2.40e-04
NA	/data/songy4/twas/output/weights//ENSG00000140678.wgt.RDat	ENSG00000140678	16	31366455	31394318	0.3358	rs2305880	-9.17	rs11150616	 3.45e-01	-20.01	-2.37736	 284	  8	lasso	0.38	1.7e-121	 2.48432	1.30e-02
NA	/data/songy4/twas/output/weights//ENSG00000156886.wgt.RDat	ENSG00000156886	16	31404633	31437826	0.2230	rs2305880	-9.17	rs11150614	 4.11e-02	 -8.84	-2.53398	 291	 28	enet	0.14	1.5e-39	 3.42742	6.09e-04
NA	/data/songy4/twas/output/weights//ENSG00000140691.wgt.RDat	ENSG00000140691	16	31469401	31478487	0.0247	rs2305880	-9.17	rs11865835	 2.40e-02	  5.71	-0.07339	 278	  1	top1	0.024	8.8e-08	-0.07339	9.41e-01
NA	/data/songy4/twas/output/weights//ENSG00000169877.wgt.RDat	ENSG00000169877	16	31539185	31540124	0.0949	rs17839567	-8.46	rs4479245	 5.52e-02	 -8.53	 0.01471	 255	  8	lasso	0.069	1.3e-19	-0.75209	4.52e-01
NA	/data/songy4/twas/output/weights//ENSG00000197302.wgt.RDat	ENSG00000197302	16	31724550	31806190	0.0913	rs2288005	-4.26	rs7186753	 3.16e-02	  7.46	-1.18269	 208	 22	enet	0.059	5.3e-17	-1.90840	5.63e-02
NA	/data/songy4/twas/output/weights//ENSG00000205456.wgt.RDat	ENSG00000205456	16	32264040	32267240	0.0243	rs11645176	-3.84	rs1232539	 3.86e-03	  3.70	-1.07547	  48	  4	lasso	0.0067	0.0033	-0.95268	3.41e-01
NA	/data/songy4/twas/output/weights//ENSG00000069329.wgt.RDat	ENSG00000069329	16	46690054	46723430	0.0165	rs12928618	-3.44	rs17189741	 1.57e-02	  5.32	 2.28873	 110	  1	top1	0.016	1.4e-05	 2.28873	2.21e-02
NA	/data/songy4/twas/output/weights//ENSG00000140795.wgt.RDat	ENSG00000140795	16	46740891	46824319	0.0622	rs12928618	-3.44	rs36471	 1.00e-01	 10.83	 2.56738	 128	  1	top1	0.1	3.5e-28	 2.56738	1.02e-02
NA	/data/songy4/twas/output/weights//ENSG00000102910.wgt.RDat	ENSG00000102910	16	48278207	48397033	0.7005	rs6500253	 3.10	rs8053839	 5.89e-01	-25.90	 0.28431	 274	 12	lasso	0.6	2.5e-227	-0.51072	6.10e-01
NA	/data/songy4/twas/output/weights//ENSG00000196470.wgt.RDat	ENSG00000196470	16	48390275	48482313	0.0227	rs6500253	 3.10	rs9938490	 6.85e-03	 -4.06	 1.64662	 283	  1	top1	0.0068	0.003	-1.64662	9.96e-02
NA	/data/songy4/twas/output/weights//ENSG00000205423.wgt.RDat	ENSG00000205423	16	50058321	50070999	0.0409	rs1548914	-4.65	rs1477122	 6.66e-03	 -4.28	-0.46259	 385	 19	enet	0.015	2.7e-05	 1.91204	5.59e-02
NA	/data/songy4/twas/output/weights//ENSG00000155393.wgt.RDat	ENSG00000155393	16	50099852	50140298	0.2969	rs1548914	-4.65	rs8052492	 5.27e-01	-24.57	-0.07273	 383	  7	lasso	0.55	3.8e-200	-0.03593	9.71e-01
NA	/data/songy4/twas/output/weights//ENSG00000121274.wgt.RDat	ENSG00000121274	16	50186829	50269221	0.1221	rs4785224	-5.87	rs9930316	 8.68e-02	 10.14	-0.53333	 379	 28	enet	0.11	3.3e-31	 0.47481	6.35e-01
NA	/data/songy4/twas/output/weights//ENSG00000121281.wgt.RDat	ENSG00000121281	16	50280048	50352046	0.2260	rs4785224	-5.87	rs4785412	 1.41e-01	 13.19	-0.33582	 359	 22	enet	0.18	1.9e-52	-0.98521	3.25e-01
NA	/data/songy4/twas/output/weights//ENSG00000166164.wgt.RDat	ENSG00000166164	16	50347398	50402845	0.4080	rs4785224	-5.87	rs9930316	 4.52e-01	 22.78	-0.53333	 355	 45	enet	0.48	6.8e-166	-0.18392	8.54e-01
NA	/data/songy4/twas/output/weights//ENSG00000140807.wgt.RDat	ENSG00000140807	16	50582241	50670647	0.0963	rs4785224	-5.87	rs9930316	 5.06e-02	  7.73	-0.53333	 444	  5	lasso	0.053	2.6e-15	-1.01923	3.08e-01
NA	/data/songy4/twas/output/weights//ENSG00000167208.wgt.RDat	ENSG00000167208	16	50700211	50715264	0.0316	rs4785224	-5.87	rs16948851	 8.56e-03	 -4.73	-0.35294	 429	  3	lasso	0.0096	0.00054	 1.13998	2.54e-01
NA	/data/songy4/twas/output/weights//ENSG00000167207.wgt.RDat	ENSG00000167207	16	50727514	50766988	0.6511	rs4785224	-5.87	rs1981760	 7.56e-01	 29.34	 1.66355	 444	  1	top1	0.76	0	 1.66355	9.62e-02
NA	/data/songy4/twas/output/weights//ENSG00000083799.wgt.RDat	ENSG00000083799	16	50775961	50835846	0.0842	rs4785224	-5.87	rs4785448	 5.59e-02	 -8.05	 1.55140	 462	  5	lasso	0.1	3.7e-28	-1.66668	9.56e-02
NA	/data/songy4/twas/output/weights//ENSG00000177200.wgt.RDat	ENSG00000177200	16	53088945	53363062	0.0336	rs3104774	 7.06	rs9922011	 2.68e-03	 -4.18	-0.17949	 507	  5	lasso	0.013	8.7e-05	 0.61340	5.40e-01
NA	/data/songy4/twas/output/weights//ENSG00000103479.wgt.RDat	ENSG00000103479	16	53467889	53525561	0.3551	rs8050560	-5.68	rs9929873	 5.40e-01	-24.95	 0.85675	 423	 35	enet	0.55	1.2e-198	-0.90110	3.68e-01
NA	/data/songy4/twas/output/weights//ENSG00000166971.wgt.RDat	ENSG00000166971	16	53524952	53538323	0.3439	rs11644234	-4.07	rs9929873	 5.42e-01	 24.96	 0.84382	 410	 26	enet	0.55	1.5e-199	 0.79834	4.25e-01
NA	/data/songy4/twas/output/weights//ENSG00000140718.wgt.RDat	ENSG00000140718	16	53737875	54155853	0.0446	rs17259245	-2.65	rs17236708	 1.04e-03	 -4.13	 0.09000	 750	 22	enet	0.013	6.9e-05	-0.23351	8.15e-01
NA	/data/songy4/twas/output/weights//ENSG00000177508.wgt.RDat	ENSG00000177508	16	54317216	54320675	0.0762	rs17259245	-2.65	rs748815	 7.16e-02	  9.15	-0.80282	 649	  1	top1	0.072	2.4e-20	-0.80282	4.22e-01
NA	/data/songy4/twas/output/weights//ENSG00000087253.wgt.RDat	ENSG00000087253	16	55542910	55620582	0.0424	rs837543	 3.23	rs12933746	 3.84e-02	 -6.76	 1.15464	 701	  1	top1	0.038	1.6e-11	-1.15464	2.48e-01
NA	/data/songy4/twas/output/weights//ENSG00000198848.wgt.RDat	ENSG00000198848	16	55836763	55867249	0.5917	rs837543	 3.23	rs8192950	 2.02e-01	-15.29	-0.14050	 531	 57	enet	0.4	1.2e-127	 0.18909	8.50e-01
NA	/data/songy4/twas/output/weights//ENSG00000087258.wgt.RDat	ENSG00000087258	16	56225302	56391356	0.0407	rs3790112	-3.28	rs2032924	 2.00e-02	  5.21	 2.07921	 542	  2	lasso	0.02	8.5e-07	 1.97541	4.82e-02
NA	/data/songy4/twas/output/weights//ENSG00000159461.wgt.RDat	ENSG00000159461	16	56395364	56459450	0.0422	rs3790112	-3.28	rs899228	 7.61e-04	 -4.28	-0.44262	 495	 18	enet	0.01	0.00036	 0.19714	8.44e-01
NA	/data/songy4/twas/output/weights//ENSG00000167005.wgt.RDat	ENSG00000167005	16	56463045	56486111	0.0240	rs3790112	-3.28	rs4783944	 3.63e-03	  4.23	-0.59664	 468	  1	top1	0.0036	0.024	-0.59664	5.51e-01
NA	/data/songy4/twas/output/weights//ENSG00000087263.wgt.RDat	ENSG00000087263	16	56485402	56513012	0.0320	rs3790112	-3.28	rs1138295	 2.00e-03	 -3.64	-0.79720	 483	 23	enet	0.007	0.0028	 0.35662	7.21e-01
NA	/data/songy4/twas/output/weights//ENSG00000125124.wgt.RDat	ENSG00000125124	16	56500748	56554195	0.5323	rs3790112	-3.28	rs4556786	 6.24e-01	-26.65	 3.21739	 511	  8	lasso	0.63	1.8e-249	-2.95792	3.10e-03
NA	/data/songy4/twas/output/weights//ENSG00000125148.wgt.RDat	ENSG00000125148	16	56642111	56643409	0.1365	rs3790112	-3.28	rs11642055	 7.35e-02	 -9.31	-1.70748	 519	 26	enet	0.11	6.3e-32	 0.77237	4.40e-01
NA	/data/songy4/twas/output/weights//ENSG00000169715.wgt.RDat	ENSG00000169715	16	56659387	56661024	0.4058	rs3790112	-3.28	rs2291957	 1.71e-01	-14.09	 0.08929	 524	 59	enet	0.34	1.3e-105	 1.15516	2.48e-01
NA	/data/songy4/twas/output/weights//ENSG00000198417.wgt.RDat	ENSG00000198417	16	56691606	56694610	0.1544	rs3790112	-3.28	rs7189840	 6.13e-02	  9.71	 1.88000	 532	 32	enet	0.13	8.8e-36	 1.14994	2.50e-01
NA	/data/songy4/twas/output/weights//ENSG00000187193.wgt.RDat	ENSG00000187193	16	56716336	56718108	0.1656	rs3790112	-3.28	rs4531729	 1.07e-01	-11.45	-0.74766	 530	  4	lasso	0.13	1.5e-37	 0.16966	8.65e-01
NA	/data/songy4/twas/output/weights//ENSG00000102900.wgt.RDat	ENSG00000102900	16	56764017	56878797	0.0471	rs3790112	-3.28	rs4784726	 2.35e-02	  5.58	 0.28682	 576	  1	top1	0.023	1.2e-07	 0.28682	7.74e-01
NA	/data/songy4/twas/output/weights//ENSG00000070915.wgt.RDat	ENSG00000070915	16	56899119	56949762	0.0466	rs4556786	 3.22	rs12933363	 2.05e-03	  4.77	-1.06140	 547	  6	lasso	0.0044	0.014	-1.06008	2.89e-01
NA	/data/songy4/twas/output/weights//ENSG00000051108.wgt.RDat	ENSG00000051108	16	56965960	56977798	0.0781	rs4556786	 3.22	rs8044753	 7.10e-02	  9.05	 0.07921	 531	  8	lasso	0.085	5.5e-24	 0.36660	7.14e-01
NA	/data/songy4/twas/output/weights//ENSG00000087237.wgt.RDat	ENSG00000087237	16	56995762	57017757	0.0576	rs7184983	-3.15	rs7205804	 7.14e-03	 -5.20	-1.33684	 545	 26	enet	0.019	1.6e-06	-0.32410	7.46e-01
NA	/data/songy4/twas/output/weights//ENSG00000140853.wgt.RDat	ENSG00000140853	16	57023397	57117443	0.2607	rs7184983	-3.15	rs821470	 1.40e-01	 12.71	-1.74510	 578	 56	enet	0.21	2.7e-60	-1.91665	5.53e-02
NA	/data/songy4/twas/output/weights//ENSG00000140848.wgt.RDat	ENSG00000140848	16	57126449	57181878	0.4753	rs12920292	-2.85	rs16966632	 2.39e-01	 16.61	-0.42424	 568	 51	enet	0.31	1.6e-94	-0.52405	6.00e-01
NA	/data/songy4/twas/output/weights//ENSG00000172775.wgt.RDat	ENSG00000172775	16	57186378	57220028	0.1179	rs12920292	-2.85	rs12596783	 1.11e-01	-11.28	 0.08182	 563	  1	top1	0.11	4.9e-31	-0.08182	9.35e-01
NA	/data/songy4/twas/output/weights//ENSG00000159579.wgt.RDat	ENSG00000159579	16	57220049	57274387	0.1266	rs1061546	 3.04	rs2279407	 1.22e-01	 11.83	 0.41925	 572	  1	top1	0.12	3.6e-34	 0.41925	6.75e-01
NA	/data/songy4/twas/output/weights//ENSG00000102931.wgt.RDat	ENSG00000102931	16	57279010	57287516	0.0433	rs1061546	 3.04	rs12599485	 1.44e-06	  3.74	 0.10000	 563	  5	lasso	0.00023	0.26	-0.48693	6.26e-01
NA	/data/songy4/twas/output/weights//ENSG00000088682.wgt.RDat	ENSG00000088682	16	57481337	57495187	0.0442	rs729331	 3.55	rs223859	 2.97e-02	 -6.04	 1.69963	 588	  1	top1	0.03	3e-09	-1.69963	8.92e-02
NA	/data/songy4/twas/output/weights//ENSG00000102978.wgt.RDat	ENSG00000102978	16	57496299	57505922	0.0457	rs729331	 3.55	rs886434	 1.84e-02	 -5.52	 1.92611	 588	  5	lasso	0.037	3.8e-11	-0.97498	3.30e-01
NA	/data/songy4/twas/output/weights//ENSG00000125170.wgt.RDat	ENSG00000125170	16	57505863	57521239	0.0728	rs729331	 3.55	rs223839	 5.21e-02	  8.13	 0.89109	 587	  5	lasso	0.068	1.7e-19	 1.73658	8.25e-02
NA	/data/songy4/twas/output/weights//ENSG00000135736.wgt.RDat	ENSG00000135736	16	57546090	57570511	0.0930	rs729331	 3.55	rs867142	 5.08e-02	 -8.45	 0.99020	 579	  4	lasso	0.099	9e-28	 0.48508	6.28e-01
NA	/data/songy4/twas/output/weights//ENSG00000159618.wgt.RDat	ENSG00000159618	16	57576333	57625593	0.0690	rs729331	 3.55	rs4783997	 5.93e-02	 -8.49	-1.59048	 563	  1	top1	0.059	4.7e-17	 1.59048	1.12e-01
NA	/data/songy4/twas/output/weights//ENSG00000205336.wgt.RDat	ENSG00000205336	16	57644564	57698944	0.0477	rs729331	 3.55	rs733464	 4.64e-03	  4.48	 0.46392	 549	 36	enet	0.0089	0.00082	-0.17160	8.64e-01
NA	/data/songy4/twas/output/weights//ENSG00000182885.wgt.RDat	ENSG00000182885	16	57702099	57723975	0.1186	rs729331	 3.55	rs8051301	 1.26e-01	 12.06	 0.64407	 530	  1	top1	0.13	3e-35	 0.64407	5.20e-01
NA	/data/songy4/twas/output/weights//ENSG00000159625.wgt.RDat	ENSG00000159625	16	57728705	57765717	0.1644	rs729331	 3.55	rs8051301	 1.65e-01	 13.74	 0.64407	 547	  1	top1	0.16	1.5e-46	 0.64407	5.20e-01
NA	/data/songy4/twas/output/weights//ENSG00000159648.wgt.RDat	ENSG00000159648	16	58010339	58022020	0.1530	rs729331	 3.55	rs9934227	 1.89e-01	-14.69	 1.19685	 552	 15	enet	0.2	1.5e-58	-1.09897	2.72e-01
NA	/data/songy4/twas/output/weights//ENSG00000166188.wgt.RDat	ENSG00000166188	16	58028572	58034357	0.1301	rs729331	 3.55	rs3743554	 1.38e-01	-12.63	 0.90179	 550	  7	lasso	0.14	8.6e-41	-0.54052	5.89e-01
NA	/data/songy4/twas/output/weights//ENSG00000103005.wgt.RDat	ENSG00000103005	16	58033450	58055522	0.0336	rs729331	 3.55	rs3743554	 1.26e-02	 -5.12	 0.90179	 564	  1	top1	0.013	8.9e-05	-0.90179	3.67e-01
NA	/data/songy4/twas/output/weights//ENSG00000070761.wgt.RDat	ENSG00000070761	16	58147496	58163354	0.0564	rs729331	 3.55	rs2270919	 4.08e-02	 -7.03	 1.64576	 540	  1	top1	0.041	3.8e-12	-1.64576	9.98e-02
NA	/data/songy4/twas/output/weights//ENSG00000103021.wgt.RDat	ENSG00000103021	16	58265061	58317740	0.0224	rs729331	 3.55	rs4784909	 2.50e-03	  4.13	-0.12500	 523	  1	top1	0.0025	0.05	-0.12500	9.01e-01
NA	/data/songy4/twas/output/weights//ENSG00000103037.wgt.RDat	ENSG00000103037	16	58549383	58554431	0.1791	rs1895522	 2.45	rs12931051	 9.34e-02	 10.61	 0.36066	 475	 26	enet	0.13	8.4e-38	-0.20145	8.40e-01
NA	/data/songy4/twas/output/weights//ENSG00000103042.wgt.RDat	ENSG00000103042	16	58699013	58719008	0.0363	rs1895522	 2.45	rs4784975	 1.52e-02	  5.85	-0.51574	 480	  5	lasso	0.028	6.9e-09	-1.18581	2.36e-01
NA	/data/songy4/twas/output/weights//ENSG00000125166.wgt.RDat	ENSG00000125166	16	58741035	58768261	0.1939	rs1895522	 2.45	rs9926182	 1.94e-01	-14.91	-1.30612	 474	  1	top1	0.19	2.5e-55	 1.30612	1.92e-01
NA	/data/songy4/twas/output/weights//ENSG00000166548.wgt.RDat	ENSG00000166548	16	66541906	66586447	0.3499	rs12933381	 3.54	rs2002907	 3.78e-01	 21.61	-0.68852	 476	 47	enet	0.56	2.6e-204	-0.86862	3.85e-01
NA	/data/songy4/twas/output/weights//ENSG00000217555.wgt.RDat	ENSG00000217555	16	66586466	66600154	0.0419	rs12933381	 3.54	rs3743712	 3.38e-02	  6.52	-1.28938	 436	  1	top1	0.034	2.5e-10	-1.28938	1.97e-01
NA	/data/songy4/twas/output/weights//ENSG00000089505.wgt.RDat	ENSG00000089505	16	66600294	66613040	0.0352	rs12933381	 3.54	rs3743712	 1.20e-02	  5.90	-1.28938	 429	  8	enet	0.013	8.2e-05	-1.42630	1.54e-01
NA	/data/songy4/twas/output/weights//ENSG00000140931.wgt.RDat	ENSG00000140931	16	66637777	66647795	0.2136	rs12933381	 3.54	rs8051710	 1.54e-01	-13.34	 0.29592	 419	  9	lasso	0.24	7.5e-70	-0.60561	5.45e-01
NA	/data/songy4/twas/output/weights//ENSG00000183723.wgt.RDat	ENSG00000183723	16	66648653	66730610	0.0153	rs12933381	 3.54	rs355965	 2.25e-03	  3.81	-0.93035	 438	  1	top1	0.0023	0.059	-0.93035	3.52e-01
NA	/data/songy4/twas/output/weights//ENSG00000135720.wgt.RDat	ENSG00000135720	16	66754796	66785701	0.0168	rs12933381	 3.54	rs7196093	 7.89e-03	 -4.49	-0.52083	 384	  1	top1	0.0079	0.0016	 0.52083	6.02e-01
NA	/data/songy4/twas/output/weights//ENSG00000159593.wgt.RDat	ENSG00000159593	16	66836778	66907159	0.0213	rs12933381	 3.54	rs444373	 1.03e-02	  4.79	 0.34043	 374	 10	enet	0.024	1.2e-07	-0.14509	8.85e-01
NA	/data/songy4/twas/output/weights//ENSG00000172840.wgt.RDat	ENSG00000172840	16	66912492	66929657	0.0251	rs2344565	-2.70	rs152168	 2.12e-02	 -5.14	-0.67708	 348	  2	lasso	0.021	4.6e-07	 0.22018	8.26e-01
NA	/data/songy4/twas/output/weights//ENSG00000172831.wgt.RDat	ENSG00000172831	16	66968347	66978999	0.0454	rs16957304	 2.35	rs7188268	 4.42e-02	 -7.22	-0.42920	 327	  1	top1	0.044	4.6e-13	 0.42920	6.68e-01
NA	/data/songy4/twas/output/weights//ENSG00000102890.wgt.RDat	ENSG00000102890	16	67233014	67237932	0.0265	rs9972635	 3.27	rs7193713	 1.43e-02	  5.42	-0.41398	 262	 16	enet	0.017	5.5e-06	 0.30311	7.62e-01
NA	/data/songy4/twas/output/weights//ENSG00000125122.wgt.RDat	ENSG00000125122	16	67241042	67260951	0.0213	rs9972635	 3.27	rs3852700	 2.56e-02	 -6.10	-0.69231	 260	  1	top1	0.026	3.5e-08	 0.69231	4.89e-01
NA	/data/songy4/twas/output/weights//ENSG00000135723.wgt.RDat	ENSG00000135723	16	67263290	67281561	0.2382	rs9972635	 3.27	rs4783585	 9.89e-02	-10.73	-2.14468	 251	  7	lasso	0.099	7.9e-28	 2.15001	3.16e-02
NA	/data/songy4/twas/output/weights//ENSG00000159708.wgt.RDat	ENSG00000159708	16	67360701	67419106	0.0141	rs28679372	 3.46	rs13334918	 7.94e-03	  4.01	 1.58871	 260	  1	top1	0.0079	0.0015	 1.58871	1.12e-01
NA	/data/songy4/twas/output/weights//ENSG00000159713.wgt.RDat	ENSG00000159713	16	67423712	67427438	0.0375	rs28679372	 3.46	rs3730393	 3.49e-02	  6.83	 2.24000	 238	 15	enet	0.037	3.2e-11	 2.52117	1.17e-02
NA	/data/songy4/twas/output/weights//ENSG00000159714.wgt.RDat	ENSG00000159714	16	67428322	67450736	0.0501	rs28679372	 3.46	rs16942883	 6.08e-02	  8.45	 2.17040	 244	  1	top1	0.061	1.9e-17	 2.17040	3.00e-02
NA	/data/songy4/twas/output/weights//ENSG00000159720.wgt.RDat	ENSG00000159720	16	67471917	67515140	0.1677	rs28679372	 3.46	rs28473376	 2.93e-01	-18.35	 2.14932	 243	  1	top1	0.29	7.1e-88	-2.14932	3.16e-02
NA	/data/songy4/twas/output/weights//ENSG00000039523.wgt.RDat	ENSG00000039523	16	67552321	67580691	0.0705	rs28679372	 3.46	rs6499137	 5.09e-02	 -8.20	-0.15205	 236	  8	lasso	0.051	7.3e-15	-0.66120	5.08e-01
NA	/data/songy4/twas/output/weights//ENSG00000102974.wgt.RDat	ENSG00000102974	16	67596310	67673086	0.0289	rs28679372	 3.46	rs5030980	 1.19e-02	  4.19	 2.32000	 255	  1	top1	0.012	0.00013	 2.32000	2.03e-02
NA	/data/songy4/twas/output/weights//ENSG00000159761.wgt.RDat	ENSG00000159761	16	67700719	67702661	0.0412	rs28679372	 3.46	rs13334205	 3.43e-02	 -7.66	 1.65278	 233	  8	lasso	0.047	9.5e-14	-2.45908	1.39e-02
NA	/data/songy4/twas/output/weights//ENSG00000141084.wgt.RDat	ENSG00000141084	16	67757005	67840555	0.0359	rs28679372	 3.46	rs8051632	 4.16e-02	  7.26	 3.18483	 255	  1	top1	0.042	2.2e-12	 3.18483	1.45e-03
NA	/data/songy4/twas/output/weights//ENSG00000102904.wgt.RDat	ENSG00000102904	16	67840668	67866051	0.0310	rs28679372	 3.46	rs6499143	 2.05e-02	  5.40	 1.69106	 239	  1	top1	0.02	7.4e-07	 1.69106	9.08e-02
NA	/data/songy4/twas/output/weights//ENSG00000159792.wgt.RDat	ENSG00000159792	16	67927175	67963581	0.0163	rs28679372	 3.46	rs1124324	 1.09e-02	 -4.47	-0.07692	 258	  1	top1	0.011	0.00024	 0.07692	9.39e-01
NA	/data/songy4/twas/output/weights//ENSG00000213398.wgt.RDat	ENSG00000213398	16	67973653	67978034	0.0302	rs28679372	 3.46	rs255054	 3.08e-02	  6.57	 0.09005	 259	  7	enet	0.035	1e-10	-0.80659	4.20e-01
NA	/data/songy4/twas/output/weights//ENSG00000124067.wgt.RDat	ENSG00000124067	16	67977377	68003504	0.1247	rs28679372	 3.46	rs255054	 8.35e-02	  9.89	 0.09005	 263	  5	lasso	0.093	4e-26	-1.04707	2.95e-01
NA	/data/songy4/twas/output/weights//ENSG00000141096.wgt.RDat	ENSG00000141096	16	68009566	68014732	0.0507	rs28679372	 3.46	rs12445533	 3.07e-02	 -7.15	-0.00730	 255	 31	enet	0.046	1.9e-13	 0.25084	8.02e-01
NA	/data/songy4/twas/output/weights//ENSG00000167261.wgt.RDat	ENSG00000167261	16	68021297	68034489	0.0746	rs28679372	 3.46	rs28563117	 7.28e-02	  9.71	 1.00775	 255	 24	enet	0.095	9.1e-27	 1.94697	5.15e-02
NA	/data/songy4/twas/output/weights//ENSG00000167264.wgt.RDat	ENSG00000167264	16	68021649	68113223	0.1310	rs28679372	 3.46	rs2418736	 1.94e-01	 14.94	 1.60833	 284	  8	lasso	0.24	1.4e-69	 2.55767	1.05e-02
NA	/data/songy4/twas/output/weights//ENSG00000072736.wgt.RDat	ENSG00000072736	16	68118654	68263162	0.0586	rs28679372	 3.46	rs11558534	 1.47e-02	 -6.79	 3.21212	 321	  6	lasso	0.049	2e-14	-2.45728	1.40e-02
NA	/data/songy4/twas/output/weights//ENSG00000103066.wgt.RDat	ENSG00000103066	16	68279207	68294961	0.0198	rs28679372	 3.46	rs1111571	 5.56e-03	 -4.04	 0.44037	 309	  4	lasso	0.01	0.00043	 0.69140	4.89e-01
NA	/data/songy4/twas/output/weights//ENSG00000103064.wgt.RDat	ENSG00000103064	16	68298433	68335722	0.1640	rs28679372	 3.46	rs10852440	 2.04e-01	-15.63	 1.96939	 319	  2	lasso	0.22	3.3e-62	-1.79484	7.27e-02
NA	/data/songy4/twas/output/weights//ENSG00000132600.wgt.RDat	ENSG00000132600	16	68344877	68392466	0.0587	rs28679372	 3.46	rs3785113	 2.00e-02	  5.29	 0.92958	 334	  1	top1	0.02	1e-06	 0.92958	3.53e-01
NA	/data/songy4/twas/output/weights//ENSG00000184939.wgt.RDat	ENSG00000184939	16	68563993	68609975	0.5368	rs1073632	 2.94	rs12925177	 6.47e-01	-27.28	 0.08929	 319	 24	enet	0.66	4.5e-271	-0.13050	8.96e-01
NA	/data/songy4/twas/output/weights//ENSG00000039068.wgt.RDat	ENSG00000039068	16	68771128	68869451	0.1017	rs9935025	 2.05	rs4076177	 9.68e-02	 11.30	 0.34000	 346	 20	enet	0.11	3.8e-30	 0.31688	7.51e-01
NA	/data/songy4/twas/output/weights//ENSG00000103047.wgt.RDat	ENSG00000103047	16	68877507	69119083	0.0337	rs7200935	-2.30	rs8061932	 1.81e-02	  4.98	-0.60305	 396	  1	top1	0.018	3.1e-06	-0.60305	5.46e-01
NA	/data/songy4/twas/output/weights//ENSG00000168807.wgt.RDat	ENSG00000168807	16	69221032	69342955	0.1015	rs689457	-2.54	rs17624199	 3.92e-02	 -6.94	 0.14583	 359	 10	lasso	0.057	2.4e-16	 0.33908	7.35e-01
NA	/data/songy4/twas/output/weights//ENSG00000260914.wgt.RDat	ENSG00000260914	16	69333585	69354614	0.0179	rs689457	-2.54	rs12920476	 1.73e-03	  4.50	 0.59483	 313	  8	enet	0.0042	0.016	 0.03971	9.68e-01
NA	/data/songy4/twas/output/weights//ENSG00000213380.wgt.RDat	ENSG00000213380	16	69354043	69373570	0.0869	rs689457	-2.54	rs1127231	 1.60e-01	 13.77	-0.60952	 310	  7	lasso	0.17	8.6e-48	-0.27608	7.82e-01
NA	/data/songy4/twas/output/weights//ENSG00000258429.wgt.RDat	ENSG00000258429	16	69362524	69364498	0.0184	rs689457	-2.54	rs877534	 7.36e-03	 -4.77	-0.58654	 301	  3	lasso	0.0086	0.001	 0.16557	8.68e-01
NA	/data/songy4/twas/output/weights//ENSG00000132603.wgt.RDat	ENSG00000132603	16	69373333	69377014	0.0473	rs689457	-2.54	rs877534	 5.77e-02	 -8.42	-0.58654	 304	  5	enet	0.058	1.2e-16	 0.66464	5.06e-01
NA	/data/songy4/twas/output/weights//ENSG00000157315.wgt.RDat	ENSG00000157315	16	69377151	69385712	0.0375	rs689457	-2.54	rs16958777	 1.09e-02	  5.19	-1.14563	 304	  4	lasso	0.015	2.2e-05	-0.81257	4.16e-01
NA	/data/songy4/twas/output/weights//ENSG00000102908.wgt.RDat	ENSG00000102908	16	69598997	69738569	0.0189	rs8048678	 3.08	rs2549066	-8.25e-04	  3.40	-0.90476	 305	 19	enet	0.0027	0.043	 0.66074	5.09e-01
NA	/data/songy4/twas/output/weights//ENSG00000181019.wgt.RDat	ENSG00000181019	16	69740899	69760854	0.0373	rs8048678	 3.08	rs4247109	 2.23e-02	  6.62	 0.01379	 264	 17	enet	0.029	4.5e-09	-0.92728	3.54e-01
NA	/data/songy4/twas/output/weights//ENSG00000141101.wgt.RDat	ENSG00000141101	16	69775770	69788843	0.0307	rs8048678	 3.08	rs1469908	 3.44e-02	 -6.58	-0.89583	 259	  1	top1	0.034	1.8e-10	 0.89583	3.70e-01
NA	/data/songy4/twas/output/weights//ENSG00000198373.wgt.RDat	ENSG00000198373	16	69796209	69975644	0.0819	rs8048678	 3.08	rs6499238	 6.25e-02	 -8.79	 1.93370	 274	 19	enet	0.065	1.5e-18	-1.24174	2.14e-01
NA	/data/songy4/twas/output/weights//ENSG00000157322.wgt.RDat	ENSG00000157322	16	69984810	69998141	0.6801	rs8048678	 3.08	rs3748388	 5.49e-01	 25.01	 2.72477	 212	 38	enet	0.7	5.5e-303	 2.12028	3.40e-02
NA	/data/songy4/twas/output/weights//ENSG00000090857.wgt.RDat	ENSG00000090857	16	70147529	70195203	0.0147	rs8048678	 3.08	rs1808417	 1.80e-02	 -4.74	-0.78102	 210	  1	top1	0.018	3.3e-06	 0.78102	4.35e-01
NA	/data/songy4/twas/output/weights//ENSG00000157335.wgt.RDat	ENSG00000157335	16	70207225	70221264	0.4988	rs8048678	 3.08	rs1808417	 3.27e-01	 19.37	-0.78102	 195	 37	enet	0.38	8.5e-120	-1.27535	2.02e-01
NA	/data/songy4/twas/output/weights//ENSG00000223496.wgt.RDat	ENSG00000223496	16	70284134	70285833	0.4721	rs8048678	 3.08	rs4985407	 6.07e-01	 26.30	 1.79412	 204	  1	top1	0.61	8.5e-233	 1.79412	7.28e-02
NA	/data/songy4/twas/output/weights//ENSG00000103051.wgt.RDat	ENSG00000103051	16	70514471	70557468	0.0564	rs775212	 3.05	rs7192865	 6.79e-02	 -9.00	-0.71429	 165	  1	top1	0.068	2.4e-19	 0.71429	4.75e-01
NA	/data/songy4/twas/output/weights//ENSG00000189091.wgt.RDat	ENSG00000189091	16	70557691	70608820	0.0265	rs775212	 3.05	rs722579	 1.95e-02	  6.75	-1.01010	 164	 14	enet	0.027	1.4e-08	-0.66500	5.06e-01
NA	/data/songy4/twas/output/weights//ENSG00000157423.wgt.RDat	ENSG00000157423	16	70841281	71264625	0.8184	rs775212	 3.05	rs2303256	 1.74e-01	 14.32	-0.19910	 383	 68	enet	0.46	5.9e-155	 0.09035	9.28e-01
NA	/data/songy4/twas/output/weights//ENSG00000180917.wgt.RDat	ENSG00000180917	16	71315292	71323618	0.4358	rs8046337	-2.87	rs3826247	 2.03e-01	 15.52	 0.31633	 270	 34	enet	0.27	9.4e-80	 0.61304	5.40e-01
NA	/data/songy4/twas/output/weights//ENSG00000260734.wgt.RDat	ENSG00000260734	16	71464165	71466185	0.0149	rs8044342	 3.49	rs9934109	-4.29e-04	 -3.51	 1.68874	 301	  1	top1	-0.00043	0.47	-1.68874	9.13e-02
NA	/data/songy4/twas/output/weights//ENSG00000167377.wgt.RDat	ENSG00000167377	16	71481500	71496998	0.1426	rs16973520	-3.86	rs7500119	 6.00e-02	 -8.74	 0.11628	 313	 19	enet	0.1	9.3e-29	-0.22981	8.18e-01
NA	/data/songy4/twas/output/weights//ENSG00000157429.wgt.RDat	ENSG00000157429	16	71498453	71598992	0.1874	rs16973520	-3.86	rs9933680	 6.51e-02	 -9.26	 1.64583	 371	  6	lasso	0.13	1.7e-36	-1.68776	9.15e-02
NA	/data/songy4/twas/output/weights//ENSG00000140832.wgt.RDat	ENSG00000140832	16	71660064	71676017	0.0116	rs16973520	-3.86	rs4788585	 1.09e-02	 -4.10	 3.53774	 419	  2	lasso	0.011	0.00017	-3.69285	2.22e-04
NA	/data/songy4/twas/output/weights//ENSG00000040199.wgt.RDat	ENSG00000040199	16	71671738	71758604	0.0924	rs16973520	-3.86	rs7188675	 3.08e-02	  6.11	 2.19048	 458	  8	lasso	0.04	5.8e-12	 1.89726	5.78e-02
NA	/data/songy4/twas/output/weights//ENSG00000166747.wgt.RDat	ENSG00000166747	16	71762913	71843104	0.1892	rs16973520	-3.86	rs904763	 1.22e-01	 12.05	 1.25862	 460	  4	lasso	0.13	9.8e-36	 1.68973	9.11e-02
NA	/data/songy4/twas/output/weights//ENSG00000102967.wgt.RDat	ENSG00000102967	16	72042487	72058954	0.0633	rs16973520	-3.86	rs1424241	 4.81e-02	 -7.55	 0.44262	 371	  8	lasso	0.061	1.5e-17	-0.30389	7.61e-01
NA	/data/songy4/twas/output/weights//ENSG00000140830.wgt.RDat	ENSG00000140830	16	72078188	72128330	0.0178	rs16973520	-3.86	rs4238964	 3.82e-03	  4.85	-0.25263	 366	 14	enet	0.0065	0.0037	-0.58963	5.55e-01
NA	/data/songy4/twas/output/weights//ENSG00000257017.wgt.RDat	ENSG00000257017	16	72088491	72094954	0.3847	rs16973520	-3.86	rs12325142	 3.08e-01	-18.95	-2.19388	 359	 27	enet	0.44	2.2e-144	 1.35310	1.76e-01
NA	/data/songy4/twas/output/weights//ENSG00000140829.wgt.RDat	ENSG00000140829	16	72127461	72146811	0.1473	rs16973520	-3.86	rs12325142	 2.42e-01	 17.04	-2.19388	 352	 13	enet	0.24	2.2e-71	-2.23190	2.56e-02
NA	/data/songy4/twas/output/weights//ENSG00000118557.wgt.RDat	ENSG00000118557	16	72146056	72210777	0.0443	rs16973520	-3.86	rs17604349	 1.02e-02	 -5.57	 1.00833	 355	 17	enet	0.033	4.8e-10	-0.32738	7.43e-01
NA	/data/songy4/twas/output/weights//ENSG00000090863.wgt.RDat	ENSG00000090863	16	74485856	74641012	0.0398	rs2526055	-3.64	rs7187229	-7.97e-04	  3.64	 0.27481	 438	 23	enet	0.0039	0.02	-0.45130	6.52e-01
NA	/data/songy4/twas/output/weights//ENSG00000168411.wgt.RDat	ENSG00000168411	16	74655292	74700779	0.5954	rs7342703	 2.55	rs9931225	 3.30e-01	 19.43	 0.98958	 381	 87	enet	0.51	3.1e-178	 0.50406	6.14e-01
NA	/data/songy4/twas/output/weights//ENSG00000168404.wgt.RDat	ENSG00000168404	16	74705753	74734858	0.3904	rs7342703	 2.55	rs7203189	 2.32e-01	 16.51	-0.57983	 384	 10	lasso	0.32	8.5e-97	-0.89257	3.72e-01
NA	/data/songy4/twas/output/weights//ENSG00000103091.wgt.RDat	ENSG00000103091	16	74907468	75034071	0.0591	rs247444	-2.59	rs11149788	 4.62e-02	  7.44	 1.62281	 439	  1	top1	0.046	1.4e-13	 1.62281	1.05e-01
NA	/data/songy4/twas/output/weights//ENSG00000186187.wgt.RDat	ENSG00000186187	16	75032928	75144892	0.2701	rs247444	-2.59	rs11149788	 1.43e-01	 12.84	 1.62281	 440	  9	lasso	0.18	1.8e-50	 2.13770	3.25e-02
NA	/data/songy4/twas/output/weights//ENSG00000166816.wgt.RDat	ENSG00000166816	16	75145758	75150669	0.0812	rs247444	-2.59	rs9927029	 7.72e-03	 -5.94	-1.11712	 410	 23	enet	0.031	1.1e-09	-0.41056	6.81e-01
NA	/data/songy4/twas/output/weights//ENSG00000184517.wgt.RDat	ENSG00000184517	16	75182390	75206134	0.3551	rs7195089	 2.74	rs9939124	 2.92e-01	-18.28	 0.09009	 426	  6	lasso	0.34	3.5e-105	 0.26743	7.89e-01
NA	/data/songy4/twas/output/weights//ENSG00000050820.wgt.RDat	ENSG00000050820	16	75262928	75301951	0.1104	rs7195089	 2.74	rs13337397	 1.04e-01	 11.19	 0.50955	 399	  1	top1	0.1	4.4e-29	 0.50955	6.10e-01
NA	/data/songy4/twas/output/weights//ENSG00000153774.wgt.RDat	ENSG00000153774	16	75327596	75467383	0.0287	rs7195089	 2.74	rs4888422	 1.43e-02	  5.52	-1.56604	 421	  4	lasso	0.015	2.2e-05	-1.41762	1.56e-01
NA	/data/songy4/twas/output/weights//ENSG00000166822.wgt.RDat	ENSG00000166822	16	75476952	75499395	0.0529	rs7195089	 2.74	rs451589	 2.63e-02	  6.72	 0.11005	 356	  6	lasso	0.043	8.2e-13	-0.20468	8.38e-01
NA	/data/songy4/twas/output/weights//ENSG00000183196.wgt.RDat	ENSG00000183196	16	75510949	75529282	0.0678	rs7195089	 2.74	rs3743607	 5.73e-02	  8.19	 0.41346	 370	  3	lasso	0.061	1.6e-17	 0.27223	7.85e-01
NA	/data/songy4/twas/output/weights//ENSG00000205084.wgt.RDat	ENSG00000205084	16	75572015	75590184	0.0221	rs7195089	 2.74	rs4356504	-9.62e-05	 -3.51	 1.35789	 388	  9	enet	0.00081	0.17	-0.84858	3.96e-01
NA	/data/songy4/twas/output/weights//ENSG00000034713.wgt.RDat	ENSG00000034713	16	75600249	75611779	0.1120	rs7195089	 2.74	rs16941287	 9.98e-02	 10.89	 0.53631	 391	 16	enet	0.1	6e-29	 0.77724	4.37e-01
NA	/data/songy4/twas/output/weights//ENSG00000065457.wgt.RDat	ENSG00000065457	16	75630879	75657198	0.3283	rs7195089	 2.74	rs2641809	 4.14e-01	 21.88	 1.58879	 399	 42	enet	0.46	4e-155	 1.52868	1.26e-01
NA	/data/songy4/twas/output/weights//ENSG00000166848.wgt.RDat	ENSG00000166848	16	75681684	75795770	0.0630	rs7195089	 2.74	rs1030264	 6.06e-02	  8.45	 1.97006	 474	  1	top1	0.061	2.2e-17	 1.97006	4.88e-02
NA	/data/songy4/twas/output/weights//ENSG00000152910.wgt.RDat	ENSG00000152910	16	76311176	76593135	0.0224	rs9923842	 3.73	rs2052866	 2.18e-02	  5.41	-2.42647	 636	  1	top1	0.022	3.3e-07	-2.42647	1.52e-02
NA	/data/songy4/twas/output/weights//ENSG00000103111.wgt.RDat	ENSG00000103111	16	77224732	77236302	0.3636	rs11649428	-2.99	rs11865641	 2.75e-01	 17.71	 0.61538	 730	  8	lasso	0.36	2.9e-111	 1.11557	2.65e-01
NA	/data/songy4/twas/output/weights//ENSG00000205078.wgt.RDat	ENSG00000205078	16	77233294	77247112	0.0285	rs11649428	-2.99	rs3743763	 2.18e-02	  5.13	-0.82292	 747	  1	top1	0.022	3.4e-07	-0.82292	4.11e-01
NA	/data/songy4/twas/output/weights//ENSG00000140876.wgt.RDat	ENSG00000140876	16	77756411	77776157	0.5169	rs11649428	-2.99	rs17773475	 4.09e-01	 21.59	 0.02956	 901	 37	enet	0.53	1.2e-187	 0.13904	8.89e-01
NA	/data/songy4/twas/output/weights//ENSG00000166509.wgt.RDat	ENSG00000166509	16	78056412	78100658	0.0237	rs11649428	-2.99	rs1882596	 1.16e-03	 -4.13	 0.46535	 934	 20	enet	0.003	0.035	-0.31983	7.49e-01
NA	/data/songy4/twas/output/weights//ENSG00000186153.wgt.RDat	ENSG00000186153	16	78133310	79246564	0.1427	rs41528147	-4.24	rs17572451	 8.31e-03	 -6.28	 0.84884	1965	 67	enet	0.062	1e-17	 1.67906	9.31e-02
NA	/data/songy4/twas/output/weights//ENSG00000166446.wgt.RDat	ENSG00000166446	16	80631803	80838226	0.0811	rs11150253	-3.27	rs2580315	 3.05e-02	 -6.68	-0.63333	 849	 31	enet	0.04	6.9e-12	 0.27210	7.86e-01
NA	/data/songy4/twas/output/weights//ENSG00000103121.wgt.RDat	ENSG00000103121	16	81009698	81053875	0.0210	rs12920728	 3.50	rs2549822	 1.06e-02	  5.10	 0.35200	 700	  3	lasso	0.012	0.00011	-0.31521	7.53e-01
NA	/data/songy4/twas/output/weights//ENSG00000166451.wgt.RDat	ENSG00000166451	16	81040103	81066719	0.0545	rs4889329	 3.72	rs2602424	 2.85e-02	  6.67	-0.74561	 692	  7	lasso	0.032	7.4e-10	-0.23787	8.12e-01
NA	/data/songy4/twas/output/weights//ENSG00000166454.wgt.RDat	ENSG00000166454	16	81069452	81080963	0.0334	rs16955523	 3.87	rs2549834	 1.55e-02	  5.65	 0.43651	 695	 20	enet	0.019	2.3e-06	-0.39455	6.93e-01
NA	/data/songy4/twas/output/weights//ENSG00000261609.wgt.RDat	ENSG00000261609	16	81348557	81424489	0.1079	rs3935743	 4.01	rs310022	 6.17e-02	  8.68	-0.00909	 774	  6	lasso	0.071	4e-20	 0.15218	8.79e-01
NA	/data/songy4/twas/output/weights//ENSG00000197943.wgt.RDat	ENSG00000197943	16	81772702	81991899	0.1093	rs3935743	 4.01	rs7194131	 2.80e-02	 -7.05	 2.14085	 845	  8	lasso	0.058	1.3e-16	-2.82848	4.68e-03
NA	/data/songy4/twas/output/weights//ENSG00000184860.wgt.RDat	ENSG00000184860	16	82031221	82045093	0.1277	rs3935743	 4.01	rs16956155	 4.18e-02	 -6.99	-0.54940	 701	 44	enet	0.06	3.6e-17	 0.68845	4.91e-01
NA	/data/songy4/twas/output/weights//ENSG00000135698.wgt.RDat	ENSG00000135698	16	82181403	82203831	0.4292	rs3935743	 4.01	rs2967370	 3.74e-01	 20.63	 0.95918	 762	 10	lasso	0.47	2.2e-159	 1.74538	8.09e-02
NA	/data/songy4/twas/output/weights//ENSG00000230989.wgt.RDat	ENSG00000230989	16	83841448	83853342	0.1396	rs12596367	-3.60	rs448717	 9.42e-03	 -6.12	 0.20000	 938	 42	enet	0.085	4.9e-24	-0.07080	9.44e-01
NA	/data/songy4/twas/output/weights//ENSG00000103150.wgt.RDat	ENSG00000103150	16	83932731	83949787	0.0933	rs12596367	-3.60	rs16962277	 4.05e-02	  7.09	-0.19907	 950	  1	top1	0.041	4.3e-12	-0.19907	8.42e-01
NA	/data/songy4/twas/output/weights//ENSG00000140961.wgt.RDat	ENSG00000140961	16	83981887	83999937	0.1556	rs12596367	-3.60	rs12929378	 1.40e-01	-12.67	 1.80374	 982	 17	enet	0.16	2.8e-44	-1.71422	8.65e-02
NA	/data/songy4/twas/output/weights//ENSG00000103154.wgt.RDat	ENSG00000103154	16	84002237	84036381	0.2433	rs12596367	-3.60	rs12919122	 9.99e-02	 11.55	 0.78899	1002	 43	enet	0.2	1e-57	 0.53893	5.90e-01
NA	/data/songy4/twas/output/weights//ENSG00000166558.wgt.RDat	ENSG00000166558	16	84043272	84076241	0.0428	rs12596367	-3.60	rs9924434	 1.09e-03	  4.12	-1.31765	1016	  3	lasso	0.0074	0.0021	-1.34415	1.79e-01
NA	/data/songy4/twas/output/weights//ENSG00000140943.wgt.RDat	ENSG00000140943	16	84087368	84150511	0.2265	rs12596367	-3.60	rs3817152	 1.55e-01	 13.35	 0.15385	1046	 21	enet	0.22	2.4e-63	-0.37721	7.06e-01
NA	/data/songy4/twas/output/weights//ENSG00000103160.wgt.RDat	ENSG00000103160	16	84155886	84178797	0.2546	rs12596367	-3.60	rs3817152	 2.11e-01	 16.04	 0.15385	 993	  8	lasso	0.27	3.4e-81	 0.54975	5.82e-01
NA	/data/songy4/twas/output/weights//ENSG00000154099.wgt.RDat	ENSG00000154099	16	84178865	84212373	0.0552	rs12596367	-3.60	rs2288020	 1.56e-02	  5.81	-1.26804	 992	  4	lasso	0.024	1.2e-07	-2.28849	2.21e-02
NA	/data/songy4/twas/output/weights//ENSG00000064270.wgt.RDat	ENSG00000064270	16	84402133	84497793	0.4769	rs12596367	-3.60	rs11863271	 2.17e-01	 15.73	-0.53175	 939	 36	enet	0.41	4e-133	 0.12907	8.97e-01
NA	/data/songy4/twas/output/weights//ENSG00000140950.wgt.RDat	ENSG00000140950	16	84511681	84587639	0.2362	rs12596367	-3.60	rs9937245	 5.96e-02	  8.91	-1.42727	 937	 73	enet	0.15	6.5e-43	-0.84801	3.96e-01
NA	/data/songy4/twas/output/weights//ENSG00000135686.wgt.RDat	ENSG00000135686	16	84682131	84701292	0.3989	rs12928583	-3.36	rs12928590	 2.43e-01	-16.90	-0.33058	 883	 74	enet	0.34	8.1e-104	 0.44868	6.54e-01
NA	/data/songy4/twas/output/weights//ENSG00000103194.wgt.RDat	ENSG00000103194	16	84733584	84813528	0.0921	rs12928583	-3.36	rs3764331	 2.88e-02	  6.48	 0.52000	 886	 28	enet	0.043	1.2e-12	-0.62447	5.32e-01
NA	/data/songy4/twas/output/weights//ENSG00000103196.wgt.RDat	ENSG00000103196	16	84853590	84954374	0.3635	rs12928583	-3.36	rs8057431	 2.02e-01	-15.21	-0.79487	 823	 66	enet	0.29	4.8e-88	 0.89844	3.69e-01
NA	/data/songy4/twas/output/weights//ENSG00000153786.wgt.RDat	ENSG00000153786	16	85007787	85045141	0.2018	rs7201163	 3.79	rs7192417	 1.52e-01	 13.23	-1.20561	 695	 32	enet	0.2	2.2e-57	-0.32263	7.47e-01
NA	/data/songy4/twas/output/weights//ENSG00000135709.wgt.RDat	ENSG00000135709	16	85061375	85127836	0.2647	rs7201163	 3.79	rs16975170	 2.29e-01	 16.17	-1.06944	 652	  9	lasso	0.26	7.6e-76	-0.59279	5.53e-01
NA	/data/songy4/twas/output/weights//ENSG00000131153.wgt.RDat	ENSG00000131153	16	85709804	85723679	0.0755	rs7201163	 3.79	rs3815795	 6.35e-02	  8.95	-1.17593	 618	  1	top1	0.064	3.6e-18	-1.17593	2.40e-01
NA	/data/songy4/twas/output/weights//ENSG00000154102.wgt.RDat	ENSG00000154102	16	85723690	85784735	0.0521	rs7201163	 3.79	rs2254248	 1.08e-02	  5.35	-0.52593	 672	 21	enet	0.022	2.3e-07	-0.06417	9.49e-01
NA	/data/songy4/twas/output/weights//ENSG00000131148.wgt.RDat	ENSG00000131148	16	85805364	85833214	0.0454	rs7201163	 3.79	rs12918005	 8.95e-03	  5.23	-0.11888	 663	  7	enet	0.011	0.00023	-0.11606	9.08e-01
NA	/data/songy4/twas/output/weights//ENSG00000103248.wgt.RDat	ENSG00000103248	16	86563782	86588841	0.1123	rs16941006	-2.75	rs8059599	 6.58e-02	  8.81	 0.05941	 957	 42	enet	0.075	2.6e-21	-0.18711	8.52e-01
NA	/data/songy4/twas/output/weights//ENSG00000260456.wgt.RDat	ENSG00000260456	16	87117168	87351022	0.0342	rs9936994	-3.46	rs2042394	 2.79e-02	  5.84	 0.33663	 806	  1	top1	0.028	8.6e-09	 0.33663	7.36e-01
NA	/data/songy4/twas/output/weights//ENSG00000103264.wgt.RDat	ENSG00000103264	16	87360593	87425748	0.0911	rs9936994	-3.46	rs11649260	 2.84e-02	 -6.22	-0.43878	 608	 58	enet	0.031	1.3e-09	-0.03120	9.75e-01
NA	/data/songy4/twas/output/weights//ENSG00000140941.wgt.RDat	ENSG00000140941	16	87417601	87438385	0.1073	rs9936994	-3.46	rs745280	 6.98e-02	 -9.60	-0.56000	 588	  7	lasso	0.084	9.8e-24	-0.01524	9.88e-01
NA	/data/songy4/twas/output/weights//ENSG00000140948.wgt.RDat	ENSG00000140948	16	87439852	87525651	0.0546	rs9936994	-3.46	rs980304	 2.17e-02	 -5.69	-1.24510	 634	  4	lasso	0.022	3.6e-07	 2.31849	2.04e-02
NA	/data/songy4/twas/output/weights//ENSG00000104731.wgt.RDat	ENSG00000104731	16	87730091	87799598	0.2812	rs9936994	-3.46	rs12447906	 2.03e-01	-15.23	 0.80952	 501	 30	enet	0.25	1.3e-74	-0.45669	6.48e-01
NA	/data/songy4/twas/output/weights//ENSG00000103257.wgt.RDat	ENSG00000103257	16	87863629	87903094	0.0487	rs9936994	-3.46	rs997761	-6.84e-04	 -4.38	 2.12500	 438	 20	enet	0.00048	0.21	-0.44982	6.53e-01
NA	/data/songy4/twas/output/weights//ENSG00000172530.wgt.RDat	ENSG00000172530	16	87982850	88110924	0.1224	rs9936994	-3.46	rs11117362	 7.30e-02	 -9.97	-0.06250	 464	 49	enet	0.1	2.3e-28	 0.29345	7.69e-01
NA	/data/songy4/twas/output/weights//ENSG00000179588.wgt.RDat	ENSG00000179588	16	88519725	88603424	0.0346	rs9939076	 3.29	rs12445653	 3.82e-03	  4.73	-0.91941	 395	 26	enet	0.02	9.3e-07	-0.70915	4.78e-01
NA	/data/songy4/twas/output/weights//ENSG00000051523.wgt.RDat	ENSG00000051523	16	88709691	88717560	0.1748	rs9939076	 3.29	rs12709102	 1.24e-01	-11.96	 0.57143	 376	  1	top1	0.12	7.9e-35	-0.57143	5.68e-01
NA	/data/songy4/twas/output/weights//ENSG00000167508.wgt.RDat	ENSG00000167508	16	88718343	88729569	0.1080	rs9939076	 3.29	rs12596403	 2.64e-02	  6.49	-0.47059	 377	 34	enet	0.056	2.8e-16	-0.39873	6.90e-01
NA	/data/songy4/twas/output/weights//ENSG00000185669.wgt.RDat	ENSG00000185669	16	88744090	88752901	0.2732	rs9939076	 3.29	rs8048125	 2.14e-01	-15.64	-1.52830	 384	  8	lasso	0.23	5.5e-68	 1.13869	2.55e-01
NA	/data/songy4/twas/output/weights//ENSG00000158717.wgt.RDat	ENSG00000158717	16	88762903	88772829	0.3072	rs9939076	 3.29	rs8048125	 1.66e-01	-13.77	-1.52830	 386	 42	enet	0.26	3e-77	 0.33927	7.34e-01
NA	/data/songy4/twas/output/weights//ENSG00000174177.wgt.RDat	ENSG00000174177	16	88772871	88781794	0.2009	rs9939076	 3.29	rs11076704	 1.28e-01	-12.84	-0.14583	 389	 10	enet	0.19	5.8e-53	 0.20687	8.36e-01
NA	/data/songy4/twas/output/weights//ENSG00000103335.wgt.RDat	ENSG00000103335	16	88781751	88851619	0.1757	rs3096315	-3.68	rs1803382	 8.96e-02	-10.25	 0.17172	 417	 27	enet	0.16	3e-44	-0.26664	7.90e-01
NA	/data/songy4/twas/output/weights//ENSG00000129993.wgt.RDat	ENSG00000129993	16	88941266	89043612	0.0346	rs3096315	-3.68	rs522145	 6.85e-03	  4.89	 2.28346	 478	 19	enet	0.011	0.00018	 0.13660	8.91e-01
NA	/data/songy4/twas/output/weights//ENSG00000176715.wgt.RDat	ENSG00000176715	16	89154783	89222254	0.1038	rs4347628	-4.41	rs4352046	 5.74e-02	 -8.37	-0.89256	 460	 29	enet	0.077	1.2e-21	 0.01489	9.88e-01
NA	/data/songy4/twas/output/weights//ENSG00000259803.wgt.RDat	ENSG00000259803	16	89262406	89268072	0.0747	rs4347628	-4.41	rs4530136	 2.20e-02	  7.09	-1.10236	 419	 29	enet	0.067	4.5e-19	-0.58233	5.60e-01
NA	/data/songy4/twas/output/weights//ENSG00000170100.wgt.RDat	ENSG00000170100	16	89284118	89295363	0.1411	rs4347628	-4.41	rs7200693	 8.59e-02	 10.02	 1.25510	 402	 17	enet	0.094	1.5e-26	 1.53398	1.25e-01
NA	/data/songy4/twas/output/weights//ENSG00000167522.wgt.RDat	ENSG00000167522	16	89334038	89556969	0.0338	rs4347628	-4.41	rs12918773	 1.64e-02	 -4.55	 2.25749	 514	  1	top1	0.016	8.7e-06	-2.25749	2.40e-02
NA	/data/songy4/twas/output/weights//ENSG00000197912.wgt.RDat	ENSG00000197912	16	89557325	89624176	0.2147	rs4347628	-4.41	rs11862081	 3.23e-01	 19.39	 3.09296	 458	  6	lasso	0.32	3.3e-99	 2.95424	3.13e-03
NA	/data/songy4/twas/output/weights//ENSG00000167526.wgt.RDat	ENSG00000167526	16	89627065	89630950	0.0984	rs4347628	-4.41	rs12932337	 9.39e-02	-10.94	-1.04065	 453	  8	lasso	0.097	3.7e-27	 1.29719	1.95e-01
NA	/data/songy4/twas/output/weights//ENSG00000178773.wgt.RDat	ENSG00000178773	16	89642176	89663654	0.1388	rs4347628	-4.41	rs461227	 5.66e-02	 -8.57	-0.23810	 459	 24	enet	0.072	1.5e-20	-1.00625	3.14e-01
NA	/data/songy4/twas/output/weights//ENSG00000185324.wgt.RDat	ENSG00000185324	16	89747145	89762772	0.5421	rs4347628	-4.41	rs11538871	 4.55e-01	-22.86	 0.62559	 420	 32	enet	0.49	9.5e-171	-0.39454	6.93e-01
NA	/data/songy4/twas/output/weights//ENSG00000158792.wgt.RDat	ENSG00000158792	16	89762751	89768113	0.0415	rs4347628	-4.41	rs10852623	 4.15e-02	  7.13	 1.36842	 416	  6	lasso	0.042	1.6e-12	 1.08042	2.80e-01
NA	/data/songy4/twas/output/weights//ENSG00000075399.wgt.RDat	ENSG00000075399	16	89773542	89787394	0.1119	rs4347628	-4.41	rs2099105	 4.62e-02	  8.39	-0.51351	 413	 26	enet	0.083	2.4e-23	-1.33906	1.81e-01
NA	/data/songy4/twas/output/weights//ENSG00000187741.wgt.RDat	ENSG00000187741	16	89803957	89883065	0.5527	rs4347628	-4.41	rs2159116	 5.41e-01	-24.81	 0.50400	 399	 13	lasso	0.65	1.1e-259	-0.72994	4.65e-01
NA	/data/songy4/twas/output/weights//ENSG00000204991.wgt.RDat	ENSG00000204991	16	89884587	89937727	0.2627	rs4347628	-4.41	rs7195066	 3.18e-01	 19.06	 0.14000	 364	 19	enet	0.32	7.2e-98	 0.14518	8.85e-01
NA	/data/songy4/twas/output/weights//ENSG00000141002.wgt.RDat	ENSG00000141002	16	89940000	89977792	0.0163	rs4347628	-4.41	rs12919804	 9.32e-03	  4.96	-2.19048	 339	  3	lasso	0.0095	0.00057	-1.46165	1.44e-01
NA	/data/songy4/twas/output/weights//ENSG00000258839.wgt.RDat	ENSG00000258839	16	89978527	89987385	0.1550	rs4347628	-4.41	rs2270459	 2.42e-01	 16.78	-1.91195	 319	 36	enet	0.26	6.2e-76	-2.48609	1.29e-02
NA	/data/songy4/twas/output/weights//ENSG00000140995.wgt.RDat	ENSG00000140995	16	90014333	90034468	0.0467	rs4347628	-4.41	rs3803683	 7.92e-03	  5.24	 0.62222	 300	 29	enet	0.02	9.2e-07	-1.05326	2.92e-01
NA	/data/songy4/twas/output/weights//ENSG00000177946.wgt.RDat	ENSG00000177946	16	90036206	90038942	0.2511	rs4347628	-4.41	rs4424910	 9.88e-02	 10.70	 0.70085	 295	  9	lasso	0.15	1.6e-42	 0.39299	6.94e-01
NA	/data/songy4/twas/output/weights//ENSG00000003249.wgt.RDat	ENSG00000003249	16	90071273	90086536	0.1019	rs1805007	 3.24	rs4442808	 1.10e-01	 11.68	-1.74877	 280	 13	enet	0.12	1.2e-32	-1.26778	2.05e-01
NA	/data/songy4/twas/output/weights//ENSG00000141013.wgt.RDat	ENSG00000141013	16	90086037	90111383	0.0733	rs1805007	 3.24	rs7498985	 5.28e-02	  7.88	 0.02105	 277	  6	lasso	0.07	7.4e-20	-0.24946	8.03e-01
