PANEL	FILE	ID	CHR	P0	P1	HSQ	BEST.GWAS.ID	BEST.GWAS.Z	EQTL.ID	EQTL.R2	EQTL.Z	EQTL.GWAS.Z	NSNP	NWGT	MODEL	MODELCV.R2	MODELCV.PV	TWAS.Z	TWAS.P
NA	/data/songy4/twas/output/weights//ENSG00000172967.wgt.RDat	ENSG00000172967	22	17264302	17302589	0.7148	rs2385714	-3.03	rs2845380	 0.089822	-10.64	-1.8714	 350	99	enet	0.42	9.6e-136	 1.84752	6.47e-02
NA	/data/songy4/twas/output/weights//ENSG00000215568.wgt.RDat	ENSG00000215568	22	17442826	17489112	0.1260	rs2385714	-3.03	rs4819935	 0.115413	-12.49	 0.7290	 433	 6	lasso	0.18	1.6e-50	 0.89613	3.70e-01
NA	/data/songy4/twas/output/weights//ENSG00000177663.wgt.RDat	ENSG00000177663	22	17565844	17596583	0.1291	rs2385714	-3.03	rs879577	 0.014744	  5.97	 0.8426	 476	 6	lasso	0.068	2.8e-19	-0.25261	8.01e-01
NA	/data/songy4/twas/output/weights//ENSG00000183307.wgt.RDat	ENSG00000183307	22	17597189	17602257	0.4104	rs2385714	-3.03	rs12170331	 0.381127	-21.01	 1.3304	 468	47	enet	0.43	2e-142	-1.22231	2.22e-01
NA	/data/songy4/twas/output/weights//ENSG00000069998.wgt.RDat	ENSG00000069998	22	17618401	17646177	0.1786	rs2385714	-3.03	rs887796	 0.040487	 -7.65	-1.4077	 475	42	enet	0.1	7e-29	 1.18147	2.37e-01
NA	/data/songy4/twas/output/weights//ENSG00000093072.wgt.RDat	ENSG00000093072	22	17660194	17702879	0.0564	rs2385714	-3.03	rs8136533	 0.046175	  7.52	 0.5049	 491	14	enet	0.053	1.8e-15	 0.90763	3.64e-01
NA	/data/songy4/twas/output/weights//ENSG00000099954.wgt.RDat	ENSG00000099954	22	17840837	18037850	0.0635	rs5992600	-2.93	rs5748952	 0.029899	 -5.95	 0.5000	 634	 1	top1	0.03	2.6e-09	-0.50000	6.17e-01
NA	/data/songy4/twas/output/weights//ENSG00000131100.wgt.RDat	ENSG00000131100	22	18074902	18111584	0.0432	rs9605254	-2.75	rs5746439	 0.028639	 -5.85	-0.4127	 582	 4	lasso	0.032	7.3e-10	 0.48679	6.26e-01
NA	/data/songy4/twas/output/weights//ENSG00000099968.wgt.RDat	ENSG00000099968	22	18111621	18213388	0.1222	rs9605254	-2.75	rs5747306	 0.052619	 -8.43	 0.2713	 563	28	enet	0.1	1.5e-28	-0.68717	4.92e-01
NA	/data/songy4/twas/output/weights//ENSG00000183628.wgt.RDat	ENSG00000183628	22	18893541	18901751	0.0868	rs807670	 3.33	rs7292750	 0.020749	 -6.44	 0.8333	 429	 7	lasso	0.06	4.1e-17	 0.15647	8.76e-01
NA	/data/songy4/twas/output/weights//ENSG00000070413.wgt.RDat	ENSG00000070413	22	19023795	19109967	0.2680	rs807670	 3.33	rs807759	 0.361965	-20.45	 2.3299	 459	 7	lasso	0.37	2.4e-115	-2.31450	2.06e-02
NA	/data/songy4/twas/output/weights//ENSG00000100056.wgt.RDat	ENSG00000100056	22	19117792	19132197	0.5194	rs807670	 3.33	rs715544	 0.197553	-15.20	 0.5906	 399	26	enet	0.25	6.2e-72	-0.91839	3.58e-01
NA	/data/songy4/twas/output/weights//ENSG00000206203.wgt.RDat	ENSG00000206203	22	19118321	19120134	0.0268	rs807670	 3.33	rs807758	 0.031083	  6.31	 2.2062	 390	 1	top1	0.031	1.3e-09	 2.20619	2.74e-02
NA	/data/songy4/twas/output/weights//ENSG00000100075.wgt.RDat	ENSG00000100075	22	19163095	19166343	0.1545	rs807670	 3.33	rs2800974	 0.132399	 12.38	 2.9293	 404	22	enet	0.15	7.9e-43	 2.85908	4.25e-03
NA	/data/songy4/twas/output/weights//ENSG00000070371.wgt.RDat	ENSG00000070371	22	19166986	19279239	0.1783	rs807670	 3.33	rs712959	 0.164720	 13.71	 2.3229	 459	54	enet	0.22	8.2e-64	 3.05707	2.24e-03
NA	/data/songy4/twas/output/weights//ENSG00000070010.wgt.RDat	ENSG00000070010	22	19437433	19466738	0.0323	rs807670	 3.33	rs2072055	 0.027685	  6.53	 0.1474	 596	27	enet	0.028	8.8e-09	-0.25205	8.01e-01
NA	/data/songy4/twas/output/weights//ENSG00000184113.wgt.RDat	ENSG00000184113	22	19510547	19515068	0.2093	rs807670	 3.33	rs5748260	 0.111111	 11.60	 0.7769	 604	43	enet	0.17	1.4e-49	-0.15850	8.74e-01
NA	/data/songy4/twas/output/weights//ENSG00000185838.wgt.RDat	ENSG00000185838	22	19770747	19842462	0.0869	rs429965	-3.51	rs11704083	 0.049673	  8.75	-0.6563	 602	 3	lasso	0.079	2.7e-22	-0.98966	3.22e-01
NA	/data/songy4/twas/output/weights//ENSG00000215012.wgt.RDat	ENSG00000215012	22	19833661	19842419	0.2204	rs429965	-3.51	rs1053001	 0.209685	-15.48	-0.6514	 573	 9	lasso	0.23	4.3e-66	 0.99077	3.22e-01
NA	/data/songy4/twas/output/weights//ENSG00000184470.wgt.RDat	ENSG00000184470	22	19863040	19929341	0.3690	rs429965	-3.51	rs5992495	 0.209391	-15.46	-1.1210	 557	35	enet	0.28	8.7e-85	 1.55408	1.20e-01
NA	/data/songy4/twas/output/weights//ENSG00000093010.wgt.RDat	ENSG00000093010	22	19929130	19957498	0.0739	rs429965	-3.51	rs917478	 0.003735	 -4.48	 0.1837	 522	34	enet	0.042	1.6e-12	 1.16663	2.43e-01
NA	/data/songy4/twas/output/weights//ENSG00000099889.wgt.RDat	ENSG00000099889	22	19957419	20004331	0.0988	rs429965	-3.51	rs2073746	 0.066402	 -9.28	 0.9483	 501	35	enet	0.096	4.5e-27	-0.10051	9.20e-01
NA	/data/songy4/twas/output/weights//ENSG00000183597.wgt.RDat	ENSG00000183597	22	20004537	20053449	0.0861	rs429965	-3.51	rs175165	 0.052802	 -8.73	-1.4433	 475	16	enet	0.089	4.7e-25	 1.58479	1.13e-01
NA	/data/songy4/twas/output/weights//ENSG00000128191.wgt.RDat	ENSG00000128191	22	20067755	20099400	0.3118	rs429965	-3.51	rs2286928	 0.179789	 14.43	-0.5952	 449	49	enet	0.27	2.6e-80	-2.08529	3.70e-02
NA	/data/songy4/twas/output/weights//ENSG00000099904.wgt.RDat	ENSG00000099904	22	20116979	20135530	0.0664	rs429965	-3.51	rs2286928	 0.039968	 -7.53	-0.5952	 417	 5	enet	0.073	8.6e-21	 0.96759	3.33e-01
NA	/data/songy4/twas/output/weights//ENSG00000128185.wgt.RDat	ENSG00000128185	22	20301799	20307603	0.1385	rs429965	-3.51	rs4425183	 0.085021	 -9.93	 1.1818	 380	13	enet	0.09	2.7e-25	-0.90715	3.64e-01
NA	/data/songy4/twas/output/weights//ENSG00000161133.wgt.RDat	ENSG00000161133	22	20704868	20745048	0.0640	rs646164	-2.72	rs2280117	 0.014529	 -5.67	 1.0792	 329	17	enet	0.021	4.7e-07	-1.71986	8.55e-02
NA	/data/songy4/twas/output/weights//ENSG00000185252.wgt.RDat	ENSG00000185252	22	20748405	20762745	0.0685	rs646164	-2.72	rs887021	 0.052448	 -8.03	-1.2376	 311	 5	lasso	0.052	3.1e-15	 1.78643	7.40e-02
NA	/data/songy4/twas/output/weights//ENSG00000099910.wgt.RDat	ENSG00000099910	22	20783528	20850170	0.0282	rs646164	-2.72	rs1058990	 0.013604	 -5.23	-0.7946	 359	 5	lasso	0.015	1.6e-05	 0.74250	4.58e-01
NA	/data/songy4/twas/output/weights//ENSG00000099917.wgt.RDat	ENSG00000099917	22	20850200	20941919	0.1611	rs646164	-2.72	rs11705359	 0.102599	-10.99	-0.4276	 415	24	enet	0.14	3.5e-38	 0.98728	3.24e-01
NA	/data/songy4/twas/output/weights//ENSG00000241973.wgt.RDat	ENSG00000241973	22	21061979	21213705	0.0178	rs646164	-2.72	rs165924	 0.030766	 -6.21	-0.4054	 438	 1	top1	0.031	1.5e-09	 0.40542	6.85e-01
NA	/data/songy4/twas/output/weights//ENSG00000099940.wgt.RDat	ENSG00000099940	22	21213271	21245506	0.2826	rs646164	-2.72	rs2072514	 0.397268	 21.31	-0.9532	 438	 6	lasso	0.46	4.5e-155	-1.15577	2.48e-01
NA	/data/songy4/twas/output/weights//ENSG00000099942.wgt.RDat	ENSG00000099942	22	21271714	21308037	0.0185	rs646164	-2.72	rs9613260	-0.000690	  3.32	-0.5984	 415	 3	lasso	-0.00016	0.37	-0.85982	3.90e-01
NA	/data/songy4/twas/output/weights//ENSG00000183773.wgt.RDat	ENSG00000183773	22	21319396	21335649	0.5854	rs646164	-2.72	rs178255	 0.212953	-15.68	 0.4150	 383	49	enet	0.41	8.9e-133	-0.70671	4.80e-01
NA	/data/songy4/twas/output/weights//ENSG00000099949.wgt.RDat	ENSG00000099949	22	21333751	21353327	0.2332	rs646164	-2.72	rs178280	 0.142836	 12.89	-1.1748	 377	26	enet	0.18	1.3e-52	-1.11432	2.65e-01
NA	/data/songy4/twas/output/weights//ENSG00000184436.wgt.RDat	ENSG00000184436	22	21353393	21356485	0.0767	rs646164	-2.72	rs2239961	 0.022927	  6.02	-1.5040	 370	21	enet	0.034	2.4e-10	-1.75658	7.90e-02
NA	/data/songy4/twas/output/weights//ENSG00000099957.wgt.RDat	ENSG00000099957	22	21364097	21383119	0.0847	rs646164	-2.72	rs2277838	 0.042478	 -7.12	 0.5041	 368	 1	top1	0.042	1.3e-12	-0.50407	6.14e-01
NA	/data/songy4/twas/output/weights//ENSG00000099960.wgt.RDat	ENSG00000099960	22	21383007	21387129	0.0545	rs646164	-2.72	rs2277838	 0.008243	 -4.29	 0.5041	 361	31	enet	0.019	2.1e-06	 0.11469	9.09e-01
NA	/data/songy4/twas/output/weights//ENSG00000183246.wgt.RDat	ENSG00000183246	22	21899646	21905750	0.1068	rs5755074	 3.50	rs467181	 0.023299	  5.80	-0.5827	 277	 6	lasso	0.043	1.3e-12	-0.31505	7.53e-01
NA	/data/songy4/twas/output/weights//ENSG00000185651.wgt.RDat	ENSG00000185651	22	21903736	21978323	0.0508	rs5755074	 3.50	rs4821116	 0.043279	  7.34	 1.4188	 311	 1	top1	0.043	8.2e-13	 1.41880	1.56e-01
NA	/data/songy4/twas/output/weights//ENSG00000161179.wgt.RDat	ENSG00000161179	22	21982378	21984353	0.0438	rs5755074	 3.50	rs861855	 0.021073	 -5.79	-0.6667	 262	 1	top1	0.021	5.2e-07	 0.66667	5.05e-01
NA	/data/songy4/twas/output/weights//ENSG00000161180.wgt.RDat	ENSG00000161180	22	21987005	21991616	0.0189	rs5755074	 3.50	rs131665	 0.004509	 -4.50	 1.2120	 263	15	enet	0.0096	0.00054	-1.96973	4.89e-02
NA	/data/songy4/twas/output/weights//ENSG00000100023.wgt.RDat	ENSG00000100023	22	22006559	22054304	0.1983	rs5755074	 3.50	rs12484060	 0.169339	-14.00	 0.2642	 315	12	lasso	0.19	2.3e-54	 0.42056	6.74e-01
NA	/data/songy4/twas/output/weights//ENSG00000100027.wgt.RDat	ENSG00000100027	22	22051833	22090123	0.0328	rs5755074	 3.50	rs5754467	 0.007826	  4.71	 1.3333	 325	14	enet	0.022	3.9e-07	 0.33925	7.34e-01
NA	/data/songy4/twas/output/weights//ENSG00000100034.wgt.RDat	ENSG00000100034	22	22273793	22307209	0.4338	rs5755074	 3.50	rs3788333	 0.525055	-24.58	-0.9514	 361	53	enet	0.63	6.1e-250	 1.38449	1.66e-01
NA	/data/songy4/twas/output/weights//ENSG00000100038.wgt.RDat	ENSG00000100038	22	22311397	22337213	0.1574	rs5755074	 3.50	rs9610690	 0.201716	-15.23	-0.9521	 355	30	enet	0.21	2e-61	 1.29646	1.95e-01
NA	/data/songy4/twas/output/weights//ENSG00000169575.wgt.RDat	ENSG00000169575	22	22599087	22599927	0.0300	rs5755074	 3.50	rs9619852	 0.000646	 -3.25	 1.6031	 307	 2	lasso	0.00098	0.15	-1.47159	1.41e-01
NA	/data/songy4/twas/output/weights//ENSG00000100218.wgt.RDat	ENSG00000100218	22	23401593	23487208	0.0917	rs10427870	 3.02	rs4820541	 0.094838	-10.75	-0.5946	 374	36	enet	0.1	4.8e-29	 0.61325	5.40e-01
NA	/data/songy4/twas/output/weights//ENSG00000128266.wgt.RDat	ENSG00000128266	22	23412540	23467224	0.0216	rs4822392	 2.99	rs5751579	 0.001462	 -3.73	-0.4701	 362	13	enet	0.0055	0.0069	 0.59436	5.52e-01
NA	/data/songy4/twas/output/weights//ENSG00000186716.wgt.RDat	ENSG00000186716	22	23521891	23660224	0.1543	rs6003824	 3.16	rs131690	 0.048907	 -8.32	 0.1700	 433	45	enet	0.1	7.8e-29	 1.28084	2.00e-01
NA	/data/songy4/twas/output/weights//ENSG00000189269.wgt.RDat	ENSG00000189269	22	23950639	23974508	0.5056	rs6003824	 3.16	rs12170399	 0.255357	-17.13	-0.6759	 466	37	enet	0.53	6.9e-191	-0.42174	6.73e-01
NA	/data/songy4/twas/output/weights//ENSG00000159496.wgt.RDat	ENSG00000159496	22	24030323	24041363	0.0428	rs6003824	 3.16	rs2330555	 0.014555	  5.01	-2.7553	 435	24	enet	0.02	7.5e-07	-2.75813	5.81e-03
NA	/data/songy4/twas/output/weights//ENSG00000187792.wgt.RDat	ENSG00000187792	22	24083769	24093279	0.0181	rs6003824	 3.16	rs1006771	 0.002354	  3.79	-0.2286	 441	 1	top1	0.0024	0.055	-0.22857	8.19e-01
NA	/data/songy4/twas/output/weights//ENSG00000169314.wgt.RDat	ENSG00000169314	22	24105208	24108048	0.0237	rs6003824	 3.16	rs131442	 0.035333	 -6.54	 0.6074	 437	 3	lasso	0.037	4.3e-11	-0.45994	6.46e-01
NA	/data/songy4/twas/output/weights//ENSG00000250479.wgt.RDat	ENSG00000250479	22	24108021	24110630	0.0497	rs6003824	 3.16	rs2267029	 0.023687	  5.46	 0.0541	 439	 1	top1	0.024	1.1e-07	 0.05405	9.57e-01
NA	/data/songy4/twas/output/weights//ENSG00000099956.wgt.RDat	ENSG00000099956	22	24129150	24176703	0.0301	rs6003824	 3.16	rs5759997	 0.001779	 -4.15	 0.9510	 440	 4	lasso	0.0059	0.0054	-1.21071	2.26e-01
NA	/data/songy4/twas/output/weights//ENSG00000133460.wgt.RDat	ENSG00000133460	22	24198890	24228496	0.3918	rs6003824	 3.16	rs17637865	 0.237040	-16.50	-0.1429	 416	34	enet	0.24	4.3e-70	-0.14654	8.83e-01
NA	/data/songy4/twas/output/weights//ENSG00000240972.wgt.RDat	ENSG00000240972	22	24236191	24237414	0.0400	rs6003824	 3.16	rs5760095	 0.010886	  5.45	-1.3368	 395	21	enet	0.029	4.2e-09	-0.50196	6.16e-01
NA	/data/songy4/twas/output/weights//ENSG00000133433.wgt.RDat	ENSG00000133433	22	24299601	24303373	0.0272	rs6003824	 3.16	rs9624364	 0.020317	  5.15	-1.5306	 382	 1	top1	0.02	8.2e-07	-1.53061	1.26e-01
NA	/data/songy4/twas/output/weights//ENSG00000099974.wgt.RDat	ENSG00000099974	22	24309089	24314721	0.6858	rs6003824	 3.16	rs2739338	 0.795458	 30.08	-0.0325	 385	 1	top1	0.8	0	-0.03252	9.74e-01
NA	/data/songy4/twas/output/weights//ENSG00000099984.wgt.RDat	ENSG00000099984	22	24322339	24326106	0.0307	rs6003824	 3.16	rs1006771	 0.017408	  5.60	-0.2286	 379	 1	top1	0.017	4.7e-06	-0.22857	8.19e-01
NA	/data/songy4/twas/output/weights//ENSG00000099991.wgt.RDat	ENSG00000099991	22	24407642	24574596	0.0711	rs6004179	-3.51	rs3788368	 0.019789	  6.22	-0.2057	 403	28	enet	0.036	6.2e-11	-0.07824	9.38e-01
NA	/data/songy4/twas/output/weights//ENSG00000099994.wgt.RDat	ENSG00000099994	22	24577227	24585078	0.0507	rs6004179	-3.51	rs13057912	 0.023611	 -5.34	-0.0551	 331	15	enet	0.032	6.1e-10	-0.36100	7.18e-01
NA	/data/songy4/twas/output/weights//ENSG00000099998.wgt.RDat	ENSG00000099998	22	24615622	24641110	0.0482	rs6004179	-3.51	rs2001106	 0.049051	  7.78	-0.1951	 340	 1	top1	0.049	2.5e-14	-0.19512	8.45e-01
NA	/data/songy4/twas/output/weights//ENSG00000100014.wgt.RDat	ENSG00000100014	22	24666786	24813708	0.0894	rs6004179	-3.51	rs17651189	 0.079322	  9.56	 0.0135	 438	 7	lasso	0.083	2.3e-23	-0.20388	8.38e-01
NA	/data/songy4/twas/output/weights//ENSG00000100024.wgt.RDat	ENSG00000100024	22	24863206	24924358	0.1800	rs6004179	-3.51	rs5760425	 0.259705	 17.26	-1.9063	 383	 1	top1	0.26	1.9e-76	-1.90625	5.66e-02
NA	/data/songy4/twas/output/weights//ENSG00000100028.wgt.RDat	ENSG00000100028	22	24951471	25005947	0.0410	rs6004179	-3.51	rs738820	 0.018754	 -5.23	-3.3060	 396	 1	top1	0.019	2.1e-06	 3.30597	9.46e-04
NA	/data/songy4/twas/output/weights//ENSG00000100031.wgt.RDat	ENSG00000100031	22	24979718	25024972	0.2886	rs6004179	-3.51	rs5760492	 0.173706	-14.50	-0.2549	 399	25	enet	0.21	9.7e-61	 0.15889	8.74e-01
NA	/data/songy4/twas/output/weights//ENSG00000167037.wgt.RDat	ENSG00000167037	22	25202236	25323545	0.1012	rs6004179	-3.51	rs139622	 0.054684	  8.11	-0.2013	 480	 9	lasso	0.087	1.6e-24	-0.65701	5.11e-01
NA	/data/songy4/twas/output/weights//ENSG00000197077.wgt.RDat	ENSG00000197077	22	25348697	25593415	0.2735	rs6004179	-3.51	rs6004417	 0.181502	 14.47	 0.6667	 530	 6	lasso	0.22	5.1e-65	 1.12354	2.61e-01
NA	/data/songy4/twas/output/weights//ENSG00000100053.wgt.RDat	ENSG00000100053	22	25595817	25603330	0.0526	rs4820621	 2.57	rs6004417	 0.048042	  7.50	 0.6667	 458	20	enet	0.059	7.1e-17	 1.22014	2.22e-01
NA	/data/songy4/twas/output/weights//ENSG00000100068.wgt.RDat	ENSG00000100068	22	25747385	25801344	0.2098	rs4820621	 2.57	rs13057190	 0.049171	  7.89	 0.0588	 540	52	enet	0.079	2.5e-22	-0.84960	3.96e-01
NA	/data/songy4/twas/output/weights//ENSG00000133454.wgt.RDat	ENSG00000133454	22	26138111	26427007	0.0871	rs7287110	 2.37	rs9620553	 0.086755	 10.01	 0.0612	 803	 1	top1	0.087	2e-24	 0.06122	9.51e-01
NA	/data/songy4/twas/output/weights//ENSG00000128203.wgt.RDat	ENSG00000128203	22	26825239	26840981	0.0627	rs9608537	-3.44	rs880421	 0.042926	 -7.10	 0.3000	 768	39	enet	0.052	3.9e-15	 0.64239	5.21e-01
NA	/data/songy4/twas/output/weights//ENSG00000100099.wgt.RDat	ENSG00000100099	22	26839389	26879803	0.1693	rs9608537	-3.44	rs5761561	 0.145577	-13.30	-0.0800	 793	14	enet	0.15	7.3e-42	 0.33855	7.35e-01
NA	/data/songy4/twas/output/weights//ENSG00000100104.wgt.RDat	ENSG00000100104	22	26879843	26890624	0.0483	rs9608537	-3.44	rs11913750	 0.027820	  6.07	 1.3951	 795	 1	top1	0.028	9e-09	 1.39512	1.63e-01
NA	/data/songy4/twas/output/weights//ENSG00000100109.wgt.RDat	ENSG00000100109	22	26887191	26908471	0.6024	rs9608537	-3.44	rs3213558	 0.632593	-26.83	-0.6918	 802	36	enet	0.64	2.8e-251	 0.80056	4.23e-01
NA	/data/songy4/twas/output/weights//ENSG00000128294.wgt.RDat	ENSG00000128294	22	26921458	26992681	0.2447	rs9608537	-3.44	rs4275	 0.264318	 17.38	-0.1386	 888	11	lasso	0.31	1.8e-93	-0.21704	8.28e-01
NA	/data/songy4/twas/output/weights//ENSG00000100154.wgt.RDat	ENSG00000100154	22	28374004	29075853	0.1938	rs2347790	-3.19	rs134488	 0.291036	 18.38	-0.3385	 683	 7	lasso	0.3	1e-91	-0.49787	6.19e-01
NA	/data/songy4/twas/output/weights//ENSG00000183765.wgt.RDat	ENSG00000183765	22	29083731	29138410	0.0201	rs2347790	-3.19	rs134514	 0.023257	  5.63	 0.0530	 323	 1	top1	0.023	1.4e-07	 0.05298	9.58e-01
NA	/data/songy4/twas/output/weights//ENSG00000159873.wgt.RDat	ENSG00000159873	22	29168662	29185283	0.0610	rs2347790	-3.19	rs134503	 0.014444	  6.11	 1.8311	 324	18	enet	0.057	2.6e-16	 0.00647	9.95e-01
NA	/data/songy4/twas/output/weights//ENSG00000100219.wgt.RDat	ENSG00000100219	22	29190543	29196585	0.1097	rs2347790	-3.19	rs7287806	 0.115712	 12.54	-2.2885	 327	10	lasso	0.19	5.4e-53	-1.55524	1.20e-01
NA	/data/songy4/twas/output/weights//ENSG00000183579.wgt.RDat	ENSG00000183579	22	29279580	29453475	0.0319	rs2347790	-3.19	rs13056243	 0.018590	 -4.87	-1.9695	 418	 1	top1	0.019	2.3e-06	 1.96947	4.89e-02
NA	/data/songy4/twas/output/weights//ENSG00000183762.wgt.RDat	ENSG00000183762	22	29469066	29564321	0.1848	rs2347790	-3.19	rs126077	 0.186857	-14.75	 0.3617	 415	 7	lasso	0.2	1.8e-57	-0.52210	6.02e-01
NA	/data/songy4/twas/output/weights//ENSG00000186998.wgt.RDat	ENSG00000186998	22	29601840	29655586	0.1287	rs2347790	-3.19	rs12484227	 0.052889	 -9.11	 0.4102	 447	 3	lasso	0.09	3.3e-25	 0.17470	8.61e-01
NA	/data/songy4/twas/output/weights//ENSG00000100280.wgt.RDat	ENSG00000100280	22	29723669	29819168	0.0410	rs2347790	-3.19	rs5752907	 0.034455	 -6.88	-1.2743	 446	 8	lasso	0.035	9.4e-11	 1.75939	7.85e-02
NA	/data/songy4/twas/output/weights//ENSG00000184117.wgt.RDat	ENSG00000184117	22	29950797	29977326	0.0262	rs165633	-3.07	rs2245185	 0.022800	  5.42	-0.1789	 416	 1	top1	0.023	1.8e-07	-0.17895	8.58e-01
NA	/data/songy4/twas/output/weights//ENSG00000100319.wgt.RDat	ENSG00000100319	22	30126945	30163000	0.0655	rs165633	-3.08	rs5752968	 0.048753	  7.85	-0.3832	 402	12	lasso	0.053	2.5e-15	-0.49211	6.23e-01
NA	/data/songy4/twas/output/weights//ENSG00000100325.wgt.RDat	ENSG00000100325	22	30184597	30234271	0.1373	rs165633	-3.16	rs6006267	 0.069680	  8.98	 0.4271	 405	36	enet	0.09	3.2e-25	 1.21871	2.23e-01
NA	/data/songy4/twas/output/weights//ENSG00000100330.wgt.RDat	ENSG00000100330	22	30279144	30426855	0.0359	rs165633	-3.19	rs2074204	 0.019877	  5.08	 0.9640	 477	 1	top1	0.02	1.1e-06	 0.96396	3.35e-01
NA	/data/songy4/twas/output/weights//ENSG00000099992.wgt.RDat	ENSG00000099992	22	30687979	30723035	0.0579	rs3804078	 3.00	rs4823086	 0.043949	  7.38	-2.2230	 444	 1	top1	0.044	5.5e-13	-2.22302	2.62e-02
NA	/data/songy4/twas/output/weights//ENSG00000187860.wgt.RDat	ENSG00000187860	22	30752624	30774647	0.0330	rs3804078	 3.00	rs5749088	 0.032588	 -6.38	-0.3738	 446	 1	top1	0.033	5.2e-10	 0.37383	7.09e-01
NA	/data/songy4/twas/output/weights//ENSG00000099999.wgt.RDat	ENSG00000099999	22	30773835	30817760	0.0472	rs3804078	 3.00	rs5749087	 0.016949	 -5.98	-0.4190	 451	40	enet	0.028	1e-08	 0.16954	8.65e-01
NA	/data/songy4/twas/output/weights//ENSG00000100003.wgt.RDat	ENSG00000100003	22	30792846	30821305	0.1240	rs3804078	 3.00	rs5994305	 0.058769	  8.72	 0.4758	 447	12	lasso	0.076	2e-21	-0.12920	8.97e-01
NA	/data/songy4/twas/output/weights//ENSG00000242114.wgt.RDat	ENSG00000242114	22	30821518	30825045	0.0226	rs3804078	 3.00	rs5994305	 0.001451	  3.86	 0.4758	 445	 4	enet	0.0021	0.064	-0.82543	4.09e-01
NA	/data/songy4/twas/output/weights//ENSG00000133488.wgt.RDat	ENSG00000133488	22	30884900	30901698	0.2234	rs3804078	 3.00	rs11914198	 0.053467	  8.16	 0.2957	 443	61	enet	0.089	6.5e-25	 1.61033	1.07e-01
NA	/data/songy4/twas/output/weights//ENSG00000214491.wgt.RDat	ENSG00000214491	22	30918786	30942669	0.0458	rs3804078	 3.00	rs2899151	 0.037598	 -6.83	-0.7297	 437	 1	top1	0.038	2.5e-11	 0.72973	4.66e-01
NA	/data/songy4/twas/output/weights//ENSG00000100029.wgt.RDat	ENSG00000100029	22	30972612	31003070	0.0382	rs3804078	 3.00	rs16988803	 0.039352	 -6.79	 0.0156	 444	 2	lasso	0.04	5.9e-12	-0.20993	8.34e-01
NA	/data/songy4/twas/output/weights//ENSG00000185339.wgt.RDat	ENSG00000185339	22	31002825	31023265	0.1810	rs3804078	 3.00	rs9621047	 0.176868	 14.23	 0.6632	 444	 5	lasso	0.2	1.8e-58	 1.00805	3.13e-01
NA	/data/songy4/twas/output/weights//ENSG00000100036.wgt.RDat	ENSG00000100036	22	31031639	31065003	0.0731	rs3804078	 3.00	rs4820887	 0.006501	 -5.64	-0.5031	 459	26	enet	0.04	4.8e-12	-0.39291	6.94e-01
NA	/data/songy4/twas/output/weights//ENSG00000167065.wgt.RDat	ENSG00000167065	22	31048038	31063877	0.4622	rs3804078	 3.00	rs13053290	 0.402738	-21.48	 0.1574	 455	 9	lasso	0.43	9.5e-143	-0.28784	7.73e-01
NA	/data/songy4/twas/output/weights//ENSG00000133422.wgt.RDat	ENSG00000133422	22	31321117	31364284	0.0619	rs3804078	 3.00	rs8140448	 0.027301	 -5.95	-1.5688	 407	 1	top1	0.027	1.2e-08	 1.56881	1.17e-01
NA	/data/songy4/twas/output/weights//ENSG00000198832.wgt.RDat	ENSG00000198832	22	31500758	31516055	0.1373	rs2413054	-3.09	rs1004243	 0.029055	  7.46	 0.9175	 384	19	enet	0.087	1.4e-24	 1.15096	2.50e-01
NA	/data/songy4/twas/output/weights//ENSG00000138942.wgt.RDat	ENSG00000138942	22	31556168	31603005	0.2491	rs2413054	-3.09	rs4561750	 0.110147	-12.07	-0.6138	 374	 6	lasso	0.22	1.2e-63	 0.90179	3.67e-01
NA	/data/songy4/twas/output/weights//ENSG00000100100.wgt.RDat	ENSG00000100100	22	31677579	31688520	0.0881	rs2413054	-3.09	rs131213	 0.124386	-12.42	-0.8085	 344	 7	lasso	0.15	3e-42	-0.00485	9.96e-01
NA	/data/songy4/twas/output/weights//ENSG00000198089.wgt.RDat	ENSG00000198089	22	31884674	32014572	0.1366	rs2413054	-3.09	rs5998002	 0.197822	 15.55	 1.2316	 384	24	enet	0.26	6e-75	-0.22633	8.21e-01
NA	/data/songy4/twas/output/weights//ENSG00000241878.wgt.RDat	ENSG00000241878	22	32014477	32058418	0.4384	rs2413054	-3.09	rs6518754	 0.298036	-18.44	 0.8000	 360	45	enet	0.36	8.1e-112	-1.48089	1.39e-01
NA	/data/songy4/twas/output/weights//ENSG00000128245.wgt.RDat	ENSG00000128245	22	32340447	32353590	0.1192	rs2413054	-3.09	rs7290696	 0.105220	 11.20	 0.8496	 480	22	enet	0.11	5.4e-30	 1.03227	3.02e-01
NA	/data/songy4/twas/output/weights//ENSG00000128253.wgt.RDat	ENSG00000128253	22	32586422	32600718	0.1313	rs2858223	 3.14	rs136487	 0.079866	-10.20	-0.2021	 551	34	enet	0.13	8.8e-37	 0.11612	9.08e-01
NA	/data/songy4/twas/output/weights//ENSG00000128276.wgt.RDat	ENSG00000128276	22	32750872	32757148	0.0280	rs2858223	 3.14	rs2294208	 0.009610	  4.53	-1.2500	 641	 4	lasso	0.012	0.00017	-1.34428	1.79e-01
NA	/data/songy4/twas/output/weights//ENSG00000100225.wgt.RDat	ENSG00000100225	22	32870663	32894818	0.0588	rs2858223	 3.14	rs12167840	 0.036554	 -6.72	-0.6582	 660	25	enet	0.037	4.6e-11	 1.59582	1.11e-01
NA	/data/songy4/twas/output/weights//ENSG00000185666.wgt.RDat	ENSG00000185666	22	32908539	33454358	0.0352	NA	   NA	NA	       NA	    NA	     NA	   0	 0	enet	-0.00054	0.53	      NA	      NA
NA	/data/songy4/twas/output/weights//ENSG00000133424.wgt.RDat	ENSG00000133424	22	33558212	34318829	0.0669	rs997120	 3.12	rs5749579	 0.046483	  7.42	-0.2206	1084	 1	top1	0.046	1.2e-13	-0.22059	8.25e-01
NA	/data/songy4/twas/output/weights//ENSG00000100281.wgt.RDat	ENSG00000100281	22	35653445	35691800	0.0429	rs9306304	-2.70	rs5755674	 0.009819	 -5.15	 1.7228	 623	 3	lasso	0.015	1.7e-05	-1.88247	5.98e-02
NA	/data/songy4/twas/output/weights//ENSG00000100284.wgt.RDat	ENSG00000100284	22	35695268	35743985	0.4015	rs9306304	-2.70	rs138785	 0.208155	 15.45	 0.8537	 606	15	lasso	0.37	3.1e-117	 1.05854	2.90e-01
NA	/data/songy4/twas/output/weights//ENSG00000100292.wgt.RDat	ENSG00000100292	22	35776354	35790207	0.0670	rs9306304	-2.70	rs133415	 0.042279	 -7.08	-1.1701	 573	 1	top1	0.042	1.5e-12	 1.17007	2.42e-01
NA	/data/songy4/twas/output/weights//ENSG00000100297.wgt.RDat	ENSG00000100297	22	35796056	35821423	0.2429	rs9306304	-2.70	rs133415	 0.151631	-13.21	-1.1701	 569	 7	lasso	0.16	5.8e-45	 0.87002	3.84e-01
NA	/data/songy4/twas/output/weights//ENSG00000100320.wgt.RDat	ENSG00000100320	22	36134783	36424473	0.0453	rs9622410	-2.70	rs5755961	 0.039553	 -7.03	-0.5068	 611	 1	top1	0.04	7.8e-12	 0.50685	6.12e-01
NA	/data/songy4/twas/output/weights//ENSG00000128284.wgt.RDat	ENSG00000128284	22	36536372	36562225	0.0251	rs6000352	 2.82	rs7290574	 0.009393	 -5.34	-0.0638	 506	 7	enet	0.013	7.1e-05	-0.03543	9.72e-01
NA	/data/songy4/twas/output/weights//ENSG00000100336.wgt.RDat	ENSG00000100336	22	36585172	36600886	0.1546	rs6000352	 2.82	rs132735	 0.103202	 10.93	 0.1981	 500	45	enet	0.12	5.8e-34	 0.67244	5.01e-01
NA	/data/songy4/twas/output/weights//ENSG00000128335.wgt.RDat	ENSG00000128335	22	36622256	36636000	0.0460	rs999540	-2.90	rs136142	 0.024966	 -5.87	-0.9901	 509	23	enet	0.029	5e-09	-0.52909	5.97e-01
NA	/data/songy4/twas/output/weights//ENSG00000100342.wgt.RDat	ENSG00000100342	22	36649056	36663576	0.0970	rs129333	-3.53	rs136177	 0.065063	 -9.73	-0.5128	 503	 9	enet	0.087	1.5e-24	 0.29629	7.67e-01
NA	/data/songy4/twas/output/weights//ENSG00000100348.wgt.RDat	ENSG00000100348	22	36863083	36878077	0.0392	rs129333	-3.53	rs738278	 0.006129	 -4.22	 0.7401	 622	 2	lasso	0.0069	0.0029	-0.65862	5.10e-01
NA	/data/songy4/twas/output/weights//ENSG00000100350.wgt.RDat	ENSG00000100350	22	36883237	36903148	0.3685	rs129333	-3.53	rs2281086	 0.378998	 20.83	 0.3945	 642	27	enet	0.42	1.4e-137	 0.28867	7.73e-01
NA	/data/songy4/twas/output/weights//ENSG00000100353.wgt.RDat	ENSG00000100353	22	36906897	36925483	0.0415	rs129333	-3.53	rs5995296	 0.003582	  4.35	-0.3333	 655	 1	top1	0.0036	0.024	-0.33333	7.39e-01
NA	/data/songy4/twas/output/weights//ENSG00000100360.wgt.RDat	ENSG00000100360	22	37154246	37172300	0.1912	rs129333	-3.53	rs2009667	 0.206564	 15.46	-1.7864	 691	 5	lasso	0.21	1.3e-59	-2.01721	4.37e-02
NA	/data/songy4/twas/output/weights//ENSG00000100362.wgt.RDat	ENSG00000100362	22	37196728	37215523	0.0529	rs129333	-3.53	rs4821544	 0.059767	 -8.50	 0.6718	 693	 1	top1	0.06	3.6e-17	-0.67181	5.02e-01
NA	/data/songy4/twas/output/weights//ENSG00000100365.wgt.RDat	ENSG00000100365	22	37257030	37274057	0.0280	rs129333	-3.53	rs909484	 0.026883	  5.82	-0.6544	 689	 1	top1	0.027	1.6e-08	-0.65441	5.13e-01
NA	/data/songy4/twas/output/weights//ENSG00000100368.wgt.RDat	ENSG00000100368	22	37309670	37336491	0.0432	rs129333	-3.53	rs2075938	 0.023584	  5.95	-0.2705	 708	 1	top1	0.024	1.2e-07	-0.27049	7.87e-01
NA	/data/songy4/twas/output/weights//ENSG00000128311.wgt.RDat	ENSG00000128311	22	37406900	37415681	0.0588	rs129333	-3.53	rs2075938	 0.021579	  5.27	-0.2705	 698	24	enet	0.024	1.2e-07	 0.97139	3.31e-01
NA	/data/songy4/twas/output/weights//ENSG00000128309.wgt.RDat	ENSG00000128309	22	37415676	37425863	0.0572	rs129333	-3.53	rs5756379	 0.000516	  4.74	 0.2336	 701	27	enet	0.019	2.4e-06	 0.47041	6.38e-01
NA	/data/songy4/twas/output/weights//ENSG00000133466.wgt.RDat	ENSG00000133466	22	37576207	37595425	0.3108	rs129333	-3.53	rs64547	 0.206545	-15.60	 1.4200	 654	29	enet	0.35	2.5e-109	-1.77045	7.67e-02
NA	/data/songy4/twas/output/weights//ENSG00000128340.wgt.RDat	ENSG00000128340	22	37621301	37640488	0.1093	rs129333	-3.53	rs2284036	 0.076539	  9.69	 0.6761	 636	20	enet	0.094	2.2e-26	 0.24982	8.03e-01
NA	/data/songy4/twas/output/weights//ENSG00000100060.wgt.RDat	ENSG00000100060	22	37865101	37882439	0.0761	rs2071910	 3.35	rs5750441	 0.066155	  9.03	 0.2158	 547	 1	top1	0.066	7.2e-19	 0.21579	8.29e-01
NA	/data/songy4/twas/output/weights//ENSG00000128283.wgt.RDat	ENSG00000128283	22	37956454	37965412	0.2829	rs2071910	 3.35	rs2281097	 0.223944	 16.12	 0.2549	 508	 5	lasso	0.24	6.9e-69	 0.31561	7.52e-01
NA	/data/songy4/twas/output/weights//ENSG00000100083.wgt.RDat	ENSG00000100083	22	38004481	38029571	0.1883	rs2071910	 3.35	rs12628135	 0.087980	 10.24	 2.2316	 505	30	enet	0.15	3.8e-41	 1.85976	6.29e-02
NA	/data/songy4/twas/output/weights//ENSG00000100092.wgt.RDat	ENSG00000100092	22	38030661	38062939	0.2632	rs2071910	 3.35	rs732857	 0.171981	 14.10	 2.2526	 501	41	enet	0.24	1.4e-70	 2.46066	1.39e-02
NA	/data/songy4/twas/output/weights//ENSG00000100097.wgt.RDat	ENSG00000100097	22	38071615	38075813	0.0807	rs2071910	 3.35	rs929039	 0.055954	 -8.06	 2.0707	 472	 4	lasso	0.069	1e-19	-1.03641	3.00e-01
NA	/data/songy4/twas/output/weights//ENSG00000100106.wgt.RDat	ENSG00000100106	22	38093011	38172563	0.3751	rs2071910	 3.35	rs4239889	 0.309824	-18.80	 3.1200	 496	36	enet	0.41	1.6e-134	-2.33194	1.97e-02
NA	/data/songy4/twas/output/weights//ENSG00000189060.wgt.RDat	ENSG00000189060	22	38201114	38203442	0.5666	rs2071910	 3.35	rs5756825	 0.382914	 21.51	 2.0947	 408	 5	lasso	0.57	2.3e-211	 0.53199	5.95e-01
NA	/data/songy4/twas/output/weights//ENSG00000100116.wgt.RDat	ENSG00000100116	22	38203912	38213183	0.6945	rs2071910	 3.35	rs763137	 0.603918	 26.20	-1.4783	 411	36	enet	0.62	1.9e-243	-1.41304	1.58e-01
NA	/data/songy4/twas/output/weights//ENSG00000100124.wgt.RDat	ENSG00000100124	22	38226862	38245334	0.0998	rs2071910	 3.35	rs34517070	 0.092843	 10.40	 1.2762	 400	 1	top1	0.093	4.3e-26	 1.27619	2.02e-01
NA	/data/songy4/twas/output/weights//ENSG00000100139.wgt.RDat	ENSG00000100139	22	38301664	38338829	0.0413	rs2071910	 3.35	rs2072859	 0.013038	  5.41	 1.7041	 386	 1	top1	0.013	6.7e-05	 1.70408	8.84e-02
NA	/data/songy4/twas/output/weights//ENSG00000100151.wgt.RDat	ENSG00000100151	22	38452318	38471708	0.4662	rs2071910	 3.35	rs8142185	 0.416673	-22.01	-1.1845	 374	 9	enet	0.43	3.8e-143	 0.72751	4.67e-01
NA	/data/songy4/twas/output/weights//ENSG00000184381.wgt.RDat	ENSG00000184381	22	38507502	38601697	0.1638	rs2071910	 3.35	rs3827354	 0.138612	-12.67	 0.2959	 387	17	enet	0.16	1.5e-46	-0.04670	9.63e-01
NA	/data/songy4/twas/output/weights//ENSG00000185022.wgt.RDat	ENSG00000185022	22	38597889	38612518	0.0595	rs2071910	 3.35	rs2899297	 0.027060	  6.92	-0.2474	 353	 5	lasso	0.038	1.5e-11	 0.01235	9.90e-01
NA	/data/songy4/twas/output/weights//ENSG00000198792.wgt.RDat	ENSG00000198792	22	38615298	38669040	0.0854	rs2071910	 3.35	rs5750562	 0.047870	 -8.55	 0.8624	 373	 8	lasso	0.081	7.8e-23	-0.27870	7.80e-01
NA	/data/songy4/twas/output/weights//ENSG00000213923.wgt.RDat	ENSG00000213923	22	38686697	38794527	0.0932	rs2071910	 3.35	rs2075984	 0.024581	 -5.45	 0.0556	 398	40	enet	0.029	4.3e-09	 0.04008	9.68e-01
NA	/data/songy4/twas/output/weights//ENSG00000168135.wgt.RDat	ENSG00000168135	22	38822332	38851205	0.0877	rs4821738	 3.12	rs2267387	 0.044709	 -7.34	-1.7420	 384	 2	lasso	0.06	3.5e-17	 1.97591	4.82e-02
NA	/data/songy4/twas/output/weights//ENSG00000100201.wgt.RDat	ENSG00000100201	22	38879445	38903665	0.0453	rs4821738	 3.12	rs1043402	 0.074870	  9.43	-1.6476	 378	 1	top1	0.075	3.3e-21	-1.64762	9.94e-02
NA	/data/songy4/twas/output/weights//ENSG00000100211.wgt.RDat	ENSG00000100211	22	39052641	39069859	0.0181	rs196054	 3.05	rs138703	 0.018778	 -5.23	-0.9697	 381	 1	top1	0.019	2.1e-06	 0.96970	3.32e-01
NA	/data/songy4/twas/output/weights//ENSG00000100216.wgt.RDat	ENSG00000100216	22	39077953	39080818	0.0226	rs196054	 3.05	rs4821807	 0.003783	 -3.82	-1.2212	 375	 1	top1	0.0038	0.021	 1.22115	2.22e-01
NA	/data/songy4/twas/output/weights//ENSG00000100221.wgt.RDat	ENSG00000100221	22	39081548	39097561	0.0272	rs196054	 3.05	rs2072795	 0.024254	 -5.92	-1.2212	 385	 6	lasso	0.028	8.2e-09	 1.08121	2.80e-01
NA	/data/songy4/twas/output/weights//ENSG00000100242.wgt.RDat	ENSG00000100242	22	39130730	39190148	0.0198	rs196054	 3.05	rs1043312	-0.000861	 -3.45	-0.9495	 407	26	enet	-0.00066	0.62	 0.30666	7.59e-01
NA	/data/songy4/twas/output/weights//ENSG00000221890.wgt.RDat	ENSG00000221890	22	39214457	39239987	0.1073	rs196054	 3.05	rs13053505	 0.106924	 11.37	-1.0233	 393	13	enet	0.11	3.4e-30	-0.93020	3.52e-01
NA	/data/songy4/twas/output/weights//ENSG00000183741.wgt.RDat	ENSG00000183741	22	39257455	39268319	0.3046	rs196054	 3.05	rs7292074	 0.168138	-13.93	-0.3906	 395	46	enet	0.19	7.3e-55	 0.73377	4.63e-01
NA	/data/songy4/twas/output/weights//ENSG00000128383.wgt.RDat	ENSG00000128383	22	39348746	39359188	0.4539	rs9611169	 3.27	rs17370615	 0.055189	  8.29	-0.9217	 393	 9	lasso	0.17	1.1e-48	-0.39621	6.92e-01
NA	/data/songy4/twas/output/weights//ENSG00000179750.wgt.RDat	ENSG00000179750	22	39378352	39388809	0.8872	rs9611169	 3.27	rs4365560	 0.818373	 30.50	 1.3750	 394	 1	top1	0.82	0	 1.37500	1.69e-01
NA	/data/songy4/twas/output/weights//ENSG00000243811.wgt.RDat	ENSG00000243811	22	39410368	39429281	0.0490	rs9611169	 3.27	rs5750726	 0.010429	 -4.58	 1.1582	 393	 4	lasso	0.014	3.8e-05	-1.71990	8.55e-02
NA	/data/songy4/twas/output/weights//ENSG00000128394.wgt.RDat	ENSG00000128394	22	39436609	39449915	0.1017	NA	   NA	NA	       NA	    NA	     NA	 395	 0	top1	0.088	7e-25	      NA	      NA
NA	/data/songy4/twas/output/weights//ENSG00000239713.wgt.RDat	ENSG00000239713	22	39436924	39483748	0.3220	rs9611169	 3.27	rs738469	 0.178614	-14.51	 1.9500	 403	15	enet	0.23	1.4e-65	-2.13015	3.32e-02
NA	/data/songy4/twas/output/weights//ENSG00000100298.wgt.RDat	ENSG00000100298	22	39493229	39500072	0.1634	rs9611169	 3.27	rs738469	 0.069723	 -9.46	 1.9500	 403	29	enet	0.071	4e-20	-2.12630	3.35e-02
NA	/data/songy4/twas/output/weights//ENSG00000100307.wgt.RDat	ENSG00000100307	22	39516172	39548679	0.0322	rs9611169	 3.27	rs139413	 0.048635	  7.52	-0.4948	 424	 1	top1	0.049	3.2e-14	-0.49485	6.21e-01
NA	/data/songy4/twas/output/weights//ENSG00000100311.wgt.RDat	ENSG00000100311	22	39619364	39640756	0.2880	rs9611169	 3.27	rs5757573	 0.206193	-15.37	 0.4245	 420	 1	top1	0.21	3.4e-59	-0.42453	6.71e-01
NA	/data/songy4/twas/output/weights//ENSG00000100321.wgt.RDat	ENSG00000100321	22	39745930	39781593	0.2295	rs9611169	 3.27	rs2069235	 0.213889	 15.67	-1.7387	 396	24	enet	0.22	9.3e-64	-1.23034	2.19e-01
NA	/data/songy4/twas/output/weights//ENSG00000128268.wgt.RDat	ENSG00000128268	22	39853349	39888199	0.0795	rs9611169	 3.27	rs1005522	 0.095499	 10.72	 3.0345	 399	 2	lasso	0.098	1.5e-27	 3.07131	2.13e-03
NA	/data/songy4/twas/output/weights//ENSG00000128272.wgt.RDat	ENSG00000128272	22	39915700	39918691	0.2838	rs9611169	 3.27	rs1048310	 0.349078	 19.95	 0.1944	 400	 1	top1	0.35	2.9e-108	 0.19444	8.46e-01
NA	/data/songy4/twas/output/weights//ENSG00000225528.wgt.RDat	ENSG00000225528	22	40356401	40360687	0.1038	rs909674	 2.86	rs2267423	 0.075002	 -9.30	-0.8333	 309	 1	top1	0.075	3e-21	 0.83333	4.05e-01
NA	/data/songy4/twas/output/weights//ENSG00000133477.wgt.RDat	ENSG00000133477	22	40390953	40439533	0.0385	rs137991	-2.48	rs9611234	 0.000646	  4.39	 0.9515	 322	33	enet	0.019	2.4e-06	 0.89275	3.72e-01
NA	/data/songy4/twas/output/weights//ENSG00000100359.wgt.RDat	ENSG00000100359	22	40766595	40806293	0.0251	rs13054099	-4.03	rs760701	 0.025269	  5.85	-0.0160	 321	 1	top1	0.025	4.2e-08	-0.01600	9.87e-01
NA	/data/songy4/twas/output/weights//ENSG00000196588.wgt.RDat	ENSG00000196588	22	40806285	41032706	0.0663	rs4821990	-5.21	rs133050	 0.064454	  8.95	 0.8911	 348	 5	lasso	0.07	5.1e-20	 0.84257	3.99e-01
NA	/data/songy4/twas/output/weights//ENSG00000128285.wgt.RDat	ENSG00000128285	22	41074754	41078818	0.0137	rs6002271	-5.21	rs5750960	 0.006718	  4.17	 1.2526	 298	 1	top1	0.0067	0.0033	 1.25263	2.10e-01
NA	/data/songy4/twas/output/weights//ENSG00000100372.wgt.RDat	ENSG00000100372	22	41165634	41215403	0.0343	rs5758264	-5.24	rs5758168	 0.027288	  6.25	-1.8144	 302	 1	top1	0.027	1.2e-08	-1.81443	6.96e-02
NA	/data/songy4/twas/output/weights//ENSG00000196236.wgt.RDat	ENSG00000196236	22	41253081	41363838	0.1776	rs5758264	-5.24	rs138354	 0.130131	-12.22	 2.5938	 322	 1	top1	0.13	1.6e-36	-2.59375	9.49e-03
NA	/data/songy4/twas/output/weights//ENSG00000100401.wgt.RDat	ENSG00000100401	22	41641615	41682255	0.0899	rs5758264	-5.24	rs2024566	 0.106981	-11.53	-4.8137	 280	 5	lasso	0.12	1.7e-32	 5.30662	1.12e-07
NA	/data/songy4/twas/output/weights//ENSG00000167074.wgt.RDat	ENSG00000167074	22	41763337	41795330	0.1449	rs5758264	-5.24	rs2234059	 0.264419	 17.36	-4.3860	 281	 1	top1	0.26	4.9e-78	-4.38596	1.15e-05
NA	/data/songy4/twas/output/weights//ENSG00000100413.wgt.RDat	ENSG00000100413	22	41921808	41940610	0.0357	rs5758264	-5.24	rs10154700	 0.006988	 -4.74	 2.5929	 309	16	enet	0.022	2.8e-07	-3.42444	6.16e-04
NA	/data/songy4/twas/output/weights//ENSG00000172346.wgt.RDat	ENSG00000172346	22	41956767	41973745	0.0369	rs5758264	-5.24	rs9611613	 0.038498	  6.81	-3.2269	 317	 1	top1	0.038	1.5e-11	-3.22689	1.25e-03
NA	/data/songy4/twas/output/weights//ENSG00000100417.wgt.RDat	ENSG00000100417	22	41972898	41985894	0.0475	rs5758264	-5.24	rs126092	 0.025149	 -6.25	-3.9304	 313	 3	lasso	0.028	6.2e-09	 3.87081	1.08e-04
NA	/data/songy4/twas/output/weights//ENSG00000100418.wgt.RDat	ENSG00000100418	22	41994032	42017100	0.2524	rs5758264	-5.24	rs9607821	 0.118951	-11.70	 2.4796	 320	 7	lasso	0.16	9.6e-45	-3.54848	3.87e-04
NA	/data/songy4/twas/output/weights//ENSG00000100138.wgt.RDat	ENSG00000100138	22	42069934	42086508	0.0220	rs5758264	-5.24	rs132793	 0.008855	 -4.74	-3.3636	 311	 3	lasso	0.014	3.1e-05	 3.95211	7.75e-05
NA	/data/songy4/twas/output/weights//ENSG00000167077.wgt.RDat	ENSG00000167077	22	42095503	42195460	0.2106	rs5758264	-5.24	rs715498	 0.384003	 21.24	-3.3333	 354	39	enet	0.39	3.1e-123	-2.99442	2.75e-03
NA	/data/songy4/twas/output/weights//ENSG00000100147.wgt.RDat	ENSG00000100147	22	42196683	42222303	0.1413	rs2024566	-4.81	rs9607821	 0.141145	-13.08	 2.4796	 329	21	enet	0.17	3.3e-49	-2.18469	2.89e-02
NA	/data/songy4/twas/output/weights//ENSG00000198911.wgt.RDat	ENSG00000198911	22	42229109	42303312	0.0361	rs3817999	-4.71	rs132788	 0.003555	 -4.26	 0.3077	 366	26	enet	0.02	9.9e-07	-0.96029	3.37e-01
NA	/data/songy4/twas/output/weights//ENSG00000159958.wgt.RDat	ENSG00000159958	22	42321045	42322822	0.0387	rs139553	-3.97	rs17379759	-0.000702	  3.33	-1.7333	 350	27	enet	0.013	5.5e-05	 0.49039	6.24e-01
NA	/data/songy4/twas/output/weights//ENSG00000100162.wgt.RDat	ENSG00000100162	22	42334725	42343168	0.0375	rs139553	-3.97	rs5758511	 0.021835	 -5.65	 2.3204	 350	 1	top1	0.022	3.3e-07	-2.32039	2.03e-02
NA	/data/songy4/twas/output/weights//ENSG00000183066.wgt.RDat	ENSG00000183066	22	42394729	42454460	0.1812	rs139553	-3.97	rs8138080	 0.235970	-16.50	-0.2374	 358	19	enet	0.25	4.7e-73	-0.50203	6.16e-01
NA	/data/songy4/twas/output/weights//ENSG00000177096.wgt.RDat	ENSG00000177096	22	42470255	42475445	0.1064	rs139553	-3.97	rs13057094	 0.110214	-11.40	 0.2323	 343	35	enet	0.13	1.9e-35	 1.08733	2.77e-01
NA	/data/songy4/twas/output/weights//ENSG00000183172.wgt.RDat	ENSG00000183172	22	42475695	42480288	0.1161	rs139553	-3.97	rs133382	 0.199015	-15.14	 0.2500	 343	 1	top1	0.2	5.8e-57	-0.25000	8.03e-01
NA	/data/songy4/twas/output/weights//ENSG00000184983.wgt.RDat	ENSG00000184983	22	42481529	42486959	0.2304	rs139553	-3.97	rs2142695	 0.102194	 10.97	-1.2698	 354	19	enet	0.11	2.1e-30	-0.91210	3.62e-01
NA	/data/songy4/twas/output/weights//ENSG00000100197.wgt.RDat	ENSG00000100197	22	42522501	42526908	0.1585	rs139553	-3.97	rs133367	 0.232497	 16.35	 0.6020	 358	24	enet	0.25	4e-72	 1.00498	3.15e-01
NA	/data/songy4/twas/output/weights//ENSG00000205702.wgt.RDat	ENSG00000205702	22	42536214	42540576	0.0458	rs139553	-3.97	rs133368	 0.030739	 -7.26	 0.2323	 363	 8	lasso	0.034	2.6e-10	-0.81754	4.14e-01
NA	/data/songy4/twas/output/weights//ENSG00000100207.wgt.RDat	ENSG00000100207	22	42556019	42739622	0.0522	rs139553	-3.97	rs6002674	 0.019733	 -5.02	-0.5775	 461	 1	top1	0.02	1.2e-06	 0.57746	5.64e-01
NA	/data/songy4/twas/output/weights//ENSG00000235568.wgt.RDat	ENSG00000235568	22	42776416	42828401	0.0234	rs2024645	 3.31	rs7287634	-0.000508	  3.55	 0.5081	 432	22	enet	0.0023	0.058	-0.80456	4.21e-01
NA	/data/songy4/twas/output/weights//ENSG00000189306.wgt.RDat	ENSG00000189306	22	42905974	42915808	0.6841	rs2024645	 3.31	rs137121	 0.221885	 16.69	 0.2357	 414	54	enet	0.45	5.3e-152	-1.08854	2.76e-01
NA	/data/songy4/twas/output/weights//ENSG00000183569.wgt.RDat	ENSG00000183569	22	42949623	42970388	0.0819	rs2024645	 3.31	rs4822173	 0.029970	 -6.22	 0.1786	 429	 1	top1	0.03	2.5e-09	-0.17857	8.58e-01
NA	/data/songy4/twas/output/weights//ENSG00000100227.wgt.RDat	ENSG00000100227	22	42979727	43010968	0.1040	rs2024645	 3.31	rs137098	 0.100508	 11.01	 0.4370	 441	 3	lasso	0.11	1.7e-31	 0.39104	6.96e-01
NA	/data/songy4/twas/output/weights//ENSG00000100243.wgt.RDat	ENSG00000100243	22	43013846	43045574	0.1143	rs2024645	 3.31	rs13057781	 0.030430	  7.01	 0.0797	 448	23	enet	0.072	2.3e-20	-0.46450	6.42e-01
NA	/data/songy4/twas/output/weights//ENSG00000128274.wgt.RDat	ENSG00000128274	22	43088127	43117304	0.6873	rs2024645	 3.31	rs28992176	 0.563686	 25.33	 0.0196	 488	 7	lasso	0.61	5.1e-233	 0.12044	9.04e-01
NA	/data/songy4/twas/output/weights//ENSG00000242247.wgt.RDat	ENSG00000242247	22	43192508	43254112	0.0523	rs2024645	 3.31	rs5758965	 0.009863	 -5.78	 3.2947	 558	 6	lasso	0.025	5.8e-08	-1.71327	8.67e-02
NA	/data/songy4/twas/output/weights//ENSG00000100266.wgt.RDat	ENSG00000100266	22	43231418	43411151	0.1328	rs2024645	 3.31	rs1040427	 0.196189	-15.07	-1.4845	 618	 6	lasso	0.2	3.6e-58	 1.80778	7.06e-02
NA	/data/songy4/twas/output/weights//ENSG00000100271.wgt.RDat	ENSG00000100271	22	43435522	43485434	0.1409	rs2024645	 3.31	rs5759157	 0.072814	 -9.98	-0.1327	 566	11	lasso	0.098	1.4e-27	 0.38655	6.99e-01
NA	/data/songy4/twas/output/weights//ENSG00000100290.wgt.RDat	ENSG00000100290	22	43506754	43525718	0.1009	rs2024645	 3.31	rs4988372	 0.010912	 -4.79	-0.0286	 569	62	enet	0.032	8.9e-10	-0.77516	4.38e-01
NA	/data/songy4/twas/output/weights//ENSG00000100294.wgt.RDat	ENSG00000100294	22	43528212	43539400	0.0696	rs2024645	 3.31	rs2245946	 0.060106	  8.33	-0.1818	 558	22	enet	0.064	3.6e-18	 0.13354	8.94e-01
NA	/data/songy4/twas/output/weights//ENSG00000100300.wgt.RDat	ENSG00000100300	22	43547520	43559248	0.0503	rs2024645	 3.31	rs138908	 0.028734	  5.97	-0.3711	 560	 1	top1	0.029	5.2e-09	-0.37113	7.11e-01
NA	/data/songy4/twas/output/weights//ENSG00000100304.wgt.RDat	ENSG00000100304	22	43562628	43583139	0.2078	rs2024645	 3.31	rs875307	 0.113395	-12.09	-0.8208	 566	37	enet	0.14	2.3e-40	-0.62024	5.35e-01
NA	/data/songy4/twas/output/weights//ENSG00000186976.wgt.RDat	ENSG00000186976	22	43924624	44208217	0.1097	rs5764434	 3.70	rs13055972	 0.099709	-10.82	-2.7797	 879	 1	top1	0.1	5.5e-28	 2.77966	5.44e-03
NA	/data/songy4/twas/output/weights//ENSG00000100347.wgt.RDat	ENSG00000100347	22	44351301	44406411	0.2096	rs5764434	 3.70	rs6006467	 0.147049	-13.23	-0.6887	 757	 7	lasso	0.15	1.4e-41	 0.58635	5.58e-01
NA	/data/songy4/twas/output/weights//ENSG00000188677.wgt.RDat	ENSG00000188677	22	44395091	44568829	0.2196	rs5764434	 3.70	rs6006622	 0.117971	 12.13	 0.0980	 844	 9	lasso	0.14	7.8e-39	-0.41285	6.80e-01
NA	/data/songy4/twas/output/weights//ENSG00000138964.wgt.RDat	ENSG00000138964	22	44568836	44615413	0.0763	rs5764434	 3.70	rs139132	 0.024698	 -6.34	 0.5528	 797	39	enet	0.044	4.1e-13	 0.42015	6.74e-01
NA	/data/songy4/twas/output/weights//ENSG00000188636.wgt.RDat	ENSG00000188636	22	44888452	44894178	0.1876	rs11090717	 3.63	rs470003	 0.233371	 16.53	 0.7624	 779	18	enet	0.24	1.5e-70	 0.68475	4.93e-01
NA	/data/songy4/twas/output/weights//ENSG00000241484.wgt.RDat	ENSG00000241484	22	45098355	45258665	0.0897	rs11090717	 3.63	rs3761481	 0.032516	  6.82	-0.5468	 829	20	enet	0.06	2.7e-17	 1.37610	1.69e-01
NA	/data/songy4/twas/output/weights//ENSG00000093000.wgt.RDat	ENSG00000093000	22	45559722	45583896	0.5960	rs11090717	 3.63	rs7290824	 0.426361	-22.03	 0.8739	 669	 9	lasso	0.46	3.3e-155	-0.99436	3.20e-01
NA	/data/songy4/twas/output/weights//ENSG00000100364.wgt.RDat	ENSG00000100364	22	45586219	45636650	0.1594	rs11090717	 3.63	rs2294196	 0.087663	-10.37	-0.4300	 673	 7	lasso	0.088	9.3e-25	 0.37849	7.05e-01
NA	/data/songy4/twas/output/weights//ENSG00000100373.wgt.RDat	ENSG00000100373	22	45680863	45691755	0.3443	rs11090717	 3.63	rs2742630	 0.338021	-19.67	 1.8667	 630	12	enet	0.36	9.4e-111	-2.19913	2.79e-02
NA	/data/songy4/twas/output/weights//ENSG00000100376.wgt.RDat	ENSG00000100376	22	45704849	45737836	0.7426	rs11090717	 3.63	rs104664	 0.779500	 29.92	 0.0169	 631	 1	top1	0.78	0	 0.01695	9.86e-01
NA	/data/songy4/twas/output/weights//ENSG00000077935.wgt.RDat	ENSG00000077935	22	45739944	45809500	0.0684	rs11090717	 3.63	rs2272804	 0.086038	-10.53	 2.4742	 628	 3	lasso	0.094	1.9e-26	-2.44589	1.44e-02
NA	/data/songy4/twas/output/weights//ENSG00000128408.wgt.RDat	ENSG00000128408	22	45809572	45828376	0.0736	rs11090717	 3.63	rs2272804	 0.102448	-11.24	 2.4742	 585	 4	lasso	0.12	2.4e-32	-2.31850	2.04e-02
NA	/data/songy4/twas/output/weights//ENSG00000130638.wgt.RDat	ENSG00000130638	22	46067678	46241187	0.0809	rs13058561	 2.94	rs5765577	 0.086957	 10.08	-1.4000	 566	 1	top1	0.087	1.7e-24	-1.40000	1.62e-01
NA	/data/songy4/twas/output/weights//ENSG00000205643.wgt.RDat	ENSG00000205643	22	46639908	46646576	0.0341	rs3179	 2.93	rs4253776	 0.032699	 -6.42	-0.8276	 467	 1	top1	0.033	4.8e-10	 0.82759	4.08e-01
NA	/data/songy4/twas/output/weights//ENSG00000130943.wgt.RDat	ENSG00000130943	22	46651560	46659219	0.0346	rs3179	 2.93	rs6007761	 0.023179	 -6.03	-0.0226	 464	 1	top1	0.023	1.5e-07	 0.02256	9.82e-01
NA	/data/songy4/twas/output/weights//ENSG00000075234.wgt.RDat	ENSG00000075234	22	46663858	46689905	0.1491	rs3179	 2.93	rs6008497	 0.162824	 13.67	 0.5768	 467	10	lasso	0.2	6.5e-58	 0.56658	5.71e-01
NA	/data/songy4/twas/output/weights//ENSG00000100416.wgt.RDat	ENSG00000100416	22	46726772	46753237	0.0240	rs3179	 2.93	rs12172608	 0.011167	  4.00	 0.4593	 471	 1	top1	0.011	0.00021	 0.45926	6.46e-01
NA	/data/songy4/twas/output/weights//ENSG00000075275.wgt.RDat	ENSG00000075275	22	46756731	46933067	0.2024	rs3179	 2.93	rs13585	 0.092063	 10.40	-1.1859	 581	56	enet	0.11	7.5e-32	-1.68502	9.20e-02
NA	/data/songy4/twas/output/weights//ENSG00000075240.wgt.RDat	ENSG00000075240	22	46971909	47075688	0.2634	rs3179	 2.93	rs138525	 0.215912	-16.04	-1.3030	 614	10	lasso	0.32	5.2e-97	 1.17361	2.41e-01
NA	/data/songy4/twas/output/weights//ENSG00000100422.wgt.RDat	ENSG00000100422	22	47080308	47134158	0.2519	rs3179	 2.93	rs5769126	 0.193049	-14.84	-2.1495	 590	 5	lasso	0.21	2.2e-59	 1.91896	5.50e-02
NA	/data/songy4/twas/output/weights//ENSG00000100425.wgt.RDat	ENSG00000100425	22	50166931	50221160	0.0388	rs4838865	 3.40	rs763127	 0.007202	 -4.25	 1.0000	 577	 1	top1	0.0072	0.0024	-1.00000	3.17e-01
NA	/data/songy4/twas/output/weights//ENSG00000100426.wgt.RDat	ENSG00000100426	22	50247490	50283726	0.0987	rs4838865	 3.40	rs1033666	 0.067734	  9.72	 0.0714	 490	17	enet	0.097	4.2e-27	-0.20861	8.35e-01
NA	/data/songy4/twas/output/weights//ENSG00000184164.wgt.RDat	ENSG00000184164	22	50311815	50321188	0.1761	rs4838865	 3.40	rs9616380	 0.251271	 16.92	 1.4833	 433	 1	top1	0.25	1.2e-73	 1.48333	1.38e-01
NA	/data/songy4/twas/output/weights//ENSG00000198355.wgt.RDat	ENSG00000198355	22	50354161	50357728	0.1770	rs4838865	 3.40	rs137845	 0.129697	-12.56	 0.8936	 414	 7	lasso	0.13	3e-37	-1.07340	2.83e-01
NA	/data/songy4/twas/output/weights//ENSG00000073146.wgt.RDat	ENSG00000073146	22	50528308	50600119	0.1084	rs4838865	 3.40	rs138229	 0.059866	  8.42	 2.3474	 442	15	enet	0.079	2e-22	 2.91044	3.61e-03
NA	/data/songy4/twas/output/weights//ENSG00000073150.wgt.RDat	ENSG00000073150	22	50609160	50618723	0.1079	rs4838865	 3.40	rs1555050	 0.069661	 -9.11	 2.9537	 403	20	enet	0.075	3.4e-21	-1.76306	7.79e-02
NA	/data/songy4/twas/output/weights//ENSG00000170638.wgt.RDat	ENSG00000170638	22	50624344	50638027	0.2907	rs4838865	 3.40	rs5771217	 0.059408	 10.13	-0.1717	 397	82	enet	0.16	2.2e-46	-1.47468	1.40e-01
NA	/data/songy4/twas/output/weights//ENSG00000073169.wgt.RDat	ENSG00000073169	22	50639408	50656045	0.1027	rs4838865	 3.40	rs732710	 0.068958	  9.51	 0.1849	 402	29	enet	0.081	6.2e-23	 0.76009	4.47e-01
NA	/data/songy4/twas/output/weights//ENSG00000128159.wgt.RDat	ENSG00000128159	22	50656118	50683421	0.0328	rs4838865	 3.40	rs11703673	 0.009981	  4.80	-1.3558	 409	 1	top1	0.01	0.00043	-1.35577	1.75e-01
NA	/data/songy4/twas/output/weights//ENSG00000196576.wgt.RDat	ENSG00000196576	22	50713408	50746056	0.0376	rs4838865	 3.40	rs35197053	 0.025872	 -5.73	-1.9492	 390	 1	top1	0.026	2.9e-08	 1.94915	5.13e-02
NA	/data/songy4/twas/output/weights//ENSG00000205593.wgt.RDat	ENSG00000205593	22	50747459	50765489	0.0327	rs4838865	 3.40	rs35197053	 0.006772	 -4.68	-1.9492	 381	 1	top1	0.0068	0.0032	 1.94915	5.13e-02
NA	/data/songy4/twas/output/weights//ENSG00000100239.wgt.RDat	ENSG00000100239	22	50781733	50883514	0.0731	rs4838865	 3.40	rs2334099	 0.046432	 -8.73	 2.5625	 368	16	enet	0.08	1e-22	-0.91963	3.58e-01
NA	/data/songy4/twas/output/weights//ENSG00000100241.wgt.RDat	ENSG00000100241	22	50883429	50913454	0.0274	rs4838865	 3.40	rs2236031	 0.001456	 -3.71	 0.8882	 336	 1	top1	0.0015	0.1	-0.88816	3.74e-01
NA	/data/songy4/twas/output/weights//ENSG00000100258.wgt.RDat	ENSG00000100258	22	50941376	50946135	0.1678	rs4838865	 3.40	rs762669	 0.066018	 -9.53	-1.6552	 330	48	enet	0.098	2.1e-27	 1.73669	8.24e-02
NA	/data/songy4/twas/output/weights//ENSG00000025708.wgt.RDat	ENSG00000025708	22	50964181	50968485	0.2824	rs4838865	 3.40	rs140522	 0.215304	-15.67	-2.0200	 320	31	enet	0.27	2e-79	 1.67201	9.45e-02
NA	/data/songy4/twas/output/weights//ENSG00000177989.wgt.RDat	ENSG00000177989	22	50968139	50971009	0.1261	rs4838865	 3.40	rs5770874	 0.087657	-10.59	 0.1077	 318	 9	lasso	0.12	6.9e-34	 0.76492	4.44e-01
NA	/data/songy4/twas/output/weights//ENSG00000130487.wgt.RDat	ENSG00000130487	22	50986462	50989451	0.0752	rs4838865	 3.40	rs5770874	 0.046538	 -7.91	 0.1077	 308	 2	lasso	0.047	1.1e-13	-0.18437	8.54e-01
NA	/data/songy4/twas/output/weights//ENSG00000205560.wgt.RDat	ENSG00000205560	22	51007290	51017899	0.2097	rs4838865	 3.40	rs12627787	 0.150837	-13.19	 0.4524	 300	19	enet	0.23	2.3e-65	 0.46167	6.44e-01
NA	/data/songy4/twas/output/weights//ENSG00000100299.wgt.RDat	ENSG00000100299	22	51061182	51066607	0.2099	rs4838865	 3.40	rs131715	 0.029963	  8.90	 2.4021	 263	58	enet	0.12	5.3e-35	 1.91184	5.59e-02
NA	/data/songy4/twas/output/weights//ENSG00000079974.wgt.RDat	ENSG00000079974	22	51205929	51222091	0.2356	rs2273257	-3.33	rs2285395	 0.144466	 12.96	 0.4773	 194	20	enet	0.16	3.6e-45	 0.01875	9.85e-01
