PANEL	FILE	ID	CHR	P0	P1	HSQ	BEST.GWAS.ID	BEST.GWAS.Z	EQTL.ID	EQTL.R2	EQTL.Z	EQTL.GWAS.Z	NSNP	NWGT	MODEL	MODELCV.R2	MODELCV.PV	TWAS.Z	TWAS.P
NA	/data/songy4/twas/output/weights//ENSG00000196476.wgt.RDat	ENSG00000196476	20	251504	271390	0.14403	rs4387876	 3.58	rs3827153	 0.139373	-12.69	 0.75000	 419	 16	enet	0.15	4.4e-43	-0.90929	3.63e-01
NA	/data/songy4/twas/output/weights//ENSG00000101255.wgt.RDat	ENSG00000101255	20	361261	378203	0.37774	rs4387876	 3.58	rs6051550	 0.176561	 14.26	-0.75926	 502	  8	lasso	0.23	6.4e-67	-1.03133	3.02e-01
NA	/data/songy4/twas/output/weights//ENSG00000125826.wgt.RDat	ENSG00000125826	20	388142	411610	0.05454	rs4387876	 3.58	rs6139109	 0.062764	  8.54	-1.04487	 533	  1	top1	0.063	5.8e-18	-1.04487	2.96e-01
NA	/data/songy4/twas/output/weights//ENSG00000271303.wgt.RDat	ENSG00000271303	20	627259	634014	0.38268	rs4387876	 3.58	rs6085283	 0.235055	-16.43	-0.19802	 681	 52	enet	0.32	3e-99	-0.37097	7.11e-01
NA	/data/songy4/twas/output/weights//ENSG00000125898.wgt.RDat	ENSG00000125898	20	814358	838106	0.26817	rs479848	 4.17	rs491100	 0.180913	 14.60	 1.17822	 683	 13	enet	0.23	1.5e-67	 0.38396	7.01e-01
NA	/data/songy4/twas/output/weights//ENSG00000101282.wgt.RDat	ENSG00000101282	20	939095	982907	0.10059	rs479848	 4.02	rs6077542	 0.043830	  7.31	 0.73810	 721	 44	enet	0.061	2e-17	 1.73923	8.20e-02
NA	/data/songy4/twas/output/weights//ENSG00000125818.wgt.RDat	ENSG00000125818	20	1093906	1160596	0.07986	rs479848	 4.26	rs6074148	 0.047866	 -7.66	 0.28571	 757	  1	top1	0.048	5.1e-14	-0.28571	7.75e-01
NA	/data/songy4/twas/output/weights//ENSG00000244588.wgt.RDat	ENSG00000244588	20	1206700	1277065	0.12727	rs479848	 4.13	rs397020	 0.084778	-10.13	-0.17526	 754	  1	top1	0.085	6.8e-24	 0.17526	8.61e-01
NA	/data/songy4/twas/output/weights//ENSG00000101298.wgt.RDat	ENSG00000101298	20	1246960	1289972	0.15397	rs479848	 3.97	rs6041150	 0.112840	-11.48	 0.28788	 715	  4	lasso	0.12	1.1e-32	-0.36387	7.16e-01
NA	/data/songy4/twas/output/weights//ENSG00000125775.wgt.RDat	ENSG00000125775	20	1290619	1309883	0.17902	rs479848	 4.14	rs6104959	 0.101298	 11.05	-1.64486	 700	  7	lasso	0.18	1.4e-50	-1.70876	8.75e-02
NA	/data/songy4/twas/output/weights//ENSG00000088832.wgt.RDat	ENSG00000088832	20	1349622	1373806	0.10464	rs479848	 4.05	rs1323135	 0.064639	  9.40	-1.90826	 685	  8	lasso	0.088	8.6e-25	-1.42524	1.54e-01
NA	/data/songy4/twas/output/weights//ENSG00000088833.wgt.RDat	ENSG00000088833	20	1422807	1454487	0.38011	rs479848	 3.85	rs1543423	 0.292057	-18.27	-1.20492	 691	 16	lasso	0.39	2.1e-124	 0.94900	3.43e-01
NA	/data/songy4/twas/output/weights//ENSG00000196209.wgt.RDat	ENSG00000196209	20	1451386	1472233	0.50865	rs11905792	-3.72	rs6079325	 0.371907	-21.56	-0.94231	 664	 15	enet	0.58	1.6e-215	 1.34101	1.80e-01
NA	/data/songy4/twas/output/weights//ENSG00000125900.wgt.RDat	ENSG00000125900	20	1514897	1539489	0.13285	rs11905792	-3.72	rs2249832	 0.070779	  9.58	 0.87234	 658	 55	enet	0.12	1.5e-33	 0.14294	8.86e-01
NA	/data/songy4/twas/output/weights//ENSG00000260861.wgt.RDat	ENSG00000260861	20	1520790	1600655	0.05966	rs11905792	-3.72	rs2422579	 0.002698	 -4.49	 0.79798	 683	 21	enet	0.014	3.2e-05	-0.73839	4.60e-01
NA	/data/songy4/twas/output/weights//ENSG00000101307.wgt.RDat	ENSG00000101307	20	1544167	1600707	0.52414	rs11905792	-3.72	rs2253427	 0.550638	 25.04	-0.69298	 666	 38	enet	0.57	1.3e-210	-0.65282	5.14e-01
NA	/data/songy4/twas/output/weights//ENSG00000089012.wgt.RDat	ENSG00000089012	20	1609798	1638425	0.08012	rs11905792	-3.72	rs4814413	 0.060865	 -8.57	-0.45872	 665	  3	lasso	0.079	1.9e-22	 1.12058	2.62e-01
NA	/data/songy4/twas/output/weights//ENSG00000125834.wgt.RDat	ENSG00000125834	20	2082257	2157684	0.03321	rs2422824	 3.17	rs6137005	 0.012647	  5.97	 1.04950	 755	  4	lasso	0.02	8.4e-07	 1.07316	2.83e-01
NA	/data/songy4/twas/output/weights//ENSG00000125780.wgt.RDat	ENSG00000125780	20	2276647	2321724	0.12079	rs2422824	 3.17	rs214775	 0.074740	 -9.51	 0.87692	 706	 10	enet	0.078	4.2e-22	-0.84837	3.96e-01
NA	/data/songy4/twas/output/weights//ENSG00000125835.wgt.RDat	ENSG00000125835	20	2442280	2451499	0.05102	rs2422824	 3.17	rs1109010	 0.034320	  7.05	 0.54375	 630	  1	top1	0.034	1.8e-10	 0.54375	5.87e-01
NA	/data/songy4/twas/output/weights//ENSG00000088876.wgt.RDat	ENSG00000088876	20	2462463	2505348	0.08620	rs2422824	 3.17	rs6138281	 0.042397	  8.65	-0.59420	 623	 40	enet	0.076	1.8e-21	-0.25498	7.99e-01
NA	/data/songy4/twas/output/weights//ENSG00000149488.wgt.RDat	ENSG00000149488	20	2517253	2622430	0.13810	rs2422824	 3.17	rs4398331	 0.183571	 14.68	-1.77391	 646	  6	lasso	0.18	1.5e-52	-1.79547	7.26e-02
NA	/data/songy4/twas/output/weights//ENSG00000101361.wgt.RDat	ENSG00000101361	20	2632791	2639039	0.29208	rs2422824	 3.17	rs6132905	 0.225790	 16.16	 2.86066	 580	 33	enet	0.25	7.7e-75	 2.67218	7.54e-03
NA	/data/songy4/twas/output/weights//ENSG00000101365.wgt.RDat	ENSG00000101365	20	2639041	2644865	0.03984	rs2422824	 3.17	rs2422801	 0.014991	 -4.65	-2.24038	 576	 21	enet	0.02	7.4e-07	 1.53769	1.24e-01
NA	/data/songy4/twas/output/weights//ENSG00000088881.wgt.RDat	ENSG00000088881	20	2673524	2740753	0.08404	rs2295545	-6.48	rs6076426	 0.055191	 -8.21	 0.56970	 593	 38	enet	0.06	3.1e-17	-0.34050	7.33e-01
NA	/data/songy4/twas/output/weights//ENSG00000132635.wgt.RDat	ENSG00000132635	20	2815960	2821836	0.03096	rs2295545	-6.48	rs1884891	 0.032535	 -6.18	 2.17895	 538	  1	top1	0.033	5.3e-10	-2.17895	2.93e-02
NA	/data/songy4/twas/output/weights//ENSG00000215305.wgt.RDat	ENSG00000215305	20	2821349	2847378	0.10401	rs2295545	-6.48	rs11699077	 0.068047	 -8.90	-2.06569	 544	 57	enet	0.079	3.1e-22	 1.82165	6.85e-02
NA	/data/songy4/twas/output/weights//ENSG00000185019.wgt.RDat	ENSG00000185019	20	3088219	3140842	0.16479	rs2295545	-6.48	rs306757	 0.103940	 11.63	 1.85294	 485	  7	lasso	0.12	2.5e-34	 1.19483	2.32e-01
NA	/data/songy4/twas/output/weights//ENSG00000215251.wgt.RDat	ENSG00000215251	20	3127165	3140543	0.05712	rs2295545	-6.48	rs2422858	 0.021191	  5.66	-2.00000	 439	 21	enet	0.029	4e-09	-1.79779	7.22e-02
NA	/data/songy4/twas/output/weights//ENSG00000198171.wgt.RDat	ENSG00000198171	20	3170996	3185331	0.13538	rs2295545	-6.48	rs8362	 0.080614	 -9.69	-4.13462	 443	 17	enet	0.089	5.5e-25	 3.96740	7.27e-05
NA	/data/songy4/twas/output/weights//ENSG00000125877.wgt.RDat	ENSG00000125877	20	3189514	3204516	0.33962	rs2295545	-6.48	rs7270101	 0.250073	-17.02	 1.84828	 445	  6	lasso	0.32	6.1e-97	-3.29633	9.80e-04
NA	/data/songy4/twas/output/weights//ENSG00000088854.wgt.RDat	ENSG00000088854	20	3229951	3388272	0.06769	rs2295545	-6.48	rs2236103	 0.047370	 -7.68	-0.45614	 516	 23	enet	0.058	9.7e-17	 1.42837	1.53e-01
NA	/data/songy4/twas/output/weights//ENSG00000101220.wgt.RDat	ENSG00000101220	20	3734155	3749034	0.40253	rs487377	-2.92	rs6116026	 0.071341	 10.06	 1.05426	 520	108	enet	0.18	2.3e-50	-0.29288	7.70e-01
NA	/data/songy4/twas/output/weights//ENSG00000125817.wgt.RDat	ENSG00000125817	20	3764498	3767337	0.07853	rs487377	-2.92	rs13043330	 0.006823	 -5.41	 0.29897	 518	 11	enet	0.029	5.9e-09	 0.94523	3.45e-01
NA	/data/songy4/twas/output/weights//ENSG00000101224.wgt.RDat	ENSG00000101224	20	3767578	3786762	0.13821	rs487377	-2.92	rs4813643	 0.044677	 -9.30	-1.81443	 531	 24	enet	0.1	6e-28	 1.52367	1.28e-01
NA	/data/songy4/twas/output/weights//ENSG00000088888.wgt.RDat	ENSG00000088888	20	3827487	3849280	0.04043	rs487377	-2.92	rs6515831	-0.000866	  4.19	-0.64286	 565	 16	enet	0.0011	0.13	-0.78148	4.35e-01
NA	/data/songy4/twas/output/weights//ENSG00000125779.wgt.RDat	ENSG00000125779	20	3869486	3907605	0.13207	rs487377	-2.92	rs3746666	 0.060599	 -8.77	-1.46212	 598	 40	enet	0.11	2.6e-30	 0.26963	7.87e-01
NA	/data/songy4/twas/output/weights//ENSG00000101236.wgt.RDat	ENSG00000101236	20	3907956	3996229	0.09362	rs487377	-2.92	rs2300217	 0.040227	 -7.43	-0.44737	 642	 24	enet	0.087	1.6e-24	-0.25021	8.02e-01
NA	/data/songy4/twas/output/weights//ENSG00000088826.wgt.RDat	ENSG00000088826	20	4101627	4168394	0.08860	rs725557	 4.29	rs8118315	 0.056480	 -8.54	 1.76190	 666	 24	enet	0.07	5.7e-20	-0.20477	8.38e-01
NA	/data/songy4/twas/output/weights//ENSG00000101265.wgt.RDat	ENSG00000101265	20	4760669	4804291	0.43118	rs725557	 4.29	rs3827125	 0.267371	 17.56	 0.64103	 680	 34	enet	0.32	2.6e-98	 0.71008	4.78e-01
NA	/data/songy4/twas/output/weights//ENSG00000089057.wgt.RDat	ENSG00000089057	20	4833002	4990939	0.12178	rs725557	 4.29	rs1550701	 0.035975	 -7.50	 0.03497	 752	 27	enet	0.079	2.5e-22	 0.60775	5.43e-01
NA	/data/songy4/twas/output/weights//ENSG00000089063.wgt.RDat	ENSG00000089063	20	5080486	5093749	0.21291	rs725557	 4.29	rs2715	 0.210481	-16.01	 0.14286	 614	  7	lasso	0.24	3.6e-70	 0.09170	9.27e-01
NA	/data/songy4/twas/output/weights//ENSG00000132646.wgt.RDat	ENSG00000132646	20	5095599	5107272	0.04981	rs725557	 4.29	rs6107581	 0.044042	 -8.07	 0.14286	 607	  1	top1	0.044	5.2e-13	-0.14286	8.86e-01
NA	/data/songy4/twas/output/weights//ENSG00000101290.wgt.RDat	ENSG00000101290	20	5107432	5178533	0.42841	rs725557	 4.29	rs6038077	 0.551810	-25.06	 0.96040	 641	 58	enet	0.56	3.8e-206	-0.89161	3.73e-01
NA	/data/songy4/twas/output/weights//ENSG00000101292.wgt.RDat	ENSG00000101292	20	5282317	5297378	0.18308	rs12329577	-3.96	rs1884748	 0.096677	 11.23	 0.29577	 547	 12	lasso	0.18	3.3e-51	 1.89719	5.78e-02
NA	/data/songy4/twas/output/weights//ENSG00000125772.wgt.RDat	ENSG00000125772	20	5525085	5591672	0.17809	rs6076910	 5.67	rs6053566	 0.047175	  7.44	 1.00820	 645	 10	lasso	0.13	2.7e-36	 0.55345	5.80e-01
NA	/data/songy4/twas/output/weights//ENSG00000171984.wgt.RDat	ENSG00000171984	20	5731039	5844558	0.26793	rs6076910	 5.67	rs237417	 0.093605	 10.45	-0.47872	 698	 47	enet	0.17	7.4e-48	-0.26479	7.91e-01
NA	/data/songy4/twas/output/weights//ENSG00000089199.wgt.RDat	ENSG00000089199	20	5892076	5906007	0.33101	rs6076910	 5.67	rs415023	 0.242607	 16.63	-0.26496	 606	 41	enet	0.25	7.6e-73	-0.41064	6.81e-01
NA	/data/songy4/twas/output/weights//ENSG00000089195.wgt.RDat	ENSG00000089195	20	5917881	5931182	0.12656	rs6076910	 5.67	rs415023	 0.081117	  9.67	-0.26496	 613	  5	lasso	0.082	4.6e-23	 0.02531	9.80e-01
NA	/data/songy4/twas/output/weights//ENSG00000125885.wgt.RDat	ENSG00000125885	20	5931298	5975852	0.25633	rs6076910	 5.67	rs3761873	 0.136817	-12.55	-1.74757	 637	 57	enet	0.22	3.1e-62	 1.99772	4.57e-02
NA	/data/songy4/twas/output/weights//ENSG00000101311.wgt.RDat	ENSG00000101311	20	6055492	6104191	0.12718	rs6076910	 5.67	rs2144938	 0.103640	 11.03	-1.69811	 615	  1	top1	0.1	4.5e-29	-1.69811	8.95e-02
NA	/data/songy4/twas/output/weights//ENSG00000125845.wgt.RDat	ENSG00000125845	20	6748311	6760927	0.03031	rs6117583	-3.39	rs6054554	 0.005558	  3.99	 1.02000	 607	 27	enet	0.0096	0.00053	 2.13707	3.26e-02
NA	/data/songy4/twas/output/weights//ENSG00000125827.wgt.RDat	ENSG00000125827	20	7957995	8000476	0.11880	rs6055853	 2.53	rs6133483	 0.027682	  7.30	-0.93548	 559	  9	lasso	0.095	1.2e-26	 0.14911	8.81e-01
NA	/data/songy4/twas/output/weights//ENSG00000182621.wgt.RDat	ENSG00000182621	20	8112824	8949003	0.36444	rs6140833	 2.59	rs2719795	 0.301293	-18.54	-1.90090	1041	  6	lasso	0.31	6.5e-93	 1.68198	9.26e-02
NA	/data/songy4/twas/output/weights//ENSG00000101333.wgt.RDat	ENSG00000101333	20	9049410	9461889	0.07557	rs6108352	 3.22	rs8183334	 0.028263	 -6.21	-0.31959	 888	  8	lasso	0.043	7.8e-13	 0.32321	7.47e-01
NA	/data/songy4/twas/output/weights//ENSG00000125869.wgt.RDat	ENSG00000125869	20	9495005	9511171	0.07541	rs6108352	 3.22	rs6056665	 0.010337	 -5.77	 1.95620	 591	 25	enet	0.065	1.2e-18	-1.58790	1.12e-01
NA	/data/songy4/twas/output/weights//ENSG00000132623.wgt.RDat	ENSG00000132623	20	9966774	10037410	0.41484	rs4813918	 3.93	rs6039663	 0.361968	-20.33	 0.73333	 724	  4	lasso	0.38	5.1e-122	-0.41753	6.76e-01
NA	/data/songy4/twas/output/weights//ENSG00000125863.wgt.RDat	ENSG00000125863	20	10381657	10414870	0.22108	rs4813918	 3.93	rs6039932	 0.215935	 16.19	-2.51456	 595	 14	enet	0.29	1.4e-86	-1.55514	1.20e-01
NA	/data/songy4/twas/output/weights//ENSG00000149346.wgt.RDat	ENSG00000149346	20	10415951	10617477	0.12760	rs4813918	 3.93	rs6032881	 0.129599	 12.20	-2.61765	 725	 17	enet	0.14	1.4e-38	-3.03065	2.44e-03
NA	/data/songy4/twas/output/weights//ENSG00000101384.wgt.RDat	ENSG00000101384	20	10618332	10654694	0.06945	rs4813918	 3.93	rs6077808	 0.025443	  5.82	-2.69697	 609	 37	enet	0.038	2e-11	-2.39344	1.67e-02
NA	/data/songy4/twas/output/weights//ENSG00000132640.wgt.RDat	ENSG00000132640	20	11871371	11907257	0.07304	rs6040994	 3.30	rs3848732	 0.038288	  6.74	-1.54630	 518	  4	lasso	0.047	1.2e-13	-0.53992	5.89e-01
NA	/data/songy4/twas/output/weights//ENSG00000172296.wgt.RDat	ENSG00000172296	20	12989627	13147411	0.18045	rs4814143	-3.64	rs6041723	 0.048724	 -7.87	 0.97000	 681	 57	enet	0.13	4.3e-35	 0.81581	4.15e-01
NA	/data/songy4/twas/output/weights//ENSG00000101230.wgt.RDat	ENSG00000101230	20	13202418	13281298	0.23341	rs7263538	-2.81	rs6134825	 0.157066	-13.48	 0.63333	 598	  9	lasso	0.16	6.6e-46	-0.77178	4.40e-01
NA	/data/songy4/twas/output/weights//ENSG00000101247.wgt.RDat	ENSG00000101247	20	13765596	13799067	0.40629	rs7263538	-2.81	rs6079161	 0.300007	 18.50	-2.43262	 393	 34	enet	0.32	9.7e-97	-2.93838	3.30e-03
NA	/data/songy4/twas/output/weights//ENSG00000172264.wgt.RDat	ENSG00000172264	20	13976015	16033842	0.09492	rs1040740	 4.49	rs880169	 0.023083	 -6.45	 0.26471	1872	  7	lasso	0.053	2.7e-15	-0.14540	8.84e-01
NA	/data/songy4/twas/output/weights//ENSG00000089177.wgt.RDat	ENSG00000089177	20	16252749	16554078	0.75484	rs16998225	-2.51	rs13044683	 0.595567	-26.11	 0.25175	 995	 10	lasso	0.78	0	 0.04426	9.65e-01
NA	/data/songy4/twas/output/weights//ENSG00000125870.wgt.RDat	ENSG00000125870	20	16710606	16722421	0.05078	rs16998225	-2.51	rs6111177	 0.019636	  5.68	 1.02778	 719	 15	enet	0.039	1.4e-11	 1.04407	2.96e-01
NA	/data/songy4/twas/output/weights//ENSG00000125864.wgt.RDat	ENSG00000125864	20	17474550	17549865	0.11576	rs11907325	 2.65	rs4814623	 0.045761	  7.99	-1.80556	 698	 10	lasso	0.058	1e-16	-1.15290	2.49e-01
NA	/data/songy4/twas/output/weights//ENSG00000125868.wgt.RDat	ENSG00000125868	20	17550508	17590564	0.14913	rs11907325	 2.65	rs6080761	 0.102814	 10.98	 0.23762	 668	  9	lasso	0.11	3.3e-31	 0.20088	8.41e-01
NA	/data/songy4/twas/output/weights//ENSG00000125844.wgt.RDat	ENSG00000125844	20	17594323	17662940	0.06752	rs11907325	 2.65	rs6080761	 0.037411	  6.70	 0.23762	 665	  1	top1	0.037	2.8e-11	 0.23762	8.12e-01
NA	/data/songy4/twas/output/weights//ENSG00000089006.wgt.RDat	ENSG00000089006	20	17922241	17949623	0.07221	rs11907325	 2.65	rs17802375	 0.023614	 -6.40	-1.48951	 590	 34	enet	0.034	2.1e-10	 1.01180	3.12e-01
NA	/data/songy4/twas/output/weights//ENSG00000125871.wgt.RDat	ENSG00000125871	20	17949556	17971765	0.53780	rs11907325	 2.65	rs6045109	 0.303806	 20.43	 1.30693	 575	 18	enet	0.57	1.2e-210	 1.44847	1.47e-01
NA	/data/songy4/twas/output/weights//ENSG00000149474.wgt.RDat	ENSG00000149474	20	18118762	18169031	0.10312	rs6075358	 2.67	rs6136307	 0.058084	  8.65	-0.09184	 544	  4	lasso	0.085	5.7e-24	 0.03329	9.73e-01
NA	/data/songy4/twas/output/weights//ENSG00000089050.wgt.RDat	ENSG00000089050	20	18467184	18477887	0.04739	rs16979870	 2.87	rs1055171	 0.021960	  6.23	-1.69504	 478	 18	enet	0.044	4.9e-13	-0.47779	6.33e-01
NA	/data/songy4/twas/output/weights//ENSG00000101310.wgt.RDat	ENSG00000101310	20	18488137	18542059	0.11570	rs16979870	 2.87	rs6136392	 0.116442	-11.74	-1.40000	 502	 27	enet	0.15	7.3e-42	 0.73336	4.63e-01
NA	/data/songy4/twas/output/weights//ENSG00000232388.wgt.RDat	ENSG00000232388	20	18548064	18550207	0.07449	rs16979870	 2.87	rs6081183	 0.065901	 -8.87	-1.83621	 475	 33	enet	0.071	3.9e-20	 1.79596	7.25e-02
NA	/data/songy4/twas/output/weights//ENSG00000125821.wgt.RDat	ENSG00000125821	20	18568537	18744561	0.16608	rs16979870	 2.87	rs7262824	 0.106332	-11.13	-1.98276	 576	 16	enet	0.16	2.3e-46	 1.85337	6.38e-02
NA	/data/songy4/twas/output/weights//ENSG00000185052.wgt.RDat	ENSG00000185052	20	19193290	19703581	0.03140	rs4814894	-3.40	rs927469	 0.001568	 -4.29	 1.29245	1022	  1	top1	0.0016	0.095	-1.29245	1.96e-01
NA	/data/songy4/twas/output/weights//ENSG00000132669.wgt.RDat	ENSG00000132669	20	19867165	19983101	0.06032	rs942990	 3.15	rs1884770	 0.006555	  5.02	 1.25242	 768	  5	lasso	0.027	1.4e-08	 0.66636	5.05e-01
NA	/data/songy4/twas/output/weights//ENSG00000188559.wgt.RDat	ENSG00000188559	20	20370196	20693131	0.05960	rs6075602	 3.13	rs6082134	 0.010333	  5.37	 0.67925	 653	 40	enet	0.034	2.7e-10	-1.20973	2.26e-01
NA	/data/songy4/twas/output/weights//ENSG00000088970.wgt.RDat	ENSG00000088970	20	21106624	21227260	0.08012	rs4813428	-2.79	rs6047255	 0.115854	 11.66	-1.08738	 428	  1	top1	0.12	1.8e-32	-1.08738	2.77e-01
NA	/data/songy4/twas/output/weights//ENSG00000088930.wgt.RDat	ENSG00000088930	20	21283942	21370463	0.02778	rs4813428	-2.79	rs6047413	 0.024951	 -6.02	-0.29457	 425	  1	top1	0.025	5.1e-08	 0.29457	7.68e-01
NA	/data/songy4/twas/output/weights//ENSG00000178726.wgt.RDat	ENSG00000178726	20	23026270	23030378	0.41084	rs6113957	-2.96	rs844885	 0.430516	-22.31	-0.77714	 572	  9	lasso	0.44	8.7e-145	 0.86841	3.85e-01
NA	/data/songy4/twas/output/weights//ENSG00000125810.wgt.RDat	ENSG00000125810	20	23059986	23066977	0.37510	rs6113957	-2.90	rs844867	 0.416116	-21.90	-0.95977	 579	 32	enet	0.44	1.4e-146	 1.08995	2.76e-01
NA	/data/songy4/twas/output/weights//ENSG00000125812.wgt.RDat	ENSG00000125812	20	23342787	23353700	0.02459	rs4547593	-2.97	rs6048743	 0.020985	 -5.04	 0.06294	 573	  1	top1	0.021	5.5e-07	-0.06294	9.50e-01
NA	/data/songy4/twas/output/weights//ENSG00000125814.wgt.RDat	ENSG00000125814	20	23355159	23402125	0.27371	rs4547593	-2.97	rs17757442	 0.194179	 15.41	 0.21053	 586	 50	enet	0.32	2.5e-97	 0.33585	7.37e-01
NA	/data/songy4/twas/output/weights//ENSG00000101439.wgt.RDat	ENSG00000101439	20	23608534	23619110	0.21418	rs4547593	-2.97	rs35610040	 0.346877	-19.89	-1.00855	 559	 25	enet	0.35	2.3e-109	 1.10132	2.71e-01
NA	/data/songy4/twas/output/weights//ENSG00000077984.wgt.RDat	ENSG00000077984	20	24929866	24940564	0.30127	rs2500406	-3.97	rs227653	 0.071709	-10.64	 0.09934	 494	 32	enet	0.19	1.4e-55	 0.39338	6.94e-01
NA	/data/songy4/twas/output/weights//ENSG00000101474.wgt.RDat	ENSG00000101474	20	24943561	24973615	0.15969	rs2500406	-3.97	rs6132775	 0.095552	-10.67	 0.00662	 499	 43	enet	0.12	3.4e-34	 0.15516	8.77e-01
NA	/data/songy4/twas/output/weights//ENSG00000154930.wgt.RDat	ENSG00000154930	20	24986868	25039616	0.42564	rs2500406	-3.97	rs11699487	 0.125501	 12.16	-0.40606	 509	 59	enet	0.32	8.3e-96	-2.40476	1.62e-02
NA	/data/songy4/twas/output/weights//ENSG00000197586.wgt.RDat	ENSG00000197586	20	25176329	25207365	0.16965	rs2500406	-3.97	rs6050456	 0.046268	 -7.55	 3.02649	 451	 27	enet	0.078	5.2e-22	-2.75104	5.94e-03
NA	/data/songy4/twas/output/weights//ENSG00000100994.wgt.RDat	ENSG00000100994	20	25228705	25278650	0.36151	rs2500406	-3.97	rs8184820	 0.425073	 22.01	-2.11702	 432	  9	lasso	0.47	1.8e-157	-2.71470	6.63e-03
NA	/data/songy4/twas/output/weights//ENSG00000100997.wgt.RDat	ENSG00000100997	20	25275379	25371619	0.11230	rs2500406	-3.97	rs2387881	 0.229784	 16.48	-2.01053	 410	 39	enet	0.23	4.7e-68	-2.22783	2.59e-02
NA	/data/songy4/twas/output/weights//ENSG00000101004.wgt.RDat	ENSG00000101004	20	25433341	25566153	0.17895	rs2500406	-3.97	rs2281212	 0.158572	 13.59	-1.83704	 342	  1	top1	0.16	9.2e-45	-1.83704	6.62e-02
NA	/data/songy4/twas/output/weights//ENSG00000170191.wgt.RDat	ENSG00000170191	20	25593571	25604811	0.05572	rs2500406	-3.97	rs2387976	 0.008502	  4.64	 0.69388	 268	 23	enet	0.022	3.7e-07	 2.73594	6.22e-03
NA	/data/songy4/twas/output/weights//ENSG00000130684.wgt.RDat	ENSG00000130684	20	25654851	25677477	0.22033	rs2500406	-3.97	rs981441	 0.181625	-14.45	 2.78972	 255	 12	lasso	0.2	5.5e-58	-3.07911	2.08e-03
NA	/data/songy4/twas/output/weights//ENSG00000180424.wgt.RDat	ENSG00000180424	20	30028322	30038060	0.01553	rs6060627	-5.28	rs6061213	 0.004288	 -3.82	-2.07767	 224	  5	lasso	0.0067	0.0034	 1.32867	1.84e-01
NA	/data/songy4/twas/output/weights//ENSG00000101294.wgt.RDat	ENSG00000101294	20	30102231	30157370	0.05117	rs6060627	-5.28	rs6058069	 0.092742	 10.42	-4.13768	 257	  1	top1	0.093	4.6e-26	-4.13768	3.51e-05
NA	/data/songy4/twas/output/weights//ENSG00000101337.wgt.RDat	ENSG00000101337	20	30697309	30755061	0.02226	rs6060627	-5.28	rs6141636	 0.019519	  6.01	-0.81443	 326	  5	lasso	0.021	5.8e-07	-1.02689	3.04e-01
NA	/data/songy4/twas/output/weights//ENSG00000197183.wgt.RDat	ENSG00000197183	20	31030862	31172876	0.06606	rs2235760	-4.39	rs4911088	 0.013656	  5.24	-0.60204	 433	 34	enet	0.048	6.1e-14	-1.10749	2.68e-01
NA	/data/songy4/twas/output/weights//ENSG00000198547.wgt.RDat	ENSG00000198547	20	31219428	31261743	0.06004	rs2235760	-4.39	rs10485499	 0.045481	  7.35	-0.26786	 418	  1	top1	0.045	2.2e-13	-0.26786	7.89e-01
NA	/data/songy4/twas/output/weights//ENSG00000149600.wgt.RDat	ENSG00000149600	20	31290493	31331803	0.11080	rs2235760	-4.39	rs6058847	 0.115935	-12.04	 2.94068	 420	 22	enet	0.13	1.3e-37	-3.89211	9.94e-05
NA	/data/songy4/twas/output/weights//ENSG00000088305.wgt.RDat	ENSG00000088305	20	31350191	31397162	0.01902	rs2235760	-4.39	rs2424906	 0.015425	 -5.22	-2.16832	 434	  1	top1	0.015	1.6e-05	 2.16832	3.01e-02
NA	/data/songy4/twas/output/weights//ENSG00000101367.wgt.RDat	ENSG00000101367	20	31407699	31438211	0.15764	rs2235760	-4.39	rs242551	 0.157051	-13.47	 2.40594	 439	 16	enet	0.16	3.5e-46	-3.16385	1.56e-03
NA	/data/songy4/twas/output/weights//ENSG00000215529.wgt.RDat	ENSG00000215529	20	31446729	31549006	0.14520	rs2235760	-4.39	rs6119294	 0.046970	 -8.28	-4.30657	 452	 57	enet	0.097	4e-27	 4.09868	4.16e-05
NA	/data/songy4/twas/output/weights//ENSG00000125967.wgt.RDat	ENSG00000125967	20	32244893	32262269	0.02442	rs372769	-4.31	rs4911353	 0.005483	 -4.96	-1.27660	 274	  5	lasso	0.0061	0.0048	 1.73527	8.27e-02
NA	/data/songy4/twas/output/weights//ENSG00000182584.wgt.RDat	ENSG00000182584	20	32254304	32256331	0.04752	rs372769	-4.31	rs7263119	 0.039422	  7.13	-1.23404	 271	 20	enet	0.042	1.6e-12	-1.94438	5.18e-02
NA	/data/songy4/twas/output/weights//ENSG00000101417.wgt.RDat	ENSG00000101417	20	32294512	32308125	0.01294	rs372769	-4.31	rs6057825	 0.007665	  4.37	 0.83505	 273	  3	lasso	0.011	0.00018	 2.81190	4.93e-03
NA	/data/songy4/twas/output/weights//ENSG00000101421.wgt.RDat	ENSG00000101421	20	32399110	32442172	0.22887	rs372769	-4.31	rs6087526	 0.254704	 17.04	-1.25743	 255	 10	lasso	0.26	2.8e-75	-1.41896	1.56e-01
NA	/data/songy4/twas/output/weights//ENSG00000125970.wgt.RDat	ENSG00000125970	20	32581452	32696114	0.02369	rs2424994	-4.56	rs8116198	 0.024250	 -5.35	 1.24242	 290	  1	top1	0.024	7.7e-08	-1.24242	2.14e-01
NA	/data/songy4/twas/output/weights//ENSG00000125977.wgt.RDat	ENSG00000125977	20	32676104	32700138	0.03155	rs2424994	-4.56	rs2050210	 0.021909	 -5.29	 0.30000	 284	  1	top1	0.022	3.2e-07	-0.30000	7.64e-01
NA	/data/songy4/twas/output/weights//ENSG00000078747.wgt.RDat	ENSG00000078747	20	32951041	33099198	0.06442	rs6060025	-4.64	rs1205345	 0.106612	 11.21	 3.32632	 353	  1	top1	0.11	6.7e-30	 3.32632	8.80e-04
NA	/data/songy4/twas/output/weights//ENSG00000101460.wgt.RDat	ENSG00000101460	20	33134658	33148149	0.15308	rs6060025	-4.64	rs2378249	 0.197183	-15.13	-3.70229	 309	  1	top1	0.2	2.1e-56	 3.70229	2.14e-04
NA	/data/songy4/twas/output/weights//ENSG00000101464.wgt.RDat	ENSG00000101464	20	33148346	33264910	0.03542	rs6060025	-4.64	rs7264012	 0.017212	  5.95	-0.69307	 346	  9	lasso	0.024	1e-07	-1.76335	7.78e-02
NA	/data/songy4/twas/output/weights//ENSG00000078804.wgt.RDat	ENSG00000078804	20	33292094	33301243	0.04627	rs6060025	-4.64	rs6058107	 0.026802	 -6.58	-4.07759	 330	  5	lasso	0.033	5.2e-10	 4.00477	6.21e-05
NA	/data/songy4/twas/output/weights//ENSG00000131067.wgt.RDat	ENSG00000131067	20	33432523	33460663	0.07933	rs6060025	-4.64	rs17122844	 0.066661	 -8.82	-3.98230	 353	  6	lasso	0.076	1.8e-21	 3.48821	4.86e-04
NA	/data/songy4/twas/output/weights//ENSG00000100983.wgt.RDat	ENSG00000100983	20	33516236	33543620	0.00867	rs6060025	-4.64	rs1033798	 0.004536	 -4.06	 1.08081	 349	 10	enet	0.0066	0.0034	-1.28812	1.98e-01
NA	/data/songy4/twas/output/weights//ENSG00000100991.wgt.RDat	ENSG00000100991	20	33590207	33680674	0.11660	rs6060025	-4.64	rs2425012	 0.073297	  9.70	 1.11702	 359	 11	lasso	0.094	2.6e-26	 0.48112	6.30e-01
NA	/data/songy4/twas/output/weights//ENSG00000088298.wgt.RDat	ENSG00000088298	20	33703167	33865928	0.10555	rs6060025	-4.64	rs6060278	 0.089213	-10.15	 1.61818	 379	  9	lasso	0.098	1.9e-27	-1.97504	4.83e-02
NA	/data/songy4/twas/output/weights//ENSG00000126005.wgt.RDat	ENSG00000126005	20	33804265	33865934	0.17073	rs6060025	-4.64	rs6579227	 0.028627	 -8.32	-0.79167	 351	 17	lasso	0.084	9.7e-24	 1.76165	7.81e-02
NA	/data/songy4/twas/output/weights//ENSG00000242372.wgt.RDat	ENSG00000242372	20	33866714	33872788	0.46966	rs6060047	-4.61	rs2275274	 0.155256	 13.42	 0.88344	 323	 62	enet	0.18	1.5e-50	 1.31074	1.90e-01
NA	/data/songy4/twas/output/weights//ENSG00000101019.wgt.RDat	ENSG00000101019	20	33890369	33999944	0.08151	rs17092148	-4.56	rs6060402	 0.057331	 -8.33	 0.63542	 341	  1	top1	0.057	1.6e-16	-0.63542	5.25e-01
NA	/data/songy4/twas/output/weights//ENSG00000204183.wgt.RDat	ENSG00000204183	20	34020827	34023248	0.17028	rs7265992	-4.38	rs17092565	 0.083124	 10.26	-1.65072	 312	  1	top1	0.083	1.9e-23	-1.65072	9.88e-02
NA	/data/songy4/twas/output/weights//ENSG00000126001.wgt.RDat	ENSG00000126001	20	34042985	34099804	0.15535	rs2425025	-3.38	rs6060442	 0.126092	 12.16	 0.74074	 323	  1	top1	0.13	2.3e-35	 0.74074	4.59e-01
NA	/data/songy4/twas/output/weights//ENSG00000125991.wgt.RDat	ENSG00000125991	20	34129770	34145405	0.27968	rs2425025	-3.38	rs6119625	 0.305640	 18.75	 0.03077	 297	  1	top1	0.31	2.7e-92	 0.03077	9.75e-01
NA	/data/songy4/twas/output/weights//ENSG00000214078.wgt.RDat	ENSG00000214078	20	34213953	34252878	0.39849	rs2425025	-3.38	rs11696527	 0.645673	-27.13	 0.56954	 299	  8	lasso	0.65	1.5e-258	-0.62153	5.34e-01
NA	/data/songy4/twas/output/weights//ENSG00000025293.wgt.RDat	ENSG00000025293	20	34359896	34538303	0.02032	rs2425241	-3.36	rs6060450	 0.006628	  3.92	 0.45977	 306	 16	enet	0.0092	0.00068	 0.82144	4.11e-01
NA	/data/songy4/twas/output/weights//ENSG00000171222.wgt.RDat	ENSG00000171222	20	34541539	34547394	0.06647	rs2425241	-3.36	rs6060677	 0.088883	-10.89	 1.08497	 261	  5	lasso	0.099	1.1e-27	-1.08468	2.78e-01
NA	/data/songy4/twas/output/weights//ENSG00000131043.wgt.RDat	ENSG00000131043	20	34824381	34858840	0.10422	rs2425241	-3.36	rs17093449	 0.066479	 -8.85	 0.44928	 217	  1	top1	0.066	5.9e-19	-0.44928	6.53e-01
NA	/data/songy4/twas/output/weights//ENSG00000101079.wgt.RDat	ENSG00000101079	20	35280169	35374481	0.23743	rs2425241	-3.36	rs723887	 0.041841	 -7.04	 0.30417	 243	 39	enet	0.085	5.3e-24	-0.66570	5.06e-01
NA	/data/songy4/twas/output/weights//ENSG00000149636.wgt.RDat	ENSG00000149636	20	35380194	35402221	0.10999	rs2425241	-3.36	rs6103024	 0.025853	 -5.58	 1.06311	 226	 21	enet	0.033	3.5e-10	-1.70891	8.75e-02
NA	/data/songy4/twas/output/weights//ENSG00000101347.wgt.RDat	ENSG00000101347	20	35518632	35580246	0.04801	rs8114927	-3.23	rs4810362	 0.030498	  7.16	-0.23239	 255	 25	enet	0.036	6.4e-11	-1.21900	2.23e-01
NA	/data/songy4/twas/output/weights//ENSG00000080839.wgt.RDat	ENSG00000080839	20	35624752	35724398	0.04960	rs17785475	-2.90	rs8115589	 0.023537	 -5.72	-0.49558	 273	  1	top1	0.024	1.2e-07	 0.49558	6.20e-01
NA	/data/songy4/twas/output/weights//ENSG00000101353.wgt.RDat	ENSG00000101353	20	35729629	35807991	0.05588	rs17785475	-2.90	rs8115589	 0.049842	 -8.59	-0.49558	 329	  6	lasso	0.074	7.5e-21	 0.20035	8.41e-01
NA	/data/songy4/twas/output/weights//ENSG00000166619.wgt.RDat	ENSG00000166619	20	36120874	36156333	0.03657	rs6067647	-2.97	rs1474874	-0.000847	  3.27	 0.23303	 387	 30	enet	0.00067	0.19	-1.10678	2.68e-01
NA	/data/songy4/twas/output/weights//ENSG00000132792.wgt.RDat	ENSG00000132792	20	36322408	36500531	0.03991	rs6067647	-2.97	rs9679781	 0.018164	  5.40	-1.41784	 517	  1	top1	0.018	3e-06	-1.41784	1.56e-01
NA	/data/songy4/twas/output/weights//ENSG00000101407.wgt.RDat	ENSG00000101407	20	36611409	36661870	0.07050	rs6067647	-2.97	rs6022577	 0.049203	  7.87	-0.48529	 461	  6	lasso	0.054	9.8e-16	-0.38723	6.99e-01
NA	/data/songy4/twas/output/weights//ENSG00000101413.wgt.RDat	ENSG00000101413	20	36661948	36720768	0.03408	rs6067647	-2.97	rs1569906	 0.012624	 -4.77	-0.46226	 473	  3	lasso	0.019	2.1e-06	 0.99443	3.20e-01
NA	/data/songy4/twas/output/weights//ENSG00000101425.wgt.RDat	ENSG00000101425	20	36888551	36965907	0.17904	rs6067647	-2.97	rs6064334	 0.033747	  7.71	-0.97030	 495	 10	lasso	0.086	2.9e-24	-1.25844	2.08e-01
NA	/data/songy4/twas/output/weights//ENSG00000101442.wgt.RDat	ENSG00000101442	20	37377085	37400834	0.21642	rs6070221	 2.62	rs2254234	 0.315690	-18.98	-1.47368	 416	  7	lasso	0.33	1.1e-100	 1.55297	1.20e-01
NA	/data/songy4/twas/output/weights//ENSG00000101445.wgt.RDat	ENSG00000101445	20	37434348	37551667	0.02769	rs6070221	 2.62	rs4810239	 0.020712	  5.02	 0.61111	 462	  1	top1	0.021	6.5e-07	 0.61111	5.41e-01
NA	/data/songy4/twas/output/weights//ENSG00000101447.wgt.RDat	ENSG00000101447	20	37554955	37581703	0.05213	rs6070221	 2.62	rs10392	 0.036980	 -6.84	-0.70635	 420	 20	enet	0.04	6.4e-12	 0.99553	3.19e-01
NA	/data/songy4/twas/output/weights//ENSG00000101452.wgt.RDat	ENSG00000101452	20	37590942	37668366	0.14032	rs1569606	-2.45	rs3829696	 0.147876	-13.23	-0.71545	 452	  6	lasso	0.17	2.9e-49	 0.16018	8.73e-01
NA	/data/songy4/twas/output/weights//ENSG00000204103.wgt.RDat	ENSG00000204103	20	39314488	39317880	0.03126	rs2425418	-3.23	rs6029126	 0.015980	  5.00	-0.17797	 430	  1	top1	0.016	1.1e-05	-0.17797	8.59e-01
NA	/data/songy4/twas/output/weights//ENSG00000174306.wgt.RDat	ENSG00000174306	20	39807088	39946312	0.02390	rs2425418	-3.23	rs6029617	 0.008587	  4.40	 1.45455	 450	  1	top1	0.0086	0.001	 1.45455	1.46e-01
NA	/data/songy4/twas/output/weights//ENSG00000124177.wgt.RDat	ENSG00000124177	20	40030741	40247133	0.06490	rs6102231	 3.10	rs7263463	 0.041904	 -7.64	 1.17935	 536	  9	lasso	0.045	2.4e-13	-1.21280	2.25e-01
NA	/data/songy4/twas/output/weights//ENSG00000101049.wgt.RDat	ENSG00000101049	20	42187608	42216877	0.04877	rs6031294	 3.66	rs2867725	 0.029682	  5.98	-2.75410	 493	  1	top1	0.03	3e-09	-2.75410	5.89e-03
NA	/data/songy4/twas/output/weights//ENSG00000101052.wgt.RDat	ENSG00000101052	20	42219571	42275936	0.05611	rs6031294	 3.66	rs16988169	 0.053358	 -7.97	 0.12121	 523	  1	top1	0.053	1.8e-15	-0.12121	9.04e-01
NA	/data/songy4/twas/output/weights//ENSG00000101057.wgt.RDat	ENSG00000101057	20	42295754	42345136	0.09244	rs6031294	 3.66	rs619289	 0.102839	 11.48	 0.22481	 518	  5	lasso	0.11	6.2e-32	 0.26996	7.87e-01
NA	/data/songy4/twas/output/weights//ENSG00000132823.wgt.RDat	ENSG00000132823	20	42825136	42839431	0.30269	rs6031294	 3.66	rs2143606	 0.323875	 19.21	 0.05102	 508	  8	lasso	0.35	1.8e-107	-0.13235	8.95e-01
NA	/data/songy4/twas/output/weights//ENSG00000197296.wgt.RDat	ENSG00000197296	20	42931478	42939809	0.03108	rs6031294	 3.66	rs17755371	-0.000122	  4.20	 0.82069	 508	 10	enet	0.0054	0.0074	-0.34876	7.27e-01
NA	/data/songy4/twas/output/weights//ENSG00000124120.wgt.RDat	ENSG00000124120	20	43104526	43123244	0.12314	rs6031294	 3.66	rs6606	 0.018075	  6.77	-0.36434	 490	 10	lasso	0.092	5.6e-26	 0.18424	8.54e-01
NA	/data/songy4/twas/output/weights//ENSG00000132824.wgt.RDat	ENSG00000132824	20	43124862	43150750	0.45152	rs6031294	 3.66	rs6103759	 0.230734	-16.23	 1.01404	 492	  7	lasso	0.25	2.9e-73	-1.12314	2.61e-01
NA	/data/songy4/twas/output/weights//ENSG00000168734.wgt.RDat	ENSG00000168734	20	43160426	43252888	0.13215	rs717248	 3.12	rs6017355	 0.084575	 10.01	-1.01020	 511	 18	enet	0.12	1.7e-33	-0.35618	7.22e-01
NA	/data/songy4/twas/output/weights//ENSG00000196839.wgt.RDat	ENSG00000196839	20	43248163	43280874	0.29951	rs717248	 3.12	rs2007720	 0.145061	 12.90	 0.26271	 450	 48	enet	0.2	4e-57	 1.40420	1.60e-01
NA	/data/songy4/twas/output/weights//ENSG00000166913.wgt.RDat	ENSG00000166913	20	43514317	43537173	0.15303	rs717248	 3.12	rs6031855	 0.179265	-14.43	 0.25926	 443	  4	lasso	0.18	5.1e-51	-0.25159	8.01e-01
NA	/data/songy4/twas/output/weights//ENSG00000101104.wgt.RDat	ENSG00000101104	20	43538703	43587676	0.12572	rs6031688	 3.07	rs6130713	 0.045904	  9.38	-0.41748	 449	 44	enet	0.087	1.3e-24	-0.67731	4.98e-01
NA	/data/songy4/twas/output/weights//ENSG00000025772.wgt.RDat	ENSG00000025772	20	43570771	43589127	0.43859	rs6031688	 3.07	rs6103899	 0.097829	-10.60	 1.29412	 427	116	enet	0.25	7.9e-73	-0.89892	3.69e-01
NA	/data/songy4/twas/output/weights//ENSG00000124102.wgt.RDat	ENSG00000124102	20	43803517	43805185	0.04868	rs2239534	 3.70	rs17333103	 0.064662	 -8.94	-1.89256	 468	  1	top1	0.065	1.8e-18	 1.89256	5.84e-02
NA	/data/songy4/twas/output/weights//ENSG00000124233.wgt.RDat	ENSG00000124233	20	43835638	43838413	0.06732	rs2239534	 3.70	rs13039213	 0.075355	 -9.90	-1.43697	 473	  6	lasso	0.081	7.8e-23	 1.16743	2.43e-01
NA	/data/songy4/twas/output/weights//ENSG00000204070.wgt.RDat	ENSG00000204070	20	43990577	44005438	0.15970	rs2239534	 3.70	rs2743403	 0.211281	-15.65	-1.03540	 489	  7	lasso	0.21	6.6e-61	 1.05926	2.89e-01
NA	/data/songy4/twas/output/weights//ENSG00000124155.wgt.RDat	ENSG00000124155	20	44044717	44054884	0.29473	rs2239534	 3.70	rs13217	 0.125787	-12.03	-1.66337	 498	 25	enet	0.17	6.5e-47	 1.54087	1.23e-01
NA	/data/songy4/twas/output/weights//ENSG00000180305.wgt.RDat	ENSG00000180305	20	44258165	44259835	0.03893	rs2239534	 3.70	rs2076026	 0.004142	  4.99	 0.59864	 505	  1	top1	0.0041	0.017	 0.59864	5.49e-01
NA	/data/songy4/twas/output/weights//ENSG00000182931.wgt.RDat	ENSG00000182931	20	44313292	44333658	0.02430	rs2239534	 3.70	rs6104350	 0.012496	  5.66	 1.18000	 522	 15	enet	0.017	6.4e-06	 1.29838	1.94e-01
NA	/data/songy4/twas/output/weights//ENSG00000124116.wgt.RDat	ENSG00000124116	20	44376583	44420571	0.01641	rs2239534	 3.70	rs6032449	 0.001482	  3.83	 1.49474	 555	  1	top1	0.0015	0.1	 1.49474	1.35e-01
NA	/data/songy4/twas/output/weights//ENSG00000101457.wgt.RDat	ENSG00000101457	20	44420576	44440066	0.23277	rs2239534	 3.70	rs6032537	 0.407211	-21.95	 1.10680	 537	  4	lasso	0.45	2.8e-148	-1.16636	2.43e-01
NA	/data/songy4/twas/output/weights//ENSG00000101470.wgt.RDat	ENSG00000101470	20	44451853	44462384	0.08416	rs2239534	 3.70	rs6032541	 0.107769	 11.19	 1.22449	 529	  1	top1	0.11	3.2e-30	 1.22449	2.21e-01
NA	/data/songy4/twas/output/weights//ENSG00000124104.wgt.RDat	ENSG00000124104	20	44462449	44471914	0.17841	rs2239534	 3.70	rs11698486	 0.037629	 -6.95	 1.44771	 531	 68	enet	0.075	2.6e-21	-0.84928	3.96e-01
NA	/data/songy4/twas/output/weights//ENSG00000101473.wgt.RDat	ENSG00000101473	20	44470360	44486045	0.05344	rs2239534	 3.70	rs6130947	 0.084712	 10.81	 2.18557	 532	  8	lasso	0.093	3.6e-26	 2.47541	1.33e-02
NA	/data/songy4/twas/output/weights//ENSG00000132801.wgt.RDat	ENSG00000132801	20	44486256	44507761	0.03694	rs2239534	 3.70	rs380973	 0.019980	  6.66	 1.79798	 527	  8	lasso	0.026	3.4e-08	 2.10772	3.51e-02
NA	/data/songy4/twas/output/weights//ENSG00000064601.wgt.RDat	ENSG00000064601	20	44518783	44527459	0.04895	rs2239534	 3.70	rs6094224	 0.033588	 -7.07	 2.74737	 513	  1	top1	0.034	2.8e-10	-2.74737	6.01e-03
NA	/data/songy4/twas/output/weights//ENSG00000100979.wgt.RDat	ENSG00000100979	20	44527399	44540794	0.20130	rs2239534	 3.70	rs394643	 0.225405	 16.03	 2.47917	 511	  3	lasso	0.23	1.4e-65	 2.41929	1.56e-02
NA	/data/songy4/twas/output/weights//ENSG00000100985.wgt.RDat	ENSG00000100985	20	44637547	44645200	0.02728	rs6130940	 3.69	rs2868364	 0.007511	  4.69	-0.62105	 495	  7	lasso	0.015	1.8e-05	-0.66316	5.07e-01
NA	/data/songy4/twas/output/weights//ENSG00000101017.wgt.RDat	ENSG00000101017	20	44746911	44758502	0.12819	rs6130940	 3.69	rs745307	 0.080009	  9.72	-0.92982	 501	  6	lasso	0.095	1.4e-26	-0.53597	5.92e-01
NA	/data/songy4/twas/output/weights//ENSG00000062598.wgt.RDat	ENSG00000062598	20	44994688	45061704	0.04667	rs2151389	-3.39	rs2297057	 0.015412	 -4.97	 0.97887	 568	  1	top1	0.015	1.6e-05	-0.97887	3.28e-01
NA	/data/songy4/twas/output/weights//ENSG00000198185.wgt.RDat	ENSG00000198185	20	45129701	45142198	0.22171	rs2151389	-3.39	rs847052	 0.213005	 15.58	-0.51220	 569	  1	top1	0.21	2.5e-61	-0.51220	6.09e-01
NA	/data/songy4/twas/output/weights//ENSG00000158296.wgt.RDat	ENSG00000158296	20	45186463	45304714	0.06391	rs2151389	-3.39	rs6090546	 0.020452	 -4.97	-1.14796	 632	  1	top1	0.02	7.6e-07	 1.14796	2.51e-01
NA	/data/songy4/twas/output/weights//ENSG00000172315.wgt.RDat	ENSG00000172315	20	45313004	45318418	0.03708	rs2151389	-3.39	rs2868902	 0.028863	  6.29	-1.36525	 574	  1	top1	0.029	4.8e-09	-1.36525	1.72e-01
NA	/data/songy4/twas/output/weights//ENSG00000124151.wgt.RDat	ENSG00000124151	20	46130601	46285621	0.05453	rs1316709	-5.44	rs6018564	 0.024430	  5.85	 1.02809	 526	  8	lasso	0.037	2.9e-11	 0.19118	8.48e-01
NA	/data/songy4/twas/output/weights//ENSG00000196562.wgt.RDat	ENSG00000196562	20	46285092	46415360	0.29622	rs1316709	-5.44	rs1889170	 0.096575	-12.27	-1.43434	 575	 15	lasso	0.24	1.6e-68	 0.98929	3.23e-01
NA	/data/songy4/twas/output/weights//ENSG00000124198.wgt.RDat	ENSG00000124198	20	47538427	47653230	0.02981	rs742758	 2.35	rs4810884	 0.029663	  6.59	-0.37931	 526	  3	lasso	0.036	8.9e-11	-0.54868	5.83e-01
NA	/data/songy4/twas/output/weights//ENSG00000124207.wgt.RDat	ENSG00000124207	20	47662849	47713489	0.02856	rs742758	 2.35	rs2295031	 0.009600	 -5.05	-0.54902	 504	  7	lasso	0.016	1e-05	 0.51776	6.05e-01
NA	/data/songy4/twas/output/weights//ENSG00000124228.wgt.RDat	ENSG00000124228	20	47835884	47860614	0.01813	rs6067173	-3.41	rs4810896	 0.010870	 -5.17	 1.41176	 449	  3	lasso	0.022	3.2e-07	-0.84105	4.00e-01
NA	/data/songy4/twas/output/weights//ENSG00000124201.wgt.RDat	ENSG00000124201	20	47854483	47894963	0.03412	rs6067173	-3.41	rs237730	 0.039943	 -7.03	 0.35514	 451	  3	lasso	0.046	1.6e-13	 0.30545	7.60e-01
NA	/data/songy4/twas/output/weights//ENSG00000197818.wgt.RDat	ENSG00000197818	20	48429250	48508779	0.06282	rs6067173	-3.41	rs645544	 0.032091	 -6.32	-1.53989	 506	 30	enet	0.034	2.5e-10	 0.98971	3.22e-01
NA	/data/songy4/twas/output/weights//ENSG00000158480.wgt.RDat	ENSG00000158480	20	48519928	48532080	0.04323	rs6067173	-3.41	rs645544	 0.024839	  5.61	-1.53650	 479	 11	enet	0.026	2.8e-08	-2.58801	9.65e-03
NA	/data/songy4/twas/output/weights//ENSG00000124226.wgt.RDat	ENSG00000124226	20	48552948	48570429	0.09544	rs6067173	-3.41	rs17785895	 0.041685	  7.22	-0.44937	 476	  7	lasso	0.063	4e-18	-0.23198	8.17e-01
NA	/data/songy4/twas/output/weights//ENSG00000240849.wgt.RDat	ENSG00000240849	20	48697663	48770335	0.03172	rs4602269	 4.16	rs2301021	 0.001169	  4.24	 0.42623	 478	 15	enet	0.0035	0.026	 2.41472	1.57e-02
NA	/data/songy4/twas/output/weights//ENSG00000196396.wgt.RDat	ENSG00000196396	20	49126891	49201299	0.14115	rs4602269	 4.16	rs4602269	 0.098330	 11.08	 4.16216	 475	  5	enet	0.1	8.6e-29	 3.90954	9.25e-05
NA	/data/songy4/twas/output/weights//ENSG00000124171.wgt.RDat	ENSG00000124171	20	49348081	49373332	0.07147	rs4602269	 4.16	rs846743	 0.034182	  7.61	-0.06667	 512	 32	enet	0.054	1.2e-15	-0.02216	9.82e-01
NA	/data/songy4/twas/output/weights//ENSG00000124243.wgt.RDat	ENSG00000124243	20	49411431	49493714	0.12172	rs4602269	 4.16	rs6020752	 0.057614	  8.45	-1.11712	 538	 28	enet	0.071	3.9e-20	-1.50968	1.31e-01
NA	/data/songy4/twas/output/weights//ENSG00000101126.wgt.RDat	ENSG00000101126	20	49505585	49547958	0.01961	rs4602269	 4.16	rs4809813	 0.011167	 -4.85	 1.53422	 503	  4	lasso	0.014	3e-05	-1.76739	7.72e-02
NA	/data/songy4/twas/output/weights//ENSG00000124217.wgt.RDat	ENSG00000124217	20	49575363	49577820	0.02364	rs4602269	 4.16	rs6020871	 0.015169	 -4.76	 1.07143	 477	  1	top1	0.015	1.8e-05	-1.07143	2.84e-01
NA	/data/songy4/twas/output/weights//ENSG00000054793.wgt.RDat	ENSG00000054793	20	50213053	50385173	0.40019	rs6091465	 3.63	rs7261003	 0.318516	-19.08	 0.30769	 658	 16	lasso	0.35	6.2e-110	 0.08609	9.31e-01
NA	/data/songy4/twas/output/weights//ENSG00000101115.wgt.RDat	ENSG00000101115	20	50400581	50419059	0.15103	rs6091465	 3.63	rs1467414	 0.037570	  7.69	 0.63910	 540	 38	enet	0.12	6.5e-34	 0.90366	3.66e-01
NA	/data/songy4/twas/output/weights//ENSG00000020256.wgt.RDat	ENSG00000020256	20	50668202	50820847	0.11060	rs6091465	 3.63	rs6021726	 0.056058	  8.30	-1.12150	 583	  6	lasso	0.072	1.6e-20	-0.26347	7.92e-01
NA	/data/songy4/twas/output/weights//ENSG00000182463.wgt.RDat	ENSG00000182463	20	51588946	52111869	0.07346	rs2668790	 3.36	rs6021953	 0.010193	 -5.37	-0.42718	 851	 27	enet	0.027	1.6e-08	-0.26684	7.90e-01
NA	/data/songy4/twas/output/weights//ENSG00000171940.wgt.RDat	ENSG00000171940	20	52183604	52226446	0.09104	rs2668790	 3.48	rs6123296	 0.012119	 -6.32	 0.51376	 632	 35	enet	0.056	3.7e-16	 0.08778	9.30e-01
NA	/data/songy4/twas/output/weights//ENSG00000064787.wgt.RDat	ENSG00000064787	20	52553316	52687304	0.31601	rs6097667	-2.90	rs158541	 0.232767	 16.48	 0.19231	 618	 25	enet	0.35	4.6e-110	-0.08376	9.33e-01
NA	/data/songy4/twas/output/weights//ENSG00000019186.wgt.RDat	ENSG00000019186	20	52769988	52790512	0.13506	rs6097667	-2.90	rs927651	 0.086684	-10.03	-0.60976	 610	 24	enet	0.1	7.2e-29	 0.59699	5.51e-01
NA	/data/songy4/twas/output/weights//ENSG00000124098.wgt.RDat	ENSG00000124098	20	54933971	54943719	0.14400	rs4811738	 2.89	rs16979815	 0.074205	  9.77	 1.11364	 563	  7	lasso	0.11	5e-32	 0.32090	7.48e-01
NA	/data/songy4/twas/output/weights//ENSG00000101138.wgt.RDat	ENSG00000101138	20	54967427	54979518	0.10487	rs4811738	 2.89	rs16979884	 0.074087	 -9.23	 0.21264	 585	  1	top1	0.074	5.3e-21	-0.21264	8.32e-01
NA	/data/songy4/twas/output/weights//ENSG00000022277.wgt.RDat	ENSG00000022277	20	55043647	55093943	0.03417	rs4811738	 2.89	rs6064401	 0.006052	  4.79	 0.49474	 623	  5	lasso	0.011	0.00022	 0.44841	6.54e-01
NA	/data/songy4/twas/output/weights//ENSG00000124103.wgt.RDat	ENSG00000124103	20	55092243	55101198	0.03138	rs4811738	 2.89	rs4810021	 0.029832	  6.27	 0.75510	 603	  1	top1	0.03	2.7e-09	 0.75510	4.50e-01
NA	/data/songy4/twas/output/weights//ENSG00000213714.wgt.RDat	ENSG00000213714	20	55108302	55111576	0.03122	rs4811738	 2.89	rs6024911	 0.005047	 -4.54	-1.20000	 610	  1	top1	0.005	0.0094	 1.20000	2.30e-01
NA	/data/songy4/twas/output/weights//ENSG00000132819.wgt.RDat	ENSG00000132819	20	55966463	55984389	0.03580	rs969997	 3.48	rs99595	-0.000370	 -3.08	-0.00971	 686	  1	lasso	0.00023	0.26	 0.00971	9.92e-01
NA	/data/songy4/twas/output/weights//ENSG00000124256.wgt.RDat	ENSG00000124256	20	56178902	56195632	0.07553	rs6099647	 3.47	rs6025673	 0.017307	 -6.42	-0.35714	 669	  6	lasso	0.033	3.5e-10	 0.61378	5.39e-01
NA	/data/songy4/twas/output/weights//ENSG00000124164.wgt.RDat	ENSG00000124164	20	56964178	57026157	0.04909	rs6026243	-3.04	rs6100067	 0.040471	  6.91	-2.49694	 655	  1	top1	0.04	4.5e-12	-2.49694	1.25e-02
NA	/data/songy4/twas/output/weights//ENSG00000087460.wgt.RDat	ENSG00000087460	20	57414773	57486247	0.06391	rs752764	 4.38	rs7121	 0.066636	 -8.95	 1.16216	 584	  1	top1	0.067	5.3e-19	-1.16216	2.45e-01
NA	/data/songy4/twas/output/weights//ENSG00000101158.wgt.RDat	ENSG00000101158	20	57556263	57570188	0.26456	rs6128567	 4.55	rs2295357	 0.208571	-15.47	-0.53488	 557	  4	lasso	0.26	1.6e-76	 0.36616	7.14e-01
NA	/data/songy4/twas/output/weights//ENSG00000101160.wgt.RDat	ENSG00000101160	20	57570240	57582302	0.05521	rs6128567	 4.55	rs6070684	 0.042790	  7.38	-0.24219	 565	  1	top1	0.043	1.1e-12	-0.24219	8.09e-01
NA	/data/songy4/twas/output/weights//ENSG00000101166.wgt.RDat	ENSG00000101166	20	57608200	57617964	0.07275	rs6128567	 4.55	rs6070706	 0.033871	 -6.85	 0.31159	 571	  6	lasso	0.039	1e-11	-0.26244	7.93e-01
NA	/data/songy4/twas/output/weights//ENSG00000124203.wgt.RDat	ENSG00000124203	20	57766075	57834168	0.03397	rs6128567	 4.55	rs11086667	 0.006879	  4.26	 1.03665	 584	  1	top1	0.0069	0.003	 1.03665	3.00e-01
NA	/data/songy4/twas/output/weights//ENSG00000124205.wgt.RDat	ENSG00000124205	20	57875482	57901047	0.15166	rs6128567	 4.55	rs259962	 0.127408	-12.13	-0.45161	 572	  1	top1	0.13	9.6e-36	 0.45161	6.52e-01
NA	/data/songy4/twas/output/weights//ENSG00000132825.wgt.RDat	ENSG00000132825	20	58511894	58515352	0.02353	rs6100634	-2.83	rs6027437	 0.009183	 -4.17	-0.42149	 619	  1	top1	0.0092	0.00071	 0.42149	6.73e-01
NA	/data/songy4/twas/output/weights//ENSG00000124215.wgt.RDat	ENSG00000124215	20	58533471	58609066	0.06622	rs6100634	-2.83	rs455052	 0.038312	 -6.93	-2.74809	 656	  7	lasso	0.05	1.3e-14	 2.41232	1.59e-02
NA	/data/songy4/twas/output/weights//ENSG00000179242.wgt.RDat	ENSG00000179242	20	59827482	60515673	0.08331	rs6513577	 3.56	rs6089519	 0.009277	  4.99	-0.03478	1091	  5	lasso	0.019	1.8e-06	-0.38017	7.04e-01
NA	/data/songy4/twas/output/weights//ENSG00000184402.wgt.RDat	ENSG00000184402	20	60718822	60757540	0.03210	rs13040477	 2.99	rs1407959	 0.017708	 -5.17	 1.72441	 531	  8	enet	0.041	4.1e-12	-0.81421	4.16e-01
NA	/data/songy4/twas/output/weights//ENSG00000101181.wgt.RDat	ENSG00000101181	20	60758085	60778624	0.47974	rs13040477	 2.99	rs2184161	 0.521936	-24.38	-0.18557	 504	  4	lasso	0.55	1e-201	-0.00727	9.94e-01
NA	/data/songy4/twas/output/weights//ENSG00000130703.wgt.RDat	ENSG00000130703	20	60813580	60871268	0.15030	rs13040477	 2.99	rs6089706	 0.085301	-10.08	 1.11982	 519	 39	enet	0.13	1.9e-35	-0.68274	4.95e-01
NA	/data/songy4/twas/output/weights//ENSG00000130702.wgt.RDat	ENSG00000130702	20	60883011	60942368	0.03846	rs6122011	 2.88	rs2427289	 0.028777	 -5.90	-0.04831	 501	  1	top1	0.029	5.1e-09	 0.04831	9.61e-01
NA	/data/songy4/twas/output/weights//ENSG00000149679.wgt.RDat	ENSG00000149679	20	60963688	60982341	0.06943	rs6122011	 2.88	rs747948	 0.058581	 -8.76	 1.52586	 493	  7	enet	0.071	2.8e-20	-1.56867	1.17e-01
NA	/data/songy4/twas/output/weights//ENSG00000101188.wgt.RDat	ENSG00000101188	20	61340189	61394123	0.34585	rs6090277	-2.96	rs4809499	 0.187564	-15.03	-0.20370	 526	 43	enet	0.33	1.9e-99	 0.96774	3.33e-01
NA	/data/songy4/twas/output/weights//ENSG00000101189.wgt.RDat	ENSG00000101189	20	61427805	61431945	0.25167	rs6090277	-2.96	rs6090117	 0.120852	-11.82	-0.04950	 500	 31	enet	0.17	5.4e-47	-0.82055	4.12e-01
NA	/data/songy4/twas/output/weights//ENSG00000060491.wgt.RDat	ENSG00000060491	20	61436187	61445352	0.03216	rs6090277	-2.96	rs11905838	 0.000343	  4.12	 0.39806	 498	 35	enet	0.0051	0.0089	-0.28604	7.75e-01
NA	/data/songy4/twas/output/weights//ENSG00000092758.wgt.RDat	ENSG00000092758	20	61447596	61472511	0.78594	rs6090277	-2.96	rs1018439	 0.518660	-24.30	-1.87075	 503	 16	lasso	0.62	2.7e-244	 1.76461	7.76e-02
NA	/data/songy4/twas/output/weights//ENSG00000101190.wgt.RDat	ENSG00000101190	20	61472467	61493115	0.35617	rs6090277	-2.96	rs1018439	 0.146353	-13.00	-1.87075	 488	 51	enet	0.21	1.8e-59	 2.16593	3.03e-02
NA	/data/songy4/twas/output/weights//ENSG00000101191.wgt.RDat	ENSG00000101191	20	61509090	61569304	0.05332	rs6090277	-2.96	rs910831	 0.047286	 -7.55	-2.50000	 502	  1	top1	0.047	7.2e-14	 2.50000	1.24e-02
NA	/data/songy4/twas/output/weights//ENSG00000101193.wgt.RDat	ENSG00000101193	20	61569471	61576996	0.03202	rs6090277	-2.96	rs6011489	 0.005930	 -4.84	-1.41284	 471	  1	top1	0.0059	0.0054	 1.41284	1.58e-01
NA	/data/songy4/twas/output/weights//ENSG00000101194.wgt.RDat	ENSG00000101194	20	61584052	61599949	0.15791	rs6090277	-2.96	rs3746751	 0.119860	 11.79	-2.38095	 476	 19	enet	0.17	5.2e-48	-1.92321	5.45e-02
NA	/data/songy4/twas/output/weights//ENSG00000149658.wgt.RDat	ENSG00000149658	20	61826781	61847586	0.03484	rs6090277	-2.96	rs6090289	 0.006136	  4.60	 2.46154	 508	 24	enet	0.013	9.2e-05	 2.53798	1.11e-02
NA	/data/songy4/twas/output/weights//ENSG00000101197.wgt.RDat	ENSG00000101197	20	61867235	61871859	0.32037	rs6090277	-2.96	rs1555337	 0.301548	 18.54	 0.84118	 493	  8	lasso	0.4	4.4e-130	 1.40624	1.60e-01
NA	/data/songy4/twas/output/weights//ENSG00000101210.wgt.RDat	ENSG00000101210	20	62119366	62130505	0.04691	rs6090277	-2.96	rs2274860	 0.051432	  7.88	 0.52736	 443	  1	top1	0.051	5.8e-15	 0.52736	5.98e-01
NA	/data/songy4/twas/output/weights//ENSG00000125534.wgt.RDat	ENSG00000125534	20	62152077	62153559	0.31310	rs6090277	-2.96	rs310653	 0.057684	 -8.43	 0.98387	 439	 67	enet	0.14	2.7e-39	-0.36842	7.13e-01
NA	/data/songy4/twas/output/weights//ENSG00000101216.wgt.RDat	ENSG00000101216	20	62218955	62258394	0.14255	rs6090277	-2.96	rs6090471	 0.097720	-10.66	-0.92571	 454	 16	enet	0.12	1.6e-32	 0.42882	6.68e-01
NA	/data/songy4/twas/output/weights//ENSG00000197457.wgt.RDat	ENSG00000197457	20	62271061	62284780	0.07366	rs506434	-3.10	rs2297433	 0.077229	  9.87	-1.07143	 435	 28	enet	0.086	2.5e-24	-1.28783	1.98e-01
NA	/data/songy4/twas/output/weights//ENSG00000101246.wgt.RDat	ENSG00000101246	20	62329996	62339377	0.04401	rs506434	-3.10	rs6011040	 0.015949	  6.37	-0.55882	 443	 12	enet	0.026	3.1e-08	-0.07817	9.38e-01
NA	/data/songy4/twas/output/weights//ENSG00000203896.wgt.RDat	ENSG00000203896	20	62366815	62370456	0.08407	rs506434	-3.10	rs6011058	 0.102194	 11.15	-0.67961	 444	  1	top1	0.1	1.1e-28	-0.67961	4.97e-01
NA	/data/songy4/twas/output/weights//ENSG00000125520.wgt.RDat	ENSG00000125520	20	62371214	62374858	0.03102	rs506434	-3.10	rs1151625	 0.023934	  5.54	 1.32000	 446	  1	top1	0.024	9.3e-08	 1.32000	1.87e-01
NA	/data/songy4/twas/output/weights//ENSG00000130584.wgt.RDat	ENSG00000130584	20	62375019	62462597	0.03645	rs506434	-3.10	rs6062541	 0.019583	  5.52	-1.21260	 467	  1	top1	0.02	1.3e-06	-1.21260	2.25e-01
NA	/data/songy4/twas/output/weights//ENSG00000101150.wgt.RDat	ENSG00000101150	20	62496596	62522898	0.20828	rs506434	-3.10	rs7000	 0.186336	-14.61	-0.14467	 424	  1	top1	0.19	4.5e-53	 0.14467	8.85e-01
NA	/data/songy4/twas/output/weights//ENSG00000101152.wgt.RDat	ENSG00000101152	20	62526518	62567384	0.17545	rs506434	-3.10	rs2275293	 0.094382	-11.23	 1.19271	 418	  5	lasso	0.13	1.5e-35	-1.26980	2.04e-01
NA	/data/songy4/twas/output/weights//ENSG00000198276.wgt.RDat	ENSG00000198276	20	62571186	62587769	0.11256	rs506434	-3.10	rs7264220	 0.040136	  7.21	 0.55026	 390	 45	enet	0.064	2.8e-18	-0.18115	8.56e-01
NA	/data/songy4/twas/output/weights//ENSG00000130590.wgt.RDat	ENSG00000130590	20	62605466	62611361	0.17973	rs506434	-3.10	rs2427587	 0.290982	 18.23	-0.55469	 380	  1	top1	0.29	4e-87	-0.55469	5.79e-01
NA	/data/songy4/twas/output/weights//ENSG00000101161.wgt.RDat	ENSG00000101161	20	62612488	62664453	0.12603	rs506434	-3.10	rs817354	 0.083357	  9.92	-0.63566	 377	 34	enet	0.1	5.5e-29	-0.35975	7.19e-01
NA	/data/songy4/twas/output/weights//ENSG00000196421.wgt.RDat	ENSG00000196421	20	62665697	62671315	0.32953	rs506434	-3.10	rs2427587	 0.529903	 24.62	-0.55469	 346	  4	lasso	0.56	1.7e-206	-0.38754	6.98e-01
NA	/data/songy4/twas/output/weights//ENSG00000171703.wgt.RDat	ENSG00000171703	20	62681189	62703700	0.04890	rs506434	-3.10	rs10460612	 0.016412	 -5.23	-0.73333	 335	 18	enet	0.017	6.1e-06	 0.85130	3.95e-01
NA	/data/songy4/twas/output/weights//ENSG00000125510.wgt.RDat	ENSG00000125510	20	62711526	62731996	0.04728	rs506434	-3.10	rs13036542	 0.022385	 -6.08	 1.44444	 317	  5	lasso	0.031	1e-09	-1.60455	1.09e-01
NA	/data/songy4/twas/output/weights//ENSG00000171695.wgt.RDat	ENSG00000171695	20	62714733	62715712	0.02631	rs506434	-3.10	rs6090043	 0.021579	 -5.69	 1.70892	 316	  1	top1	0.022	3.8e-07	-1.70892	8.75e-02
NA	/data/songy4/twas/output/weights//ENSG00000203880.wgt.RDat	ENSG00000203880	20	62887094	62926855	0.36234	rs506434	-3.10	rs17569873	 0.166609	-13.85	 0.59701	 233	  7	lasso	0.2	1.2e-57	-0.52465	6.00e-01
