PANEL	FILE	ID	CHR	P0	P1	HSQ	BEST.GWAS.ID	BEST.GWAS.Z	EQTL.ID	EQTL.R2	EQTL.Z	EQTL.GWAS.Z	NSNP	NWGT	MODEL	MODELCV.R2	MODELCV.PV	TWAS.Z	TWAS.P
NA	/data/songy4/twas/output/weights//ENSG00000250312.wgt.RDat	ENSG00000250312	4	124386	157779	0.6244	rs35649145	 -2.73	rs11735742	 1.42e-01	 12.86	 -0.25926	 158	 34	enet	0.38	1.9e-121	  1.30056	1.93e-01
NA	/data/songy4/twas/output/weights//ENSG00000186777.wgt.RDat	ENSG00000186777	4	264464	299110	0.0228	rs17164972	 -5.37	rs3749523	 1.07e-02	 -4.02	  0.77273	 218	  1	top1	0.011	0.00028	 -0.77273	4.40e-01
NA	/data/songy4/twas/output/weights//ENSG00000131127.wgt.RDat	ENSG00000131127	4	331603	378653	0.0323	rs11248051	 10.93	rs6810900	 1.85e-02	 -5.51	 -1.22523	 263	 16	enet	0.022	2.3e-07	  1.12619	2.60e-01
NA	/data/songy4/twas/output/weights//ENSG00000182903.wgt.RDat	ENSG00000182903	4	419604	492945	0.0825	rs4690326	 12.47	rs6838825	 3.98e-02	 -7.48	 -0.62500	 315	 15	enet	0.046	1.2e-13	  0.34578	7.30e-01
NA	/data/songy4/twas/output/weights//ENSG00000174227.wgt.RDat	ENSG00000174227	4	492989	533985	0.1346	rs4690326	 12.47	rs10014828	 3.18e-03	  4.99	 -0.20979	 335	 30	enet	0.036	6.4e-11	  2.18236	2.91e-02
NA	/data/songy4/twas/output/weights//ENSG00000133256.wgt.RDat	ENSG00000133256	4	619373	664571	0.0787	rs4690326	 12.47	rs28470912	 7.15e-02	  9.23	  0.18919	 391	  1	top1	0.071	2.7e-20	  0.18919	8.50e-01
NA	/data/songy4/twas/output/weights//ENSG00000215375.wgt.RDat	ENSG00000215375	4	667369	675822	0.1101	rs4690326	 12.47	rs12374317	 1.22e-02	 -5.80	 -4.36893	 388	 10	lasso	0.039	9.5e-12	 10.30816	6.47e-25
NA	/data/songy4/twas/output/weights//ENSG00000169026.wgt.RDat	ENSG00000169026	4	675618	683230	0.3570	rs4690326	 12.47	rs12374317	 3.05e-01	-18.73	 -4.36893	 387	  8	lasso	0.31	3e-93	  4.27064	1.95e-05
NA	/data/songy4/twas/output/weights//ENSG00000185619.wgt.RDat	ENSG00000185619	4	699537	764428	0.7881	rs4690326	 12.47	rs12510790	 4.01e-01	 21.37	 -0.56436	 413	 57	enet	0.69	1.3e-289	 -1.28465	1.99e-01
NA	/data/songy4/twas/output/weights//ENSG00000127419.wgt.RDat	ENSG00000127419	4	926175	952444	0.0749	rs4690326	 12.47	rs2290402	 4.97e-02	 -7.97	  8.90625	 416	  1	top1	0.05	1.7e-14	 -8.90625	5.28e-19
NA	/data/songy4/twas/output/weights//ENSG00000145214.wgt.RDat	ENSG00000145214	4	952675	980683	0.6421	rs4690326	 12.47	rs3796621	 6.14e-01	 26.51	-10.76768	 407	 35	enet	0.65	6e-258	-10.34060	4.62e-25
NA	/data/songy4/twas/output/weights//ENSG00000127415.wgt.RDat	ENSG00000127415	4	980785	998316	0.1740	rs4690326	 12.47	rs4690220	 1.10e-01	 11.95	-10.56000	 400	 11	lasso	0.16	1.8e-44	-11.63105	2.87e-31
NA	/data/songy4/twas/output/weights//ENSG00000127418.wgt.RDat	ENSG00000127418	4	1003724	1020685	0.2326	rs4690326	 12.47	rs4647934	 8.08e-02	  9.69	  2.41045	 399	  8	lasso	0.11	9.9e-32	  0.62982	5.29e-01
NA	/data/songy4/twas/output/weights//ENSG00000178222.wgt.RDat	ENSG00000178222	4	1050038	1107350	0.1376	rs4690326	 12.47	rs11247975	 9.66e-02	-10.55	 -1.51515	 389	  1	top1	0.097	4e-27	  1.51515	1.30e-01
NA	/data/songy4/twas/output/weights//ENSG00000159674.wgt.RDat	ENSG00000159674	4	1160720	1202750	0.0434	rs4690326	 12.47	rs11247975	 3.49e-02	  6.66	 -1.51515	 396	  3	lasso	0.036	5.9e-11	 -1.51257	1.30e-01
NA	/data/songy4/twas/output/weights//ENSG00000159692.wgt.RDat	ENSG00000159692	4	1205236	1243741	0.0247	rs4690326	 12.47	rs877987	 8.39e-04	  3.88	  4.05980	 414	 12	enet	0.011	3e-04	  3.70489	2.11e-04
NA	/data/songy4/twas/output/weights//ENSG00000090316.wgt.RDat	ENSG00000090316	4	1283639	1333935	0.0746	rs4690326	 12.47	rs2293630	 6.63e-02	  9.15	 -0.78947	 401	 18	enet	0.083	2.1e-23	 -0.13056	8.96e-01
NA	/data/songy4/twas/output/weights//ENSG00000163945.wgt.RDat	ENSG00000163945	4	1341054	1381837	0.6408	rs4690326	 12.47	rs1680032	 3.18e-01	 19.30	 -1.76282	 379	 83	enet	0.56	5.3e-207	 -1.63899	1.01e-01
NA	/data/songy4/twas/output/weights//ENSG00000174137.wgt.RDat	ENSG00000174137	4	1619642	1686029	0.1593	rs17742599	 -4.72	rs811316	 2.01e-01	 15.26	 -0.84426	 299	 27	enet	0.21	2e-59	 -1.59343	1.11e-01
NA	/data/songy4/twas/output/weights//ENSG00000163950.wgt.RDat	ENSG00000163950	4	1694527	1714282	0.1021	rs17742599	 -4.72	rs2403293	 9.52e-02	-10.58	  0.18367	 277	  5	lasso	0.1	4.5e-28	  0.03086	9.75e-01
NA	/data/songy4/twas/output/weights//ENSG00000168936.wgt.RDat	ENSG00000168936	4	1717679	1723085	0.1544	rs17742599	 -4.72	rs798759	 1.39e-01	-12.74	  0.06383	 273	  1	top1	0.14	5.2e-39	 -0.06383	9.49e-01
NA	/data/songy4/twas/output/weights//ENSG00000013810.wgt.RDat	ENSG00000013810	4	1723227	1746898	0.2519	rs17742599	 -4.72	rs2854915	 2.99e-01	-18.63	  0.10638	 284	  9	lasso	0.33	5.7e-102	 -0.04287	9.66e-01
NA	/data/songy4/twas/output/weights//ENSG00000168924.wgt.RDat	ENSG00000168924	4	1813206	1857974	0.0230	rs11947258	 -3.21	rs798741	 5.11e-03	  4.01	 -0.56034	 304	  1	top1	0.0051	0.0091	 -0.56034	5.75e-01
NA	/data/songy4/twas/output/weights//ENSG00000109685.wgt.RDat	ENSG00000109685	4	1873151	1983934	0.0485	rs11947258	 -3.28	rs35674085	 6.70e-03	  4.19	  1.92788	 328	  1	top1	0.0067	0.0033	  1.92788	5.39e-02
NA	/data/songy4/twas/output/weights//ENSG00000185049.wgt.RDat	ENSG00000185049	4	1984441	2043630	0.0527	rs11947258	 -3.21	rs11725821	 3.24e-02	 -6.27	 -0.39823	 338	  2	lasso	0.036	6.6e-11	 -0.31885	7.50e-01
NA	/data/songy4/twas/output/weights//ENSG00000185818.wgt.RDat	ENSG00000185818	4	2061239	2070816	0.0380	rs4376202	 -3.11	rs13120062	 6.49e-03	  4.26	 -1.78218	 324	 19	enet	0.017	5.8e-06	 -0.01067	9.91e-01
NA	/data/songy4/twas/output/weights//ENSG00000130997.wgt.RDat	ENSG00000130997	4	2073645	2243848	0.0149	rs231695	  3.41	rs6823382	 1.07e-02	  4.17	 -0.07772	 374	  1	top1	0.011	0.00028	 -0.07772	9.38e-01
NA	/data/songy4/twas/output/weights//ENSG00000214367.wgt.RDat	ENSG00000214367	4	2229191	2243891	0.0223	rs231695	  3.41	rs6823382	 1.70e-02	  4.77	 -0.07772	 321	  1	top1	0.017	6.2e-06	 -0.07772	9.38e-01
NA	/data/songy4/twas/output/weights//ENSG00000159733.wgt.RDat	ENSG00000159733	4	2271309	2420390	0.1737	rs16843452	 -5.18	rs2269493	 1.12e-01	 11.59	  0.12745	 379	  5	lasso	0.11	3.3e-32	 -0.15836	8.74e-01
NA	/data/songy4/twas/output/weights//ENSG00000063978.wgt.RDat	ENSG00000063978	4	2463947	2627047	0.1229	rs16843452	 -5.18	rs1203863	 7.82e-02	  9.79	  1.13740	 437	  5	lasso	0.099	8.1e-28	  0.22804	8.20e-01
NA	/data/songy4/twas/output/weights//ENSG00000168884.wgt.RDat	ENSG00000168884	4	2743375	2758103	0.1755	rs16843452	 -5.18	rs8426	 1.15e-01	 11.91	  1.77344	 402	 10	lasso	0.18	9.9e-51	  0.81686	4.14e-01
NA	/data/songy4/twas/output/weights//ENSG00000087266.wgt.RDat	ENSG00000087266	4	2794750	2842825	0.0326	rs16843452	 -5.18	rs1263349	 2.66e-04	  3.67	 -5.13821	 412	 20	enet	0.00038	0.23	 -2.70396	6.85e-03
NA	/data/songy4/twas/output/weights//ENSG00000087274.wgt.RDat	ENSG00000087274	4	2845584	2931803	0.0463	rs16843452	 -5.18	rs6824567	 2.79e-02	  6.03	  5.00000	 421	  5	lasso	0.038	2.1e-11	  5.88532	3.97e-09
NA	/data/songy4/twas/output/weights//ENSG00000109736.wgt.RDat	ENSG00000109736	4	2932288	2936586	0.0768	rs16843452	 -5.18	rs12502045	 6.73e-03	 -4.03	  0.56299	 382	  5	lasso	0.022	2.8e-07	 -0.22706	8.20e-01
NA	/data/songy4/twas/output/weights//ENSG00000125388.wgt.RDat	ENSG00000125388	4	2965335	3042474	0.1441	rs16843452	 -5.18	rs2471336	 2.10e-01	-15.69	  2.45455	 438	 29	enet	0.21	9.2e-61	 -2.51504	1.19e-02
NA	/data/songy4/twas/output/weights//ENSG00000197386.wgt.RDat	ENSG00000197386	4	3076408	3245676	0.0608	rs16843452	 -5.18	rs10015979	 5.30e-03	 -4.95	  1.62626	 471	 19	enet	0.018	2.9e-06	 -1.14701	2.51e-01
NA	/data/songy4/twas/output/weights//ENSG00000188981.wgt.RDat	ENSG00000188981	4	3246096	3273465	0.0464	rs16843452	 -5.18	rs3095081	 3.45e-02	  6.42	 -0.72534	 427	  7	lasso	0.035	1.1e-10	 -0.78548	4.32e-01
NA	/data/songy4/twas/output/weights//ENSG00000159788.wgt.RDat	ENSG00000159788	4	3294755	3441640	0.2360	rs16843452	 -5.18	rs3129308	 1.79e-01	 14.65	 -0.07143	 429	 30	enet	0.23	7.5e-66	 -0.86242	3.88e-01
NA	/data/songy4/twas/output/weights//ENSG00000175920.wgt.RDat	ENSG00000175920	4	3465033	3503200	0.1345	rs2342295	  3.66	rs1881803	 1.04e-01	-11.30	  1.21468	 354	 14	enet	0.13	1e-36	 -1.15715	2.47e-01
NA	/data/songy4/twas/output/weights//ENSG00000163956.wgt.RDat	ENSG00000163956	4	3508103	3534286	0.1310	rs2342295	  3.66	rs1741556	 1.55e-01	 13.34	  0.94231	 341	 20	enet	0.16	1.5e-44	  0.81113	4.17e-01
NA	/data/songy4/twas/output/weights//ENSG00000132406.wgt.RDat	ENSG00000132406	4	4237269	4249950	0.1098	rs9291068	  2.76	rs3846232	 2.74e-02	 -5.90	 -0.28448	 379	  7	lasso	0.046	1.5e-13	  0.15196	8.79e-01
NA	/data/songy4/twas/output/weights//ENSG00000145220.wgt.RDat	ENSG00000145220	4	4269428	4291896	0.1747	rs9291068	  2.76	rs10937831	 9.74e-02	 10.64	  0.58716	 382	  3	lasso	0.1	1e-28	  0.37290	7.09e-01
NA	/data/songy4/twas/output/weights//ENSG00000168826.wgt.RDat	ENSG00000168826	4	4291924	4323513	0.1347	rs9291068	  2.76	rs894486	 1.06e-01	 11.22	 -0.12500	 410	  6	lasso	0.15	1.2e-41	 -0.43261	6.65e-01
NA	/data/songy4/twas/output/weights//ENSG00000168824.wgt.RDat	ENSG00000168824	4	4349867	4420785	0.5513	rs9291068	  2.76	rs6843595	 3.72e-01	-21.15	 -0.40336	 450	 53	enet	0.54	7.2e-194	  0.08848	9.29e-01
NA	/data/songy4/twas/output/weights//ENSG00000168818.wgt.RDat	ENSG00000168818	4	4417469	4544073	0.0375	rs9291068	  2.76	rs11733672	 1.42e-02	 -4.74	 -0.72222	 528	  1	top1	0.014	3.2e-05	  0.72222	4.70e-01
NA	/data/songy4/twas/output/weights//ENSG00000170891.wgt.RDat	ENSG00000170891	4	5016313	5021199	0.2553	rs12651560	  3.35	rs9998195	 1.58e-01	 13.65	 -0.61069	 611	  6	enet	0.17	4.7e-48	 -0.49790	6.19e-01
NA	/data/songy4/twas/output/weights//ENSG00000173040.wgt.RDat	ENSG00000173040	4	5544499	5711275	0.2238	rs12651560	  3.35	rs2291157	 9.84e-02	 10.69	 -1.75449	 822	 30	enet	0.11	2.2e-30	 -1.57500	1.15e-01
NA	/data/songy4/twas/output/weights//ENSG00000072840.wgt.RDat	ENSG00000072840	4	5712924	5830772	0.1074	rs13112194	  3.57	rs2291157	 3.07e-02	  6.88	 -1.75449	 793	 11	enet	0.049	2.5e-14	 -1.86222	6.26e-02
NA	/data/songy4/twas/output/weights//ENSG00000181215.wgt.RDat	ENSG00000181215	4	5958845	5991545	0.3800	rs13112194	  3.57	rs17773514	 2.19e-01	 15.81	  0.60937	 758	  7	lasso	0.3	6.2e-89	  0.95211	3.41e-01
NA	/data/songy4/twas/output/weights//ENSG00000152969.wgt.RDat	ENSG00000152969	4	6027926	6202318	0.2809	rs13112194	  3.57	rs17773514	 1.84e-01	 14.52	  0.60937	 824	 31	enet	0.23	3.3e-67	  0.81520	4.15e-01
NA	/data/songy4/twas/output/weights//ENSG00000013288.wgt.RDat	ENSG00000013288	4	6576902	6625089	0.1475	rs13112194	  3.57	rs4689486	 1.13e-01	-11.44	  0.55814	 547	  3	lasso	0.12	3e-33	 -0.45842	6.47e-01
NA	/data/songy4/twas/output/weights//ENSG00000170846.wgt.RDat	ENSG00000170846	4	6675178	6677774	0.3361	rs13112194	  3.57	rs11946525	 1.79e-01	 14.38	 -1.30120	 552	  6	lasso	0.23	1.3e-67	 -0.93330	3.51e-01
NA	/data/songy4/twas/output/weights//ENSG00000163993.wgt.RDat	ENSG00000163993	4	6694796	6698897	0.7629	rs13112194	  3.57	rs3822262	 6.80e-01	-27.84	 -0.47059	 554	  1	top1	0.68	1.4e-283	  0.47059	6.38e-01
NA	/data/songy4/twas/output/weights//ENSG00000186222.wgt.RDat	ENSG00000186222	4	6717842	6719387	0.0423	rs13112194	  3.57	rs3172604	 1.68e-02	 -4.72	  0.09000	 557	  1	top1	0.017	6.8e-06	 -0.09000	9.28e-01
NA	/data/songy4/twas/output/weights//ENSG00000132405.wgt.RDat	ENSG00000132405	4	6910969	7034845	0.2147	rs28401383	 -2.64	rs7668673	 2.80e-01	-17.95	  1.50893	 693	  2	lasso	0.28	1.6e-83	 -1.46871	1.42e-01
NA	/data/songy4/twas/output/weights//ENSG00000173011.wgt.RDat	ENSG00000173011	4	7043626	7059679	0.0471	rs28401383	 -2.64	rs4346651	 1.95e-02	  5.53	  0.07273	 640	  1	top1	0.02	1.3e-06	  0.07273	9.42e-01
NA	/data/songy4/twas/output/weights//ENSG00000184985.wgt.RDat	ENSG00000184985	4	7194265	7744554	0.0639	rs28401383	 -2.64	rs4689808	 2.15e-02	  5.88	 -0.81034	1033	  4	lasso	0.034	1.9e-10	 -1.15586	2.48e-01
NA	/data/songy4/twas/output/weights//ENSG00000196526.wgt.RDat	ENSG00000196526	4	7760441	7941653	0.6275	rs13139446	 -2.63	rs11733177	 6.38e-01	 26.96	  0.05051	 868	118	enet	0.72	9e-320	 -0.22436	8.22e-01
NA	/data/songy4/twas/output/weights//ENSG00000125089.wgt.RDat	ENSG00000125089	4	8183799	8243530	0.0949	rs13139446	 -2.63	rs1298472	 5.01e-02	 -8.15	  0.14966	 689	  5	lasso	0.067	4.5e-19	  0.17700	8.60e-01
NA	/data/songy4/twas/output/weights//ENSG00000170801.wgt.RDat	ENSG00000170801	4	8271492	8308838	0.0551	rs13139446	 -2.63	rs4696791	 2.23e-02	  5.86	  0.44660	 598	  1	top1	0.022	2.4e-07	  0.44660	6.55e-01
NA	/data/songy4/twas/output/weights//ENSG00000087008.wgt.RDat	ENSG00000087008	4	8368009	8442450	0.0620	rs13139446	 -2.63	rs747579	 1.60e-02	  6.02	 -2.46718	 526	 25	enet	0.033	3.7e-10	 -0.98982	3.22e-01
NA	/data/songy4/twas/output/weights//ENSG00000155275.wgt.RDat	ENSG00000155275	4	8437867	8495258	0.0368	rs13139446	 -2.63	rs13140128	 9.99e-03	  4.91	  0.48000	 498	 18	enet	0.019	2e-06	  1.67136	9.47e-02
NA	/data/songy4/twas/output/weights//ENSG00000229924.wgt.RDat	ENSG00000229924	4	9172135	9178453	0.2187	rs7378503	  2.14	rs6854838	 1.53e-01	 13.33	  1.28723	  57	  4	lasso	0.15	2.7e-43	  1.32918	1.84e-01
NA	/data/songy4/twas/output/weights//ENSG00000231396.wgt.RDat	ENSG00000231396	4	9212383	9213975	0.1532	rs13135404	  1.79	rs6854838	 1.08e-01	 11.32	  1.28723	  46	  1	top1	0.11	3.1e-30	  1.28723	1.98e-01
NA	/data/songy4/twas/output/weights//ENSG00000233136.wgt.RDat	ENSG00000233136	4	9217131	9218723	0.0209	rs13135404	  1.79	rs6854838	 8.04e-03	  5.44	  1.28723	  48	  3	lasso	0.013	7.5e-05	  0.98817	3.23e-01
NA	/data/songy4/twas/output/weights//ENSG00000250745.wgt.RDat	ENSG00000250745	4	9259850	9261442	0.0192	rs6854838	  1.29	rs13122164	 1.49e-02	 -4.62	  0.66949	  47	  1	top1	0.015	2.1e-05	 -0.66949	5.03e-01
NA	/data/songy4/twas/output/weights//ENSG00000250913.wgt.RDat	ENSG00000250913	4	9274090	9274640	0.0325	rs6854838	  1.29	rs35501370	 1.09e-03	  5.07	  0.88997	  53	  1	lasso	0.014	4.7e-05	  0.88997	3.73e-01
NA	/data/songy4/twas/output/weights//ENSG00000109667.wgt.RDat	ENSG00000109667	4	9772777	10056560	0.3964	rs12505366	  2.92	rs12506004	 3.85e-01	 21.05	  1.47059	 572	 44	enet	0.43	6.3e-139	  0.99436	3.20e-01
NA	/data/songy4/twas/output/weights//ENSG00000071127.wgt.RDat	ENSG00000071127	4	10075963	10118573	0.1942	rs12505366	  2.92	rs9926	 2.79e-01	 17.86	  0.27679	 600	  6	lasso	0.28	2.9e-83	  0.35420	7.23e-01
NA	/data/songy4/twas/output/weights//ENSG00000178163.wgt.RDat	ENSG00000178163	4	10441498	10459034	0.1218	rs4697650	  3.28	rs4339203	 3.92e-02	 -7.85	 -1.52137	 651	 19	enet	0.066	7.1e-19	  0.69848	4.85e-01
NA	/data/songy4/twas/output/weights//ENSG00000038219.wgt.RDat	ENSG00000038219	4	13570362	13629347	0.0898	rs17340021	  3.50	rs12506352	 8.39e-02	  9.87	 -1.04636	 503	  1	top1	0.084	1.2e-23	 -1.04636	2.95e-01
NA	/data/songy4/twas/output/weights//ENSG00000137449.wgt.RDat	ENSG00000137449	4	15004298	15071777	0.0880	rs12508186	  5.17	rs968365	 1.05e-01	-11.95	  0.23000	 527	  6	lasso	0.12	7.5e-35	  0.87989	3.79e-01
NA	/data/songy4/twas/output/weights//ENSG00000048342.wgt.RDat	ENSG00000048342	4	15471489	15603180	0.0393	rs4698412	-11.01	rs12640192	 2.82e-02	  5.78	  3.47115	 596	  1	top1	0.028	7.3e-09	  3.47115	5.18e-04
NA	/data/songy4/twas/output/weights//ENSG00000118564.wgt.RDat	ENSG00000118564	4	15606162	15683302	0.0790	rs4698412	-11.01	rs7665915	 1.14e-01	-11.46	  3.35849	 597	 21	enet	0.12	9.8e-33	 -2.99871	2.71e-03
NA	/data/songy4/twas/output/weights//ENSG00000237765.wgt.RDat	ENSG00000237765	4	15683285	15707188	0.0199	rs4698412	-11.01	rs4273468	-1.11e-05	 -3.79	 -7.36220	 565	  8	lasso	2.1e-05	0.31	  8.50979	1.74e-17
NA	/data/songy4/twas/output/weights//ENSG00000109743.wgt.RDat	ENSG00000109743	4	15704573	15739936	0.1244	rs4698412	-11.01	rs2160044	 7.74e-02	-10.00	  3.03810	 567	 42	enet	0.11	1.4e-31	 -2.62378	8.70e-03
NA	/data/songy4/twas/output/weights//ENSG00000004468.wgt.RDat	ENSG00000004468	4	15779898	15854853	0.0294	rs4698412	-11.01	rs868763	 2.33e-02	  5.76	 -9.38462	 597	  1	top1	0.023	1.4e-07	 -9.38462	6.31e-21
NA	/data/songy4/twas/output/weights//ENSG00000137440.wgt.RDat	ENSG00000137440	4	15937192	15940363	0.0395	rs4698412	-11.01	rs4698128	 2.07e-03	  4.12	 -0.06107	 578	  1	top1	0.0021	0.067	 -0.06107	9.51e-01
NA	/data/songy4/twas/output/weights//ENSG00000137441.wgt.RDat	ENSG00000137441	4	15961866	15970932	0.0906	rs4698412	-11.01	rs4698431	 1.01e-01	-10.85	 -1.01980	 579	  5	lasso	0.1	1.7e-28	  0.90999	3.63e-01
NA	/data/songy4/twas/output/weights//ENSG00000169762.wgt.RDat	ENSG00000169762	4	16162128	16229033	0.0869	rs4698412	-11.01	rs17479949	 1.22e-02	 -6.13	 -0.93365	 635	 32	enet	0.038	1.9e-11	  0.96803	3.33e-01
NA	/data/songy4/twas/output/weights//ENSG00000169744.wgt.RDat	ENSG00000169744	4	16503164	16900432	0.0436	rs16894315	  2.87	rs4698160	 5.26e-03	 -5.06	 -0.78846	 764	  3	lasso	0.0072	0.0024	  0.77535	4.38e-01
NA	/data/songy4/twas/output/weights//ENSG00000151552.wgt.RDat	ENSG00000151552	4	17461884	17513857	0.4587	rs16896128	 -6.28	rs7661303	 2.92e-01	-18.21	 -0.85593	 472	  1	top1	0.29	2.4e-87	  0.85593	3.92e-01
NA	/data/songy4/twas/output/weights//ENSG00000002549.wgt.RDat	ENSG00000002549	4	17578815	17609595	0.3948	rs16896128	 -6.28	rs3796812	 5.85e-01	 25.80	 -0.83673	 437	  1	top1	0.58	2.5e-219	 -0.83673	4.03e-01
NA	/data/songy4/twas/output/weights//ENSG00000163257.wgt.RDat	ENSG00000163257	4	17802278	17812381	0.0523	rs16896128	 -6.28	rs16895971	 4.10e-02	 -7.75	 -5.76429	 386	  8	lasso	0.069	1.6e-19	  4.70588	2.53e-06
NA	/data/songy4/twas/output/weights//ENSG00000145147.wgt.RDat	ENSG00000145147	4	20254883	20622184	0.0421	rs10032561	 -2.80	rs532059	 3.95e-02	  7.35	  0.44545	 587	  1	top1	0.039	8.1e-12	  0.44545	6.56e-01
NA	/data/songy4/twas/output/weights//ENSG00000163138.wgt.RDat	ENSG00000163138	4	20697905	20754530	0.0399	rs6858323	  2.82	rs16869851	 7.40e-03	 -4.30	  1.19608	 497	  3	lasso	0.017	8.1e-06	 -1.15647	2.47e-01
NA	/data/songy4/twas/output/weights//ENSG00000185774.wgt.RDat	ENSG00000185774	4	20730239	21950422	0.0875	rs11944745	  3.62	rs10516402	 6.17e-02	  8.52	 -1.40952	1047	  1	top1	0.062	1.1e-17	 -1.40952	1.59e-01
NA	/data/songy4/twas/output/weights//ENSG00000152990.wgt.RDat	ENSG00000152990	4	22346694	22517677	0.2140	rs4466029	 -3.19	rs2875040	 4.21e-02	 -7.21	  1.88785	 429	 46	enet	0.093	3.8e-26	 -0.32685	7.44e-01
NA	/data/songy4/twas/output/weights//ENSG00000109819.wgt.RDat	ENSG00000109819	4	23756664	23905712	0.3261	rs10517029	 -3.14	rs11734408	 1.95e-01	 15.00	 -0.83036	 603	 34	enet	0.25	2.4e-72	  0.28571	7.75e-01
NA	/data/songy4/twas/output/weights//ENSG00000181982.wgt.RDat	ENSG00000181982	4	24807739	24981826	0.1008	rs6826966	 -3.09	rs4315770	 1.74e-02	 -6.18	 -1.51887	 590	 33	enet	0.053	2.7e-15	  0.84373	3.99e-01
NA	/data/songy4/twas/output/weights//ENSG00000109618.wgt.RDat	ENSG00000109618	4	25121627	25162204	0.1551	rs6826966	 -3.09	rs16876882	 4.64e-02	  9.17	  1.38037	 564	  6	lasso	0.11	1e-31	  0.36498	7.15e-01
NA	/data/songy4/twas/output/weights//ENSG00000038210.wgt.RDat	ENSG00000038210	4	25162263	25280714	0.0670	rs6826966	 -3.09	rs2302565	 5.30e-02	  7.88	 -0.86538	 614	  1	top1	0.053	2.2e-15	 -0.86538	3.87e-01
NA	/data/songy4/twas/output/weights//ENSG00000168228.wgt.RDat	ENSG00000168228	4	25314407	25372005	0.1057	rs6826966	 -3.09	rs316807	 8.48e-02	 10.36	 -1.00870	 570	 16	enet	0.11	1.8e-31	  0.25345	8.00e-01
NA	/data/songy4/twas/output/weights//ENSG00000053900.wgt.RDat	ENSG00000053900	4	25378835	25420120	0.1393	rs6826966	 -3.09	rs2012286	 1.63e-01	 13.94	 -1.61702	 562	 41	enet	0.18	4.3e-52	 -0.92633	3.54e-01
NA	/data/songy4/twas/output/weights//ENSG00000091490.wgt.RDat	ENSG00000091490	4	25749055	25865382	0.0469	rs6826966	 -3.09	rs1545606	 2.72e-02	  5.95	 -0.72449	 534	  1	top1	0.027	1.3e-08	 -0.72449	4.69e-01
NA	/data/songy4/twas/output/weights//ENSG00000250317.wgt.RDat	ENSG00000250317	4	25863452	25931435	0.0631	rs6834960	  2.58	rs41370346	 3.91e-02	 -6.91	 -0.16484	 489	 11	enet	0.039	8.8e-12	  0.40440	6.86e-01
NA	/data/songy4/twas/output/weights//ENSG00000168214.wgt.RDat	ENSG00000168214	4	26165077	26436541	0.1066	rs6834960	  2.58	rs4558863	 4.94e-02	  7.64	 -0.27132	 491	  8	lasso	0.091	1.8e-25	 -0.65210	5.14e-01
NA	/data/songy4/twas/output/weights//ENSG00000109689.wgt.RDat	ENSG00000109689	4	26859300	27027003	0.1085	rs4692195	 -2.52	rs6822297	 8.22e-02	-10.29	  0.18085	 440	  5	lasso	0.11	8.1e-30	  0.34648	7.29e-01
NA	/data/songy4/twas/output/weights//ENSG00000047365.wgt.RDat	ENSG00000047365	4	35949843	36246131	0.1169	rs6849048	  3.24	rs9306932	 6.72e-02	 -8.92	  0.57678	 590	  6	lasso	0.072	1.4e-20	 -0.52209	6.02e-01
NA	/data/songy4/twas/output/weights//ENSG00000197057.wgt.RDat	ENSG00000197057	4	36283244	36347378	0.0295	rs6849048	  3.24	rs6845353	 3.58e-03	  3.74	  0.50820	 504	 32	enet	0.0063	0.0042	 -0.59992	5.49e-01
NA	/data/songy4/twas/output/weights//ENSG00000174145.wgt.RDat	ENSG00000174145	4	37245842	37451087	0.0312	NA	    NA	NA	       NA	    NA	       NA	   0	  0	enet	-1.5e-05	0.32	       NA	      NA
NA	/data/songy4/twas/output/weights//ENSG00000154274.wgt.RDat	ENSG00000154274	4	37455563	37625117	0.0365	rs17578057	  3.29	rs11727634	 9.47e-03	  4.42	  0.33333	 734	 19	enet	0.011	0.00031	  0.55478	5.79e-01
NA	/data/songy4/twas/output/weights//ENSG00000169299.wgt.RDat	ENSG00000169299	4	37828255	37864558	0.1445	rs17578057	  3.29	rs3775793	 1.66e-01	 13.82	  0.42157	 683	  1	top1	0.17	6.3e-47	  0.42157	6.73e-01
NA	/data/songy4/twas/output/weights//ENSG00000065882.wgt.RDat	ENSG00000065882	4	37892708	38140796	0.2064	rs17578057	  3.29	rs17425534	 5.09e-02	  8.92	  1.25000	 809	 50	enet	0.16	8.4e-44	  0.56818	5.70e-01
NA	/data/songy4/twas/output/weights//ENSG00000250254.wgt.RDat	ENSG00000250254	4	37962056	37962746	0.0598	rs17578057	  3.29	rs3756142	 8.07e-03	  4.36	  0.52427	 672	 29	enet	0.018	3.4e-06	  0.87353	3.82e-01
NA	/data/songy4/twas/output/weights//ENSG00000174123.wgt.RDat	ENSG00000174123	4	38773860	38784611	0.0275	rs7660869	 -3.07	rs4513579	 1.46e-02	 -4.76	 -0.47599	 540	  1	top1	0.015	2.6e-05	  0.47599	6.34e-01
NA	/data/songy4/twas/output/weights//ENSG00000174125.wgt.RDat	ENSG00000174125	4	38792298	38858438	0.1061	rs12233656	 -3.01	rs5743593	 1.16e-01	-11.77	 -0.63439	 547	  1	top1	0.12	1.7e-32	  0.63439	5.26e-01
NA	/data/songy4/twas/output/weights//ENSG00000174130.wgt.RDat	ENSG00000174130	4	38825336	38858438	0.1098	rs12233656	 -3.01	rs11722813	 8.85e-02	-10.93	 -0.64666	 524	  8	lasso	0.13	1.9e-37	  1.52049	1.28e-01
NA	/data/songy4/twas/output/weights//ENSG00000197712.wgt.RDat	ENSG00000197712	4	38869298	38947360	0.0840	rs12233656	 -3.01	rs17582830	 2.85e-02	  6.55	 -0.61824	 533	 36	enet	0.041	2.9e-12	  0.32202	7.47e-01
NA	/data/songy4/twas/output/weights//ENSG00000121895.wgt.RDat	ENSG00000121895	4	38968365	39034542	0.2995	rs12233656	 -3.01	rs2288633	 8.88e-02	-10.29	  1.10160	 516	  6	lasso	0.16	1.5e-46	 -1.57712	1.15e-01
NA	/data/songy4/twas/output/weights//ENSG00000109790.wgt.RDat	ENSG00000109790	4	39046659	39128477	0.2776	rs12233656	 -3.01	rs12642359	 1.78e-01	 14.26	  0.39796	 507	 11	lasso	0.27	6.1e-80	 -0.27315	7.85e-01
NA	/data/songy4/twas/output/weights//ENSG00000157796.wgt.RDat	ENSG00000157796	4	39184024	39287430	0.0518	rs4388095	  3.18	rs9996285	 6.73e-02	 -8.85	  0.28421	 491	  7	lasso	0.068	2.4e-19	 -0.50389	6.14e-01
NA	/data/songy4/twas/output/weights//ENSG00000035928.wgt.RDat	ENSG00000035928	4	39289076	39367995	0.0437	rs4388095	  3.18	rs6844176	 4.32e-02	  8.23	  0.05051	 454	 18	enet	0.05	1.1e-14	  0.36945	7.12e-01
NA	/data/songy4/twas/output/weights//ENSG00000163682.wgt.RDat	ENSG00000163682	4	39455744	39460568	0.2254	rs4388095	  3.18	rs2249563	 1.58e-01	 13.54	  2.00000	 382	 10	lasso	0.17	1.5e-48	  1.89933	5.75e-02
NA	/data/songy4/twas/output/weights//ENSG00000121897.wgt.RDat	ENSG00000121897	4	39460620	39479273	0.1384	rs4388095	  3.18	rs16995300	 7.45e-02	 -9.52	  0.84314	 383	  1	top1	0.074	4.1e-21	 -0.84314	3.99e-01
NA	/data/songy4/twas/output/weights//ENSG00000109814.wgt.RDat	ENSG00000109814	4	39500375	39529931	0.0667	rs4388095	  3.18	rs6817264	 1.19e-02	 -5.24	  0.30769	 368	 33	enet	0.035	1.4e-10	 -0.55447	5.79e-01
NA	/data/songy4/twas/output/weights//ENSG00000163683.wgt.RDat	ENSG00000163683	4	39547950	39640710	0.0307	rs4388095	  3.18	rs4342194	 8.89e-03	  5.14	 -0.92373	 393	  4	lasso	0.019	2.2e-06	 -0.56368	5.73e-01
NA	/data/songy4/twas/output/weights//ENSG00000078140.wgt.RDat	ENSG00000078140	4	39699664	39784412	0.0795	rs4388095	  3.18	rs10517530	 5.45e-02	 -8.09	 -1.31313	 409	 43	enet	0.057	1.5e-16	  1.86358	6.24e-02
NA	/data/songy4/twas/output/weights//ENSG00000121892.wgt.RDat	ENSG00000121892	4	39824483	39979576	0.0696	rs4388095	  3.18	rs7679366	 3.94e-02	  7.51	 -0.54082	 484	 27	enet	0.057	1.6e-16	 -1.31283	1.89e-01
NA	/data/songy4/twas/output/weights//ENSG00000078177.wgt.RDat	ENSG00000078177	4	40058446	40159872	0.1349	rs4388095	  3.18	rs11097014	 1.17e-01	 11.72	  1.27928	 458	  7	lasso	0.14	1.2e-40	  0.96425	3.35e-01
NA	/data/songy4/twas/output/weights//ENSG00000168421.wgt.RDat	ENSG00000168421	4	40192673	40248587	0.0337	rs4388095	  3.18	rs1397934	 1.31e-02	 -5.00	 -1.99057	 457	  4	lasso	0.016	1.1e-05	  2.20296	2.76e-02
NA	/data/songy4/twas/output/weights//ENSG00000163694.wgt.RDat	ENSG00000163694	4	40425272	40632892	0.0899	rs4861333	  3.38	rs790142	 4.97e-02	  8.00	 -0.77143	 543	  8	lasso	0.062	9.3e-18	 -0.88186	3.78e-01
NA	/data/songy4/twas/output/weights//ENSG00000179299.wgt.RDat	ENSG00000179299	4	40751914	40812002	0.2927	rs4861333	  3.38	rs790142	 2.04e-01	 15.35	 -0.77143	 514	  8	lasso	0.23	4.1e-68	 -0.72012	4.71e-01
NA	/data/songy4/twas/output/weights//ENSG00000163697.wgt.RDat	ENSG00000163697	4	40812044	41218731	0.3497	rs4861333	  3.38	rs11940114	 3.27e-01	 19.30	  0.43382	 664	 27	enet	0.35	1.4e-108	  0.24292	8.08e-01
NA	/data/songy4/twas/output/weights//ENSG00000064042.wgt.RDat	ENSG00000064042	4	41361624	41702061	0.1314	rs11930133	 -4.11	rs2068783	 2.02e-02	  6.67	 -1.41509	 590	 31	enet	0.059	4.9e-17	 -0.29769	7.66e-01
NA	/data/songy4/twas/output/weights//ENSG00000182308.wgt.RDat	ENSG00000182308	4	41983713	41988476	0.0433	rs11930133	 -4.11	rs7681854	 2.01e-02	 -6.05	 -1.69753	 420	 19	enet	0.028	7.1e-09	  1.10939	2.67e-01
NA	/data/songy4/twas/output/weights//ENSG00000014824.wgt.RDat	ENSG00000014824	4	41992489	42092474	0.1847	rs11930133	 -4.11	rs13122139	 7.39e-02	 -9.46	 -1.09938	 457	 38	enet	0.11	5.9e-30	  2.10647	3.52e-02
NA	/data/songy4/twas/output/weights//ENSG00000178343.wgt.RDat	ENSG00000178343	4	42399856	42404504	0.0202	rs11930133	 -4.11	rs16854296	 1.02e-02	  4.57	 -0.39589	 485	 13	enet	0.018	3.3e-06	 -0.27184	7.86e-01
NA	/data/songy4/twas/output/weights//ENSG00000124406.wgt.RDat	ENSG00000124406	4	42410390	42659122	0.1948	rs11930133	 -4.11	rs1460347	 1.55e-01	 13.39	 -0.70312	 585	 14	lasso	0.19	4.8e-55	  0.18724	8.51e-01
NA	/data/songy4/twas/output/weights//ENSG00000151806.wgt.RDat	ENSG00000151806	4	44680444	44702943	0.0663	rs12508467	 -3.03	rs12499960	 9.86e-02	 11.23	 -1.38596	 382	  8	lasso	0.11	8.4e-32	 -1.61426	1.06e-01
NA	/data/songy4/twas/output/weights//ENSG00000163281.wgt.RDat	ENSG00000163281	4	44684217	44728612	0.0234	rs12508467	 -3.03	rs2348351	 1.76e-02	 -5.31	 -2.10000	 385	  1	top1	0.018	4.3e-06	  2.10000	3.57e-02
NA	/data/songy4/twas/output/weights//ENSG00000163285.wgt.RDat	ENSG00000163285	4	46037786	46126098	0.3122	rs4293822	  3.03	rs1389040	 2.48e-03	  3.68	 -0.09574	 273	 52	enet	0.048	4.5e-14	 -0.31192	7.55e-01
NA	/data/songy4/twas/output/weights//ENSG00000109158.wgt.RDat	ENSG00000109158	4	46920917	46996424	0.0167	rs17539361	 -3.41	rs1512142	 8.65e-03	 -4.33	  1.61856	 343	 12	enet	0.0097	0.00051	 -0.91143	3.62e-01
NA	/data/songy4/twas/output/weights//ENSG00000169019.wgt.RDat	ENSG00000169019	4	47452885	47465736	0.0321	rs17539361	 -3.41	rs1371729	 2.12e-02	  5.12	 -0.36582	 404	  1	top1	0.021	4.9e-07	 -0.36582	7.14e-01
NA	/data/songy4/twas/output/weights//ENSG00000145246.wgt.RDat	ENSG00000145246	4	47487305	47595503	0.1108	rs17539361	 -3.41	rs13106855	 8.12e-02	 -9.89	  0.02020	 438	 42	enet	0.091	1.2e-25	  0.11538	9.08e-01
NA	/data/songy4/twas/output/weights//ENSG00000145244.wgt.RDat	ENSG00000145244	4	47596015	47840123	0.4545	rs17609346	 -3.52	rs6823698	 6.15e-01	 26.44	 -0.29990	 525	 19	enet	0.63	9e-248	 -0.37650	7.07e-01
NA	/data/songy4/twas/output/weights//ENSG00000170448.wgt.RDat	ENSG00000170448	4	47849257	47916653	0.6247	rs17609346	 -3.52	rs6823698	 7.49e-01	 29.17	 -0.28552	 444	  1	top1	0.75	0	 -0.28552	7.75e-01
NA	/data/songy4/twas/output/weights//ENSG00000163293.wgt.RDat	ENSG00000163293	4	47916159	48042188	0.4763	rs17609346	 -3.52	rs1866689	 6.06e-01	 26.31	 -0.27185	 453	 24	enet	0.63	5.8e-247	 -0.34990	7.26e-01
NA	/data/songy4/twas/output/weights//ENSG00000074966.wgt.RDat	ENSG00000074966	4	48068410	48136273	0.0943	rs17609346	 -3.52	rs4695345	 6.29e-02	  8.62	 -1.30769	 402	  1	top1	0.063	5.4e-18	 -1.30769	1.91e-01
NA	/data/songy4/twas/output/weights//ENSG00000135605.wgt.RDat	ENSG00000135605	4	48137800	48271881	0.0572	rs17609346	 -3.52	rs6823698	 1.42e-02	  5.38	 -0.26959	 390	 30	enet	0.027	1.4e-08	 -0.99717	3.19e-01
NA	/data/songy4/twas/output/weights//ENSG00000109171.wgt.RDat	ENSG00000109171	4	48343339	48428229	0.0238	rs17609346	 -3.52	rs10001054	 2.60e-02	  5.68	 -1.34862	 370	  1	top1	0.026	2.7e-08	 -1.34862	1.77e-01
NA	/data/songy4/twas/output/weights//ENSG00000109180.wgt.RDat	ENSG00000109180	4	48807229	48863834	0.0212	rs17609346	 -3.52	rs3761729	 1.62e-02	 -4.93	 -1.12245	 222	 13	enet	0.016	8.7e-06	  0.92533	3.55e-01
NA	/data/songy4/twas/output/weights//ENSG00000163069.wgt.RDat	ENSG00000163069	4	52886872	52904648	0.0447	rs7440594	 -3.18	rs398015	 3.11e-02	 -7.75	 -2.27273	 200	  9	lasso	0.044	4.1e-13	  1.80254	7.15e-02
NA	/data/songy4/twas/output/weights//ENSG00000163071.wgt.RDat	ENSG00000163071	4	52917497	52963458	0.0975	rs7440594	 -3.18	rs13147207	 1.42e-01	-13.03	 -0.65306	 218	 15	enet	0.14	5e-40	  1.28582	1.99e-01
NA	/data/songy4/twas/output/weights//ENSG00000109189.wgt.RDat	ENSG00000109189	4	53457138	53525502	0.0659	rs6858566	 -3.12	rs6828126	 2.46e-02	  5.76	 -0.74522	 316	 44	enet	0.033	3.2e-10	 -0.14785	8.82e-01
NA	/data/songy4/twas/output/weights//ENSG00000184178.wgt.RDat	ENSG00000184178	4	53739149	54232242	0.0382	rs6858566	 -3.12	rs17082476	 2.04e-02	 -6.05	  1.47179	 573	  3	lasso	0.029	4.6e-09	 -1.65350	9.82e-02
NA	/data/songy4/twas/output/weights//ENSG00000145216.wgt.RDat	ENSG00000145216	4	54243810	55161439	0.0221	rs2412495	  3.10	rs12507739	 7.77e-03	 -4.25	 -0.29630	 814	  1	top1	0.0078	0.0017	  0.29630	7.67e-01
NA	/data/songy4/twas/output/weights//ENSG00000128039.wgt.RDat	ENSG00000128039	4	56212276	56239263	0.8608	rs10050046	  2.79	rs11133377	 2.62e-01	 17.29	  0.27027	 409	144	enet	0.63	6.8e-251	  0.67211	5.02e-01
NA	/data/songy4/twas/output/weights//ENSG00000134852.wgt.RDat	ENSG00000134852	4	56294070	56413305	0.0746	rs10050046	  2.79	rs1522112	 1.39e-01	 12.90	 -1.09000	 454	 14	lasso	0.14	1.8e-39	 -0.93356	3.51e-01
NA	/data/songy4/twas/output/weights//ENSG00000157426.wgt.RDat	ENSG00000157426	4	57204456	57253666	0.1643	rs12640906	  2.69	rs11133439	 2.34e-01	 16.36	 -0.24742	 457	  7	lasso	0.25	1.4e-72	 -0.32000	7.49e-01
NA	/data/songy4/twas/output/weights//ENSG00000128059.wgt.RDat	ENSG00000128059	4	57259528	57301781	0.0945	rs12640906	  2.69	rs11133443	 6.89e-02	  9.00	 -1.12418	 457	 26	enet	0.071	2.7e-20	 -0.36814	7.13e-01
NA	/data/songy4/twas/output/weights//ENSG00000174780.wgt.RDat	ENSG00000174780	4	57333081	57369839	0.0403	rs12640906	  2.69	rs6849183	 1.73e-02	 -5.52	 -0.00820	 461	  1	top1	0.017	5.1e-06	  0.00820	9.93e-01
NA	/data/songy4/twas/output/weights//ENSG00000196503.wgt.RDat	ENSG00000196503	4	57371509	57390614	0.0473	rs12640906	  2.69	rs6849183	 5.81e-03	 -4.61	 -0.00820	 454	 19	enet	0.011	0.00024	 -0.59318	5.53e-01
NA	/data/songy4/twas/output/weights//ENSG00000249693.wgt.RDat	ENSG00000249693	4	57396775	57469673	0.1515	rs1713971	  2.86	rs10013766	 1.23e-01	 12.02	 -0.63504	 531	 10	enet	0.13	1.5e-36	 -1.03973	2.98e-01
NA	/data/songy4/twas/output/weights//ENSG00000128040.wgt.RDat	ENSG00000128040	4	57676026	57687908	0.1378	rs1713971	  2.86	rs6818605	 5.40e-02	  8.20	  0.02521	 509	 31	enet	0.082	5.1e-23	  0.33975	7.34e-01
NA	/data/songy4/twas/output/weights//ENSG00000084093.wgt.RDat	ENSG00000084093	4	57774075	57802010	0.0548	rs1713971	  2.86	rs7680140	 3.62e-02	 -6.52	  0.91753	 549	  6	lasso	0.049	2e-14	 -1.10520	2.69e-01
NA	/data/songy4/twas/output/weights//ENSG00000084092.wgt.RDat	ENSG00000084092	4	57829536	57844989	0.0432	rs1713971	  2.86	rs10028733	 9.41e-03	 -4.34	 -0.62780	 552	 13	enet	0.012	9.4e-05	  1.14835	2.51e-01
NA	/data/songy4/twas/output/weights//ENSG00000163453.wgt.RDat	ENSG00000163453	4	57896939	57976551	0.0585	rs1713971	  2.86	rs4865182	 2.19e-03	  4.90	 -2.65649	 573	 27	enet	0.024	7.4e-08	 -0.43972	6.60e-01
NA	/data/songy4/twas/output/weights//ENSG00000145241.wgt.RDat	ENSG00000145241	4	68337521	68411324	0.6319	rs2711158	 -4.11	rs1056787	 4.16e-01	-21.73	 -0.62195	 433	 17	lasso	0.45	2.6e-149	  0.75756	4.49e-01
NA	/data/songy4/twas/output/weights//ENSG00000035720.wgt.RDat	ENSG00000035720	4	68424446	68473055	0.0318	rs2711158	 -4.11	rs7655850	 8.97e-03	  3.99	  0.44118	 425	  1	top1	0.009	8e-04	  0.44118	6.59e-01
NA	/data/songy4/twas/output/weights//ENSG00000033178.wgt.RDat	ENSG00000033178	4	68478370	68566897	0.0250	rs2711158	 -4.11	rs17573883	-2.50e-04	 -3.59	 -0.53913	 436	 25	enet	0.00098	0.15	  0.12647	8.99e-01
NA	/data/songy4/twas/output/weights//ENSG00000197888.wgt.RDat	ENSG00000197888	4	69402902	69434245	0.0424	rs7674768	  1.77	rs7670560	 1.70e-02	  4.66	  0.24107	 100	 11	enet	0.02	9.2e-07	  0.30954	7.57e-01
NA	/data/songy4/twas/output/weights//ENSG00000135220.wgt.RDat	ENSG00000135220	4	69794181	69817509	0.7524	rs28633960	 -1.69	rs4299663	 9.98e-02	 11.60	  1.14029	 111	 58	enet	0.37	4.5e-118	  0.80494	4.21e-01
NA	/data/songy4/twas/output/weights//ENSG00000213759.wgt.RDat	ENSG00000213759	4	70065669	70080449	0.1555	rs6832167	 -1.73	rs6830865	 5.79e-02	  8.49	  1.33333	 316	 25	enet	0.073	1.4e-20	  1.19536	2.32e-01
NA	/data/songy4/twas/output/weights//ENSG00000135226.wgt.RDat	ENSG00000135226	4	70146217	70160768	0.0245	rs4149417	  2.32	rs17147304	 3.35e-02	 -6.29	 -0.89465	 350	  1	top1	0.034	2.9e-10	  0.89465	3.71e-01
NA	/data/songy4/twas/output/weights//ENSG00000173597.wgt.RDat	ENSG00000173597	4	70586880	70653679	0.0737	rs1612460	 -3.13	rs1394037	 6.15e-02	 -8.60	 -0.62857	 504	 11	lasso	0.07	8.3e-20	  0.19319	8.47e-01
NA	/data/songy4/twas/output/weights//ENSG00000126545.wgt.RDat	ENSG00000126545	4	70796799	70812289	0.0705	rs1612460	 -3.13	rs3775774	 8.31e-02	  9.78	 -0.92593	 570	  3	lasso	0.088	1.1e-24	 -0.76302	4.45e-01
NA	/data/songy4/twas/output/weights//ENSG00000018189.wgt.RDat	ENSG00000018189	4	71569921	71673032	0.0231	rs17660273	  2.74	rs6853272	 1.26e-02	  4.82	  0.43321	 432	  1	top1	0.013	8.8e-05	  0.43321	6.65e-01
NA	/data/songy4/twas/output/weights//ENSG00000156136.wgt.RDat	ENSG00000156136	4	71858255	71896631	0.0690	rs3733399	  2.15	rs6826930	 2.55e-02	 -6.11	  0.06443	 325	  9	lasso	0.04	5.4e-12	 -0.61743	5.37e-01
NA	/data/songy4/twas/output/weights//ENSG00000080493.wgt.RDat	ENSG00000080493	4	72053003	72437804	0.0415	rs1851024	  2.61	rs12330929	 8.27e-03	  4.83	  0.14141	 446	  9	lasso	0.0095	0.00056	  0.12833	8.98e-01
NA	/data/songy4/twas/output/weights//ENSG00000156140.wgt.RDat	ENSG00000156140	4	73146686	73434516	0.0326	rs1318824	  2.66	rs1402155	 3.15e-03	  3.97	  1.82692	 424	 24	enet	0.012	9.4e-05	  2.34087	1.92e-02
NA	/data/songy4/twas/output/weights//ENSG00000163626.wgt.RDat	ENSG00000163626	4	73921797	73935472	0.0262	rs1318824	  2.66	rs13141048	 1.31e-03	 -3.84	  0.63303	 309	 16	enet	0.0031	0.033	  1.07854	2.81e-01
NA	/data/songy4/twas/output/weights//ENSG00000163631.wgt.RDat	ENSG00000163631	4	74262831	74287129	0.0265	rs960821	  1.72	rs4995246	 1.73e-02	  5.16	 -0.76699	 312	  1	top1	0.017	5.2e-06	 -0.76699	4.43e-01
NA	/data/songy4/twas/output/weights//ENSG00000169435.wgt.RDat	ENSG00000169435	4	74437267	74486348	0.1575	rs3806792	  2.17	rs16849727	 1.08e-01	 11.31	 -0.60952	 293	  7	lasso	0.14	1.2e-40	 -0.66555	5.06e-01
NA	/data/songy4/twas/output/weights//ENSG00000169429.wgt.RDat	ENSG00000169429	4	74606223	74609433	0.0794	rs3806792	  2.18	rs1951703	 7.51e-02	 -9.33	 -0.46667	 292	  6	lasso	0.076	2.2e-21	  0.43847	6.61e-01
NA	/data/songy4/twas/output/weights//ENSG00000124875.wgt.RDat	ENSG00000124875	4	74702214	74714781	0.0291	rs10518121	  2.32	rs2367273	 1.66e-02	 -5.02	 -0.55607	 322	  1	top1	0.017	7.8e-06	  0.55607	5.78e-01
NA	/data/songy4/twas/output/weights//ENSG00000109272.wgt.RDat	ENSG00000109272	4	74718906	74719872	0.6080	rs10518121	  2.32	rs941758	 4.78e-01	 23.36	  0.72549	 325	 14	lasso	0.5	4.8e-171	  0.86673	3.86e-01
NA	/data/songy4/twas/output/weights//ENSG00000163739.wgt.RDat	ENSG00000163739	4	74735110	74736959	0.0529	rs10518121	  2.32	rs1429638	 9.71e-03	 -4.83	 -0.46970	 332	 23	enet	0.03	3.1e-09	  1.19192	2.33e-01
NA	/data/songy4/twas/output/weights//ENSG00000163735.wgt.RDat	ENSG00000163735	4	74861359	74864496	0.2578	rs10518121	  2.32	rs425535	 2.92e-01	 18.32	  0.10828	 340	  1	top1	0.29	1.5e-87	  0.10828	9.14e-01
NA	/data/songy4/twas/output/weights//ENSG00000163738.wgt.RDat	ENSG00000163738	4	74979891	75168816	0.1142	rs10518121	  2.32	rs4694183	 1.21e-01	 11.83	  0.01688	 360	 35	enet	0.12	2.9e-34	 -0.06468	9.48e-01
NA	/data/songy4/twas/output/weights//ENSG00000124882.wgt.RDat	ENSG00000124882	4	75230860	75254468	0.0608	rs16999874	  2.86	rs10023519	 5.67e-02	 -8.82	  0.61475	 332	  9	lasso	0.088	9.7e-25	 -0.31416	7.53e-01
NA	/data/songy4/twas/output/weights//ENSG00000163743.wgt.RDat	ENSG00000163743	4	76404247	76439974	0.4299	rs2175766	 -3.15	rs2867919	 3.36e-01	 19.59	 -0.41880	 441	 11	lasso	0.42	1.1e-136	  0.11770	9.06e-01
NA	/data/songy4/twas/output/weights//ENSG00000174796.wgt.RDat	ENSG00000174796	4	76439156	76475683	0.0187	rs2175766	 -3.15	rs2126854	 2.05e-04	 -3.50	 -0.43590	 455	 18	enet	0.0018	0.078	  0.22566	8.21e-01
NA	/data/songy4/twas/output/weights//ENSG00000174792.wgt.RDat	ENSG00000174792	4	76481258	76491095	0.0604	rs2175766	 -3.15	rs2061742	 1.28e-02	  5.58	  1.80412	 436	 36	enet	0.026	2.5e-08	  3.25823	1.12e-03
NA	/data/songy4/twas/output/weights//ENSG00000138769.wgt.RDat	ENSG00000138769	4	76503215	76555900	0.0308	rs4859425	  4.85	rs6852678	 2.09e-02	 -5.37	 -0.44762	 467	  1	top1	0.021	5.7e-07	  0.44762	6.54e-01
NA	/data/songy4/twas/output/weights//ENSG00000138757.wgt.RDat	ENSG00000138757	4	76567966	76649709	0.0304	rs4530661	  8.71	rs34165603	 2.07e-02	 -5.44	  2.40816	 483	  1	top1	0.021	6.5e-07	 -2.40816	1.60e-02
NA	/data/songy4/twas/output/weights//ENSG00000138768.wgt.RDat	ENSG00000138768	4	76649777	76735382	0.0349	rs6812193	 -9.38	rs3853184	 3.09e-02	 -6.44	 -2.31655	 523	  8	enet	0.032	5.8e-10	  2.75713	5.83e-03
NA	/data/songy4/twas/output/weights//ENSG00000156194.wgt.RDat	ENSG00000156194	4	76781020	76823724	0.1330	rs6812193	 -9.38	rs13125558	 7.04e-02	  9.71	 -0.94845	 473	 40	enet	0.096	4.5e-27	  3.25371	1.14e-03
NA	/data/songy4/twas/output/weights//ENSG00000138744.wgt.RDat	ENSG00000138744	4	76831809	76862204	0.6660	rs6812193	 -9.38	rs11731367	 4.63e-01	 23.64	  1.10185	 461	 16	lasso	0.71	9.9e-310	  0.77208	4.40e-01
NA	/data/songy4/twas/output/weights//ENSG00000138755.wgt.RDat	ENSG00000138755	4	76922428	76928641	0.0282	rs6812193	 -9.38	rs10336	 7.24e-03	 -4.76	 -0.43617	 471	  5	lasso	0.012	0.00014	  1.20371	2.29e-01
NA	/data/songy4/twas/output/weights//ENSG00000156219.wgt.RDat	ENSG00000156219	4	76932337	77033955	0.0201	rs6812193	 -9.38	rs9790644	 9.89e-03	  4.30	  1.31915	 534	  1	top1	0.0099	0.00046	  1.31915	1.87e-01
NA	/data/songy4/twas/output/weights//ENSG00000169245.wgt.RDat	ENSG00000169245	4	76942273	76944650	0.0366	rs6812193	 -9.38	rs10336	 3.99e-02	 -6.97	 -0.43617	 478	  9	lasso	0.046	1.6e-13	  1.33882	1.81e-01
NA	/data/songy4/twas/output/weights//ENSG00000138750.wgt.RDat	ENSG00000138750	4	77035812	77069668	0.0531	rs6812193	 -9.38	rs11723400	 4.64e-02	  8.38	 -0.02020	 499	 14	enet	0.069	9.5e-20	  0.77103	4.41e-01
NA	/data/songy4/twas/output/weights//ENSG00000138760.wgt.RDat	ENSG00000138760	4	77079890	77135046	0.1635	rs6812193	 -9.38	rs4859442	 2.24e-02	 -5.70	 -7.24211	 502	 68	enet	0.067	5.7e-19	  9.01691	1.93e-19
NA	/data/songy4/twas/output/weights//ENSG00000118804.wgt.RDat	ENSG00000118804	4	77172886	77232752	0.1305	rs6812193	 -9.38	rs1911737	 1.24e-01	-12.08	 -3.12230	 521	  7	lasso	0.13	2e-36	  4.87934	1.06e-06
NA	/data/songy4/twas/output/weights//ENSG00000138771.wgt.RDat	ENSG00000138771	4	77356253	77704406	0.0350	rs6812193	 -9.38	rs10023335	 1.71e-02	  6.20	  4.40000	 715	  5	lasso	0.027	1.4e-08	  5.21293	1.86e-07
NA	/data/songy4/twas/output/weights//ENSG00000138758.wgt.RDat	ENSG00000138758	4	77870856	77961537	0.0897	rs1511817	 -5.59	rs2055209	 7.17e-02	 -9.47	 -0.59804	 600	  1	top1	0.072	2.3e-20	  0.59804	5.50e-01
NA	/data/songy4/twas/output/weights//ENSG00000169288.wgt.RDat	ENSG00000169288	4	78783674	78873944	0.0353	rs4859877	  2.72	rs28552793	 5.67e-03	  4.77	  0.59563	 499	 24	enet	0.024	9.6e-08	  0.87636	3.81e-01
NA	/data/songy4/twas/output/weights//ENSG00000138772.wgt.RDat	ENSG00000138772	4	79472673	79531597	0.0942	rs4472163	  2.37	rs4975144	 7.66e-02	  9.49	  1.45872	 487	  1	top1	0.077	1.2e-21	  1.45872	1.45e-01
NA	/data/songy4/twas/output/weights//ENSG00000138756.wgt.RDat	ENSG00000138756	4	79697496	79837526	0.1183	rs4472163	  2.37	rs1108907	 5.11e-02	  8.09	  0.39286	 447	 51	enet	0.054	1.3e-15	 -0.40497	6.85e-01
NA	/data/songy4/twas/output/weights//ENSG00000163297.wgt.RDat	ENSG00000163297	4	80822303	81046608	0.0708	rs17004853	  3.69	rs4264776	 6.25e-03	 -4.88	 -0.12371	 443	 41	enet	0.032	7.7e-10	 -2.83100	4.64e-03
NA	/data/songy4/twas/output/weights//ENSG00000152784.wgt.RDat	ENSG00000152784	4	81105033	81125483	0.1223	rs17004853	  3.69	rs7664600	 4.10e-02	 -7.03	  0.44000	 374	 66	enet	0.065	1.7e-18	 -3.22201	1.27e-03
NA	/data/songy4/twas/output/weights//ENSG00000138669.wgt.RDat	ENSG00000138669	4	82009837	82136218	0.2601	rs10488928	 -2.67	rs11736177	 3.09e-01	-19.09	  0.04032	 401	  5	lasso	0.31	3.5e-95	 -0.24817	8.04e-01
NA	/data/songy4/twas/output/weights//ENSG00000145293.wgt.RDat	ENSG00000145293	4	83351715	83382244	0.1571	rs4693026	  2.36	rs8732	 1.15e-01	 11.66	  1.08021	 466	  8	lasso	0.12	4.8e-34	  1.07031	2.84e-01
NA	/data/songy4/twas/output/weights//ENSG00000145284.wgt.RDat	ENSG00000145284	4	83550692	83720010	0.4522	rs4693026	  2.36	rs10026872	 6.42e-01	 27.03	  0.78049	 518	 31	enet	0.64	1.4e-257	  0.86855	3.85e-01
NA	/data/songy4/twas/output/weights//ENSG00000168152.wgt.RDat	ENSG00000168152	4	83821837	83841122	0.0225	rs4364254	 -3.31	rs3214024	 1.77e-02	 -5.47	  2.02478	 481	  1	top1	0.018	3.9e-06	 -2.02478	4.29e-02
NA	/data/songy4/twas/output/weights//ENSG00000189308.wgt.RDat	ENSG00000189308	4	83831126	83934079	0.0619	rs4364254	 -3.31	rs11938691	 5.37e-02	 -8.09	  2.10400	 501	  3	lasso	0.058	9e-17	 -1.63159	1.03e-01
NA	/data/songy4/twas/output/weights//ENSG00000173085.wgt.RDat	ENSG00000173085	4	84182689	84206067	0.0966	rs4364254	 -3.31	rs4693612	 4.13e-02	  7.77	 -2.43976	 397	  4	lasso	0.062	9.8e-18	 -3.07836	2.08e-03
NA	/data/songy4/twas/output/weights//ENSG00000173083.wgt.RDat	ENSG00000173083	4	84213614	84256306	0.1424	rs4364254	 -3.31	rs2868758	-3.16e-04	 -4.17	 -0.00714	 396	 39	enet	0.054	1.2e-15	  0.12654	8.99e-01
NA	/data/songy4/twas/output/weights//ENSG00000163312.wgt.RDat	ENSG00000163312	4	84328496	84377009	0.0320	rs4364254	 -3.31	rs6535481	 1.77e-02	 -5.08	  0.68085	 416	 17	enet	0.022	3.6e-07	 -0.62202	5.34e-01
NA	/data/songy4/twas/output/weights//ENSG00000163319.wgt.RDat	ENSG00000163319	4	84377085	84390888	0.1124	rs4364254	 -3.31	rs13141136	 1.39e-01	 12.92	  0.88056	 407	  1	top1	0.14	4.6e-39	  0.88056	3.79e-01
NA	/data/songy4/twas/output/weights//ENSG00000163322.wgt.RDat	ENSG00000163322	4	84382092	84444501	0.1202	rs4364254	 -3.31	rs1494961	 1.51e-01	-13.12	  1.11702	 431	  1	top1	0.15	2e-42	 -1.11702	2.64e-01
NA	/data/songy4/twas/output/weights//ENSG00000138678.wgt.RDat	ENSG00000138678	4	84457067	84527028	0.3146	rs4364254	 -3.31	rs1474250	 2.71e-01	 17.60	 -0.28571	 441	  8	lasso	0.35	1.3e-109	  0.02203	9.82e-01
NA	/data/songy4/twas/output/weights//ENSG00000163624.wgt.RDat	ENSG00000163624	4	85504132	85572491	0.0152	rs17367775	 -3.61	rs17009161	 2.19e-03	 -3.56	 -0.19685	 337	  1	top1	0.0022	0.062	  0.19685	8.44e-01
NA	/data/songy4/twas/output/weights//ENSG00000163625.wgt.RDat	ENSG00000163625	4	85590704	85887544	0.0223	rs17367775	 -3.61	rs6853486	 2.35e-02	 -5.76	  0.20408	 449	  1	top1	0.024	1.2e-07	 -0.20408	8.38e-01
NA	/data/songy4/twas/output/weights//ENSG00000138639.wgt.RDat	ENSG00000138639	4	86396267	86923823	0.0906	rs13118367	 -2.53	rs12644260	 7.69e-02	 -9.71	  0.48246	 621	 22	enet	0.078	4e-22	 -0.58847	5.56e-01
NA	/data/songy4/twas/output/weights//ENSG00000109339.wgt.RDat	ENSG00000109339	4	86936276	87515284	0.0487	rs10489044	 -2.99	rs2290882	 1.81e-02	  6.27	  0.14545	 590	 25	enet	0.026	3.2e-08	  0.09838	9.22e-01
NA	/data/songy4/twas/output/weights//ENSG00000145332.wgt.RDat	ENSG00000145332	4	88081255	88161466	0.0601	rs10489044	 -2.99	rs1552144	 2.77e-02	  5.94	 -0.15044	 421	 19	enet	0.036	5.4e-11	  0.64129	5.21e-01
NA	/data/songy4/twas/output/weights//ENSG00000170509.wgt.RDat	ENSG00000170509	4	88224941	88244058	0.5766	rs10489044	 -2.99	rs4693811	 1.57e-01	 13.45	  1.00000	 421	 83	enet	0.28	1.5e-83	  0.48653	6.27e-01
NA	/data/songy4/twas/output/weights//ENSG00000198189.wgt.RDat	ENSG00000198189	4	88257762	88312538	0.3756	rs10489044	 -2.99	rs6531983	 9.42e-02	-10.43	  0.79091	 471	 36	enet	0.2	4.2e-58	 -1.68344	9.23e-02
NA	/data/songy4/twas/output/weights//ENSG00000170502.wgt.RDat	ENSG00000170502	4	88343734	88380606	0.0353	rs10489044	 -2.99	rs10017282	 3.62e-02	 -6.65	  1.11475	 478	  1	top1	0.036	6e-11	 -1.11475	2.65e-01
NA	/data/songy4/twas/output/weights//ENSG00000152595.wgt.RDat	ENSG00000152595	4	88742563	88767969	0.0271	rs4466013	 -2.76	rs9684766	 2.02e-02	 -5.13	 -1.33981	 512	  1	top1	0.02	8.8e-07	  1.33981	1.80e-01
NA	/data/songy4/twas/output/weights//ENSG00000118785.wgt.RDat	ENSG00000118785	4	88896819	88904562	0.5516	rs4466013	 -2.76	rs6813526	 3.17e-01	-19.01	  0.54630	 514	 10	lasso	0.58	2.2e-215	  0.46229	6.44e-01
NA	/data/songy4/twas/output/weights//ENSG00000118762.wgt.RDat	ENSG00000118762	4	88928820	88998929	0.6086	rs4466013	 -2.76	rs4693923	 5.15e-02	  9.10	  0.10667	 528	126	enet	0.37	2e-116	  1.82201	6.85e-02
NA	/data/songy4/twas/output/weights//ENSG00000118777.wgt.RDat	ENSG00000118777	4	89011416	89152474	0.3363	rs2924349	  3.42	rs36111742	 1.53e-01	 13.26	 -0.37143	 524	  8	lasso	0.24	1.1e-68	  0.18148	8.56e-01
NA	/data/songy4/twas/output/weights//ENSG00000138642.wgt.RDat	ENSG00000138642	4	89299891	89364263	0.0369	rs2924349	  3.42	rs7677237	 3.00e-04	  3.37	 -0.17413	 448	 24	enet	0.021	5.9e-07	 -0.89545	3.71e-01
NA	/data/songy4/twas/output/weights//ENSG00000138646.wgt.RDat	ENSG00000138646	4	89378268	89427314	0.0430	rs2924349	  3.42	rs17014252	-5.22e-04	 -3.42	  2.51724	 434	 38	enet	0.0032	0.032	 -1.34143	1.80e-01
NA	/data/songy4/twas/output/weights//ENSG00000145337.wgt.RDat	ENSG00000145337	4	89442136	89444964	0.0464	rs2924349	  3.42	rs3733446	 1.69e-02	  5.88	  0.53846	 406	  3	lasso	0.028	6.3e-09	  1.20452	2.28e-01
NA	/data/songy4/twas/output/weights//ENSG00000138641.wgt.RDat	ENSG00000138641	4	89442199	89629693	0.0175	rs2924349	  3.42	rs3017895	 2.64e-02	 -5.86	  3.17333	 501	  1	top1	0.026	2.1e-08	 -3.17333	1.51e-03
NA	/data/songy4/twas/output/weights//ENSG00000177432.wgt.RDat	ENSG00000177432	4	89617066	89619386	0.0203	rs2924349	  3.42	rs2860419	 1.74e-02	 -5.39	  1.03704	 403	  1	top1	0.017	4.6e-06	 -1.03704	3.00e-01
NA	/data/songy4/twas/output/weights//ENSG00000138640.wgt.RDat	ENSG00000138640	4	89647106	90032549	0.1113	rs10516839	 11.88	rs1246642	 1.20e-01	 12.17	 -0.94017	 594	 15	lasso	0.15	6.2e-41	 -0.32203	7.47e-01
NA	/data/songy4/twas/output/weights//ENSG00000180346.wgt.RDat	ENSG00000180346	4	90033968	90036050	0.1253	rs10516839	 11.88	rs7657630	 1.48e-01	-13.20	 -0.31928	 464	  8	lasso	0.16	5.3e-45	  0.22913	8.19e-01
NA	/data/songy4/twas/output/weights//ENSG00000185477.wgt.RDat	ENSG00000185477	4	90157537	90229161	0.0576	rs356200	 22.59	rs1394342	 5.94e-02	 -8.31	  2.19231	 480	  1	top1	0.059	4.7e-17	 -2.19231	2.84e-02
NA	/data/songy4/twas/output/weights//ENSG00000145335.wgt.RDat	ENSG00000145335	4	90645250	90759466	0.1066	rs356200	 22.59	rs1471484	 9.96e-02	 11.10	-16.95000	 445	  6	lasso	0.11	1.6e-31	-15.11646	1.26e-51
NA	/data/songy4/twas/output/weights//ENSG00000163104.wgt.RDat	ENSG00000163104	4	95128762	95212443	0.0493	rs17301372	  2.57	rs6848742	 2.88e-02	  6.75	 -1.00806	 418	 26	enet	0.04	4.7e-12	  0.32345	7.46e-01
NA	/data/songy4/twas/output/weights//ENSG00000138696.wgt.RDat	ENSG00000138696	4	95679119	96079599	0.0925	rs10022467	  2.70	rs17345417	 6.55e-02	  9.27	  1.89744	 722	  4	lasso	0.07	7.6e-20	  1.60050	1.09e-01
NA	/data/songy4/twas/output/weights//ENSG00000182168.wgt.RDat	ENSG00000182168	4	96083655	96470357	0.1043	rs10022467	  2.70	rs4699837	 3.72e-02	  7.58	 -1.54808	 754	 10	lasso	0.089	4.5e-25	 -1.71416	8.65e-02
NA	/data/songy4/twas/output/weights//ENSG00000163116.wgt.RDat	ENSG00000163116	4	98105244	99064391	0.0813	rs12644209	  3.21	rs13116475	 1.21e-01	-11.78	 -0.85716	 599	  7	lasso	0.12	6.3e-35	  0.82882	4.07e-01
NA	/data/songy4/twas/output/weights//ENSG00000138698.wgt.RDat	ENSG00000138698	4	99182535	99365012	0.0333	rs11723037	  2.37	rs3974886	 3.90e-03	  4.02	  0.39888	 409	 12	enet	0.0079	0.0016	 -0.08894	9.29e-01
NA	/data/songy4/twas/output/weights//ENSG00000168785.wgt.RDat	ENSG00000168785	4	99391518	99579780	0.0939	rs6855482	  2.42	rs17027607	 3.17e-03	 -4.86	  1.65157	 509	 24	enet	0.029	5.3e-09	 -0.57166	5.68e-01
NA	/data/songy4/twas/output/weights//ENSG00000151247.wgt.RDat	ENSG00000151247	4	99792835	99851788	0.2307	rs3805331	 -2.88	rs17570252	 2.43e-01	 16.70	  1.59459	 523	  1	top1	0.24	5.2e-71	  1.59459	1.11e-01
NA	/data/songy4/twas/output/weights//ENSG00000164024.wgt.RDat	ENSG00000164024	4	99916771	99983964	0.0205	rs3805331	 -2.88	rs4699713	 1.42e-02	 -5.74	  0.89423	 536	  9	lasso	0.016	8.2e-06	 -1.44744	1.48e-01
NA	/data/songy4/twas/output/weights//ENSG00000197894.wgt.RDat	ENSG00000197894	4	99992132	100009952	0.1600	rs3805331	 -2.88	rs7669660	 1.60e-01	 14.24	  0.78472	 513	  8	lasso	0.22	2.3e-62	  1.01930	3.08e-01
NA	/data/songy4/twas/output/weights//ENSG00000145331.wgt.RDat	ENSG00000145331	4	100467866	100485189	0.0883	rs3805331	 -2.88	rs13129571	 2.06e-02	 -5.98	  1.40336	 516	 35	enet	0.038	1.6e-11	 -1.57310	1.16e-01
NA	/data/songy4/twas/output/weights//ENSG00000070190.wgt.RDat	ENSG00000070190	4	100737990	100791311	0.1908	rs3805331	 -2.88	rs6848337	 1.73e-01	-14.16	 -0.52381	 476	 29	enet	0.22	7.2e-64	 -0.46285	6.43e-01
NA	/data/songy4/twas/output/weights//ENSG00000109270.wgt.RDat	ENSG00000109270	4	100799493	100815647	0.0206	rs3805331	 -2.88	rs11936580	 5.13e-03	 -3.79	 -1.33051	 438	  1	top1	0.0051	0.0089	  1.33051	1.83e-01
NA	/data/songy4/twas/output/weights//ENSG00000164032.wgt.RDat	ENSG00000164032	4	100869243	100871545	0.0168	rs10516451	  2.82	rs11944405	 1.26e-02	 -5.30	 -1.59167	 419	 10	enet	0.013	6.2e-05	  1.14909	2.51e-01
NA	/data/songy4/twas/output/weights//ENSG00000138814.wgt.RDat	ENSG00000138814	4	101944566	102269435	0.1081	rs2866431	  2.98	rs2583398	 6.97e-02	 -9.02	  0.12464	 496	  6	lasso	0.1	6.4e-29	 -0.86994	3.84e-01
NA	/data/songy4/twas/output/weights//ENSG00000138821.wgt.RDat	ENSG00000138821	4	103172198	103352415	0.0364	rs13107325	 -5.33	rs922361	 1.53e-02	  5.38	  0.04651	 446	  1	top1	0.015	1.7e-05	  0.04651	9.63e-01
NA	/data/songy4/twas/output/weights//ENSG00000109320.wgt.RDat	ENSG00000109320	4	103422486	103538459	0.1038	rs13107325	 -5.33	rs1585213	 5.99e-02	  8.40	 -0.59459	 410	 12	enet	0.074	5.3e-21	  0.19984	8.42e-01
NA	/data/songy4/twas/output/weights//ENSG00000164038.wgt.RDat	ENSG00000164038	4	103941025	104006986	0.1098	rs13130741	 -2.82	rs7666067	 7.25e-02	 -9.17	 -0.36000	 361	  1	top1	0.073	1.4e-20	  0.36000	7.19e-01
NA	/data/songy4/twas/output/weights//ENSG00000164039.wgt.RDat	ENSG00000164039	4	104000592	104021040	0.2513	rs13130741	 -2.82	rs2623064	 4.16e-01	 21.78	 -0.75258	 337	  7	lasso	0.44	2.1e-146	 -0.83626	4.03e-01
NA	/data/songy4/twas/output/weights//ENSG00000138778.wgt.RDat	ENSG00000138778	4	104026963	104119566	0.0307	rs13130741	 -2.82	rs10516497	 1.40e-02	  5.05	 -0.95798	 368	  1	top1	0.014	3.6e-05	 -0.95798	3.38e-01
NA	/data/songy4/twas/output/weights//ENSG00000168772.wgt.RDat	ENSG00000168772	4	105389469	105416058	0.0282	rs17306518	 -2.34	rs3017685	 1.19e-02	  4.55	  1.52941	 326	  1	top1	0.012	0.00014	  1.52941	1.26e-01
NA	/data/songy4/twas/output/weights//ENSG00000168769.wgt.RDat	ENSG00000168769	4	106067032	106200973	0.0786	rs2725758	 -2.22	rs1498126	 6.24e-02	 -8.66	 -1.17241	 434	 10	enet	0.066	6.4e-19	  0.96569	3.34e-01
NA	/data/songy4/twas/output/weights//ENSG00000138777.wgt.RDat	ENSG00000138777	4	106290234	106395238	0.2487	rs13144832	 -2.21	rs2866792	 1.84e-02	  7.13	 -0.93950	 438	 45	enet	0.08	1.3e-22	 -0.31193	7.55e-01
NA	/data/songy4/twas/output/weights//ENSG00000138785.wgt.RDat	ENSG00000138785	4	106603784	106817143	0.0298	rs13144832	 -2.21	rs2553461	 1.31e-02	 -4.56	  0.58140	 485	  1	top1	0.013	6.3e-05	 -0.58140	5.61e-01
NA	/data/songy4/twas/output/weights//ENSG00000138780.wgt.RDat	ENSG00000138780	4	106629935	106768885	0.1216	rs13144832	 -2.21	rs10516523	 1.70e-01	 14.12	  0.02617	 453	 20	lasso	0.2	3.5e-57	  0.99910	3.18e-01
NA	/data/songy4/twas/output/weights//ENSG00000145348.wgt.RDat	ENSG00000145348	4	106962756	107242652	0.1328	rs2686293	 -2.24	rs6814166	 2.65e-01	-17.75	 -0.39837	 449	 37	enet	0.28	7.5e-82	  0.17734	8.59e-01
NA	/data/songy4/twas/output/weights//ENSG00000164022.wgt.RDat	ENSG00000164022	4	107236701	107270383	0.0560	rs2686293	 -2.24	rs3762947	 8.98e-02	-10.34	 -0.37398	 324	  1	top1	0.09	3e-25	  0.37398	7.08e-01
NA	/data/songy4/twas/output/weights//ENSG00000155011.wgt.RDat	ENSG00000155011	4	107842959	108204963	0.0447	rs11731399	  2.91	rs2704335	 3.68e-02	  7.12	 -0.28972	 449	  1	top1	0.037	4.2e-11	 -0.28972	7.72e-01
NA	/data/songy4/twas/output/weights//ENSG00000138801.wgt.RDat	ENSG00000138801	4	108511433	108641608	0.6646	rs11731399	  2.91	rs2522420	 6.57e-01	 27.35	  0.09434	 395	  5	lasso	0.68	2.6e-283	  0.06659	9.47e-01
NA	/data/songy4/twas/output/weights//ENSG00000164023.wgt.RDat	ENSG00000164023	4	108745719	108836203	0.0227	rs1493130	  2.19	rs12108639	-1.34e-04	 -3.58	  0.09375	 419	 22	enet	0.00076	0.17	  0.81158	4.17e-01
NA	/data/songy4/twas/output/weights//ENSG00000155016.wgt.RDat	ENSG00000155016	4	108852525	108874613	0.1131	rs1493130	  2.19	rs1493132	 8.73e-02	 10.13	  1.02913	 395	  4	lasso	0.089	5.3e-25	  0.94047	3.47e-01
NA	/data/songy4/twas/output/weights//ENSG00000188517.wgt.RDat	ENSG00000188517	4	109731877	110223813	0.0237	rs17039589	  2.94	rs11098035	 5.57e-03	  4.33	  0.00000	 592	 26	enet	0.0091	0.00075	  0.05713	9.54e-01
NA	/data/songy4/twas/output/weights//ENSG00000005059.wgt.RDat	ENSG00000005059	4	110481361	110609874	0.0862	rs3796946	 -2.92	rs17440280	 7.66e-02	  9.38	 -0.40206	 449	  4	lasso	0.085	6.9e-24	 -0.52823	5.97e-01
NA	/data/songy4/twas/output/weights//ENSG00000123739.wgt.RDat	ENSG00000123739	4	110631145	110651233	0.0628	rs3796946	 -2.92	rs5030539	 5.37e-02	 -8.53	  0.33673	 408	  1	top1	0.054	1.4e-15	 -0.33673	7.36e-01
NA	/data/songy4/twas/output/weights//ENSG00000180245.wgt.RDat	ENSG00000180245	4	110749150	110765760	0.0711	rs3796946	 -2.92	rs6814743	 6.22e-02	 -9.09	  0.83824	 411	  8	lasso	0.069	1.1e-19	 -0.28838	7.73e-01
NA	/data/songy4/twas/output/weights//ENSG00000183423.wgt.RDat	ENSG00000183423	4	110769358	110793471	0.0673	rs3796946	 -2.92	rs4610335	 8.59e-02	-10.03	  1.12409	 420	  1	top1	0.086	3.3e-24	 -1.12409	2.61e-01
NA	/data/songy4/twas/output/weights//ENSG00000138798.wgt.RDat	ENSG00000138798	4	110834040	110933422	0.0280	rs3796946	 -2.92	rs2298989	 2.68e-02	  6.07	 -1.94792	 449	  1	top1	0.027	1.6e-08	 -1.94792	5.14e-02
NA	/data/songy4/twas/output/weights//ENSG00000138792.wgt.RDat	ENSG00000138792	4	111286889	111486441	0.0243	rs3796946	 -2.92	rs7686686	 1.67e-04	 -3.65	 -0.01905	 496	 17	enet	0.01	0.00039	  0.40134	6.88e-01
NA	/data/songy4/twas/output/weights//ENSG00000174749.wgt.RDat	ENSG00000174749	4	113066553	113116412	0.2036	rs17044338	  3.21	rs28599866	 2.67e-01	-18.08	 -0.09434	 408	  4	lasso	0.31	3.6e-95	 -0.47323	6.36e-01
NA	/data/songy4/twas/output/weights//ENSG00000138660.wgt.RDat	ENSG00000138660	4	113152893	113191203	0.0363	rs17044338	  3.21	rs984453	 2.97e-02	  6.42	  1.13402	 406	  2	lasso	0.03	2.9e-09	  1.28578	1.99e-01
NA	/data/songy4/twas/output/weights//ENSG00000145365.wgt.RDat	ENSG00000145365	4	113195698	113207059	0.0930	rs17044338	  3.21	rs984453	 8.27e-02	-10.09	  1.13402	 404	 13	enet	0.089	6.4e-25	 -1.40237	1.61e-01
NA	/data/songy4/twas/output/weights//ENSG00000073331.wgt.RDat	ENSG00000073331	4	113206665	113363776	0.1247	rs17044338	  3.21	rs3203648	 1.06e-01	-11.31	 -1.38776	 454	 24	enet	0.15	4.8e-42	  0.66217	5.08e-01
NA	/data/songy4/twas/output/weights//ENSG00000138658.wgt.RDat	ENSG00000138658	4	113460492	113558151	0.2736	rs10015915	  3.49	rs1486865	 2.44e-01	 16.75	 -0.91579	 517	 35	enet	0.34	1.6e-104	 -0.80956	4.18e-01
NA	/data/songy4/twas/output/weights//ENSG00000145349.wgt.RDat	ENSG00000145349	4	114372188	114683083	0.1534	rs940634	  6.89	rs9654198	 5.25e-02	 -7.96	 -1.40000	 617	 22	enet	0.093	5e-26	  0.47982	6.31e-01
NA	/data/songy4/twas/output/weights//ENSG00000174607.wgt.RDat	ENSG00000174607	4	115519611	115599380	0.0486	rs11098270	  2.38	rs6813283	 4.37e-02	  7.18	  1.18367	 372	  1	top1	0.044	6.3e-13	  1.18367	2.37e-01
NA	/data/songy4/twas/output/weights//ENSG00000164100.wgt.RDat	ENSG00000164100	4	118954773	119179803	0.0148	rs6850687	  2.80	rs2389493	-3.76e-04	 -3.53	  1.24627	 419	  1	top1	-0.00038	0.45	 -1.24627	2.13e-01
NA	/data/songy4/twas/output/weights//ENSG00000164099.wgt.RDat	ENSG00000164099	4	119201193	119274158	0.0183	rs6850687	  2.77	rs1818521	 9.59e-03	 -4.33	  1.24038	 307	  1	top1	0.0096	0.00055	 -1.24038	2.15e-01
NA	/data/songy4/twas/output/weights//ENSG00000145388.wgt.RDat	ENSG00000145388	4	119606523	119636588	0.0498	rs7674055	  2.65	rs17323012	 1.20e-02	 -4.88	  0.60748	 365	  6	lasso	0.016	1.3e-05	 -0.71348	4.76e-01
NA	/data/songy4/twas/output/weights//ENSG00000150961.wgt.RDat	ENSG00000150961	4	119643978	119759838	0.0658	rs7674055	  2.65	rs11730732	 5.00e-02	  7.79	  0.61000	 423	  5	lasso	0.052	5.3e-15	  0.66174	5.08e-01
NA	/data/songy4/twas/output/weights//ENSG00000172403.wgt.RDat	ENSG00000172403	4	119809996	119982402	0.4886	rs1903109	 -2.62	rs11730732	 3.54e-01	 20.10	  0.61000	 443	 29	enet	0.39	1e-123	  0.72552	4.68e-01
NA	/data/songy4/twas/output/weights//ENSG00000145390.wgt.RDat	ENSG00000145390	4	120133742	120216672	0.9009	rs1903109	 -2.62	rs13113462	 6.62e-01	 27.45	 -1.87324	 488	 25	lasso	0.81	0	 -2.29301	2.18e-02
NA	/data/songy4/twas/output/weights//ENSG00000164096.wgt.RDat	ENSG00000164096	4	120218207	120225600	0.0733	rs1903109	 -2.62	rs6835635	 1.28e-01	 12.38	  0.07407	 449	  6	lasso	0.13	2.3e-36	 -0.05254	9.58e-01
NA	/data/songy4/twas/output/weights//ENSG00000145384.wgt.RDat	ENSG00000145384	4	120238405	120243545	0.2229	rs1903109	 -2.62	rs11935130	 2.81e-01	 17.96	 -1.45536	 447	  1	top1	0.28	9.9e-84	 -1.45536	1.46e-01
NA	/data/songy4/twas/output/weights//ENSG00000164109.wgt.RDat	ENSG00000164109	4	120976763	120988229	0.0503	rs17339852	 -2.97	rs1553692	 7.19e-03	 -4.29	  0.28070	 371	 11	enet	0.013	6.4e-05	 -0.43798	6.61e-01
NA	/data/songy4/twas/output/weights//ENSG00000138738.wgt.RDat	ENSG00000138738	4	121606074	121844025	0.4942	rs17339852	 -2.97	rs907298	 3.30e-01	-19.47	  2.05556	 540	 80	enet	0.49	1.4e-169	 -1.70183	8.88e-02
NA	/data/songy4/twas/output/weights//ENSG00000173376.wgt.RDat	ENSG00000173376	4	121956768	121994176	0.0284	rs4833167	 -2.64	rs6845524	 3.39e-03	 -4.42	  0.47170	 489	 13	enet	0.008	0.0015	 -1.70445	8.83e-02
NA	/data/songy4/twas/output/weights//ENSG00000050730.wgt.RDat	ENSG00000050730	4	122052563	122148621	0.0275	rs17449954	 -2.94	rs13132643	 1.02e-03	 -3.63	  0.21705	 536	  1	top1	0.001	0.14	 -0.21705	8.28e-01
NA	/data/songy4/twas/output/weights//ENSG00000164111.wgt.RDat	ENSG00000164111	4	122589110	122618268	0.4360	rs7683274	 -3.26	rs6857766	 3.58e-01	 20.24	 -0.38095	 457	 28	enet	0.42	6e-138	  0.08389	9.33e-01
NA	/data/songy4/twas/output/weights//ENSG00000164112.wgt.RDat	ENSG00000164112	4	122680088	122686582	0.0330	rs7683274	 -3.26	rs2706783	 3.41e-02	 -6.32	  0.37500	 433	  1	top1	0.034	2e-10	 -0.37500	7.08e-01
NA	/data/songy4/twas/output/weights//ENSG00000123737.wgt.RDat	ENSG00000123737	4	122722472	122738176	0.0697	rs7683274	 -3.26	rs6838153	 7.58e-02	  9.90	 -0.24752	 422	  1	top1	0.076	1.9e-21	 -0.24752	8.05e-01
NA	/data/songy4/twas/output/weights//ENSG00000145386.wgt.RDat	ENSG00000145386	4	122737599	122745087	0.0385	rs7683274	 -3.26	rs1048433	 3.55e-02	 -7.00	 -1.37374	 416	 15	enet	0.038	2.2e-11	  1.11678	2.64e-01
NA	/data/songy4/twas/output/weights//ENSG00000138686.wgt.RDat	ENSG00000138686	4	122745595	122791652	0.0408	rs7683274	 -3.26	rs1507995	 1.61e-02	  6.09	 -0.01961	 419	  2	lasso	0.018	3e-06	 -0.10298	9.18e-01
NA	/data/songy4/twas/output/weights//ENSG00000138741.wgt.RDat	ENSG00000138741	4	122800182	122872909	0.7228	rs7683274	 -3.26	rs6838639	 4.74e-01	 23.24	 -1.03390	 407	 52	enet	0.51	1.6e-178	 -1.09268	2.75e-01
NA	/data/songy4/twas/output/weights//ENSG00000138688.wgt.RDat	ENSG00000138688	4	123073488	123283913	0.0664	rs7683274	 -3.26	rs11098661	 1.83e-02	  5.51	 -1.69524	 397	 51	enet	0.019	1.6e-06	 -1.15141	2.50e-01
NA	/data/songy4/twas/output/weights//ENSG00000109471.wgt.RDat	ENSG00000109471	4	123372625	123377880	0.0208	rs7683274	 -3.26	rs6848139	 1.60e-02	 -4.58	  0.46667	 315	  1	top1	0.016	1.1e-05	 -0.46667	6.41e-01
NA	/data/songy4/twas/output/weights//ENSG00000181004.wgt.RDat	ENSG00000181004	4	123653857	123666098	0.1225	rs12501008	 -2.65	rs13138426	 5.76e-02	  8.70	  0.03571	 297	 18	enet	0.085	6.3e-24	 -0.00133	9.99e-01
NA	/data/songy4/twas/output/weights//ENSG00000138685.wgt.RDat	ENSG00000138685	4	123747863	123819391	0.1447	rs12501008	 -2.65	rs13138349	 8.63e-02	-11.04	 -0.13913	 345	  5	lasso	0.12	3.9e-33	 -0.38757	6.98e-01
NA	/data/songy4/twas/output/weights//ENSG00000170917.wgt.RDat	ENSG00000170917	4	123809852	123844123	0.1957	rs12501008	 -2.65	rs7667362	 2.31e-01	 16.41	  0.19424	 350	  8	lasso	0.23	3.3e-67	  0.13194	8.95e-01
NA	/data/songy4/twas/output/weights//ENSG00000145375.wgt.RDat	ENSG00000145375	4	123844229	124240605	0.0439	rs12501008	 -2.65	rs13147949	 2.38e-02	  6.49	  0.13675	 498	 17	enet	0.029	3.5e-09	 -0.09948	9.21e-01
NA	/data/songy4/twas/output/weights//ENSG00000151458.wgt.RDat	ENSG00000151458	4	125585207	125633887	0.0913	rs1543936	 -2.90	rs10518442	 5.54e-02	 -8.20	  0.44604	 395	  4	lasso	0.069	9.2e-20	 -0.38025	7.04e-01
NA	/data/songy4/twas/output/weights//ENSG00000196159.wgt.RDat	ENSG00000196159	4	126237554	126414087	0.0582	rs2663265	  3.12	rs1509289	 2.99e-02	 -5.99	 -0.08411	 466	  1	top1	0.03	2.5e-09	  0.08411	9.33e-01
NA	/data/songy4/twas/output/weights//ENSG00000164066.wgt.RDat	ENSG00000164066	4	128544426	128647892	0.1226	rs6534659	 -4.53	rs6848982	 2.78e-02	  6.12	  2.08130	 288	 23	enet	0.045	3.1e-13	  0.37273	7.09e-01
NA	/data/songy4/twas/output/weights//ENSG00000138709.wgt.RDat	ENSG00000138709	4	128982423	129144086	0.0193	rs6534659	 -4.53	rs17379648	-7.74e-04	 -3.41	  1.66187	 326	 14	enet	0.0013	0.11	  2.14738	3.18e-02
NA	/data/songy4/twas/output/weights//ENSG00000077684.wgt.RDat	ENSG00000077684	4	129730779	129796379	0.0570	rs17346077	 -3.22	rs318510	 4.76e-02	  8.26	 -0.21429	 376	  5	lasso	0.053	3e-15	  0.09360	9.25e-01
NA	/data/songy4/twas/output/weights//ENSG00000151466.wgt.RDat	ENSG00000151466	4	129786076	130014764	0.1073	rs17346077	 -3.22	rs1900397	 1.20e-01	-11.99	 -0.97115	 460	  1	top1	0.12	1.3e-33	  0.97115	3.31e-01
NA	/data/songy4/twas/output/weights//ENSG00000151470.wgt.RDat	ENSG00000151470	4	130014472	130037795	0.0857	rs17346077	 -3.22	rs1030830	 6.01e-02	 -8.80	 -0.62963	 387	  5	lasso	0.081	9.5e-23	 -0.35213	7.25e-01
NA	/data/songy4/twas/output/weights//ENSG00000151012.wgt.RDat	ENSG00000151012	4	139085251	139163503	0.0381	rs7679163	 -3.15	rs6850624	 5.23e-03	  4.59	 -1.83784	 507	 12	enet	0.0091	0.00075	 -1.30825	1.91e-01
NA	/data/songy4/twas/output/weights//ENSG00000151014.wgt.RDat	ENSG00000151014	4	139936943	139966906	0.0673	rs2592970	  3.86	rs6858738	 3.50e-02	  6.72	  0.59722	 396	  1	top1	0.035	1.2e-10	  0.59722	5.50e-01
NA	/data/songy4/twas/output/weights//ENSG00000109381.wgt.RDat	ENSG00000109381	4	139949266	140098372	0.0940	rs2592970	  3.86	rs17050724	 1.06e-01	-11.09	 -1.35897	 469	  4	lasso	0.12	1.8e-32	  0.85054	3.95e-01
NA	/data/songy4/twas/output/weights//ENSG00000109390.wgt.RDat	ENSG00000109390	4	140188034	140223705	0.0763	rs2592970	  3.86	rs13127307	 7.04e-02	  9.17	  1.57364	 428	  6	lasso	0.074	7.4e-21	  1.67947	9.31e-02
NA	/data/songy4/twas/output/weights//ENSG00000164134.wgt.RDat	ENSG00000164134	4	140222609	140341187	0.0422	rs2592970	  3.86	rs998310	 4.42e-02	  7.22	  0.66337	 484	 18	enet	0.054	1.5e-15	  0.66316	5.07e-01
NA	/data/songy4/twas/output/weights//ENSG00000172007.wgt.RDat	ENSG00000172007	4	140374386	140397763	0.0607	rs2592970	  3.86	rs7693187	 9.86e-02	-10.86	  1.69643	 443	  1	top1	0.099	1.1e-27	 -1.69643	8.98e-02
NA	/data/songy4/twas/output/weights//ENSG00000085871.wgt.RDat	ENSG00000085871	4	140586922	140661899	0.4411	rs2592970	  3.86	rs8192024	 1.36e-01	-13.62	  1.52778	 471	 21	enet	0.29	2.1e-85	 -1.46667	1.42e-01
NA	/data/songy4/twas/output/weights//ENSG00000196782.wgt.RDat	ENSG00000196782	4	140637907	141075338	0.0708	rs2592970	  3.86	rs7683979	 7.16e-02	 -9.38	  0.21526	 630	 12	enet	0.08	1.2e-22	 -0.15834	8.74e-01
NA	/data/songy4/twas/output/weights//ENSG00000153130.wgt.RDat	ENSG00000153130	4	141178440	141306880	0.0695	rs3097594	  2.45	rs2668585	 8.49e-02	 10.02	 -0.16429	 486	 11	lasso	0.091	1.2e-25	  0.18889	8.50e-01
NA	/data/songy4/twas/output/weights//ENSG00000153132.wgt.RDat	ENSG00000153132	4	141309609	141349122	0.0269	rs2303414	  2.99	rs3104099	 1.46e-02	  4.98	  1.70796	 444	  4	lasso	0.015	2.3e-05	  1.34057	1.80e-01
NA	/data/songy4/twas/output/weights//ENSG00000179387.wgt.RDat	ENSG00000179387	4	141445312	141474924	0.0331	rs2292205	  3.35	rs10857384	 1.17e-02	 -5.51	  0.27500	 429	  1	top1	0.012	0.00015	 -0.27500	7.83e-01
NA	/data/songy4/twas/output/weights//ENSG00000109436.wgt.RDat	ENSG00000109436	4	141541919	141677274	0.0344	rs2292205	  3.35	rs2306815	 1.52e-02	 -5.59	  1.05607	 488	  5	lasso	0.018	3.3e-06	 -1.06132	2.89e-01
NA	/data/songy4/twas/output/weights//ENSG00000170153.wgt.RDat	ENSG00000170153	4	141780961	142134031	0.8718	rs2292205	  3.35	rs7687054	 7.70e-01	 29.60	 -1.69730	 535	  1	top1	0.77	0	 -1.69730	8.96e-02
NA	/data/songy4/twas/output/weights//ENSG00000109445.wgt.RDat	ENSG00000109445	4	142142041	142155851	0.0486	rs2292205	  3.35	rs3733484	 3.03e-02	 -6.12	  1.19626	 375	  8	lasso	0.032	8.9e-10	 -1.26055	2.07e-01
NA	/data/songy4/twas/output/weights//ENSG00000164136.wgt.RDat	ENSG00000164136	4	142557752	142655140	0.1214	rs10519631	  2.21	rs6818727	 2.64e-02	 -6.47	 -1.28302	 409	 44	enet	0.06	2.7e-17	  0.62981	5.29e-01
NA	/data/songy4/twas/output/weights//ENSG00000109452.wgt.RDat	ENSG00000109452	4	142944313	143768585	0.0915	rs300942	 -2.59	rs1373036	 1.11e-01	-11.37	 -0.42609	 620	  1	top1	0.11	3.7e-31	  0.42609	6.70e-01
NA	/data/songy4/twas/output/weights//ENSG00000170185.wgt.RDat	ENSG00000170185	4	144106070	144144983	0.0972	rs1995931	  2.60	rs7682068	 1.14e-01	-11.55	  0.65263	 307	  1	top1	0.11	6.3e-32	 -0.65263	5.14e-01
NA	/data/songy4/twas/output/weights//ENSG00000183090.wgt.RDat	ENSG00000183090	4	144498455	144621828	0.1982	rs1995931	  2.60	rs1510881	 1.20e-01	 12.04	 -0.89916	 288	  7	lasso	0.14	3.9e-40	 -0.67933	4.97e-01
NA	/data/songy4/twas/output/weights//ENSG00000197465.wgt.RDat	ENSG00000197465	4	144792020	144826716	0.1410	rs1995931	  2.60	rs1822841	 3.58e-01	 20.59	 -0.59223	 268	 24	enet	0.37	8.1e-116	 -0.50040	6.17e-01
NA	/data/songy4/twas/output/weights//ENSG00000250361.wgt.RDat	ENSG00000250361	4	144917257	145061844	0.1821	rs13125844	  3.21	rs1822842	 1.18e-01	-11.82	 -0.52586	 297	 11	enet	0.13	2.8e-35	  0.72025	4.71e-01
NA	/data/songy4/twas/output/weights//ENSG00000170180.wgt.RDat	ENSG00000170180	4	145030457	145061904	0.0380	rs13125844	  3.21	rs11727331	 1.61e-03	 -4.36	 -1.26154	 259	  4	lasso	0.0047	0.012	  0.53305	5.94e-01
NA	/data/songy4/twas/output/weights//ENSG00000170365.wgt.RDat	ENSG00000170365	4	146402346	146479231	0.2923	rs723794	 -4.00	rs11100883	 1.65e-02	 -6.20	 -0.67327	 327	 52	enet	0.13	4.5e-35	  0.64978	5.16e-01
NA	/data/songy4/twas/output/weights//ENSG00000151612.wgt.RDat	ENSG00000151612	4	146678779	146859787	0.0486	rs723794	 -4.00	rs17745264	 1.07e-03	  4.00	 -0.64545	 433	  6	lasso	0.01	0.00036	 -1.09011	2.76e-01
NA	/data/songy4/twas/output/weights//ENSG00000164167.wgt.RDat	ENSG00000164167	4	147096837	147121152	0.1558	rs723794	 -4.00	rs6537402	 1.56e-01	 13.45	 -0.02830	 371	 34	enet	0.16	2.9e-46	  0.65324	5.14e-01
NA	/data/songy4/twas/output/weights//ENSG00000250673.wgt.RDat	ENSG00000250673	4	147145709	147150208	0.4093	rs723794	 -4.00	rs6815527	 6.11e-01	 26.49	 -0.10377	 356	  5	lasso	0.62	6.1e-244	 -0.05892	9.53e-01
NA	/data/songy4/twas/output/weights//ENSG00000120519.wgt.RDat	ENSG00000120519	4	147175127	147443123	0.0368	rs723794	 -4.00	rs41398848	 2.99e-02	 -6.01	  0.62281	 440	  1	top1	0.03	2.6e-09	 -0.62281	5.33e-01
NA	/data/songy4/twas/output/weights//ENSG00000151623.wgt.RDat	ENSG00000151623	4	148999913	149365850	0.0500	rs10519990	  3.23	rs2358182	 1.01e-02	 -4.89	  2.61765	 521	  1	top1	0.01	4e-04	 -2.61765	8.85e-03
NA	/data/songy4/twas/output/weights//ENSG00000170390.wgt.RDat	ENSG00000170390	4	150999426	151178609	0.2696	rs6832401	  2.53	rs13435543	 2.69e-01	 17.50	  0.56410	 456	 33	enet	0.28	2.2e-82	  0.51318	6.08e-01
NA	/data/songy4/twas/output/weights//ENSG00000198589.wgt.RDat	ENSG00000198589	4	151185594	151936879	0.0227	rs11099805	  2.48	rs10035076	-8.28e-04	 -3.58	  0.57426	 603	 18	enet	-0.00046	0.49	 -1.00985	3.13e-01
NA	/data/songy4/twas/output/weights//ENSG00000145425.wgt.RDat	ENSG00000145425	4	152020725	152025804	0.0693	rs11099805	  2.48	rs6839157	 3.32e-02	 -6.47	  0.14449	 265	 25	enet	0.037	3.1e-11	  0.77215	4.40e-01
NA	/data/songy4/twas/output/weights//ENSG00000109686.wgt.RDat	ENSG00000109686	4	152023903	152246784	0.1115	rs4696282	  2.64	rs17590964	 3.86e-02	  8.40	 -0.39103	 353	  4	lasso	0.08	1.2e-22	 -0.61322	5.40e-01
NA	/data/songy4/twas/output/weights//ENSG00000164142.wgt.RDat	ENSG00000164142	4	152330368	152584784	0.1707	rs6847152	  2.70	rs2709826	 2.46e-01	 16.79	 -0.30851	 432	  9	lasso	0.25	2.7e-73	 -0.29561	7.68e-01
NA	/data/songy4/twas/output/weights//ENSG00000059691.wgt.RDat	ENSG00000059691	4	152591656	152682175	0.0994	rs6847152	  2.70	rs3762906	 1.03e-01	 10.92	 -0.42857	 410	 21	enet	0.11	3.2e-32	 -0.98634	3.24e-01
NA	/data/songy4/twas/output/weights//ENSG00000170006.wgt.RDat	ENSG00000170006	4	153539784	153601317	0.0495	rs908526	  3.77	rs6535864	 2.85e-02	  6.44	 -1.21237	 409	  1	top1	0.029	6e-09	 -1.21237	2.25e-01
NA	/data/songy4/twas/output/weights//ENSG00000169989.wgt.RDat	ENSG00000169989	4	153690506	153700916	0.0468	rs908526	  3.77	rs4619875	 2.91e-02	  6.16	  0.33673	 390	  1	top1	0.029	4.2e-09	  0.33673	7.36e-01
NA	/data/songy4/twas/output/weights//ENSG00000164144.wgt.RDat	ENSG00000164144	4	153701089	153839615	0.3434	rs908526	  3.77	rs4619875	 5.64e-01	 25.33	  0.33673	 440	  1	top1	0.56	5.4e-207	  0.33673	7.36e-01
NA	/data/songy4/twas/output/weights//ENSG00000137460.wgt.RDat	ENSG00000137460	4	153857504	153900848	0.0633	rs908526	  3.77	rs4619875	 8.78e-02	 10.17	  0.33673	 427	  1	top1	0.088	1e-24	  0.33673	7.36e-01
NA	/data/songy4/twas/output/weights//ENSG00000109654.wgt.RDat	ENSG00000109654	4	154073494	154260472	0.0518	rs908526	  3.77	rs4696443	 2.37e-02	  5.51	  0.46358	 557	  1	top1	0.024	1.1e-07	  0.46358	6.43e-01
NA	/data/songy4/twas/output/weights//ENSG00000121210.wgt.RDat	ENSG00000121210	4	154387498	154557863	0.0696	rs908526	  3.77	rs1560941	 2.17e-02	  5.27	  0.29126	 569	  8	lasso	0.03	2.1e-09	  0.46056	6.45e-01
NA	/data/songy4/twas/output/weights//ENSG00000137462.wgt.RDat	ENSG00000137462	4	154622652	154626851	0.0304	rs7689143	  2.67	rs17030340	 5.27e-03	  5.10	  0.78049	 446	  9	enet	0.02	9.9e-07	 -0.22338	8.23e-01
NA	/data/songy4/twas/output/weights//ENSG00000145428.wgt.RDat	ENSG00000145428	4	154631277	154681387	0.1468	rs7689143	  2.67	rs6857680	 2.24e-01	-16.01	 -0.80403	 455	  5	lasso	0.23	1.7e-66	  0.87716	3.80e-01
NA	/data/songy4/twas/output/weights//ENSG00000145423.wgt.RDat	ENSG00000145423	4	154701744	154710272	0.0766	rs1878452	  2.59	rs6853529	 6.38e-02	  9.41	  0.24762	 439	  8	lasso	0.086	2.5e-24	  0.52413	6.00e-01
NA	/data/songy4/twas/output/weights//ENSG00000197410.wgt.RDat	ENSG00000197410	4	155153399	155412930	0.0690	rs1878452	  2.59	rs1490666	 4.96e-02	  7.78	 -0.28333	 559	  1	top1	0.05	1.7e-14	 -0.28333	7.77e-01
NA	/data/songy4/twas/output/weights//ENSG00000171566.wgt.RDat	ENSG00000171566	4	155456158	155471587	0.0363	rs1566470	  2.58	rs7654425	 3.52e-02	  6.79	 -0.23619	 424	  1	top1	0.035	1e-10	 -0.23619	8.13e-01
NA	/data/songy4/twas/output/weights//ENSG00000164114.wgt.RDat	ENSG00000164114	4	156263810	156298122	0.0472	rs6813207	 -3.62	rs1867526	 5.41e-02	 -8.01	  0.13434	 480	  1	top1	0.054	1.1e-15	 -0.13434	8.93e-01
NA	/data/songy4/twas/output/weights//ENSG00000256043.wgt.RDat	ENSG00000256043	4	156845270	156875069	0.0607	rs6813207	 -3.62	rs9044	 1.49e-02	 -5.83	  1.47664	 481	 15	lasso	0.033	3.8e-10	 -1.40941	1.59e-01
NA	/data/songy4/twas/output/weights//ENSG00000145431.wgt.RDat	ENSG00000145431	4	157681606	157892546	0.0564	rs17244157	  2.61	rs1464454	 4.60e-02	 -7.83	 -0.02941	 462	 21	enet	0.058	8.6e-17	 -0.38567	7.00e-01
NA	/data/songy4/twas/output/weights//ENSG00000164125.wgt.RDat	ENSG00000164125	4	159045626	159094470	0.1579	rs13127526	 -2.84	rs10461245	 2.61e-01	 17.28	  1.69403	 335	 11	lasso	0.3	6.2e-90	  1.34290	1.79e-01
NA	/data/songy4/twas/output/weights//ENSG00000164124.wgt.RDat	ENSG00000164124	4	159122756	159176563	0.3862	rs13127526	 -2.84	rs2881373	 2.97e-01	-18.42	  1.64286	 306	 61	enet	0.33	3.7e-101	 -1.35113	1.77e-01
NA	/data/songy4/twas/output/weights//ENSG00000171503.wgt.RDat	ENSG00000171503	4	159593277	159630775	0.1077	rs13127526	 -2.84	rs11559290	 7.99e-02	 -9.88	  0.15556	 283	  7	lasso	0.094	1.6e-26	 -0.24140	8.09e-01
NA	/data/songy4/twas/output/weights//ENSG00000052795.wgt.RDat	ENSG00000052795	4	159690290	159829201	0.1746	rs7659528	 -2.71	rs4619844	 1.58e-01	-13.49	  1.73737	 309	  5	lasso	0.18	9.4e-51	 -1.48678	1.37e-01
NA	/data/songy4/twas/output/weights//ENSG00000164123.wgt.RDat	ENSG00000164123	4	159814286	159959912	0.5666	rs7659528	 -2.71	rs12331691	 3.71e-01	 20.54	  0.32168	 334	  9	lasso	0.37	8.7e-118	  0.16318	8.70e-01
NA	/data/songy4/twas/output/weights//ENSG00000109756.wgt.RDat	ENSG00000109756	4	160025330	160281321	0.2132	rs7659528	 -2.71	rs11100203	 2.34e-01	-16.36	 -1.77000	 387	 20	enet	0.26	1.5e-77	  1.43143	1.52e-01
NA	/data/songy4/twas/output/weights//ENSG00000145414.wgt.RDat	ENSG00000145414	4	164031225	164088073	0.1572	rs4691874	  2.51	rs1055263	 1.65e-01	 13.73	 -1.18487	 389	  5	lasso	0.17	6.5e-47	 -1.13336	2.57e-01
NA	/data/songy4/twas/output/weights//ENSG00000151005.wgt.RDat	ENSG00000151005	4	164392257	164395047	0.0273	rs11100532	  3.43	rs4388042	 1.42e-02	 -4.43	 -0.40594	 401	  1	top1	0.014	3.3e-05	  0.40594	6.85e-01
NA	/data/songy4/twas/output/weights//ENSG00000198498.wgt.RDat	ENSG00000198498	4	164415594	164441691	0.1720	rs11100532	  3.43	rs7689631	 2.67e-01	 17.70	  0.22680	 402	  9	lasso	0.28	1.2e-82	  0.44179	6.59e-01
NA	/data/songy4/twas/output/weights//ENSG00000183439.wgt.RDat	ENSG00000183439	4	165875598	165898820	0.1657	rs7674056	 -3.16	rs3733418	 8.04e-02	  9.69	  0.41085	 462	  5	lasso	0.11	4.1e-31	  0.21975	8.26e-01
NA	/data/songy4/twas/output/weights//ENSG00000250486.wgt.RDat	ENSG00000250486	4	165878100	165880273	0.0913	rs7674056	 -3.16	rs4443238	 3.06e-02	 -6.56	  0.93396	 452	  6	lasso	0.047	1e-13	 -0.28531	7.75e-01
NA	/data/songy4/twas/output/weights//ENSG00000052802.wgt.RDat	ENSG00000052802	4	166248775	166264312	0.0973	rs13146344	 -2.73	rs17686529	 6.23e-02	  8.58	  0.18261	 453	  1	top1	0.062	7.5e-18	  0.18261	8.55e-01
NA	/data/songy4/twas/output/weights//ENSG00000109472.wgt.RDat	ENSG00000109472	4	166282346	166419472	0.0618	rs13146344	 -2.73	rs7666557	 3.37e-02	  6.42	  0.00000	 485	  1	top1	0.034	2.6e-10	  0.00000	1.00e+00
NA	/data/songy4/twas/output/weights//ENSG00000196104.wgt.RDat	ENSG00000196104	4	167654535	168155947	0.1067	rs11944508	 -2.43	rs2220190	 2.79e-02	 -6.44	 -0.17672	 507	  9	lasso	0.061	1.4e-17	 -0.55433	5.79e-01
NA	/data/songy4/twas/output/weights//ENSG00000181381.wgt.RDat	ENSG00000181381	4	169277886	169458937	0.2983	rs10012902	  3.20	rs2319913	 1.77e-01	 14.24	 -0.61905	 573	 65	enet	0.23	2.5e-66	 -0.43580	6.63e-01
NA	/data/songy4/twas/output/weights//ENSG00000129116.wgt.RDat	ENSG00000129116	4	169418217	169849608	0.0270	rs6835759	 -5.02	rs6834508	-3.92e-04	  3.49	 -0.97727	 692	  1	top1	-0.00039	0.46	 -0.97727	3.28e-01
NA	/data/songy4/twas/output/weights//ENSG00000145439.wgt.RDat	ENSG00000145439	4	169784921	169931426	0.1476	rs6835759	 -5.02	rs3762914	 8.07e-02	  9.72	 -0.23125	 573	 29	enet	0.12	1.5e-32	 -0.30820	7.58e-01
NA	/data/songy4/twas/output/weights//ENSG00000154447.wgt.RDat	ENSG00000154447	4	170015407	170192256	0.1037	rs6857404	 -6.11	rs992939	 1.38e-01	-12.59	  2.00000	 488	  1	top1	0.14	8.9e-39	 -2.00000	4.55e-02
NA	/data/songy4/twas/output/weights//ENSG00000137601.wgt.RDat	ENSG00000137601	4	170314426	170533780	0.1719	rs6857404	 -6.11	rs10520157	 2.19e-01	 15.86	  1.62411	 434	  5	lasso	0.23	1.3e-66	  1.32938	1.84e-01
NA	/data/songy4/twas/output/weights//ENSG00000056050.wgt.RDat	ENSG00000056050	4	170650616	170679104	0.0155	rs6857404	 -6.11	rs6840471	 2.58e-03	  3.95	 -4.38095	 352	  4	lasso	0.0083	0.0012	 -4.20107	2.66e-05
NA	/data/songy4/twas/output/weights//ENSG00000198948.wgt.RDat	ENSG00000198948	4	170907748	170954182	0.0126	rs6857404	 -6.11	rs13145956	 5.00e-03	 -4.02	  0.90000	 364	  1	top1	0.005	0.0097	 -0.90000	3.68e-01
NA	/data/songy4/twas/output/weights//ENSG00000109586.wgt.RDat	ENSG00000109586	4	174089904	174245118	0.0636	rs11932721	  1.96	rs1054496	 4.74e-02	  7.52	 -0.05556	 379	  1	top1	0.047	6.9e-14	 -0.05556	9.56e-01
NA	/data/songy4/twas/output/weights//ENSG00000164106.wgt.RDat	ENSG00000164106	4	174305852	174327531	0.0251	rs10014581	 -2.39	rs7655786	 2.65e-02	 -5.94	  0.00000	 335	  7	enet	0.028	6.1e-09	  0.11477	9.09e-01
NA	/data/songy4/twas/output/weights//ENSG00000164118.wgt.RDat	ENSG00000164118	4	175204828	175254531	0.0419	rs10002586	 -2.78	rs13101580	 2.78e-02	 -6.30	 -0.38947	 463	  1	top1	0.028	9.1e-09	  0.38947	6.97e-01
NA	/data/songy4/twas/output/weights//ENSG00000164120.wgt.RDat	ENSG00000164120	4	175411328	175444305	0.3325	rs10002586	 -2.78	rs2081654	 1.00e-01	 11.83	  0.22500	 469	 51	enet	0.3	5.8e-89	 -0.63978	5.22e-01
NA	/data/songy4/twas/output/weights//ENSG00000145451.wgt.RDat	ENSG00000145451	4	175558065	175750465	0.0816	rs10002586	 -2.78	rs11133063	 4.35e-02	  7.47	 -1.01923	 490	 40	enet	0.057	2.6e-16	 -1.27995	2.01e-01
NA	/data/songy4/twas/output/weights//ENSG00000168594.wgt.RDat	ENSG00000168594	4	175750819	175899331	0.0272	rs10002586	 -2.78	rs13144292	 1.37e-02	  5.01	 -0.26800	 430	 10	enet	0.027	1.8e-08	 -0.64276	5.20e-01
NA	/data/songy4/twas/output/weights//ENSG00000150625.wgt.RDat	ENSG00000150625	4	176554085	176923815	0.2231	rs6844913	 -2.91	rs1564880	 2.00e-01	-15.16	 -2.89630	 547	  5	lasso	0.23	5e-66	  2.99238	2.77e-03
NA	/data/songy4/twas/output/weights//ENSG00000150627.wgt.RDat	ENSG00000150627	4	176986985	177103978	0.1264	rs6844913	 -2.91	rs2291244	 3.55e-02	  6.83	 -0.83333	 556	 36	enet	0.069	1.4e-19	 -2.02774	4.26e-02
NA	/data/songy4/twas/output/weights//ENSG00000129128.wgt.RDat	ENSG00000129128	4	177241115	177253396	0.0532	rs6844913	 -2.91	rs4690687	 2.81e-02	 -6.67	 -0.51754	 498	  3	lasso	0.033	5.2e-10	  0.54791	5.84e-01
NA	/data/songy4/twas/output/weights//ENSG00000109674.wgt.RDat	ENSG00000109674	4	178230990	178284097	0.1225	rs3828486	 -2.76	rs13140743	 5.69e-02	  8.28	  0.20690	 454	  8	lasso	0.061	1.4e-17	  0.73572	4.62e-01
NA	/data/songy4/twas/output/weights//ENSG00000038002.wgt.RDat	ENSG00000038002	4	178351924	178363657	0.6703	rs3828486	 -2.76	rs4690522	 5.60e-01	-25.26	  1.10811	 440	 39	enet	0.63	4.9e-245	 -0.74986	4.53e-01
NA	/data/songy4/twas/output/weights//ENSG00000129187.wgt.RDat	ENSG00000129187	4	183811213	183839089	0.1062	rs6823473	  2.43	rs17074237	 6.09e-02	  8.45	 -0.49074	 528	 27	enet	0.073	1.3e-20	 -0.77356	4.39e-01
NA	/data/songy4/twas/output/weights//ENSG00000151718.wgt.RDat	ENSG00000151718	4	184020446	184241930	0.1356	rs10018951	  3.44	rs17074411	 5.65e-02	 -8.50	 -0.38247	 567	 55	enet	0.093	4.2e-26	 -0.04264	9.66e-01
NA	/data/songy4/twas/output/weights//ENSG00000177300.wgt.RDat	ENSG00000177300	4	184239220	184241927	0.1699	rs10018951	  3.44	rs9993317	 9.08e-02	 10.55	  0.73786	 432	 10	lasso	0.18	2.7e-52	  0.07395	9.41e-01
NA	/data/songy4/twas/output/weights//ENSG00000185758.wgt.RDat	ENSG00000185758	4	184242917	184243579	0.1484	rs10018951	  3.44	rs4501261	 7.71e-02	  9.76	  0.79612	 430	 25	enet	0.14	5.1e-39	  0.55746	5.77e-01
NA	/data/songy4/twas/output/weights//ENSG00000182552.wgt.RDat	ENSG00000182552	4	184560788	184580378	0.0828	rs10018951	  3.44	rs7656347	 9.99e-03	  4.81	 -0.65455	 442	 50	enet	0.04	6.5e-12	 -1.34625	1.78e-01
NA	/data/songy4/twas/output/weights//ENSG00000168538.wgt.RDat	ENSG00000168538	4	184580420	184634745	0.0377	rs10018951	  3.44	rs868083	 5.32e-03	  4.35	  0.36538	 488	 25	enet	0.0091	0.00076	 -0.79936	4.24e-01
NA	/data/songy4/twas/output/weights//ENSG00000164303.wgt.RDat	ENSG00000164303	4	185009859	185142383	0.0775	rs10018951	  3.44	rs17679120	 1.94e-02	 -5.39	 -1.87619	 584	  5	lasso	0.022	3.9e-07	  1.87756	6.04e-02
NA	/data/songy4/twas/output/weights//ENSG00000168310.wgt.RDat	ENSG00000168310	4	185308867	185395734	0.0324	rs6825587	 -3.03	rs7658103	 3.61e-03	  4.33	 -0.46729	 606	  1	lasso	0.012	0.00014	 -0.46729	6.40e-01
NA	/data/songy4/twas/output/weights//ENSG00000164305.wgt.RDat	ENSG00000164305	4	185548850	185570663	0.0945	rs6825587	 -3.03	rs2705899	 1.06e-01	-11.27	  0.70414	 589	  1	top1	0.11	1.1e-29	 -0.70414	4.81e-01
NA	/data/songy4/twas/output/weights//ENSG00000164306.wgt.RDat	ENSG00000164306	4	185570767	185616117	0.0971	rs7682828	  2.72	rs12108497	 5.52e-02	  8.21	  0.69643	 586	  1	top1	0.055	5.8e-16	  0.69643	4.86e-01
NA	/data/songy4/twas/output/weights//ENSG00000151725.wgt.RDat	ENSG00000151725	4	185615772	185655287	0.1083	rs7682828	  2.72	rs7679215	 1.45e-01	-13.01	  0.48039	 560	  1	top1	0.14	1.2e-40	 -0.48039	6.31e-01
NA	/data/songy4/twas/output/weights//ENSG00000151729.wgt.RDat	ENSG00000151729	4	186064395	186071536	0.0406	rs7682828	  2.72	rs3108252	 2.61e-03	 -4.80	  2.42400	 509	  8	enet	0.011	0.00019	 -2.46617	1.37e-02
NA	/data/songy4/twas/output/weights//ENSG00000164323.wgt.RDat	ENSG00000164323	4	186080819	186130658	0.2058	rs7682828	  2.72	rs3112911	 9.08e-02	-10.40	 -0.58940	 545	 21	enet	0.12	5.5e-34	 -0.43383	6.64e-01
NA	/data/songy4/twas/output/weights//ENSG00000109762.wgt.RDat	ENSG00000109762	4	186125391	186291339	0.2504	rs7682828	  2.72	rs11132299	 3.27e-01	 19.30	 -1.91837	 639	 38	enet	0.33	1.6e-101	 -2.12202	3.38e-02
NA	/data/songy4/twas/output/weights//ENSG00000109771.wgt.RDat	ENSG00000109771	4	186285032	186317053	0.0717	rs7682828	  2.72	rs6815168	 4.66e-02	 -7.44	  1.64804	 578	  1	top1	0.047	1.1e-13	 -1.64804	9.93e-02
NA	/data/songy4/twas/output/weights//ENSG00000109775.wgt.RDat	ENSG00000109775	4	186320694	186347139	0.0872	rs13140248	  3.28	rs3733645	 7.47e-02	 -9.34	  1.00935	 561	  1	top1	0.075	3.7e-21	 -1.00935	3.13e-01
NA	/data/songy4/twas/output/weights//ENSG00000154556.wgt.RDat	ENSG00000154556	4	186506598	186877806	0.0641	rs13140248	  3.28	rs7687961	 2.41e-03	  4.01	 -0.09167	 757	 46	enet	0.021	4.3e-07	  1.76569	7.74e-02
NA	/data/songy4/twas/output/weights//ENSG00000164342.wgt.RDat	ENSG00000164342	4	186990306	187009223	0.2048	rs13140248	  3.28	rs10866290	 8.00e-02	 -9.65	 -1.32727	 606	 37	enet	0.16	3.4e-45	  0.08299	9.34e-01
NA	/data/songy4/twas/output/weights//ENSG00000109794.wgt.RDat	ENSG00000109794	4	187025573	187093821	0.4006	rs13140248	  3.28	rs10866290	 9.99e-02	-10.71	 -1.32727	 636	 16	lasso	0.26	3.5e-77	  0.70584	4.80e-01
NA	/data/songy4/twas/output/weights//ENSG00000145476.wgt.RDat	ENSG00000145476	4	187112674	187134610	0.5364	rs13140248	  3.28	rs3736455	 3.97e-01	 21.29	  0.23469	 595	 65	enet	0.55	2.4e-197	  0.49065	6.24e-01
NA	/data/songy4/twas/output/weights//ENSG00000164344.wgt.RDat	ENSG00000164344	4	187130133	187179625	0.4427	rs13140248	  3.28	rs4253239	 3.24e-01	 19.30	  0.18548	 591	 72	enet	0.46	6.5e-154	  0.50963	6.10e-01
NA	/data/songy4/twas/output/weights//ENSG00000088926.wgt.RDat	ENSG00000088926	4	187187099	187210835	0.1158	rs13140248	  3.28	rs1473597	 5.61e-02	  8.40	  0.02062	 566	  8	lasso	0.084	1.1e-23	 -0.04697	9.63e-01
NA	/data/songy4/twas/output/weights//ENSG00000109536.wgt.RDat	ENSG00000109536	4	190861943	190884359	0.0856	rs7688549	 -2.20	rs1138726	 1.09e-01	-11.92	  0.77707	  99	 14	enet	0.12	4.7e-33	 -0.56737	5.70e-01
