PANEL	FILE	ID	CHR	P0	P1	HSQ	BEST.GWAS.ID	BEST.GWAS.Z	EQTL.ID	EQTL.R2	EQTL.Z	EQTL.GWAS.Z	NSNP	NWGT	MODEL	MODELCV.R2	MODELCV.PV	TWAS.Z	TWAS.P
NA	/data/songy4/twas/output/weights//ENSG00000164366.wgt.RDat	ENSG00000164366	5	196986	218330	0.33190	rs768479	-3.18	rs9763161	 1.94e-01	 16.19	 0.38411	 283	  8	lasso	0.37	1.1e-116	 0.47668	6.34e-01
NA	/data/songy4/twas/output/weights//ENSG00000073578.wgt.RDat	ENSG00000073578	5	218356	256815	0.14742	rs768479	-3.18	rs10055993	 1.08e-01	-11.23	-1.46753	 283	 23	enet	0.13	1.4e-35	 1.96808	4.91e-02
NA	/data/songy4/twas/output/weights//ENSG00000249915.wgt.RDat	ENSG00000249915	5	271736	353971	0.09955	rs768479	-3.18	rs4957018	 5.88e-02	  9.31	 0.78846	 291	 12	lasso	0.075	2.6e-21	 1.14046	2.54e-01
NA	/data/songy4/twas/output/weights//ENSG00000063438.wgt.RDat	ENSG00000063438	5	304291	438406	0.21257	rs768479	-3.18	rs2162872	 3.07e-02	  7.37	 0.39623	 307	 48	enet	0.1	1.3e-28	 1.24012	2.15e-01
NA	/data/songy4/twas/output/weights//ENSG00000171368.wgt.RDat	ENSG00000171368	5	660883	693510	0.06376	rs768479	-3.18	rs3792723	 3.38e-02	 -7.29	-0.57143	 366	 17	enet	0.044	5.2e-13	-0.58455	5.59e-01
NA	/data/songy4/twas/output/weights//ENSG00000188818.wgt.RDat	ENSG00000188818	5	710471	851101	0.06421	rs768479	-3.18	rs12518227	 1.79e-02	 -5.40	-0.27660	 407	 23	enet	0.042	1.6e-12	-0.89541	3.71e-01
NA	/data/songy4/twas/output/weights//ENSG00000206077.wgt.RDat	ENSG00000206077	5	710475	767067	0.05194	rs768479	-3.18	rs11951225	 3.07e-03	  3.73	 2.24299	 377	 28	enet	0.019	1.7e-06	 2.54136	1.10e-02
NA	/data/songy4/twas/output/weights//ENSG00000028310.wgt.RDat	ENSG00000028310	5	850406	892939	0.05718	rs768479	-3.18	rs10067227	 5.64e-03	  4.90	 0.27119	 388	 19	enet	0.022	2.5e-07	-0.19602	8.45e-01
NA	/data/songy4/twas/output/weights//ENSG00000113504.wgt.RDat	ENSG00000113504	5	1050499	1112150	0.81034	rs6554658	 3.00	rs4535497	 7.26e-01	 28.75	 0.62500	 402	 12	lasso	0.79	0	 0.95270	3.41e-01
NA	/data/songy4/twas/output/weights//ENSG00000174358.wgt.RDat	ENSG00000174358	5	1201710	1225232	0.12162	rs6554658	 3.00	rs4640842	 1.43e-02	 -5.45	 0.31579	 404	 43	enet	0.056	3.2e-16	 0.69156	4.89e-01
NA	/data/songy4/twas/output/weights//ENSG00000153395.wgt.RDat	ENSG00000153395	5	1456595	1524092	0.40437	rs4975765	-3.36	rs27056	 3.49e-01	 20.22	 0.52632	 582	 23	enet	0.4	1e-128	 0.24746	8.05e-01
NA	/data/songy4/twas/output/weights//ENSG00000171421.wgt.RDat	ENSG00000171421	5	1798500	1801480	0.09716	rs4975765	-3.36	rs11953620	 7.05e-02	  9.17	-0.18269	 609	 11	lasso	0.092	8.9e-26	-0.41827	6.76e-01
NA	/data/songy4/twas/output/weights//ENSG00000133398.wgt.RDat	ENSG00000133398	5	6371994	6378707	0.05764	rs487740	 2.55	rs271397	 3.93e-02	  6.89	 0.04000	 649	  1	top1	0.039	8.8e-12	 0.04000	9.68e-01
NA	/data/songy4/twas/output/weights//ENSG00000037474.wgt.RDat	ENSG00000037474	5	6599352	6633404	0.31551	rs487740	 2.55	rs567289	 4.58e-01	 22.88	-1.17718	 634	  4	lasso	0.46	6.8e-155	-1.13908	2.55e-01
NA	/data/songy4/twas/output/weights//ENSG00000145545.wgt.RDat	ENSG00000145545	5	6633456	6669675	0.17552	rs487740	 2.55	rs562461	 1.18e-01	 11.88	-0.10526	 650	 17	enet	0.16	2.7e-44	 0.74514	4.56e-01
NA	/data/songy4/twas/output/weights//ENSG00000112941.wgt.RDat	ENSG00000112941	5	6714718	6757161	0.07760	rs487740	 2.55	rs274679	 2.81e-02	 -6.79	 0.18868	 646	 24	enet	0.05	1.7e-14	-0.41908	6.75e-01
NA	/data/songy4/twas/output/weights//ENSG00000124275.wgt.RDat	ENSG00000124275	5	7851299	7906138	0.17161	rs11741244	-3.07	rs162031	 5.74e-02	  9.21	 1.02586	 628	 37	enet	0.12	9.5e-34	-0.32663	7.44e-01
NA	/data/songy4/twas/output/weights//ENSG00000112902.wgt.RDat	ENSG00000112902	5	9035138	9546187	0.27200	rs3797954	 3.48	rs17329702	 1.14e-01	 11.49	 1.83893	 968	  8	lasso	0.18	1.1e-49	 0.86708	3.86e-01
NA	/data/songy4/twas/output/weights//ENSG00000150756.wgt.RDat	ENSG00000150756	5	10226442	10250009	0.16873	rs7711645	 3.23	rs2548553	 1.71e-01	 14.14	-1.05405	 613	 45	enet	0.19	6.3e-55	-0.84142	4.00e-01
NA	/data/songy4/twas/output/weights//ENSG00000150753.wgt.RDat	ENSG00000150753	5	10250033	10266524	0.04387	rs7711645	 3.23	rs3846599	 8.64e-03	 -4.51	-1.26733	 611	  3	lasso	0.0093	0.00067	 1.66741	9.54e-02
NA	/data/songy4/twas/output/weights//ENSG00000164237.wgt.RDat	ENSG00000164237	5	10275987	10308138	0.68111	rs7711645	 3.23	rs13180748	 5.87e-01	 25.82	-1.00000	 624	  4	lasso	0.64	2.3e-253	-0.93798	3.48e-01
NA	/data/songy4/twas/output/weights//ENSG00000145495.wgt.RDat	ENSG00000145495	5	10353815	10440500	0.05135	rs7711645	 3.23	rs13180748	 3.42e-02	  6.56	-1.00000	 670	  1	top1	0.034	1.9e-10	-1.00000	3.17e-01
NA	/data/songy4/twas/output/weights//ENSG00000164236.wgt.RDat	ENSG00000164236	5	10564442	10650308	0.13420	rs7711645	 3.23	rs7712927	 4.66e-02	 -7.65	-1.06977	 681	 30	enet	0.072	2.4e-20	 0.73153	4.64e-01
NA	/data/songy4/twas/output/weights//ENSG00000112977.wgt.RDat	ENSG00000112977	5	10679342	10761384	0.10173	rs7711645	 3.23	rs5745297	 8.80e-02	 10.20	-0.08377	 678	 22	enet	0.11	1.3e-30	-0.16068	8.72e-01
NA	/data/songy4/twas/output/weights//ENSG00000145569.wgt.RDat	ENSG00000145569	5	14581884	14615116	0.17761	rs250848	 3.48	rs3993996	 5.53e-02	 -8.12	-1.13194	 496	  6	lasso	0.091	1.1e-25	 0.77319	4.39e-01
NA	/data/songy4/twas/output/weights//ENSG00000154124.wgt.RDat	ENSG00000154124	5	14664773	14699820	0.12496	rs42550	-3.47	rs456180	 8.20e-02	 10.01	 1.33005	 467	 12	enet	0.1	1.5e-28	 1.22093	2.22e-01
NA	/data/songy4/twas/output/weights//ENSG00000154122.wgt.RDat	ENSG00000154122	5	14704910	14871887	0.41571	rs42550	-3.47	rs3006069	 1.63e-01	-13.68	-0.08824	 476	 37	enet	0.24	7.6e-71	 0.49839	6.18e-01
NA	/data/songy4/twas/output/weights//ENSG00000173545.wgt.RDat	ENSG00000173545	5	16451628	16465901	0.05468	rs686165	 3.57	rs334472	 2.01e-02	 -5.71	 0.52525	 505	  9	enet	0.033	4.1e-10	-1.18688	2.35e-01
NA	/data/songy4/twas/output/weights//ENSG00000154153.wgt.RDat	ENSG00000154153	5	16473147	16617167	0.13403	rs686165	 3.57	rs35004	 5.72e-02	 -8.20	-1.47525	 546	  9	lasso	0.089	4.3e-25	 0.48278	6.29e-01
NA	/data/songy4/twas/output/weights//ENSG00000145555.wgt.RDat	ENSG00000145555	5	16665395	16936372	0.20537	rs686165	 3.57	rs2625177	 1.53e-01	-13.27	-0.85294	 637	 10	lasso	0.16	3.7e-45	 1.00245	3.16e-01
NA	/data/songy4/twas/output/weights//ENSG00000176788.wgt.RDat	ENSG00000176788	5	17065707	17276943	0.10389	rs686165	 3.57	rs7733967	 6.37e-02	  9.32	 2.35644	 515	  7	lasso	0.087	1.8e-24	 2.14377	3.21e-02
NA	/data/songy4/twas/output/weights//ENSG00000113361.wgt.RDat	ENSG00000113361	5	31193857	31329253	0.07806	rs4867292	-2.97	rs1392446	 5.05e-02	 -8.12	 0.69903	 722	 15	enet	0.061	1.3e-17	-0.15273	8.79e-01
NA	/data/songy4/twas/output/weights//ENSG00000113360.wgt.RDat	ENSG00000113360	5	31400604	31532303	0.04719	rs4867292	-2.97	rs17409588	 3.48e-02	 -6.77	-1.39623	 747	 11	enet	0.038	1.8e-11	 0.82797	4.08e-01
NA	/data/songy4/twas/output/weights//ENSG00000082213.wgt.RDat	ENSG00000082213	5	31532373	31555165	0.10805	rs16901440	 2.65	rs10041313	 6.73e-02	 -9.54	 1.37795	 687	 22	enet	0.083	2e-23	-1.47758	1.40e-01
NA	/data/songy4/twas/output/weights//ENSG00000133401.wgt.RDat	ENSG00000133401	5	31639517	32111037	0.06794	rs818534	 2.89	rs6450868	 1.60e-02	  5.37	 0.79412	 836	 45	enet	0.048	4.8e-14	 0.20160	8.40e-01
NA	/data/songy4/twas/output/weights//ENSG00000113384.wgt.RDat	ENSG00000113384	5	32124810	32174456	0.12236	rs818534	 2.89	rs2291113	 2.74e-02	 -6.07	-1.45596	 582	 30	enet	0.05	1.9e-14	 2.02621	4.27e-02
NA	/data/songy4/twas/output/weights//ENSG00000150712.wgt.RDat	ENSG00000150712	5	32227100	32313115	0.03280	rs818534	 2.89	rs11959760	 2.23e-02	  5.28	-0.08000	 562	  1	top1	0.022	2.5e-07	-0.08000	9.36e-01
NA	/data/songy4/twas/output/weights//ENSG00000056097.wgt.RDat	ENSG00000056097	5	32354456	32444867	0.03378	rs818534	 2.89	rs4867446	 1.21e-02	 -4.97	 0.01887	 528	  1	top1	0.012	0.00012	-0.01887	9.85e-01
NA	/data/songy4/twas/output/weights//ENSG00000113407.wgt.RDat	ENSG00000113407	5	33440802	33469644	0.09250	rs1595558	 2.68	rs3756661	 2.81e-02	  7.40	 0.57692	 498	  8	lasso	0.066	6.1e-19	 1.35198	1.76e-01
NA	/data/songy4/twas/output/weights//ENSG00000151388.wgt.RDat	ENSG00000151388	5	33523640	33892297	0.03818	rs250413	 2.90	rs10054073	 3.07e-02	  6.66	 1.25641	 551	  1	top1	0.031	1.6e-09	 1.25641	2.09e-01
NA	/data/songy4/twas/output/weights//ENSG00000164175.wgt.RDat	ENSG00000164175	5	33944721	33984835	0.28441	rs250413	 2.90	rs34677	 3.24e-01	 19.22	 0.93985	 425	  9	lasso	0.38	3.4e-122	 0.71491	4.75e-01
NA	/data/songy4/twas/output/weights//ENSG00000242110.wgt.RDat	ENSG00000242110	5	33986283	34008220	0.35822	rs250413	 2.90	rs34677	 3.97e-01	 21.26	 0.93985	 426	 45	enet	0.46	1.9e-153	 1.03910	2.99e-01
NA	/data/songy4/twas/output/weights//ENSG00000082196.wgt.RDat	ENSG00000082196	5	34019553	34043937	0.02562	rs250413	 2.90	rs10461935	 4.26e-02	 -7.05	 0.74689	 441	  1	top1	0.043	1.2e-12	-0.74689	4.55e-01
NA	/data/songy4/twas/output/weights//ENSG00000039560.wgt.RDat	ENSG00000039560	5	34656342	34832732	0.13556	rs6451173	 2.56	rs903845	 5.33e-02	  7.87	-0.97887	 518	  7	lasso	0.072	2.4e-20	-0.64299	5.20e-01
NA	/data/songy4/twas/output/weights//ENSG00000205838.wgt.RDat	ENSG00000205838	5	34838938	34899561	0.06404	rs17510533	-2.90	rs336485	 4.28e-02	  7.57	-1.32867	 528	  4	lasso	0.047	1.1e-13	-1.12784	2.59e-01
NA	/data/songy4/twas/output/weights//ENSG00000113456.wgt.RDat	ENSG00000113456	5	34905369	34919094	0.03998	rs17510533	-2.90	rs27162	 2.65e-02	 -6.52	-0.61905	 517	  5	lasso	0.027	1.1e-08	 0.05772	9.54e-01
NA	/data/songy4/twas/output/weights//ENSG00000168724.wgt.RDat	ENSG00000168724	5	34929698	34959069	0.02994	rs17510533	-2.90	rs6868348	 2.53e-02	 -5.89	-0.41053	 531	  1	top1	0.025	4.1e-08	 0.41053	6.81e-01
NA	/data/songy4/twas/output/weights//ENSG00000113494.wgt.RDat	ENSG00000113494	5	35048861	35230794	0.21780	rs17510533	-2.90	rs6451195	 1.75e-01	 14.15	 0.22857	 596	 34	enet	0.19	3.9e-54	 0.42308	6.72e-01
NA	/data/songy4/twas/output/weights//ENSG00000152582.wgt.RDat	ENSG00000152582	5	35617946	35814713	0.03182	rs4869459	-3.02	rs6897434	 2.45e-02	 -6.58	-0.54255	 534	 12	enet	0.037	4e-11	 0.99835	3.18e-01
NA	/data/songy4/twas/output/weights//ENSG00000168671.wgt.RDat	ENSG00000168671	5	36035119	36071460	0.10594	rs4869459	-3.02	rs267771	 8.00e-02	  9.89	 0.82963	 514	  8	lasso	0.092	9.8e-26	 0.24477	8.07e-01
NA	/data/songy4/twas/output/weights//ENSG00000164187.wgt.RDat	ENSG00000164187	5	36098514	36152063	0.09592	rs4869459	-3.02	rs155550	 9.46e-02	 10.51	-1.18000	 554	  2	lasso	0.098	1.7e-27	-1.17365	2.41e-01
NA	/data/songy4/twas/output/weights//ENSG00000145604.wgt.RDat	ENSG00000145604	5	36152091	36184421	0.13385	rs4869459	-3.02	rs3804439	 9.22e-02	 10.34	-1.51923	 549	  5	lasso	0.094	2.3e-26	-1.65425	9.81e-02
NA	/data/songy4/twas/output/weights//ENSG00000152620.wgt.RDat	ENSG00000152620	5	36192694	36242381	0.19282	rs4869459	-3.02	rs10075150	 1.58e-01	-13.52	-1.52941	 567	 26	enet	0.16	1.1e-45	 2.01999	4.34e-02
NA	/data/songy4/twas/output/weights//ENSG00000079215.wgt.RDat	ENSG00000079215	5	36606457	36688436	0.09346	rs2937528	 2.58	rs1049522	 3.88e-02	  6.76	-0.00885	 439	  1	top1	0.039	1.2e-11	-0.00885	9.93e-01
NA	/data/songy4/twas/output/weights//ENSG00000082068.wgt.RDat	ENSG00000082068	5	37379314	37753537	0.02096	rs380930	 2.84	rs4608942	 1.69e-03	  3.71	 0.40708	 472	  1	top1	0.0017	0.088	 0.40708	6.84e-01
NA	/data/songy4/twas/output/weights//ENSG00000113594.wgt.RDat	ENSG00000113594	5	38475065	38608456	0.02057	NA	   NA	NA	       NA	    NA	      NA	   0	  0	enet	5.8e-05	0.3	      NA	      NA
NA	/data/songy4/twas/output/weights//ENSG00000153071.wgt.RDat	ENSG00000153071	5	39371780	39462402	0.02371	rs12658684	-2.73	rs1501720	 2.15e-02	 -5.37	 0.05771	 490	  1	top1	0.021	4.1e-07	-0.05771	9.54e-01
NA	/data/songy4/twas/output/weights//ENSG00000171522.wgt.RDat	ENSG00000171522	5	40679600	40693837	0.16341	rs3792826	 3.39	rs12518585	 1.05e-01	-11.06	-0.28571	 445	 13	lasso	0.12	1.6e-32	 0.72942	4.66e-01
NA	/data/songy4/twas/output/weights//ENSG00000132356.wgt.RDat	ENSG00000132356	5	40759481	40798476	0.03762	rs3792826	 3.39	rs3792822	 1.55e-03	  4.42	 0.38519	 466	  7	lasso	0.0079	0.0016	 0.21458	8.30e-01
NA	/data/songy4/twas/output/weights//ENSG00000083720.wgt.RDat	ENSG00000083720	5	41730167	41870621	0.01140	rs319011	-2.85	rs7725264	 1.45e-02	  4.78	 0.22581	 364	  1	top1	0.014	2.8e-05	 0.22581	8.21e-01
NA	/data/songy4/twas/output/weights//ENSG00000198865.wgt.RDat	ENSG00000198865	5	42756903	42802462	0.21973	rs16872962	 2.90	rs4866796	 1.84e-01	 14.70	-0.60194	 335	 12	lasso	0.19	1.6e-55	-0.69167	4.89e-01
NA	/data/songy4/twas/output/weights//ENSG00000250722.wgt.RDat	ENSG00000250722	5	42799982	42887494	0.06402	rs16872962	 2.90	rs2548334	 1.93e-02	  5.97	-0.39806	 346	 19	enet	0.043	8e-13	-0.27614	7.82e-01
NA	/data/songy4/twas/output/weights//ENSG00000177721.wgt.RDat	ENSG00000177721	5	43039335	43043272	0.08389	rs16872962	 2.90	rs1054428	 3.13e-02	  7.18	 1.04950	 332	  8	lasso	0.061	1.9e-17	 0.98478	3.25e-01
NA	/data/songy4/twas/output/weights//ENSG00000177453.wgt.RDat	ENSG00000177453	5	43192173	43280952	0.02127	rs16872962	 2.90	rs17302931	 1.26e-02	  5.56	 1.54305	 344	  8	lasso	0.016	1.2e-05	 1.24489	2.13e-01
NA	/data/songy4/twas/output/weights//ENSG00000151882.wgt.RDat	ENSG00000151882	5	43376747	43412493	0.01800	rs16872962	 2.90	rs3756416	 2.26e-02	 -5.37	-0.91176	 313	  1	top1	0.023	2.1e-07	 0.91176	3.62e-01
NA	/data/songy4/twas/output/weights//ENSG00000151881.wgt.RDat	ENSG00000151881	5	43444354	43483995	0.01565	rs10074873	-2.21	rs186322	 2.43e-03	  3.93	 1.06034	 283	  3	lasso	0.0036	0.023	 1.40946	1.59e-01
NA	/data/songy4/twas/output/weights//ENSG00000172244.wgt.RDat	ENSG00000172244	5	43486803	43515247	0.06245	rs10074873	-2.21	rs6878770	 8.35e-02	 10.15	-1.20792	 271	 26	enet	0.091	1.8e-25	-1.24035	2.15e-01
NA	/data/songy4/twas/output/weights//ENSG00000112992.wgt.RDat	ENSG00000112992	5	43602794	43707507	0.12956	rs10074873	-2.21	rs6860493	 3.60e-02	 -8.18	 1.09000	 276	 45	enet	0.11	1e-31	-0.44025	6.60e-01
NA	/data/songy4/twas/output/weights//ENSG00000112996.wgt.RDat	ENSG00000112996	5	44809027	44820530	0.00898	rs6891637	 2.05	rs4298259	 4.75e-03	 -3.52	-1.69388	 229	  1	top1	0.0048	0.011	 1.69388	9.03e-02
NA	/data/songy4/twas/output/weights//ENSG00000170571.wgt.RDat	ENSG00000170571	5	49692026	49739082	0.06263	rs12188654	 1.98	rs13185634	 6.68e-02	  9.05	 0.45062	 185	  1	top1	0.067	4.8e-19	 0.45062	6.52e-01
NA	/data/songy4/twas/output/weights//ENSG00000151883.wgt.RDat	ENSG00000151883	5	49961733	50142356	0.13092	rs4482854	 2.15	rs6897477	 9.42e-02	 10.74	 0.56061	 315	 46	enet	0.15	1.2e-41	-0.38392	7.01e-01
NA	/data/songy4/twas/output/weights//ENSG00000213949.wgt.RDat	ENSG00000213949	5	52083730	52255040	0.45887	rs6865723	-3.21	rs2406370	 2.17e-01	-15.95	 0.05102	 650	 13	lasso	0.44	2.8e-145	 0.70563	4.80e-01
NA	/data/songy4/twas/output/weights//ENSG00000152684.wgt.RDat	ENSG00000152684	5	52083774	52099880	0.57240	rs6865723	-3.21	rs6450090	 1.22e-01	-11.84	 1.33613	 583	104	enet	0.31	8.8e-94	-0.96106	3.37e-01
NA	/data/songy4/twas/output/weights//ENSG00000164171.wgt.RDat	ENSG00000164171	5	52285156	52390609	0.29616	rs1275659	 2.67	rs246406	 2.93e-01	-18.27	-1.05660	 612	 44	enet	0.33	1.8e-101	 1.07786	2.81e-01
NA	/data/songy4/twas/output/weights//ENSG00000164172.wgt.RDat	ENSG00000164172	5	52391509	52405893	0.12862	rs1275659	 2.67	rs17242584	 6.33e-02	 -9.64	-0.86364	 564	 48	enet	0.13	5.9e-36	 0.84495	3.98e-01
NA	/data/songy4/twas/output/weights//ENSG00000134363.wgt.RDat	ENSG00000134363	5	52776239	52782964	0.20119	rs1504209	 2.84	rs10940321	 3.94e-02	  6.93	-0.61780	 452	 87	enet	0.089	5.9e-25	 0.69243	4.89e-01
NA	/data/songy4/twas/output/weights//ENSG00000164258.wgt.RDat	ENSG00000164258	5	52856463	52979168	0.02934	rs1504209	 2.84	rs256094	 1.65e-02	 -4.72	-1.04505	 476	  1	top1	0.016	8.2e-06	 1.04505	2.96e-01
NA	/data/songy4/twas/output/weights//ENSG00000185305.wgt.RDat	ENSG00000185305	5	53179775	53606412	0.03717	rs9292042	 4.73	rs4865815	 2.43e-02	 -5.73	 0.10870	 697	  1	top1	0.024	7.3e-08	-0.10870	9.13e-01
NA	/data/songy4/twas/output/weights//ENSG00000169271.wgt.RDat	ENSG00000169271	5	53751445	53752207	0.02883	rs9292042	 4.73	rs12520754	 2.49e-02	 -5.89	-0.99000	 583	  2	lasso	0.025	4.1e-08	 0.96573	3.34e-01
NA	/data/songy4/twas/output/weights//ENSG00000178996.wgt.RDat	ENSG00000178996	5	53813589	53842415	0.12291	rs9292042	 4.73	rs12697130	 7.47e-02	 -9.84	-1.12500	 606	 15	enet	0.13	4.4e-36	 0.86945	3.85e-01
NA	/data/songy4/twas/output/weights//ENSG00000164283.wgt.RDat	ENSG00000164283	5	54273692	54318499	0.15151	rs11746274	 2.70	rs6891823	 1.07e-01	-11.18	 1.78846	 536	  6	lasso	0.12	4.7e-33	-1.59572	1.11e-01
NA	/data/songy4/twas/output/weights//ENSG00000039123.wgt.RDat	ENSG00000039123	5	54603588	54721409	0.01195	rs10471407	 2.60	rs7701019	 4.66e-03	  4.23	-0.65644	 442	  6	lasso	0.0049	0.01	-0.54508	5.86e-01
NA	/data/songy4/twas/output/weights//ENSG00000067113.wgt.RDat	ENSG00000067113	5	54720682	54830878	0.04619	rs10471407	 2.60	rs11747258	 4.19e-02	  7.25	-0.22222	 407	 25	enet	0.043	1.2e-12	-0.24642	8.05e-01
NA	/data/songy4/twas/output/weights//ENSG00000177058.wgt.RDat	ENSG00000177058	5	54921673	55069022	0.05995	rs161222	-1.97	rs9687838	 5.16e-02	 -7.93	-0.02020	 417	  4	lasso	0.054	1.4e-15	 0.07501	9.40e-01
NA	/data/songy4/twas/output/weights//ENSG00000164509.wgt.RDat	ENSG00000164509	5	55147207	55218678	0.09966	rs3846529	-2.38	rs9968698	 5.90e-02	  8.31	 0.37868	 411	  1	top1	0.059	5.9e-17	 0.37868	7.05e-01
NA	/data/songy4/twas/output/weights//ENSG00000134352.wgt.RDat	ENSG00000134352	5	55230923	55290821	0.06586	rs3846529	-2.38	rs12515884	 5.99e-03	  5.00	 1.45045	 433	 26	enet	0.032	5.7e-10	 0.50290	6.15e-01
NA	/data/songy4/twas/output/weights//ENSG00000164512.wgt.RDat	ENSG00000164512	5	55395507	55529186	0.26577	rs3846529	-2.38	rs10065637	 1.19e-01	-11.78	 0.33913	 560	 42	enet	0.17	1.7e-49	 0.49248	6.22e-01
NA	/data/songy4/twas/output/weights//ENSG00000225940.wgt.RDat	ENSG00000225940	5	55807394	55902059	0.22776	rs3846529	-2.38	rs1292147	 7.58e-02	 -9.77	-2.22000	 598	 46	enet	0.14	4.2e-39	 2.04693	4.07e-02
NA	/data/songy4/twas/output/weights//ENSG00000095015.wgt.RDat	ENSG00000095015	5	56111401	56191979	0.08181	rs3846529	-2.38	rs10940504	 4.59e-02	  7.73	 0.41121	 542	  5	lasso	0.052	5.4e-15	-0.33961	7.34e-01
NA	/data/songy4/twas/output/weights//ENSG00000155542.wgt.RDat	ENSG00000155542	5	56205087	56221359	0.44252	rs1292144	-2.30	rs185220	 6.70e-01	-27.62	-0.58594	 500	  4	lasso	0.68	3.8e-285	 0.62923	5.29e-01
NA	/data/songy4/twas/output/weights//ENSG00000155545.wgt.RDat	ENSG00000155545	5	56215429	56267502	0.03769	rs1292144	-2.30	rs16886445	 1.42e-03	  3.92	 0.53052	 521	  1	top1	0.0014	0.11	 0.53052	5.96e-01
NA	/data/songy4/twas/output/weights//ENSG00000145632.wgt.RDat	ENSG00000145632	5	57749809	57756087	0.07462	rs150271	 2.87	rs1858086	 5.26e-02	 -7.99	 0.82000	 517	  7	lasso	0.056	3.9e-16	-0.87909	3.79e-01
NA	/data/songy4/twas/output/weights//ENSG00000175857.wgt.RDat	ENSG00000175857	5	57787262	57792917	0.12566	rs150271	 2.87	rs7704785	 1.05e-01	-11.10	-1.47573	 521	 32	enet	0.12	2.9e-34	 1.69589	8.99e-02
NA	/data/songy4/twas/output/weights//ENSG00000113448.wgt.RDat	ENSG00000113448	5	58264865	59817947	0.05148	rs976080	 9.68	rs4235479	 3.48e-02	 -6.82	-1.09804	1074	  3	lasso	0.035	1.3e-10	 1.17172	2.41e-01
NA	/data/songy4/twas/output/weights//ENSG00000164181.wgt.RDat	ENSG00000164181	5	60047618	60140216	0.05184	rs976080	 9.68	rs6877849	 4.37e-02	 -7.63	-0.56000	 361	  1	top1	0.044	6.2e-13	 0.56000	5.75e-01
NA	/data/songy4/twas/output/weights//ENSG00000049167.wgt.RDat	ENSG00000049167	5	60169658	60240900	0.13109	rs976080	 9.68	rs248682	 1.22e-01	 11.96	 5.25253	 334	 25	enet	0.13	4.1e-36	 5.51166	3.55e-08
NA	/data/songy4/twas/output/weights//ENSG00000164182.wgt.RDat	ENSG00000164182	5	60240956	60448853	0.05729	rs976080	 9.68	rs4235483	 3.54e-02	  6.53	 5.53535	 407	 21	enet	0.036	8.4e-11	 7.11635	1.11e-12
NA	/data/songy4/twas/output/weights//ENSG00000068796.wgt.RDat	ENSG00000068796	5	61601989	61833076	0.02562	rs6859556	 2.85	rs2344395	 3.66e-02	 -6.56	 0.64646	 461	  1	top1	0.037	4.7e-11	-0.64646	5.18e-01
NA	/data/songy4/twas/output/weights//ENSG00000086189.wgt.RDat	ENSG00000086189	5	61683081	61699766	0.15816	rs6859556	 2.85	rs3776638	 7.29e-02	 -9.50	 0.94898	 388	 91	enet	0.08	1.5e-22	 0.37156	7.10e-01
NA	/data/songy4/twas/output/weights//ENSG00000086200.wgt.RDat	ENSG00000086200	5	61699799	61924409	0.01667	rs6859556	 2.85	rs4700494	 1.13e-02	 -4.36	-0.52041	 455	  1	top1	0.011	0.00019	 0.52041	6.03e-01
NA	/data/songy4/twas/output/weights//ENSG00000186105.wgt.RDat	ENSG00000186105	5	61874562	61877275	0.02196	rs6859556	 2.85	rs4700506	 1.45e-02	 -4.98	-0.43116	 384	  3	lasso	0.019	1.4e-06	 1.05332	2.92e-01
NA	/data/songy4/twas/output/weights//ENSG00000186479.wgt.RDat	ENSG00000186479	5	63802084	63908139	0.01531	rs1309572	-2.66	rs272620	-9.22e-05	  3.62	 0.48598	 346	  1	top1	-9.2e-05	0.34	 0.48598	6.27e-01
NA	/data/songy4/twas/output/weights//ENSG00000153006.wgt.RDat	ENSG00000153006	5	64013971	64064512	0.08047	rs10071190	 2.79	rs275830	 3.69e-02	 -6.83	-0.82927	 375	 27	enet	0.046	1.3e-13	 0.80635	4.20e-01
NA	/data/songy4/twas/output/weights//ENSG00000153015.wgt.RDat	ENSG00000153015	5	64064757	64314590	0.04201	rs12517057	 3.38	rs6868521	 1.20e-02	 -4.81	-0.07000	 449	  1	top1	0.012	0.00012	 0.07000	9.44e-01
NA	/data/songy4/twas/output/weights//ENSG00000049192.wgt.RDat	ENSG00000049192	5	64444563	64777747	0.12929	rs1549192	 3.70	rs181753	 2.20e-01	 16.11	-2.08163	 548	 38	enet	0.23	1.5e-65	-2.23758	2.52e-02
NA	/data/songy4/twas/output/weights//ENSG00000123219.wgt.RDat	ENSG00000123219	5	64813593	64858998	0.58127	rs1549192	 3.70	rs42468	 8.26e-01	 30.65	-2.14583	 435	  1	top1	0.83	0	-2.14583	3.19e-02
NA	/data/songy4/twas/output/weights//ENSG00000113593.wgt.RDat	ENSG00000113593	5	64859063	64883376	0.11552	rs1549192	 3.70	rs669571	 1.69e-01	 14.39	-2.03061	 420	 20	lasso	0.18	2.2e-50	-2.09223	3.64e-02
NA	/data/songy4/twas/output/weights//ENSG00000113595.wgt.RDat	ENSG00000113595	5	64885507	64921802	0.02233	rs1549192	 3.70	rs37018	-4.01e-04	  3.65	-2.35036	 408	  6	lasso	0.001	0.14	-0.44264	6.58e-01
NA	/data/songy4/twas/output/weights//ENSG00000113597.wgt.RDat	ENSG00000113597	5	64920543	64962060	0.09081	rs1549192	 3.70	rs149514	 1.06e-01	 11.08	-2.85859	 413	  1	top1	0.11	7.8e-30	-2.85859	4.26e-03
NA	/data/songy4/twas/output/weights//ENSG00000253251.wgt.RDat	ENSG00000253251	5	64920592	64926718	0.03916	rs1549192	 3.70	rs33395	 3.63e-02	 -7.45	-1.97000	 395	  5	lasso	0.038	1.7e-11	 2.46816	1.36e-02
NA	/data/songy4/twas/output/weights//ENSG00000197860.wgt.RDat	ENSG00000197860	5	64961755	65018862	0.07780	rs1549192	 3.70	rs2561205	 2.08e-02	  6.09	-0.92562	 407	 28	enet	0.039	1.4e-11	-2.37935	1.73e-02
NA	/data/songy4/twas/output/weights//ENSG00000123213.wgt.RDat	ENSG00000123213	5	65018023	65167553	0.39692	rs1549192	 3.70	rs2561205	 4.04e-01	 21.46	-0.92562	 478	 10	lasso	0.42	1.7e-135	-0.79655	4.26e-01
NA	/data/songy4/twas/output/weights//ENSG00000153914.wgt.RDat	ENSG00000153914	5	65435799	65479443	0.02855	rs1549192	 3.70	rs103219	 1.81e-03	  4.26	-1.24490	 485	  5	lasso	0.004	0.018	-2.15498	3.12e-02
NA	/data/songy4/twas/output/weights//ENSG00000069020.wgt.RDat	ENSG00000069020	5	65892176	66465423	0.22754	rs12522064	-3.37	rs468018	 1.19e-01	-12.30	-1.68269	 777	 29	enet	0.22	6.1e-63	 1.90266	5.71e-02
NA	/data/songy4/twas/output/weights//ENSG00000134061.wgt.RDat	ENSG00000134061	5	66478103	66492627	0.06747	rs744288	 3.04	rs7732118	 3.62e-03	 -5.66	-1.06542	 494	  6	lasso	0.021	4.6e-07	 1.22391	2.21e-01
NA	/data/songy4/twas/output/weights//ENSG00000134057.wgt.RDat	ENSG00000134057	5	68462837	68474072	0.02582	rs6880864	 3.49	rs350104	 2.62e-02	  6.25	 0.69388	 314	  1	top1	0.026	2.4e-08	 0.69388	4.88e-01
NA	/data/songy4/twas/output/weights//ENSG00000153044.wgt.RDat	ENSG00000153044	5	68485375	68506184	0.01330	rs6886492	 3.50	rs163443	 2.00e-02	 -5.01	-1.45631	 304	  1	top1	0.02	9.8e-07	 1.45631	1.45e-01
NA	/data/songy4/twas/output/weights//ENSG00000134058.wgt.RDat	ENSG00000134058	5	68530668	68573250	0.05633	rs6886492	 3.56	rs2083643	 1.12e-02	  5.75	 1.50000	 278	  6	lasso	0.016	1.4e-05	 1.68790	9.14e-02
NA	/data/songy4/twas/output/weights//ENSG00000183323.wgt.RDat	ENSG00000183323	5	68576002	68628636	0.10169	rs6886492	 3.55	rs6450029	 1.15e-01	-11.61	 0.91489	 254	 13	lasso	0.12	1.6e-32	-0.35540	7.22e-01
NA	/data/songy4/twas/output/weights//ENSG00000197822.wgt.RDat	ENSG00000197822	5	68788119	68853931	0.59901	rs6886492	 3.47	rs2583707	 1.10e-01	 12.93	 0.93194	 184	 69	enet	0.31	2e-94	-1.10145	2.71e-01
NA	/data/songy4/twas/output/weights//ENSG00000183474.wgt.RDat	ENSG00000183474	5	68856035	68890550	0.22175	rs6886492	 3.52	rs28633210	 5.41e-02	  8.80	 1.70667	 149	 28	enet	0.14	9.3e-39	-1.00210	3.16e-01
NA	/data/songy4/twas/output/weights//ENSG00000205572.wgt.RDat	ENSG00000205572	5	69321074	69338940	0.08835	rs28562181	 1.64	rs28562181	 4.26e-02	 -7.10	 1.64211	   4	  4	enet	0.075	3.2e-21	-0.22015	8.26e-01
NA	/data/songy4/twas/output/weights//ENSG00000172058.wgt.RDat	ENSG00000172058	5	70196492	70214357	0.52981	rs13168712	 1.79	rs4976210	 6.24e-01	 26.66	-0.32075	   8	  6	enet	0.63	2.6e-246	-0.10075	9.20e-01
NA	/data/songy4/twas/output/weights//ENSG00000172062.wgt.RDat	ENSG00000172062	5	70220768	70249769	0.09903	rs13168712	 1.79	rs13168712	 5.69e-02	  8.81	 1.79091	  14	  4	lasso	0.069	1.2e-19	 1.05889	2.90e-01
NA	/data/songy4/twas/output/weights//ENSG00000145736.wgt.RDat	ENSG00000145736	5	70330784	70363516	0.50793	rs13168712	 1.79	rs6453406	 3.44e-01	 19.81	 1.05109	  51	  1	top1	0.34	2.8e-106	 1.05109	2.93e-01
NA	/data/songy4/twas/output/weights//ENSG00000131844.wgt.RDat	ENSG00000131844	5	70883115	70954531	0.08454	rs1217805	-2.99	rs7449295	 5.09e-02	 -8.75	 1.48000	 340	 29	enet	0.092	7.1e-26	-1.87397	6.09e-02
NA	/data/songy4/twas/output/weights//ENSG00000131711.wgt.RDat	ENSG00000131711	5	71403061	71505395	0.07088	rs1217805	-2.99	rs1217823	 3.83e-02	 -6.81	-2.50476	 468	 30	enet	0.042	2.2e-12	 1.54661	1.22e-01
NA	/data/songy4/twas/output/weights//ENSG00000083312.wgt.RDat	ENSG00000083312	5	72112139	72212560	0.03590	rs6452530	-1.89	rs3010240	 1.58e-02	 -5.99	 1.21488	 396	  9	lasso	0.036	7.8e-11	-1.00921	3.13e-01
NA	/data/songy4/twas/output/weights//ENSG00000157107.wgt.RDat	ENSG00000157107	5	72251808	72386349	0.35509	rs6452530	-1.89	rs7713398	 3.95e-01	 21.20	 1.12371	 440	 33	enet	0.47	1.1e-160	 0.77874	4.36e-01
NA	/data/songy4/twas/output/weights//ENSG00000157111.wgt.RDat	ENSG00000157111	5	72416119	72427644	0.19759	rs2081989	-1.87	rs9293528	 9.20e-02	-10.33	 0.31293	 401	 38	enet	0.14	1.1e-39	-0.90961	3.63e-01
NA	/data/songy4/twas/output/weights//ENSG00000164331.wgt.RDat	ENSG00000164331	5	72848160	72861511	0.17479	rs2081989	-1.87	rs343110	 3.04e-01	-18.64	 0.14407	 550	  6	lasso	0.31	1.3e-92	-0.02300	9.82e-01
NA	/data/songy4/twas/output/weights//ENSG00000214944.wgt.RDat	ENSG00000214944	5	72921983	73237818	0.02934	rs10805887	 2.68	rs7443182	 2.19e-02	  5.55	 0.93137	 785	  1	top1	0.022	3.3e-07	 0.93137	3.52e-01
NA	/data/songy4/twas/output/weights//ENSG00000171617.wgt.RDat	ENSG00000171617	5	73923234	73937249	0.75975	rs7700965	 3.23	rs10075142	 8.43e-01	 30.96	-0.43137	 553	  1	top1	0.84	0	-0.43137	6.66e-01
NA	/data/songy4/twas/output/weights//ENSG00000049860.wgt.RDat	ENSG00000049860	5	73935848	74018472	0.15974	rs7700965	 3.23	rs820866	 9.19e-02	-10.42	-0.74737	 567	 24	enet	0.17	2.2e-47	 0.18404	8.54e-01
NA	/data/songy4/twas/output/weights//ENSG00000164347.wgt.RDat	ENSG00000164347	5	74017029	74063196	0.25277	rs7700965	 3.23	rs2218517	 1.68e-01	-13.91	-0.31092	 518	  3	lasso	0.19	7e-55	 0.80782	4.19e-01
NA	/data/songy4/twas/output/weights//ENSG00000164346.wgt.RDat	ENSG00000164346	5	74062817	74072737	0.28926	rs7700965	 3.23	rs6877188	 3.54e-01	 20.26	 1.93478	 481	 20	enet	0.37	7.7e-116	 1.99357	4.62e-02
NA	/data/songy4/twas/output/weights//ENSG00000198780.wgt.RDat	ENSG00000198780	5	74073399	74162776	0.07238	rs7700965	 3.23	rs1164624	 1.18e-02	 -5.87	 1.08163	 507	 26	enet	0.021	4.7e-07	-0.83014	4.06e-01
NA	/data/songy4/twas/output/weights//ENSG00000176928.wgt.RDat	ENSG00000176928	5	74323289	74326724	0.10797	rs7700965	 3.23	rs12655792	 1.91e-02	 -5.77	-0.01596	 379	  6	lasso	0.038	2.6e-11	 0.03048	9.76e-01
NA	/data/songy4/twas/output/weights//ENSG00000113161.wgt.RDat	ENSG00000113161	5	74632154	74657929	0.01631	rs7700965	 3.23	rs6453133	 1.62e-02	  4.76	 1.43689	 342	  1	top1	0.016	9.7e-06	 1.43689	1.51e-01
NA	/data/songy4/twas/output/weights//ENSG00000122008.wgt.RDat	ENSG00000122008	5	74807581	74896969	0.03143	rs7700965	 3.23	rs5744544	 4.48e-02	  7.94	 0.44295	 382	 10	enet	0.049	3.1e-14	 0.58313	5.60e-01
NA	/data/songy4/twas/output/weights//ENSG00000189045.wgt.RDat	ENSG00000189045	5	74907284	74967671	0.27101	rs4703657	 3.22	rs10061689	 4.16e-01	 21.85	 0.69014	 393	 26	enet	0.44	1.2e-143	 0.29274	7.70e-01
NA	/data/songy4/twas/output/weights//ENSG00000152359.wgt.RDat	ENSG00000152359	5	74969949	75013313	0.36492	rs6864324	 3.12	rs10515213	 3.59e-01	 20.24	-0.31356	 395	 26	enet	0.4	1.1e-126	-0.35397	7.23e-01
NA	/data/songy4/twas/output/weights//ENSG00000145703.wgt.RDat	ENSG00000145703	5	75699074	76003957	0.39016	rs4352583	 4.17	rs3886043	 3.93e-01	-21.15	 1.23958	 733	  4	lasso	0.4	1.5e-127	-1.21260	2.25e-01
NA	/data/songy4/twas/output/weights//ENSG00000181104.wgt.RDat	ENSG00000181104	5	76011868	76031606	0.14233	rs4352583	 4.17	rs153311	 1.32e-01	-12.34	-1.67544	 586	 13	enet	0.16	3e-44	 1.66407	9.61e-02
NA	/data/songy4/twas/output/weights//ENSG00000164251.wgt.RDat	ENSG00000164251	5	76114758	76131140	0.59911	rs2972853	 4.04	rs2243003	 6.14e-01	 26.48	 0.00000	 572	 30	enet	0.7	1e-296	-0.54814	5.84e-01
NA	/data/songy4/twas/output/weights//ENSG00000171643.wgt.RDat	ENSG00000171643	5	76145826	76217475	0.08074	rs16874056	 3.46	rs6885207	 7.07e-02	  9.03	 1.92035	 608	  1	top1	0.071	4.4e-20	 1.92035	5.48e-02
NA	/data/songy4/twas/output/weights//ENSG00000145708.wgt.RDat	ENSG00000145708	5	76248538	76276983	0.02836	rs16874056	 3.46	rs32902	-3.51e-04	  3.34	-0.41584	 616	 34	enet	-0.00034	0.43	 0.81998	4.12e-01
NA	/data/songy4/twas/output/weights//ENSG00000132846.wgt.RDat	ENSG00000132846	5	76367897	76383148	0.05847	rs16874056	 3.46	rs1035887	 9.61e-03	  4.80	 1.25185	 595	 28	enet	0.016	1.1e-05	 0.25678	7.97e-01
NA	/data/songy4/twas/output/weights//ENSG00000164253.wgt.RDat	ENSG00000164253	5	76721795	76916436	0.32972	rs16874056	 3.46	rs6453314	 4.39e-01	-22.35	-2.08333	 626	 45	enet	0.52	9.7e-185	 1.70994	8.73e-02
NA	/data/songy4/twas/output/weights//ENSG00000171530.wgt.RDat	ENSG00000171530	5	76986991	77164604	0.05945	rs16874989	 3.02	rs384109	 4.37e-02	  8.03	-0.10185	 547	 19	enet	0.062	7.2e-18	-0.20723	8.36e-01
NA	/data/songy4/twas/output/weights//ENSG00000132842.wgt.RDat	ENSG00000132842	5	77296349	77590579	0.09467	rs16874989	 3.02	rs10073475	 6.63e-02	-10.14	-1.96939	 572	 15	enet	0.11	6.2e-32	 1.41943	1.56e-01
NA	/data/songy4/twas/output/weights//ENSG00000085365.wgt.RDat	ENSG00000085365	5	77656339	77776562	0.08281	rs16874989	 3.02	rs1428864	 7.09e-02	  9.36	-1.56757	 510	  8	lasso	0.082	5e-23	-1.05819	2.90e-01
NA	/data/songy4/twas/output/weights//ENSG00000145685.wgt.RDat	ENSG00000145685	5	77781038	78065844	0.07209	rs16874989	 3.02	rs1968382	 4.55e-02	 -7.74	-1.70476	 537	 32	enet	0.049	3.3e-14	 2.02964	4.24e-02
NA	/data/songy4/twas/output/weights//ENSG00000113273.wgt.RDat	ENSG00000113273	5	78073032	78281910	0.29415	rs4348192	-2.91	rs163126	 2.13e-01	-15.66	-0.40164	 526	 44	enet	0.24	7.5e-71	 1.18251	2.37e-01
NA	/data/songy4/twas/output/weights//ENSG00000132837.wgt.RDat	ENSG00000132837	5	78293438	78531861	0.16873	rs16876289	 2.55	rs2591392	 1.33e-01	 12.62	-0.50515	 542	 24	enet	0.16	8.7e-46	 0.44278	6.58e-01
NA	/data/songy4/twas/output/weights//ENSG00000152409.wgt.RDat	ENSG00000152409	5	78532012	78623038	0.13678	rs16876289	 2.55	rs2591392	 2.23e-01	 15.99	-0.50515	 487	  1	top1	0.22	1.2e-64	-0.50515	6.13e-01
NA	/data/songy4/twas/output/weights//ENSG00000164309.wgt.RDat	ENSG00000164309	5	78985700	79096063	0.09133	rs4704655	-2.71	rs1948764	 6.19e-02	  8.54	 0.78049	 510	 29	enet	0.063	6.8e-18	 0.68136	4.96e-01
NA	/data/songy4/twas/output/weights//ENSG00000177034.wgt.RDat	ENSG00000177034	5	79275584	79287082	0.12265	rs249023	-4.82	rs383122	 9.37e-02	-10.40	-0.99324	 499	  1	top1	0.094	2.5e-26	 0.99324	3.21e-01
NA	/data/songy4/twas/output/weights//ENSG00000113296.wgt.RDat	ENSG00000113296	5	79287134	79379110	0.02622	rs10076737	-4.93	rs7709886	 3.99e-03	  5.04	 0.25095	 535	  4	lasso	0.0062	0.0045	 0.23136	8.17e-01
NA	/data/songy4/twas/output/weights//ENSG00000164300.wgt.RDat	ENSG00000164300	5	79407050	79551898	0.07787	rs10076737	-4.93	rs11950944	 1.22e-02	 -5.89	 2.18447	 585	  9	lasso	0.035	1.4e-10	-2.04013	4.13e-02
NA	/data/songy4/twas/output/weights//ENSG00000152380.wgt.RDat	ENSG00000152380	5	79783788	79838382	0.12112	rs10076737	-4.93	rs2560424	 1.62e-01	-14.09	 1.65094	 492	 30	lasso	0.18	3.3e-52	-0.24454	8.07e-01
NA	/data/songy4/twas/output/weights//ENSG00000189127.wgt.RDat	ENSG00000189127	5	79852574	79866307	0.27309	rs10076737	-4.93	rs2560424	 5.46e-01	-25.01	 1.65094	 490	 31	enet	0.56	8.9e-207	-1.74266	8.14e-02
NA	/data/songy4/twas/output/weights//ENSG00000228716.wgt.RDat	ENSG00000228716	5	79922047	79950802	0.18614	rs10076737	-4.93	rs380691	 1.56e-01	 13.44	-0.74257	 502	 32	enet	0.21	1.2e-60	 0.25139	8.02e-01
NA	/data/songy4/twas/output/weights//ENSG00000113318.wgt.RDat	ENSG00000113318	5	79950467	80172279	0.42425	rs10076737	-4.93	rs6151816	 3.46e-01	 20.29	-2.44056	 588	 20	enet	0.45	4.1e-149	-1.58700	1.13e-01
NA	/data/songy4/twas/output/weights//ENSG00000113319.wgt.RDat	ENSG00000113319	5	80256491	80525975	0.07932	rs10076737	-4.93	rs2052480	 6.38e-02	  8.68	-1.12037	 566	  1	top1	0.064	3e-18	-1.12037	2.63e-01
NA	/data/songy4/twas/output/weights//ENSG00000172497.wgt.RDat	ENSG00000172497	5	80625824	80689998	0.03513	rs11740689	 3.64	rs3805726	 2.15e-02	  5.51	 0.53333	 492	  3	lasso	0.03	1.9e-09	 0.23529	8.14e-01
NA	/data/songy4/twas/output/weights//ENSG00000145687.wgt.RDat	ENSG00000145687	5	80708840	81047616	0.05387	rs11740689	 3.64	rs891159	 7.67e-03	 -4.90	-0.65766	 579	 26	enet	0.023	1.4e-07	-1.02535	3.05e-01
NA	/data/songy4/twas/output/weights//ENSG00000152348.wgt.RDat	ENSG00000152348	5	81267844	81572676	0.50701	rs11740689	 3.64	rs17243791	 4.54e-01	 22.85	-1.08036	 550	 10	lasso	0.69	9.9e-295	-0.75220	4.52e-01
NA	/data/songy4/twas/output/weights//ENSG00000186468.wgt.RDat	ENSG00000186468	5	81569177	81574396	0.03211	rs10491242	 3.64	rs226205	 4.81e-02	 -7.66	-0.28319	 440	  1	top1	0.048	4.4e-14	 0.28319	7.77e-01
NA	/data/songy4/twas/output/weights//ENSG00000205464.wgt.RDat	ENSG00000205464	5	81575281	81682796	0.55657	rs10491242	 3.64	rs226202	 7.40e-01	 29.01	 0.27619	 482	  1	top1	0.74	0	 0.27619	7.82e-01
NA	/data/songy4/twas/output/weights//ENSG00000174695.wgt.RDat	ENSG00000174695	5	82348665	82373682	0.06603	rs13176223	 3.05	rs17284134	 6.14e-02	  8.93	 0.73737	 431	 14	enet	0.067	3.8e-19	 0.42809	6.69e-01
NA	/data/songy4/twas/output/weights//ENSG00000164176.wgt.RDat	ENSG00000164176	5	83236373	83680611	0.53148	rs7728979	 3.62	rs2269289	 4.96e-01	 23.77	-0.46154	 527	 25	enet	0.5	4.9e-174	-0.33333	7.39e-01
NA	/data/songy4/twas/output/weights//ENSG00000145715.wgt.RDat	ENSG00000145715	5	86563705	86687748	0.05429	rs710365	 4.10	rs16902816	 1.63e-02	 -5.50	-1.31452	 310	  8	lasso	0.021	5.2e-07	 1.04854	2.94e-01
NA	/data/songy4/twas/output/weights//ENSG00000176055.wgt.RDat	ENSG00000176055	5	89754020	89770585	0.05422	rs6886668	 4.29	rs2303801	 5.31e-02	  7.92	-0.17143	 378	  1	top1	0.053	2.1e-15	-0.17143	8.64e-01
NA	/data/songy4/twas/output/weights//ENSG00000176018.wgt.RDat	ENSG00000176018	5	89811428	89825401	0.02068	rs6886668	 4.29	rs666659	 2.29e-02	  5.64	 0.91667	 396	  1	top1	0.023	1.7e-07	 0.91667	3.59e-01
NA	/data/songy4/twas/output/weights//ENSG00000164199.wgt.RDat	ENSG00000164199	5	89825161	90460038	0.06330	rs6886668	 4.29	rs7707357	 3.07e-02	 -6.78	-1.52672	 593	 19	enet	0.059	6.9e-17	 1.09822	2.72e-01
NA	/data/songy4/twas/output/weights//ENSG00000185261.wgt.RDat	ENSG00000185261	5	93488671	93954309	0.21747	rs255332	-2.40	rs1031389	 1.79e-01	 14.34	-0.12903	 511	 19	enet	0.2	1.9e-57	 0.13742	8.91e-01
NA	/data/songy4/twas/output/weights//ENSG00000133302.wgt.RDat	ENSG00000133302	5	93954052	94075141	0.17843	rs255332	-2.40	rs10476612	 1.83e-01	 14.61	-0.16038	 416	 36	enet	0.2	3.7e-57	-0.02957	9.76e-01
NA	/data/songy4/twas/output/weights//ENSG00000153347.wgt.RDat	ENSG00000153347	5	94727048	94786158	0.02204	rs3777173	 3.20	rs251077	-6.77e-05	  4.01	-0.82727	 488	  7	lasso	0.0037	0.022	-0.22475	8.22e-01
NA	/data/songy4/twas/output/weights//ENSG00000198677.wgt.RDat	ENSG00000198677	5	94799599	94890711	0.19840	rs3777173	 3.20	rs11949551	 2.51e-01	 17.07	-0.70199	 465	 22	enet	0.26	6.8e-76	-0.99396	3.20e-01
NA	/data/songy4/twas/output/weights//ENSG00000175449.wgt.RDat	ENSG00000175449	5	94982458	95020477	0.13084	rs3777173	 3.20	rs213887	 1.83e-01	-14.62	 0.67961	 411	  1	top1	0.18	6.5e-52	-0.67961	4.97e-01
NA	/data/songy4/twas/output/weights//ENSG00000173221.wgt.RDat	ENSG00000173221	5	95087023	95158709	0.23497	rs3777173	 3.20	rs2547996	 1.65e-01	 13.88	 2.10784	 414	  9	lasso	0.22	2.4e-62	 2.16546	3.04e-02
NA	/data/songy4/twas/output/weights//ENSG00000118985.wgt.RDat	ENSG00000118985	5	95220802	95297775	0.03038	rs3777173	 3.20	rs918629	 1.42e-02	 -5.32	 2.32727	 421	  1	top1	0.014	3.3e-05	-2.32727	2.00e-02
NA	/data/songy4/twas/output/weights//ENSG00000153113.wgt.RDat	ENSG00000153113	5	95860971	96115299	0.38157	rs2927612	-3.69	rs26484	 3.75e-01	 20.67	 0.46212	 565	 30	enet	0.41	7.1e-133	 0.33203	7.40e-01
NA	/data/songy4/twas/output/weights//ENSG00000164307.wgt.RDat	ENSG00000164307	5	96096521	96143803	0.33024	rs2927612	-3.69	rs27980	 2.14e-01	-15.70	-0.34000	 515	 58	enet	0.37	5.1e-116	-0.40652	6.84e-01
NA	/data/songy4/twas/output/weights//ENSG00000164308.wgt.RDat	ENSG00000164308	5	96211643	96255420	0.64948	rs2927612	-3.69	rs2762	 8.44e-01	 30.98	 0.77895	 526	  1	top1	0.84	0	 0.77895	4.36e-01
NA	/data/songy4/twas/output/weights//ENSG00000113441.wgt.RDat	ENSG00000113441	5	96271098	96373219	0.06204	rs2927612	-3.69	rs1363907	 7.59e-02	  9.54	 0.42105	 529	  1	top1	0.076	1.8e-21	 0.42105	6.74e-01
NA	/data/songy4/twas/output/weights//ENSG00000058729.wgt.RDat	ENSG00000058729	5	96496571	96518964	0.07826	rs2927612	-3.69	rs12188395	 5.80e-02	  8.27	 0.98113	 434	  1	top1	0.058	1.1e-16	 0.98113	3.27e-01
NA	/data/songy4/twas/output/weights//ENSG00000174136.wgt.RDat	ENSG00000174136	5	98104354	98134347	0.22258	rs7706403	 2.61	rs4702974	 1.73e-01	 14.08	-0.90139	 353	 21	enet	0.2	1.1e-57	-0.88969	3.74e-01
NA	/data/songy4/twas/output/weights//ENSG00000153922.wgt.RDat	ENSG00000153922	5	98190908	98262240	0.01371	NA	   NA	NA	       NA	    NA	      NA	   0	  0	enet	-0.00068	0.63	      NA	      NA
NA	/data/songy4/twas/output/weights//ENSG00000174132.wgt.RDat	ENSG00000174132	5	99871009	99922445	0.23479	rs12187979	-3.14	rs17158363	 1.18e-01	-12.44	-1.08176	 290	 17	enet	0.16	9.4e-44	 0.77831	4.36e-01
NA	/data/songy4/twas/output/weights//ENSG00000113532.wgt.RDat	ENSG00000113532	5	100142639	100238970	0.27316	rs10035976	-3.20	rs17158363	 1.69e-01	-13.95	-1.08176	 327	 23	enet	0.18	3.2e-50	 1.11343	2.66e-01
NA	/data/songy4/twas/output/weights//ENSG00000173930.wgt.RDat	ENSG00000173930	5	101569690	101632253	0.16967	rs2657442	-3.22	rs9327837	 7.02e-02	 10.31	 1.73659	 368	 29	enet	0.17	7.1e-48	 0.12877	8.98e-01
NA	/data/songy4/twas/output/weights//ENSG00000145730.wgt.RDat	ENSG00000145730	5	102089685	102366809	0.85666	rs26434	-5.96	rs2431321	 8.21e-01	 30.56	-2.97115	 390	  1	top1	0.82	0	-2.97115	2.97e-03
NA	/data/songy4/twas/output/weights//ENSG00000145723.wgt.RDat	ENSG00000145723	5	102421704	102455855	0.02789	rs26434	-5.96	rs26523	 1.74e-02	 -5.44	-5.36538	 332	  1	top1	0.017	4.6e-06	 5.36538	8.08e-08
NA	/data/songy4/twas/output/weights//ENSG00000145725.wgt.RDat	ENSG00000145725	5	102455853	102548500	0.34549	rs26434	-5.96	rs39666	 4.69e-01	-23.17	-5.03883	 365	 54	enet	0.59	4.5e-221	 5.33252	9.69e-08
NA	/data/songy4/twas/output/weights//ENSG00000181751.wgt.RDat	ENSG00000181751	5	102594403	102614361	0.02466	rs26434	-5.96	rs459202	 6.58e-03	  4.31	-1.41905	 346	  1	top1	0.0066	0.0036	-1.41905	1.56e-01
NA	/data/songy4/twas/output/weights//ENSG00000112874.wgt.RDat	ENSG00000112874	5	102884556	102898494	0.60652	rs34823	-5.85	rs3797900	 5.72e-01	-25.53	 0.08621	 384	 26	enet	0.63	1.9e-245	-0.05463	9.56e-01
NA	/data/songy4/twas/output/weights//ENSG00000184349.wgt.RDat	ENSG00000184349	5	106712590	107006596	0.04766	rs3906516	 3.20	rs1196516	 1.38e-03	 -4.09	 0.05128	 677	 31	enet	0.02	1.1e-06	-0.74696	4.55e-01
NA	/data/songy4/twas/output/weights//ENSG00000145743.wgt.RDat	ENSG00000145743	5	107194736	107717799	0.03505	rs3906516	 3.20	rs10515388	 3.52e-02	 -6.53	 1.19565	 717	  1	top1	0.035	1.1e-10	-1.19565	2.32e-01
NA	/data/songy4/twas/output/weights//ENSG00000198961.wgt.RDat	ENSG00000198961	5	108670410	108745695	0.19458	rs1490778	 3.48	rs1045706	 2.34e-01	 17.01	 1.23158	 403	 29	enet	0.29	3.1e-85	 1.61824	1.06e-01
NA	/data/songy4/twas/output/weights//ENSG00000112893.wgt.RDat	ENSG00000112893	5	109025067	109205326	0.08275	rs1490778	 3.48	rs17450715	 5.02e-02	 -8.63	-1.26425	 493	 10	lasso	0.053	2.5e-15	 1.03126	3.02e-01
NA	/data/songy4/twas/output/weights//ENSG00000186952.wgt.RDat	ENSG00000186952	5	109624934	110074657	0.15332	rs4635974	 2.89	rs244412	 2.70e-01	 17.62	 0.97581	 518	 24	enet	0.28	7.8e-82	 0.87978	3.79e-01
NA	/data/songy4/twas/output/weights//ENSG00000164209.wgt.RDat	ENSG00000164209	5	110073837	110100857	0.12137	rs1304889	-2.70	rs17132268	 1.24e-01	-12.12	 2.52874	 349	 15	enet	0.12	7.5e-35	-2.50892	1.21e-02
NA	/data/songy4/twas/output/weights//ENSG00000145777.wgt.RDat	ENSG00000145777	5	110405760	110413722	0.03402	rs11241123	 3.01	rs3806932	 2.99e-02	 -6.26	 0.18085	 380	  1	top1	0.03	2.6e-09	-0.18085	8.56e-01
NA	/data/songy4/twas/output/weights//ENSG00000134987.wgt.RDat	ENSG00000134987	5	110427414	110466200	0.04810	rs11241123	 3.01	rs17551370	 2.14e-02	  5.19	 1.27941	 407	  1	top1	0.021	4.3e-07	 1.27941	2.01e-01
NA	/data/songy4/twas/output/weights//ENSG00000152495.wgt.RDat	ENSG00000152495	5	110559351	110830584	0.09767	rs11241123	 3.01	rs7709420	 1.71e-02	 -6.56	 0.53509	 528	 39	enet	0.054	1.1e-15	-0.11510	9.08e-01
NA	/data/songy4/twas/output/weights//ENSG00000164211.wgt.RDat	ENSG00000164211	5	110831731	110848288	0.25831	rs11241123	 3.01	rs152878	 1.73e-01	-14.38	-1.05517	 462	 11	enet	0.2	6.4e-56	 1.01808	3.09e-01
NA	/data/songy4/twas/output/weights//ENSG00000134986.wgt.RDat	ENSG00000134986	5	110998318	111333161	0.08641	rs11241123	 3.01	rs43180	 3.43e-02	 -7.18	-2.58252	 605	 25	enet	0.044	6.5e-13	 2.03237	4.21e-02
NA	/data/songy4/twas/output/weights//ENSG00000129595.wgt.RDat	ENSG00000129595	5	111478138	111755013	0.19587	rs10477484	 3.36	rs6863537	 1.27e-01	 12.64	-1.23649	 542	 34	enet	0.18	1.2e-51	-0.19951	8.42e-01
NA	/data/songy4/twas/output/weights//ENSG00000134982.wgt.RDat	ENSG00000134982	5	112043195	112181936	0.03830	rs10477484	 3.36	rs10515449	 2.36e-02	 -5.64	 2.27027	 543	  1	top1	0.024	1.1e-07	-2.27027	2.32e-02
NA	/data/songy4/twas/output/weights//ENSG00000153037.wgt.RDat	ENSG00000153037	5	112196919	112205485	0.17580	rs10477484	 3.36	rs448162	 2.52e-01	 17.16	 0.68687	 464	 22	enet	0.29	2.2e-87	 1.21505	2.24e-01
NA	/data/songy4/twas/output/weights//ENSG00000129625.wgt.RDat	ENSG00000129625	5	112212084	112258236	0.34666	rs10477484	 3.36	rs149190	 4.48e-01	 22.58	 1.01010	 494	 10	lasso	0.48	3.9e-164	 1.34580	1.78e-01
NA	/data/songy4/twas/output/weights//ENSG00000171444.wgt.RDat	ENSG00000171444	5	112357796	112824527	0.41030	rs10477484	 3.36	rs2112452	 3.82e-01	 20.89	 1.80000	 749	 64	enet	0.41	2.8e-131	 1.43736	1.51e-01
NA	/data/songy4/twas/output/weights//ENSG00000047188.wgt.RDat	ENSG00000047188	5	112849380	112930982	0.17563	rs1158117	-2.79	rs1833681	 2.28e-01	 16.23	 0.05172	 602	 30	enet	0.27	3.5e-80	 0.77324	4.39e-01
NA	/data/songy4/twas/output/weights//ENSG00000152503.wgt.RDat	ENSG00000152503	5	114460459	114516243	0.11682	rs256989	 3.05	rs267298	 8.66e-02	-10.60	 0.57000	 442	 23	enet	0.12	2.4e-32	-1.26406	2.06e-01
NA	/data/songy4/twas/output/weights//ENSG00000164219.wgt.RDat	ENSG00000164219	5	114546527	114598569	0.17574	rs256989	 3.05	rs267307	 1.31e-01	 12.40	 0.81290	 433	 24	enet	0.14	3.9e-38	 0.78854	4.30e-01
NA	/data/songy4/twas/output/weights//ENSG00000164221.wgt.RDat	ENSG00000164221	5	114602885	114632528	0.02918	rs256989	 3.05	rs10055125	 1.81e-02	  4.81	 0.10078	 437	 20	enet	0.024	1e-07	 1.17130	2.41e-01
NA	/data/songy4/twas/output/weights//ENSG00000145780.wgt.RDat	ENSG00000145780	5	114856608	114880591	0.27980	rs256989	 3.05	rs766454	 2.63e-01	-17.32	 2.28713	 516	 27	enet	0.31	4e-94	-2.26605	2.34e-02
NA	/data/songy4/twas/output/weights//ENSG00000243414.wgt.RDat	ENSG00000243414	5	114914339	114961876	0.03559	rs256989	 3.05	rs256943	 3.64e-02	 -6.60	 2.66667	 544	  1	top1	0.036	5.2e-11	-2.66667	7.66e-03
NA	/data/songy4/twas/output/weights//ENSG00000129596.wgt.RDat	ENSG00000129596	5	115140430	115152651	0.55735	rs256989	 3.05	rs258736	 3.81e-01	 20.94	-0.11486	 546	 16	enet	0.39	2.3e-125	 0.03447	9.73e-01
NA	/data/songy4/twas/output/weights//ENSG00000145782.wgt.RDat	ENSG00000145782	5	115163893	115177555	0.24068	rs256989	 3.05	rs26534	 1.85e-01	 15.06	 0.80000	 548	  6	lasso	0.22	4e-62	 0.74765	4.55e-01
NA	/data/songy4/twas/output/weights//ENSG00000177879.wgt.RDat	ENSG00000177879	5	115177178	115249778	0.03226	rs256989	 3.05	rs7724537	 3.52e-03	 -4.40	-0.28440	 593	 10	enet	0.011	0.00025	 0.54626	5.85e-01
NA	/data/songy4/twas/output/weights//ENSG00000145781.wgt.RDat	ENSG00000145781	5	115420688	115748459	0.05826	rs7707446	-3.34	rs1508874	 9.30e-03	 -5.70	-0.21951	 796	 30	enet	0.016	1e-05	-0.49007	6.24e-01
NA	/data/songy4/twas/output/weights//ENSG00000092421.wgt.RDat	ENSG00000092421	5	115779312	115910630	0.04161	rs7707446	-3.34	rs1031364	 3.58e-02	 -7.34	-2.52542	 716	  4	lasso	0.037	3.3e-11	 2.63460	8.42e-03
NA	/data/songy4/twas/output/weights//ENSG00000169570.wgt.RDat	ENSG00000169570	5	118173017	118324240	0.14459	rs1396609	 2.99	rs6894997	 6.54e-02	 -9.32	-0.88119	 453	 38	enet	0.11	1.1e-29	 0.94692	3.44e-01
NA	/data/songy4/twas/output/weights//ENSG00000145779.wgt.RDat	ENSG00000145779	5	118604387	118735383	0.11657	rs1597714	-3.01	rs1045241	 1.05e-01	-11.05	 1.99091	 405	  5	lasso	0.12	2e-32	-1.84083	6.56e-02
NA	/data/songy4/twas/output/weights//ENSG00000133835.wgt.RDat	ENSG00000133835	5	118788138	118972894	0.08524	rs1597714	-3.01	rs17386422	 4.13e-02	  7.55	-1.39286	 412	  5	lasso	0.048	5.2e-14	-1.62907	1.03e-01
NA	/data/songy4/twas/output/weights//ENSG00000184838.wgt.RDat	ENSG00000184838	5	119799973	120023027	0.02185	rs6864618	-4.02	rs347559	 1.18e-02	 -4.59	-0.75912	 480	  1	top1	0.012	0.00014	 0.75912	4.48e-01
NA	/data/songy4/twas/output/weights//ENSG00000113083.wgt.RDat	ENSG00000113083	5	121398890	121413980	0.14656	rs6896236	-2.51	rs2731647	 5.75e-02	 -9.09	-0.01227	 379	 35	enet	0.098	1.7e-27	 0.36602	7.14e-01
NA	/data/songy4/twas/output/weights//ENSG00000064692.wgt.RDat	ENSG00000064692	5	121647049	121799914	0.09826	rs6896236	-2.51	rs6879060	 4.74e-02	  8.65	-0.39695	 400	 19	enet	0.077	1.1e-21	-0.95056	3.42e-01
NA	/data/songy4/twas/output/weights//ENSG00000205302.wgt.RDat	ENSG00000205302	5	122110691	122165803	0.02998	rs13157599	 2.16	rs10069676	-6.17e-04	 -4.21	 0.33019	 465	 24	enet	0.0095	0.00059	-0.13511	8.93e-01
NA	/data/songy4/twas/output/weights//ENSG00000064652.wgt.RDat	ENSG00000064652	5	122179134	122365049	0.03006	rs13157599	 2.16	rs1038078	 1.77e-02	  4.98	-0.26667	 515	  1	top1	0.018	3.9e-06	-0.26667	7.90e-01
NA	/data/songy4/twas/output/weights//ENSG00000168944.wgt.RDat	ENSG00000168944	5	122680579	122759286	0.03066	rs29612	 2.64	rs13165542	 1.91e-02	  5.47	 0.29688	 496	  1	top1	0.019	1.7e-06	 0.29688	7.67e-01
NA	/data/songy4/twas/output/weights//ENSG00000151292.wgt.RDat	ENSG00000151292	5	122847793	122952739	0.03389	rs29612	 2.64	rs13165542	 3.18e-02	  6.26	 0.29688	 519	  1	top1	0.032	8.5e-10	 0.29688	7.67e-01
NA	/data/songy4/twas/output/weights//ENSG00000168916.wgt.RDat	ENSG00000168916	5	123972608	124084500	0.04526	rs12656846	 4.70	rs6886725	 2.55e-02	 -5.60	 0.93137	 557	  1	top1	0.025	3.6e-08	-0.93137	3.52e-01
NA	/data/songy4/twas/output/weights//ENSG00000155324.wgt.RDat	ENSG00000155324	5	125695824	125832186	0.10574	rs2128931	 2.62	rs4836256	 4.58e-02	 -7.35	-0.89844	 523	  6	lasso	0.059	7.6e-17	 0.66549	5.06e-01
NA	/data/songy4/twas/output/weights//ENSG00000164904.wgt.RDat	ENSG00000164904	5	125877533	125931110	0.26553	rs17839705	 3.05	rs900641	 1.32e-01	 12.30	-0.77987	 441	 37	enet	0.15	7.6e-42	-2.05016	4.03e-02
NA	/data/songy4/twas/output/weights//ENSG00000113368.wgt.RDat	ENSG00000113368	5	126112315	126172712	0.10580	rs17839705	 3.05	rs2271354	 7.96e-02	  9.61	 1.75676	 423	  5	lasso	0.081	6.5e-23	 1.61945	1.05e-01
NA	/data/songy4/twas/output/weights//ENSG00000173926.wgt.RDat	ENSG00000173926	5	126203406	126366500	0.03346	rs17839705	 3.05	rs4835921	 2.08e-02	 -6.05	 0.11456	 441	 31	enet	0.03	2.9e-09	-0.40556	6.85e-01
NA	/data/songy4/twas/output/weights//ENSG00000164241.wgt.RDat	ENSG00000164241	5	126378250	126409184	0.14980	rs2408952	-3.14	rs11241913	 1.47e-01	-13.00	-0.07945	 373	 35	enet	0.16	8e-46	-0.21946	8.26e-01
NA	/data/songy4/twas/output/weights//ENSG00000164244.wgt.RDat	ENSG00000164244	5	126853301	126890781	0.06916	rs2408952	-3.14	rs453202	 4.73e-02	  7.45	-1.77451	 386	  1	top1	0.047	7.2e-14	-1.77451	7.60e-02
NA	/data/songy4/twas/output/weights//ENSG00000230561.wgt.RDat	ENSG00000230561	5	127039082	127277326	0.11111	rs2408952	-3.14	rs248725	 1.18e-01	 11.69	-1.01000	 469	  1	top1	0.12	4.8e-33	-1.01000	3.12e-01
NA	/data/songy4/twas/output/weights//ENSG00000064651.wgt.RDat	ENSG00000064651	5	127419458	127525380	0.09952	rs10491252	 2.82	rs1112956	 6.97e-02	 -9.14	-0.25225	 423	  7	lasso	0.095	1.3e-26	 0.34278	7.32e-01
NA	/data/songy4/twas/output/weights//ENSG00000138829.wgt.RDat	ENSG00000138829	5	127593601	127994878	0.39207	rs10068756	 3.43	rs4557470	 4.45e-01	 22.55	 1.46386	 579	 37	enet	0.47	3.1e-157	 1.94306	5.20e-02
NA	/data/songy4/twas/output/weights//ENSG00000113396.wgt.RDat	ENSG00000113396	5	127873706	128369335	0.01804	rs10068756	 3.43	rs12521650	 1.01e-02	 -4.68	-0.41237	 616	  1	top1	0.01	4e-04	 0.41237	6.80e-01
NA	/data/songy4/twas/output/weights//ENSG00000066583.wgt.RDat	ENSG00000066583	5	128430444	128449721	0.33045	rs10068756	 3.43	rs2577472	 3.74e-01	-20.68	-0.77778	 428	 38	enet	0.46	6.6e-153	 1.60017	1.10e-01
NA	/data/songy4/twas/output/weights//ENSG00000198108.wgt.RDat	ENSG00000198108	5	129240165	129522327	0.10379	rs30642	 3.09	rs4263531	 1.23e-01	-11.96	 0.70874	 352	  1	top1	0.12	1.6e-34	-0.70874	4.78e-01
NA	/data/songy4/twas/output/weights//ENSG00000169567.wgt.RDat	ENSG00000169567	5	130494720	130507428	0.02114	rs17597896	-2.85	rs9327595	 1.05e-02	 -3.97	-0.19368	 267	  1	top1	0.011	0.00031	 0.19368	8.46e-01
NA	/data/songy4/twas/output/weights//ENSG00000186687.wgt.RDat	ENSG00000186687	5	130506503	130541119	0.05990	rs17597896	-2.85	rs7709727	 2.53e-02	 -6.19	 0.58896	 269	 17	enet	0.029	5.2e-09	-0.06036	9.52e-01
NA	/data/songy4/twas/output/weights//ENSG00000158987.wgt.RDat	ENSG00000158987	5	130759614	130970929	0.02174	rs2526303	-2.61	rs6893070	 2.76e-02	  6.89	-0.49107	 332	  1	top1	0.028	1e-08	-0.49107	6.23e-01
NA	/data/songy4/twas/output/weights//ENSG00000164398.wgt.RDat	ENSG00000164398	5	131142683	131347936	0.12901	rs4646305	-3.64	rs422130	 7.40e-02	 10.21	-1.38281	 441	  8	lasso	0.082	3.4e-23	-1.74844	8.04e-02
NA	/data/songy4/twas/output/weights//ENSG00000239642.wgt.RDat	ENSG00000239642	5	131142816	131281391	0.06178	rs4646305	-3.64	rs7708140	 6.26e-02	  9.00	-0.68644	 403	  7	lasso	0.065	1.2e-18	-0.05300	9.58e-01
NA	/data/songy4/twas/output/weights//ENSG00000072682.wgt.RDat	ENSG00000072682	5	131527531	131631008	0.01623	rs4646305	-3.64	rs6878253	 1.58e-02	 -4.94	-2.45062	 433	  1	top1	0.016	1.2e-05	 2.45062	1.43e-02
NA	/data/songy4/twas/output/weights//ENSG00000131435.wgt.RDat	ENSG00000131435	5	131593364	131609147	0.01133	rs4646305	-3.64	rs6871350	 1.02e-02	  4.35	 0.77532	 410	  1	top1	0.01	0.00038	 0.77532	4.38e-01
NA	/data/songy4/twas/output/weights//ENSG00000197208.wgt.RDat	ENSG00000197208	5	131630136	131679899	0.05842	rs4646305	-3.64	rs270607	 4.07e-02	  7.59	 0.84158	 425	  4	lasso	0.044	4.3e-13	 0.01712	9.86e-01
NA	/data/songy4/twas/output/weights//ENSG00000197375.wgt.RDat	ENSG00000197375	5	131705444	131731306	0.63145	rs4646305	-3.64	rs2631360	 7.26e-01	-28.76	 0.93767	 436	 11	lasso	0.75	0	-1.23631	2.16e-01
NA	/data/songy4/twas/output/weights//ENSG00000125347.wgt.RDat	ENSG00000125347	5	131817301	131826490	0.11408	rs4646305	-3.64	rs17622656	 1.25e-01	 11.96	 0.97105	 424	  7	lasso	0.13	1.6e-35	 1.02827	3.04e-01
NA	/data/songy4/twas/output/weights//ENSG00000131437.wgt.RDat	ENSG00000131437	5	132028320	132073330	0.04235	rs3798103	 3.76	rs803054	 4.05e-02	 -7.45	 0.78882	 434	  1	top1	0.041	4.4e-12	-0.78882	4.30e-01
NA	/data/songy4/twas/output/weights//ENSG00000164402.wgt.RDat	ENSG00000164402	5	132086509	132142933	0.07447	rs4646305	-3.64	rs402959	 6.51e-02	 -8.99	 0.98356	 455	  1	top1	0.065	1.3e-18	-0.98356	3.25e-01
NA	/data/songy4/twas/output/weights//ENSG00000164403.wgt.RDat	ENSG00000164403	5	132157833	132166590	0.34389	rs4646305	-3.64	rs4616886	 1.47e-01	-13.30	-1.04688	 428	 39	enet	0.21	3.1e-61	-0.03674	9.71e-01
NA	/data/songy4/twas/output/weights//ENSG00000164404.wgt.RDat	ENSG00000164404	5	132196873	132202576	0.07913	rs4646305	-3.64	rs30179	 5.83e-02	 -8.66	-0.75490	 412	  7	lasso	0.067	5.1e-19	 0.98724	3.24e-01
NA	/data/songy4/twas/output/weights//ENSG00000072364.wgt.RDat	ENSG00000072364	5	132211071	132299326	0.11264	rs166112	-3.83	rs30178	 7.22e-02	  9.32	-0.40607	 454	 29	enet	0.077	9.4e-22	-0.33479	7.38e-01
NA	/data/songy4/twas/output/weights//ENSG00000170606.wgt.RDat	ENSG00000170606	5	132387654	132442141	0.09454	rs166112	-3.83	rs6596102	 6.95e-02	 -9.12	 0.95690	 452	  1	top1	0.07	9.1e-20	-0.95690	3.39e-01
NA	/data/songy4/twas/output/weights//ENSG00000053108.wgt.RDat	ENSG00000053108	5	132532147	132948255	0.17381	rs166112	-3.83	rs256263	 1.25e-01	 12.16	 0.59829	 764	  5	lasso	0.14	1.5e-39	 0.41439	6.79e-01
NA	/data/songy4/twas/output/weights//ENSG00000081059.wgt.RDat	ENSG00000081059	5	133450402	133487556	0.02362	rs17167632	-5.60	rs244673	 6.88e-03	 -4.23	 1.37324	 507	  1	top1	0.0069	0.003	-1.37324	1.70e-01
NA	/data/songy4/twas/output/weights//ENSG00000113558.wgt.RDat	ENSG00000113558	5	133484633	133512729	0.13569	rs17167632	-5.60	rs13356194	 2.41e-01	 16.64	-0.14070	 480	  1	top1	0.24	2.6e-70	-0.14070	8.88e-01
NA	/data/songy4/twas/output/weights//ENSG00000119048.wgt.RDat	ENSG00000119048	5	133706870	133727683	0.02796	rs11950533	-5.80	rs4958172	 4.55e-03	 -4.03	-0.13855	 315	 15	enet	0.011	0.00018	-0.86953	3.85e-01
NA	/data/songy4/twas/output/weights//ENSG00000237190.wgt.RDat	ENSG00000237190	5	133737778	133747589	0.06562	rs11950533	-5.80	rs5742913	 3.06e-02	  6.36	 1.43779	 302	 13	enet	0.033	4.5e-10	 1.65279	9.84e-02
NA	/data/songy4/twas/output/weights//ENSG00000152700.wgt.RDat	ENSG00000152700	5	133936834	133984961	0.09569	rs11950533	-5.80	rs17713112	 2.30e-02	  6.18	 1.14019	 309	 18	enet	0.053	2.2e-15	-3.04144	2.35e-03
NA	/data/songy4/twas/output/weights//ENSG00000164615.wgt.RDat	ENSG00000164615	5	134074191	134087847	0.11105	rs11950533	-5.80	rs11948613	 1.10e-01	 11.35	-5.55128	 318	  1	top1	0.11	8.3e-31	-5.55128	2.84e-08
NA	/data/songy4/twas/output/weights//ENSG00000113621.wgt.RDat	ENSG00000113621	5	134209493	134237215	0.40743	rs11950533	-5.80	rs9285933	 4.08e-01	 21.80	-4.66901	 364	  5	lasso	0.42	7.9e-136	-4.72072	2.35e-06
NA	/data/songy4/twas/output/weights//ENSG00000113648.wgt.RDat	ENSG00000113648	5	134669590	134735604	0.03157	rs11950533	-5.80	rs1478355	 3.69e-04	  3.76	 0.64253	 522	 33	enet	0.015	2e-05	 0.19822	8.43e-01
NA	/data/songy4/twas/output/weights//ENSG00000255833.wgt.RDat	ENSG00000255833	5	134779908	134788089	0.10229	rs12656013	-4.67	rs874158	 4.98e-02	  8.61	-0.92453	 520	 25	enet	0.079	2.9e-22	-0.04661	9.63e-01
NA	/data/songy4/twas/output/weights//ENSG00000120708.wgt.RDat	ENSG00000120708	5	135364584	135399507	0.14981	rs17169348	-2.60	rs10074474	 4.32e-02	 -7.13	 1.37324	 493	  5	lasso	0.059	5.1e-17	-0.86041	3.90e-01
NA	/data/songy4/twas/output/weights//ENSG00000113658.wgt.RDat	ENSG00000113658	5	135468534	135524435	0.17162	rs17169348	-2.60	rs2548978	 3.16e-01	 19.01	 1.26606	 484	  8	lasso	0.33	1.6e-99	 1.36850	1.71e-01
NA	/data/songy4/twas/output/weights//ENSG00000146021.wgt.RDat	ENSG00000146021	5	136953189	137071779	0.10610	rs1016647	 3.75	rs17797119	 2.00e-02	  6.05	-1.33000	 440	 53	enet	0.031	1.4e-09	-1.30925	1.90e-01
NA	/data/songy4/twas/output/weights//ENSG00000031003.wgt.RDat	ENSG00000031003	5	137273649	137387650	0.06079	rs3798153	 4.90	rs217256	 8.61e-02	 10.17	 2.56989	 359	  5	lasso	0.097	3.3e-27	 1.59742	1.10e-01
NA	/data/songy4/twas/output/weights//ENSG00000120733.wgt.RDat	ENSG00000120733	5	137688285	137772717	0.34480	rs3798153	 4.90	rs4835678	 4.87e-01	-23.56	 4.11458	 321	  1	top1	0.49	2.8e-167	-4.11458	3.88e-05
NA	/data/songy4/twas/output/weights//ENSG00000120705.wgt.RDat	ENSG00000120705	5	137841784	137878989	0.01682	rs3798153	 4.90	rs10117	 1.24e-02	 -4.26	-0.63366	 315	  1	top1	0.012	9.7e-05	 0.63366	5.26e-01
NA	/data/songy4/twas/output/weights//ENSG00000044115.wgt.RDat	ENSG00000044115	5	137946656	138270723	0.21601	rs3798153	 4.90	rs1095374	 4.77e-01	-23.44	 2.56075	 391	 10	lasso	0.48	3.1e-163	-2.56432	1.03e-02
NA	/data/songy4/twas/output/weights//ENSG00000120725.wgt.RDat	ENSG00000120725	5	138282409	138629246	0.01528	rs4835682	 4.77	rs2016720	 1.57e-03	  3.81	 2.43182	 353	  8	enet	0.005	0.0094	 1.79052	7.34e-02
NA	/data/songy4/twas/output/weights//ENSG00000228672.wgt.RDat	ENSG00000228672	5	138727635	138730885	0.01215	rs6884009	-3.12	rs10063949	 9.92e-03	 -4.58	-1.90909	 261	  1	top1	0.0099	0.00045	 1.90909	5.63e-02
NA	/data/songy4/twas/output/weights//ENSG00000170469.wgt.RDat	ENSG00000170469	5	138732252	138739777	0.06127	rs6884009	-3.12	rs10900864	 5.07e-02	  8.20	-1.04950	 263	  3	lasso	0.051	5.7e-15	-1.28095	2.00e-01
NA	/data/songy4/twas/output/weights//ENSG00000170464.wgt.RDat	ENSG00000170464	5	138744279	138780180	0.24426	rs6884009	-3.12	rs11242465	 3.11e-01	 18.83	-1.50943	 273	  6	lasso	0.32	5e-96	-1.18797	2.35e-01
NA	/data/songy4/twas/output/weights//ENSG00000184584.wgt.RDat	ENSG00000184584	5	138855119	138862520	0.04731	rs6884009	-3.12	rs13153461	 4.77e-02	  7.77	-0.31776	 260	  1	top1	0.048	5.5e-14	-0.31776	7.51e-01
NA	/data/songy4/twas/output/weights//ENSG00000171604.wgt.RDat	ENSG00000171604	5	139026884	139063467	0.02636	rs1623177	 3.41	rs11739735	 5.66e-03	  4.08	 0.99134	 254	 19	enet	0.0078	0.0017	 1.04085	2.98e-01
NA	/data/songy4/twas/output/weights//ENSG00000113068.wgt.RDat	ENSG00000113068	5	139624624	139682706	0.02158	rs1623177	 3.41	rs4913069	 5.30e-03	  4.06	-0.66879	 330	  1	top1	0.0053	0.008	-0.66879	5.04e-01
NA	/data/songy4/twas/output/weights//ENSG00000113070.wgt.RDat	ENSG00000113070	5	139712428	139726216	0.04413	rs1623177	 3.41	rs1030667	 2.91e-02	  5.93	-0.90909	 324	  1	top1	0.029	4.1e-09	-0.90909	3.63e-01
NA	/data/songy4/twas/output/weights//ENSG00000213523.wgt.RDat	ENSG00000213523	5	139916925	139937895	0.16794	rs1623177	 3.41	rs801460	 1.00e-01	 10.89	 1.82105	 333	 48	enet	0.13	1.7e-35	 0.85372	3.93e-01
NA	/data/songy4/twas/output/weights//ENSG00000113108.wgt.RDat	ENSG00000113108	5	139937853	139973337	0.04077	rs1623177	 3.41	rs1862176	 4.20e-02	 -8.35	-0.78095	 334	 15	enet	0.057	2.1e-16	 1.32974	1.84e-01
NA	/data/songy4/twas/output/weights//ENSG00000170458.wgt.RDat	ENSG00000170458	5	140011313	140013286	0.11187	rs2436391	 3.03	rs778583	 5.37e-02	  8.24	-1.50000	 342	 10	lasso	0.082	3e-23	-0.54049	5.89e-01
NA	/data/songy4/twas/output/weights//ENSG00000131495.wgt.RDat	ENSG00000131495	5	140018325	140027370	0.05865	rs2436391	 3.03	rs778594	 1.19e-01	-12.03	-0.87368	 341	 21	enet	0.12	3e-34	 1.28939	1.97e-01
NA	/data/songy4/twas/output/weights//ENSG00000113141.wgt.RDat	ENSG00000113141	5	140026643	140042064	0.04028	rs2436391	 3.03	rs778594	 4.04e-02	  7.20	-0.87368	 347	  1	top1	0.04	4.7e-12	-0.87368	3.82e-01
NA	/data/songy4/twas/output/weights//ENSG00000256453.wgt.RDat	ENSG00000256453	5	140050379	140053171	0.01317	rs17286891	-3.18	rs2262572	 9.75e-03	 -4.68	-0.90090	 345	  1	top1	0.0097	5e-04	 0.90090	3.68e-01
NA	/data/songy4/twas/output/weights//ENSG00000146007.wgt.RDat	ENSG00000146007	5	140078265	140086248	0.01558	rs17286891	-3.18	rs6883035	 1.26e-02	  5.04	-0.88496	 353	 23	enet	0.019	2.2e-06	 0.32394	7.46e-01
NA	/data/songy4/twas/output/weights//ENSG00000204967.wgt.RDat	ENSG00000204967	5	140186659	140391929	0.02919	rs17286891	-3.18	rs10477144	-8.13e-04	  3.37	-2.72441	 462	  4	lasso	-0.00037	0.45	-2.37865	1.74e-02
NA	/data/songy4/twas/output/weights//ENSG00000204961.wgt.RDat	ENSG00000204961	5	140227048	140391929	0.06392	rs17286891	-3.18	rs11747154	 3.75e-02	 -6.91	-0.69925	 444	  4	lasso	0.038	2e-11	 0.45625	6.48e-01
NA	/data/songy4/twas/output/weights//ENSG00000113212.wgt.RDat	ENSG00000113212	5	140552243	140555957	0.03720	rs17286891	-3.18	rs246690	 1.06e-02	  5.16	 1.74576	 432	  7	enet	0.02	7.7e-07	-0.76231	4.46e-01
NA	/data/songy4/twas/output/weights//ENSG00000120322.wgt.RDat	ENSG00000120322	5	140557371	140560081	0.05115	rs17286891	-3.18	rs2910324	 3.38e-02	  6.34	 0.61458	 430	  1	top1	0.034	2.6e-10	 0.61458	5.39e-01
NA	/data/songy4/twas/output/weights//ENSG00000120329.wgt.RDat	ENSG00000120329	5	140682196	140683612	0.12699	rs17286891	-3.18	rs11547633	 6.13e-02	 -8.86	-0.69737	 462	  3	lasso	0.063	4.9e-18	 0.92793	3.53e-01
NA	/data/songy4/twas/output/weights//ENSG00000178913.wgt.RDat	ENSG00000178913	5	140698057	140700330	0.05027	rs17286891	-3.18	rs11547633	 1.94e-02	 -5.71	-0.69737	 463	 15	enet	0.044	5.3e-13	 1.94969	5.12e-02
NA	/data/songy4/twas/output/weights//ENSG00000204956.wgt.RDat	ENSG00000204956	5	140710252	140892546	0.01733	rs17286891	-3.18	rs6879760	 3.26e-03	 -4.25	 0.73029	 576	 10	enet	0.01	0.00034	-0.31410	7.53e-01
NA	/data/songy4/twas/output/weights//ENSG00000262576.wgt.RDat	ENSG00000262576	5	140734768	140892546	0.02662	rs17286891	-3.18	rs3749780	 1.61e-02	 -5.22	-0.77333	 569	  2	lasso	0.016	8.8e-06	 1.19999	2.30e-01
NA	/data/songy4/twas/output/weights//ENSG00000253910.wgt.RDat	ENSG00000253910	5	140739703	140892546	0.02321	rs17286891	-3.18	rs10875595	 1.37e-02	 -4.92	-0.97619	 569	  4	lasso	0.014	3.8e-05	 1.54196	1.23e-01
NA	/data/songy4/twas/output/weights//ENSG00000253485.wgt.RDat	ENSG00000253485	5	140743898	140892546	0.02162	rs17286891	-3.18	rs1002519	 4.29e-03	 -4.33	-2.26549	 569	 15	enet	0.006	0.005	 1.79936	7.20e-02
NA	/data/songy4/twas/output/weights//ENSG00000262209.wgt.RDat	ENSG00000262209	5	140749831	140892546	0.03576	rs17286891	-3.18	rs1002519	 2.92e-03	 -4.60	-2.26549	 566	 14	enet	0.006	0.0051	 1.70334	8.85e-02
NA	/data/songy4/twas/output/weights//ENSG00000253731.wgt.RDat	ENSG00000253731	5	140753651	140892546	0.01761	rs17286891	-3.18	rs1002519	 2.92e-03	 -4.61	-2.26549	 565	  4	lasso	0.0053	0.0078	 2.25265	2.43e-02
NA	/data/songy4/twas/output/weights//ENSG00000253537.wgt.RDat	ENSG00000253537	5	140762467	140892546	0.02970	rs17286891	-3.18	rs468968	 9.62e-03	  4.50	 1.86555	 560	  7	enet	0.0099	0.00046	 2.33873	1.93e-02
NA	/data/songy4/twas/output/weights//ENSG00000253953.wgt.RDat	ENSG00000253953	5	140767452	140892546	0.03493	rs17286891	-3.18	rs1002519	 1.89e-02	 -5.33	-2.26549	 560	 23	enet	0.021	5.7e-07	 1.54595	1.22e-01
NA	/data/songy4/twas/output/weights//ENSG00000253767.wgt.RDat	ENSG00000253767	5	140772381	140892546	0.05489	rs17286891	-3.18	rs726684	 3.39e-02	 -7.08	-2.14516	 559	 22	enet	0.037	3.5e-11	 2.40114	1.63e-02
NA	/data/songy4/twas/output/weights//ENSG00000261934.wgt.RDat	ENSG00000261934	5	140782520	140892546	0.04876	rs17286891	-3.18	rs1423148	 1.36e-02	 -5.67	-1.86316	 556	 11	enet	0.026	2.6e-08	 2.05007	4.04e-02
NA	/data/songy4/twas/output/weights//ENSG00000253305.wgt.RDat	ENSG00000253305	5	140787770	140892546	0.05254	rs17286891	-3.18	rs1423148	 6.51e-03	 -5.49	-1.86316	 555	 20	enet	0.023	1.4e-07	 2.06771	3.87e-02
NA	/data/songy4/twas/output/weights//ENSG00000253846.wgt.RDat	ENSG00000253846	5	140792743	140892546	0.03993	rs17286891	-3.18	rs1423148	 8.19e-03	 -5.56	-1.86316	 555	 15	enet	0.013	7.4e-05	 1.79836	7.21e-02
NA	/data/songy4/twas/output/weights//ENSG00000254122.wgt.RDat	ENSG00000254122	5	140797427	140892546	0.05069	rs17286891	-3.18	rs1423148	 2.64e-03	 -4.92	-1.86316	 555	 30	enet	0.018	2.6e-06	 1.47831	1.39e-01
NA	/data/songy4/twas/output/weights//ENSG00000253873.wgt.RDat	ENSG00000253873	5	140800762	140891835	0.05273	rs17286891	-3.18	rs618578	 3.13e-03	 -5.07	-0.62245	 551	 15	enet	0.016	1.1e-05	 1.32883	1.84e-01
NA	/data/songy4/twas/output/weights//ENSG00000253159.wgt.RDat	ENSG00000253159	5	140810185	140892546	0.04659	rs17286891	-3.18	rs1423148	 6.96e-03	 -5.29	-1.86316	 542	 25	enet	0.019	1.7e-06	 2.08653	3.69e-02
NA	/data/songy4/twas/output/weights//ENSG00000240184.wgt.RDat	ENSG00000240184	5	140855580	140892542	0.02224	rs17286891	-3.18	rs1423148	 4.57e-03	 -4.74	-1.86316	 506	 19	enet	0.0083	0.0012	 2.39630	1.66e-02
NA	/data/songy4/twas/output/weights//ENSG00000242419.wgt.RDat	ENSG00000242419	5	140864741	140892546	0.03727	rs17286891	-3.18	rs1423148	 1.85e-03	 -5.09	-1.86316	 504	 23	enet	0.015	2.3e-05	 1.37040	1.71e-01
NA	/data/songy4/twas/output/weights//ENSG00000164620.wgt.RDat	ENSG00000164620	5	141016517	141020644	0.03477	rs17286891	-3.18	rs14251	 9.85e-03	 -4.93	-0.37895	 512	  1	top1	0.0098	0.00047	 0.37895	7.05e-01
NA	/data/songy4/twas/output/weights//ENSG00000120318.wgt.RDat	ENSG00000120318	5	141032968	141061788	0.09079	rs17286891	-3.18	rs7703688	 3.27e-02	 -6.41	-0.31383	 518	  7	lasso	0.038	1.8e-11	 1.69101	9.08e-02
NA	/data/songy4/twas/output/weights//ENSG00000156453.wgt.RDat	ENSG00000156453	5	141232938	141258811	0.08395	rs108593	-2.98	rs445310	 6.16e-02	 -8.43	-2.95041	 544	  9	lasso	0.071	4.3e-20	 3.33120	8.65e-04
NA	/data/songy4/twas/output/weights//ENSG00000081791.wgt.RDat	ENSG00000081791	5	141303373	141321612	0.05085	rs108593	-2.98	rs13183994	 1.36e-02	 -5.07	 2.78788	 540	  4	lasso	0.022	3.8e-07	-1.62657	1.04e-01
NA	/data/songy4/twas/output/weights//ENSG00000113555.wgt.RDat	ENSG00000113555	5	141323150	141349304	0.04138	rs108593	-2.98	rs153148	 1.97e-02	 -6.33	-1.84946	 544	 16	enet	0.029	5.4e-09	 2.43950	1.47e-02
NA	/data/songy4/twas/output/weights//ENSG00000013561.wgt.RDat	ENSG00000013561	5	141337893	141369856	0.11475	rs108593	-2.98	rs164496	 9.74e-02	 10.83	-2.96117	 562	 40	enet	0.12	2.6e-32	-2.97212	2.96e-03
NA	/data/songy4/twas/output/weights//ENSG00000113552.wgt.RDat	ENSG00000113552	5	141371314	141392606	0.05193	rs108593	-2.98	rs10078983	 2.78e-02	  6.06	 0.56098	 567	  1	top1	0.028	9e-09	 0.56098	5.75e-01
NA	/data/songy4/twas/output/weights//ENSG00000131507.wgt.RDat	ENSG00000131507	5	141488070	141534005	0.06873	rs108593	-2.98	rs12653848	 2.66e-02	  5.80	-0.16935	 622	  1	top1	0.027	1.9e-08	-0.16935	8.66e-01
NA	/data/songy4/twas/output/weights//ENSG00000145819.wgt.RDat	ENSG00000145819	5	142149949	142608576	0.05051	rs254440	-2.96	rs246656	 4.43e-02	  7.49	 0.87283	 815	  1	top1	0.044	4.5e-13	 0.87283	3.83e-01
NA	/data/songy4/twas/output/weights//ENSG00000113580.wgt.RDat	ENSG00000113580	5	142657496	142815077	0.03611	rs3797088	 2.47	rs2918417	 1.56e-02	 -4.67	 0.09346	 607	  1	top1	0.016	1.4e-05	-0.09346	9.26e-01
NA	/data/songy4/twas/output/weights//ENSG00000145817.wgt.RDat	ENSG00000145817	5	143537723	143550278	0.41769	rs9285658	-3.02	rs6864309	 4.17e-01	-21.83	-1.39535	 420	  7	lasso	0.43	1.3e-139	 1.47567	1.40e-01
NA	/data/songy4/twas/output/weights//ENSG00000186314.wgt.RDat	ENSG00000186314	5	144851362	145214932	0.03093	rs7733492	-2.56	rs340051	-4.65e-04	  3.10	-0.23140	 526	 45	enet	0.002	0.07	 1.04262	2.97e-01
NA	/data/songy4/twas/output/weights//ENSG00000173261.wgt.RDat	ENSG00000173261	5	145463949	145483932	0.04625	rs879943	 2.74	rs2895648	 5.58e-02	 -8.28	-0.80189	 416	 10	lasso	0.058	1.4e-16	 0.64489	5.19e-01
NA	/data/songy4/twas/output/weights//ENSG00000133706.wgt.RDat	ENSG00000133706	5	145492601	145562223	0.08867	rs879943	 2.74	rs2279895	 2.06e-01	 15.52	-1.47222	 446	  1	top1	0.21	4.2e-59	-1.47222	1.41e-01
NA	/data/songy4/twas/output/weights//ENSG00000091010.wgt.RDat	ENSG00000091010	5	145718587	145720083	0.01952	rs879943	 2.74	rs17096590	 1.26e-03	  3.77	 0.06931	 442	  1	top1	0.0013	0.12	 0.06931	9.45e-01
NA	/data/songy4/twas/output/weights//ENSG00000113649.wgt.RDat	ENSG00000113649	5	145826874	145891524	0.02746	rs879943	 2.74	rs4705334	 1.53e-02	 -4.45	-0.25926	 444	  1	top1	0.015	1.7e-05	 0.25926	7.95e-01
NA	/data/songy4/twas/output/weights//ENSG00000156475.wgt.RDat	ENSG00000156475	5	145967936	146464347	0.05112	rs879943	 2.74	rs319239	 6.69e-03	 -4.66	-0.18182	 626	 31	enet	0.02	8.1e-07	-0.79388	4.27e-01
NA	/data/songy4/twas/output/weights//ENSG00000176049.wgt.RDat	ENSG00000176049	5	146967990	147162338	0.74182	rs6883792	-3.08	rs1016104	 3.77e-01	 20.73	 2.16981	 535	 16	lasso	0.48	8.5e-164	 1.79462	7.27e-02
NA	/data/songy4/twas/output/weights//ENSG00000164265.wgt.RDat	ENSG00000164265	5	147250245	147261754	0.44041	rs6883792	-3.08	rs2250145	 3.00e-01	-18.97	 0.07447	 426	 19	enet	0.43	2.9e-141	 0.00915	9.93e-01
NA	/data/songy4/twas/output/weights//ENSG00000248109.wgt.RDat	ENSG00000248109	5	147618133	147622157	0.02166	rs17706942	 2.86	rs1972644	 1.80e-03	 -3.83	-1.09804	 448	 13	enet	0.0044	0.015	-0.26073	7.94e-01
NA	/data/songy4/twas/output/weights//ENSG00000145868.wgt.RDat	ENSG00000145868	5	147763498	147822399	0.20620	rs17706942	 2.86	rs13179181	 3.01e-01	-18.55	-1.88000	 502	  5	lasso	0.31	2.3e-93	 2.01645	4.38e-02
NA	/data/songy4/twas/output/weights//ENSG00000169252.wgt.RDat	ENSG00000169252	5	148206156	148208196	0.05544	rs11740300	-3.20	rs2082382	 2.62e-02	  5.75	-1.90526	 480	 24	enet	0.028	9.4e-09	-1.92697	5.40e-02
NA	/data/songy4/twas/output/weights//ENSG00000169247.wgt.RDat	ENSG00000169247	5	148303202	148442726	0.09291	rs11740300	-3.20	rs17795259	 1.59e-02	  6.19	-1.60000	 572	  8	lasso	0.038	1.7e-11	-0.34821	7.28e-01
NA	/data/songy4/twas/output/weights//ENSG00000164284.wgt.RDat	ENSG00000164284	5	148724993	148734146	0.04495	rs17110463	 3.73	rs2918265	 2.90e-02	 -6.25	-0.85567	 582	  1	top1	0.029	4.5e-09	 0.85567	3.92e-01
NA	/data/songy4/twas/output/weights//ENSG00000145882.wgt.RDat	ENSG00000145882	5	148737570	148749216	0.15833	rs17110463	 3.73	rs168463	 1.70e-01	 14.01	-1.98980	 586	 25	enet	0.19	7.4e-54	-1.81077	7.02e-02
NA	/data/songy4/twas/output/weights//ENSG00000183111.wgt.RDat	ENSG00000183111	5	148931510	149014531	0.08150	rs17110463	 3.73	rs13184845	 5.28e-02	  8.14	 1.42500	 633	  1	top1	0.053	2.5e-15	 1.42500	1.54e-01
NA	/data/songy4/twas/output/weights//ENSG00000155846.wgt.RDat	ENSG00000155846	5	149109861	149234585	0.06048	rs17110463	 3.73	rs13184089	 5.57e-03	  4.72	-0.81915	 678	  1	top1	0.0056	0.0067	-0.81915	4.13e-01
NA	/data/songy4/twas/output/weights//ENSG00000155850.wgt.RDat	ENSG00000155850	5	149340300	149373018	0.04479	rs17110463	 3.73	rs17655514	 3.38e-02	 -6.75	 0.82222	 579	  1	top1	0.034	2.4e-10	-0.82222	4.11e-01
NA	/data/songy4/twas/output/weights//ENSG00000164296.wgt.RDat	ENSG00000164296	5	149372681	149380730	0.20488	rs17110463	 3.73	rs10062594	 1.40e-01	-13.71	 0.48630	 571	 70	enet	0.27	3.5e-81	-0.87395	3.82e-01
NA	/data/songy4/twas/output/weights//ENSG00000113716.wgt.RDat	ENSG00000113716	5	149379884	149432386	0.13263	rs17110463	 3.73	rs4705407	 1.40e-01	-12.72	 1.12500	 593	  6	lasso	0.15	7.1e-43	-1.46379	1.43e-01
NA	/data/songy4/twas/output/weights//ENSG00000182578.wgt.RDat	ENSG00000182578	5	149432854	149492935	0.04592	rs17110463	 3.73	rs6874087	 1.61e-02	  5.67	-0.83654	 604	  8	lasso	0.036	6.1e-11	-0.64700	5.18e-01
NA	/data/songy4/twas/output/weights//ENSG00000070814.wgt.RDat	ENSG00000070814	5	149737202	149779871	0.02576	rs11749903	 3.59	rs6867136	 3.80e-03	 -4.34	-1.80808	 508	 15	enet	0.0079	0.0015	 0.96301	3.36e-01
NA	/data/songy4/twas/output/weights//ENSG00000070614.wgt.RDat	ENSG00000070614	5	149865381	149937773	0.50948	rs11749903	 3.59	rs7716964	 5.00e-01	-23.87	 0.06667	 554	 10	enet	0.5	1e-175	 0.14573	8.84e-01
NA	/data/songy4/twas/output/weights//ENSG00000256235.wgt.RDat	ENSG00000256235	5	150157508	150176296	0.03440	rs248426	 4.09	rs9324654	 1.46e-02	  5.01	 0.51174	 524	  1	top1	0.015	2.7e-05	 0.51174	6.09e-01
NA	/data/songy4/twas/output/weights//ENSG00000237693.wgt.RDat	ENSG00000237693	5	150226085	150280298	0.11667	rs248426	 4.09	rs13361189	 1.09e-01	-11.39	 0.09756	 554	  8	lasso	0.11	3.8e-31	-0.27787	7.81e-01
NA	/data/songy4/twas/output/weights//ENSG00000211445.wgt.RDat	ENSG00000211445	5	150400124	150408554	0.03683	rs248426	 4.09	rs12516176	 3.53e-02	  7.49	 0.44954	 587	 12	enet	0.046	1.2e-13	-0.17249	8.63e-01
NA	/data/songy4/twas/output/weights//ENSG00000145901.wgt.RDat	ENSG00000145901	5	150409506	150473138	0.14324	rs248426	 4.09	rs12516176	 7.72e-02	 -9.46	 0.44954	 634	 14	enet	0.11	3e-31	-0.09627	9.23e-01
NA	/data/songy4/twas/output/weights//ENSG00000197043.wgt.RDat	ENSG00000197043	5	150480273	150537443	0.32264	rs248426	 4.09	rs11750621	 1.46e-01	 13.29	-0.99180	 642	 28	enet	0.23	1.7e-65	-0.66354	5.07e-01
NA	/data/songy4/twas/output/weights//ENSG00000198624.wgt.RDat	ENSG00000198624	5	150560613	150603706	0.39282	rs248426	 4.09	rs1004736	 1.42e-01	-12.93	 1.61719	 641	 69	enet	0.19	1.3e-53	-0.71084	4.77e-01
NA	/data/songy4/twas/output/weights//ENSG00000196743.wgt.RDat	ENSG00000196743	5	150591711	150650001	0.81331	rs248426	 4.09	rs1004736	 6.70e-01	 27.62	 1.61719	 645	 19	enet	0.7	3.5e-296	 2.07471	3.80e-02
NA	/data/songy4/twas/output/weights//ENSG00000123643.wgt.RDat	ENSG00000123643	5	150816607	150871942	0.62588	rs248426	 4.09	rs357629	 2.52e-01	-17.01	 0.08163	 660	 88	enet	0.49	7e-168	 0.47151	6.37e-01
NA	/data/songy4/twas/output/weights//ENSG00000177556.wgt.RDat	ENSG00000177556	5	151121877	151152093	0.02566	rs153479	-3.39	rs2964592	 1.98e-02	 -5.14	 0.10435	 579	  1	top1	0.02	1.1e-06	-0.10435	9.17e-01
NA	/data/songy4/twas/output/weights//ENSG00000055147.wgt.RDat	ENSG00000055147	5	153369688	153418496	0.08212	rs515887	 2.58	rs378267	 1.46e-01	-12.95	 0.61458	 577	  1	top1	0.15	3.8e-41	-0.61458	5.39e-01
NA	/data/songy4/twas/output/weights//ENSG00000164574.wgt.RDat	ENSG00000164574	5	153570290	153800544	0.26664	rs12522568	 2.11	rs890797	 5.38e-02	 -7.94	-0.33628	 562	 47	enet	0.18	1e-51	-0.03208	9.74e-01
NA	/data/songy4/twas/output/weights//ENSG00000164576.wgt.RDat	ENSG00000164576	5	153825517	153840614	0.38846	rs12522568	 2.11	rs6884266	 2.95e-01	-18.38	-1.13198	 460	 13	lasso	0.33	4.6e-101	 0.85181	3.94e-01
NA	/data/songy4/twas/output/weights//ENSG00000155506.wgt.RDat	ENSG00000155506	5	154092462	154197167	0.05346	rs10515720	 2.67	rs3867429	 2.15e-02	 -6.31	-0.54000	 523	  1	top1	0.022	3.9e-07	 0.54000	5.89e-01
NA	/data/songy4/twas/output/weights//ENSG00000170271.wgt.RDat	ENSG00000170271	5	154198051	154238812	0.47752	rs10515720	 2.67	rs11167702	 2.05e-01	-16.43	-0.34694	 475	  5	lasso	0.4	2.2e-127	 1.23128	2.18e-01
NA	/data/songy4/twas/output/weights//ENSG00000155508.wgt.RDat	ENSG00000155508	5	154237113	154256353	0.01544	rs10515720	 2.67	rs11167702	 2.31e-03	 -3.70	-0.34694	 451	  1	top1	0.0023	0.057	 0.34694	7.29e-01
NA	/data/songy4/twas/output/weights//ENSG00000170624.wgt.RDat	ENSG00000170624	5	155297354	156194799	0.16341	rs1553317	-3.59	rs17052864	 1.28e-01	 12.14	 0.23469	 788	 23	enet	0.17	2.5e-47	 0.05965	9.52e-01
NA	/data/songy4/twas/output/weights//ENSG00000145850.wgt.RDat	ENSG00000145850	5	156346293	156390266	0.05920	rs1553317	-3.59	rs6555820	 2.78e-02	 -6.11	 1.76596	 456	 14	enet	0.029	5.3e-09	-2.02362	4.30e-02
NA	/data/songy4/twas/output/weights//ENSG00000113249.wgt.RDat	ENSG00000113249	5	156456424	156486130	0.08553	rs1553317	-3.59	rs2279804	 4.15e-02	 -7.20	 1.88298	 484	  1	top1	0.042	2.4e-12	-1.88298	5.97e-02
NA	/data/songy4/twas/output/weights//ENSG00000135077.wgt.RDat	ENSG00000135077	5	156512843	156569880	0.03898	rs1553317	-3.59	rs1354163	 7.15e-04	  3.81	-2.93182	 495	 30	enet	0.0093	0.00067	-1.75097	8.00e-02
NA	/data/songy4/twas/output/weights//ENSG00000155868.wgt.RDat	ENSG00000155868	5	156564423	156586030	0.04240	rs1553317	-3.59	rs17839756	 2.23e-02	 -5.88	-0.23016	 480	  5	lasso	0.027	1.5e-08	 0.57178	5.67e-01
NA	/data/songy4/twas/output/weights//ENSG00000113263.wgt.RDat	ENSG00000113263	5	156569944	156682201	0.04660	rs1553317	-3.59	rs3846684	 2.72e-02	  5.96	-1.50980	 521	  1	top1	0.027	1.3e-08	-1.50980	1.31e-01
NA	/data/songy4/twas/output/weights//ENSG00000055163.wgt.RDat	ENSG00000055163	5	156693089	156822606	0.03220	rs1553317	-3.59	rs7715719	 1.90e-02	  5.75	-1.62500	 532	 25	enet	0.031	1.1e-09	-0.94975	3.42e-01
NA	/data/songy4/twas/output/weights//ENSG00000135074.wgt.RDat	ENSG00000135074	5	156822542	157002783	0.05690	rs1553317	-3.59	rs11466784	 5.13e-02	  7.71	-0.64286	 591	  8	lasso	0.052	4.6e-15	-1.76512	7.75e-02
NA	/data/songy4/twas/output/weights//ENSG00000172548.wgt.RDat	ENSG00000172548	5	156887027	156901725	0.02561	rs1553317	-3.59	rs2161396	 1.40e-02	 -5.05	-0.02970	 531	  4	lasso	0.018	3.5e-06	-1.21995	2.22e-01
NA	/data/songy4/twas/output/weights//ENSG00000039600.wgt.RDat	ENSG00000039600	5	157052687	157098488	0.04246	rs11465283	-2.84	rs2270818	 2.36e-02	  5.55	-0.64925	 589	  1	top1	0.024	1.1e-07	-0.64925	5.16e-01
NA	/data/songy4/twas/output/weights//ENSG00000113272.wgt.RDat	ENSG00000113272	5	157158205	157168456	0.04060	rs11956152	 3.01	rs7727267	 2.21e-02	 -5.52	 1.48454	 556	  3	lasso	0.036	8.4e-11	-0.63297	5.27e-01
NA	/data/songy4/twas/output/weights//ENSG00000145860.wgt.RDat	ENSG00000145860	5	158584417	158637061	0.07320	rs7717259	-3.61	rs6556405	 5.12e-02	 -7.74	 0.23364	 443	  1	top1	0.051	6.6e-15	-0.23364	8.15e-01
NA	/data/songy4/twas/output/weights//ENSG00000164332.wgt.RDat	ENSG00000164332	5	158690089	158713044	0.04827	rs7717259	-3.61	rs3181224	 2.47e-02	  5.65	-0.33333	 424	  7	lasso	0.03	3e-09	-0.30994	7.57e-01
NA	/data/songy4/twas/output/weights//ENSG00000113312.wgt.RDat	ENSG00000113312	5	159436120	159492550	0.02607	rs7717259	-3.61	rs2271945	 1.94e-02	 -5.02	 1.44134	 490	  1	top1	0.019	1.4e-06	-1.44134	1.49e-01
NA	/data/songy4/twas/output/weights//ENSG00000170234.wgt.RDat	ENSG00000170234	5	159488808	159546430	0.02460	rs7717259	-3.61	rs4429888	 1.23e-03	  3.73	 0.44758	 493	  1	top1	0.0012	0.12	 0.44758	6.54e-01
NA	/data/songy4/twas/output/weights//ENSG00000135083.wgt.RDat	ENSG00000135083	5	159678659	159772403	0.05491	rs7723967	 3.47	rs17057631	 3.03e-02	 -6.18	 0.67630	 509	 21	enet	0.039	8.6e-12	 0.48986	6.24e-01
NA	/data/songy4/twas/output/weights//ENSG00000164609.wgt.RDat	ENSG00000164609	5	159828648	159848718	0.03441	rs17472426	-2.60	rs1895320	 4.10e-02	  7.10	 1.20000	 476	  1	top1	0.041	3.2e-12	 1.20000	2.30e-01
NA	/data/songy4/twas/output/weights//ENSG00000113328.wgt.RDat	ENSG00000113328	5	162864575	162873157	0.03745	rs299290	 3.03	rs299287	 3.47e-02	  6.51	 2.74757	 464	  1	top1	0.035	1.4e-10	 2.74757	6.00e-03
NA	/data/songy4/twas/output/weights//ENSG00000170584.wgt.RDat	ENSG00000170584	5	162873532	162887146	0.02661	rs299290	 3.03	rs299285	 1.38e-02	 -5.13	 2.84314	 472	  1	top1	0.014	4.3e-05	-2.84314	4.47e-03
NA	/data/songy4/twas/output/weights//ENSG00000038274.wgt.RDat	ENSG00000038274	5	162930120	162946342	0.04730	rs299290	 3.03	rs4276433	-2.48e-04	 -3.94	 1.19722	 469	 33	enet	0.0012	0.12	 0.60278	5.47e-01
NA	/data/songy4/twas/output/weights//ENSG00000113645.wgt.RDat	ENSG00000113645	5	167718656	167899308	0.27327	rs17733068	 2.81	rs2161300	 1.22e-01	 11.91	-1.71831	 692	 24	enet	0.19	1.2e-53	-1.02779	3.04e-01
NA	/data/songy4/twas/output/weights//ENSG00000113643.wgt.RDat	ENSG00000113643	5	167913450	167946304	0.07732	rs17733068	 2.81	rs9647573	 7.45e-02	  9.43	 0.79032	 626	  8	lasso	0.079	2.2e-22	 0.91596	3.60e-01
NA	/data/songy4/twas/output/weights//ENSG00000188573.wgt.RDat	ENSG00000188573	5	167956121	167957639	0.30886	rs17733068	 2.81	rs2305725	 5.03e-01	 24.05	 0.79032	 607	  8	lasso	0.51	6.4e-179	 0.82831	4.07e-01
NA	/data/songy4/twas/output/weights//ENSG00000184347.wgt.RDat	ENSG00000184347	5	168088745	168728133	0.03976	rs10043015	-3.26	rs2938767	 3.88e-02	  6.99	 0.95918	 966	  1	top1	0.039	1.2e-11	 0.95918	3.37e-01
NA	/data/songy4/twas/output/weights//ENSG00000040275.wgt.RDat	ENSG00000040275	5	169010638	169031782	0.33468	rs10043015	-3.26	rs17558310	 2.19e-01	-16.01	 0.58768	 645	  6	lasso	0.32	2.7e-98	-0.10805	9.14e-01
NA	/data/songy4/twas/output/weights//ENSG00000168269.wgt.RDat	ENSG00000168269	5	169532901	169536727	0.05040	rs572192	 2.77	rs10447195	 8.08e-03	 -5.26	-0.93137	 738	  6	lasso	0.019	1.8e-06	 0.53872	5.90e-01
NA	/data/songy4/twas/output/weights//ENSG00000043462.wgt.RDat	ENSG00000043462	5	169673241	169725231	0.05266	rs572192	 2.77	rs13170456	 1.29e-02	  5.12	 0.66667	 800	 17	enet	0.052	5.1e-15	 1.44253	1.49e-01
NA	/data/songy4/twas/output/weights//ENSG00000145936.wgt.RDat	ENSG00000145936	5	169801675	169816681	0.30191	rs572192	 2.77	rs314157	 2.18e-01	 15.87	 0.15888	 740	  5	lasso	0.28	4e-82	-0.26266	7.93e-01
NA	/data/songy4/twas/output/weights//ENSG00000204764.wgt.RDat	ENSG00000204764	5	170288874	170727019	0.04796	rs1382901	 3.04	rs7730898	 6.84e-02	 -9.51	 0.16964	 715	 15	enet	0.07	8.4e-20	-0.41447	6.79e-01
NA	/data/songy4/twas/output/weights//ENSG00000072786.wgt.RDat	ENSG00000072786	5	171469077	171615390	0.04286	rs13183447	 3.77	rs6555999	 2.32e-02	  5.27	 0.21154	 619	  1	top1	0.023	1.5e-07	 0.21154	8.32e-01
NA	/data/songy4/twas/output/weights//ENSG00000174705.wgt.RDat	ENSG00000174705	5	171752185	171881527	0.13356	rs13183447	 3.77	rs2731693	 1.13e-01	-11.74	-1.82075	 607	  3	lasso	0.12	4.9e-35	 1.68077	9.28e-02
NA	/data/songy4/twas/output/weights//ENSG00000214357.wgt.RDat	ENSG00000214357	5	172068269	172118543	0.04364	rs13183447	 3.77	rs13359269	 2.82e-03	 -4.14	 0.99522	 571	 27	enet	0.0063	0.0043	 0.65577	5.12e-01
NA	/data/songy4/twas/output/weights//ENSG00000113719.wgt.RDat	ENSG00000113719	5	172261278	172379688	0.10525	rs13183447	 3.77	rs13185405	 7.28e-02	 -9.29	 0.39286	 623	 25	enet	0.083	2.8e-23	-0.04403	9.65e-01
NA	/data/songy4/twas/output/weights//ENSG00000113734.wgt.RDat	ENSG00000113734	5	172571445	172591390	0.05759	rs13183447	 3.77	rs17662639	 4.68e-02	 -7.45	 0.40268	 577	  2	lasso	0.057	2.4e-16	-0.06614	9.47e-01
NA	/data/songy4/twas/output/weights//ENSG00000113742.wgt.RDat	ENSG00000113742	5	173315283	173388979	0.47227	rs17735046	-3.11	rs791357	 2.42e-01	 16.68	-0.30435	 678	 45	enet	0.46	5.2e-156	-1.52464	1.27e-01
NA	/data/songy4/twas/output/weights//ENSG00000185056.wgt.RDat	ENSG00000185056	5	173400782	173433143	0.14549	rs6894685	-2.57	rs17695092	 9.32e-02	 10.41	 0.05202	 650	 29	enet	0.14	2.8e-38	-0.26726	7.89e-01
NA	/data/songy4/twas/output/weights//ENSG00000170091.wgt.RDat	ENSG00000170091	5	173472607	173670504	0.10879	rs11738361	 3.30	rs17695092	 4.08e-02	  7.58	 0.00339	 754	 10	lasso	0.08	1.2e-22	-0.44448	6.57e-01
NA	/data/songy4/twas/output/weights//ENSG00000164466.wgt.RDat	ENSG00000164466	5	174904065	174956745	0.04931	rs10079211	-2.56	rs13180272	 2.28e-02	  5.26	-1.29260	 568	  1	top1	0.023	1.9e-07	-1.29260	1.96e-01
NA	/data/songy4/twas/output/weights//ENSG00000051596.wgt.RDat	ENSG00000051596	5	175344876	175461683	0.15863	rs7442946	 2.77	rs7724670	 2.72e-02	  7.09	 1.26415	 420	 12	lasso	0.074	4.7e-21	 0.97759	3.28e-01
NA	/data/songy4/twas/output/weights//ENSG00000182230.wgt.RDat	ENSG00000182230	5	175487692	175559261	0.16690	rs7442946	 2.77	rs7443800	 2.40e-01	-16.54	-2.27184	 357	 21	enet	0.25	1.7e-72	 1.91093	5.60e-02
NA	/data/songy4/twas/output/weights//ENSG00000170085.wgt.RDat	ENSG00000170085	5	175665365	175772994	0.04018	rs7442946	 2.77	rs2241577	 5.36e-03	 -4.26	-0.91339	 386	  7	lasso	0.012	0.00011	 0.62699	5.31e-01
NA	/data/songy4/twas/output/weights//ENSG00000122203.wgt.RDat	ENSG00000122203	5	175773064	175788971	0.22794	rs7442946	 2.77	rs1030167	 2.70e-01	 17.54	-0.40187	 326	 44	enet	0.3	4.2e-91	-1.01406	3.11e-01
NA	/data/songy4/twas/output/weights//ENSG00000175414.wgt.RDat	ENSG00000175414	5	175792471	175828866	0.16359	rs7442946	 2.77	rs3749802	 1.20e-01	-11.77	-1.05435	 338	 11	lasso	0.14	2.9e-40	 0.62125	5.34e-01
NA	/data/songy4/twas/output/weights//ENSG00000048162.wgt.RDat	ENSG00000048162	5	175810949	175815976	0.03302	rs7442946	 2.77	rs13185510	 3.70e-03	  4.10	 0.70833	 318	  1	top1	0.0037	0.022	 0.70833	4.79e-01
NA	/data/songy4/twas/output/weights//ENSG00000146066.wgt.RDat	ENSG00000146066	5	175815748	175816772	0.16650	rs7442946	 2.77	rs6882450	 2.08e-01	-15.70	 0.32716	 314	  7	lasso	0.21	5.7e-61	-0.41435	6.79e-01
NA	/data/songy4/twas/output/weights//ENSG00000175416.wgt.RDat	ENSG00000175416	5	175819456	175843570	0.19452	rs7442946	 2.77	rs1030167	 2.49e-01	 17.21	-0.40187	 337	 27	enet	0.31	3.1e-93	-1.16151	2.45e-01
NA	/data/songy4/twas/output/weights//ENSG00000113194.wgt.RDat	ENSG00000113194	5	175874629	175937075	0.08286	rs11027	-2.78	rs3888233	 4.48e-02	  7.29	 1.36970	 362	  1	top1	0.045	3.2e-13	 1.36970	1.71e-01
NA	/data/songy4/twas/output/weights//ENSG00000146083.wgt.RDat	ENSG00000146083	5	175953698	175965026	0.07664	rs11027	-2.78	rs1366240	 5.32e-02	  7.94	 1.98182	 369	  5	lasso	0.07	7.8e-20	 2.55390	1.07e-02
NA	/data/songy4/twas/output/weights//ENSG00000074276.wgt.RDat	ENSG00000074276	5	175969512	176022975	0.07954	rs7442946	 2.77	rs2963295	 6.94e-02	  9.04	 1.55330	 402	 15	enet	0.074	4.4e-21	 2.27152	2.31e-02
NA	/data/songy4/twas/output/weights//ENSG00000169258.wgt.RDat	ENSG00000169258	5	176022803	176037134	0.11960	rs7442946	 2.77	rs4868660	 8.50e-02	 10.17	-0.52525	 407	 22	enet	0.089	4.5e-25	-0.97058	3.32e-01
NA	/data/songy4/twas/output/weights//ENSG00000048140.wgt.RDat	ENSG00000048140	5	176074388	176086058	0.13147	rs7442946	 2.77	rs4867842	 5.13e-02	  8.49	 1.24510	 408	 39	enet	0.076	1.6e-21	 0.75240	4.52e-01
NA	/data/songy4/twas/output/weights//ENSG00000113761.wgt.RDat	ENSG00000113761	5	176449697	176508190	0.03674	rs10463063	-3.38	rs493578	 1.98e-02	 -5.83	-0.58929	 417	 15	enet	0.034	1.8e-10	-0.84995	3.95e-01
NA	/data/songy4/twas/output/weights//ENSG00000160867.wgt.RDat	ENSG00000160867	5	176513887	176525145	0.08580	rs10463063	-3.38	rs641101	 5.44e-02	  8.17	-0.46154	 389	 40	enet	0.063	5.1e-18	-1.28106	2.00e-01
NA	/data/songy4/twas/output/weights//ENSG00000165671.wgt.RDat	ENSG00000165671	5	176560026	176727216	0.02983	rs10463063	-3.38	rs9885210	 2.49e-02	  5.73	 0.04167	 395	  1	top1	0.025	5.3e-08	 0.04167	9.67e-01
NA	/data/songy4/twas/output/weights//ENSG00000169228.wgt.RDat	ENSG00000169228	5	176728199	176730745	0.06830	rs10463063	-3.38	rs6885410	 2.59e-02	 -6.59	-1.16364	 316	  5	lasso	0.055	8.9e-16	 2.17679	2.95e-02
NA	/data/songy4/twas/output/weights//ENSG00000213347.wgt.RDat	ENSG00000213347	5	176728462	176739758	0.18633	rs10463063	-3.38	rs10051822	 1.54e-01	 13.35	-0.46341	 316	  9	lasso	0.19	1.6e-53	 0.69900	4.85e-01
NA	/data/songy4/twas/output/weights//ENSG00000169230.wgt.RDat	ENSG00000169230	5	176730775	176733960	0.25343	rs10463063	-3.38	rs10051822	 2.84e-01	-17.99	-0.46341	 316	 29	enet	0.32	8.9e-98	 0.46537	6.42e-01
NA	/data/songy4/twas/output/weights//ENSG00000169220.wgt.RDat	ENSG00000169220	5	176784838	176799602	0.02587	rs10463063	-3.38	rs13190036	 6.16e-03	 -4.17	 1.89404	 295	 36	enet	0.016	8.6e-06	-3.03862	2.38e-03
NA	/data/songy4/twas/output/weights//ENSG00000131188.wgt.RDat	ENSG00000131188	5	176873446	176883283	0.03714	rs10463063	-3.38	rs2731662	 3.91e-02	 -6.81	 0.26596	 248	  1	top1	0.039	1e-11	-0.26596	7.90e-01
NA	/data/songy4/twas/output/weights//ENSG00000113758.wgt.RDat	ENSG00000113758	5	176883609	176901402	0.06299	rs10463063	-3.38	rs335452	 6.15e-02	 -8.81	-0.05263	 259	  1	top1	0.062	1.2e-17	 0.05263	9.58e-01
NA	/data/songy4/twas/output/weights//ENSG00000196923.wgt.RDat	ENSG00000196923	5	176910395	176924607	0.10992	rs10463063	-3.38	rs337370	 8.19e-02	 10.04	 0.52542	 266	  3	lasso	0.083	2.8e-23	 0.36455	7.15e-01
NA	/data/songy4/twas/output/weights//ENSG00000146094.wgt.RDat	ENSG00000146094	5	176928908	176938275	0.07024	rs10463063	-3.38	rs3805550	 4.24e-02	  7.11	 1.73023	 267	  1	top1	0.042	1.4e-12	 1.73023	8.36e-02
NA	/data/songy4/twas/output/weights//ENSG00000146067.wgt.RDat	ENSG00000146067	5	176946789	176981542	0.17141	rs10463063	-3.38	rs335482	 1.18e-01	 11.69	-0.18254	 260	  1	top1	0.12	4.7e-33	-0.18254	8.55e-01
NA	/data/songy4/twas/output/weights//ENSG00000184840.wgt.RDat	ENSG00000184840	5	177019159	177023125	0.13459	rs10463063	-3.38	rs901380	 4.48e-02	  7.28	-2.14400	 244	  3	lasso	0.06	4.2e-17	-1.31360	1.89e-01
NA	/data/songy4/twas/output/weights//ENSG00000027847.wgt.RDat	ENSG00000027847	5	177027101	177037348	0.17891	rs10463063	-3.38	rs2334991	 4.58e-02	 -7.36	 2.88119	 243	  8	lasso	0.086	4.3e-24	-3.34952	8.10e-04
NA	/data/songy4/twas/output/weights//ENSG00000170074.wgt.RDat	ENSG00000170074	5	177134982	177210399	0.55026	rs7732626	-2.97	rs6601075	 2.88e-01	 18.16	-1.72961	 322	 53	enet	0.38	4.5e-119	-1.03673	3.00e-01
NA	/data/songy4/twas/output/weights//ENSG00000197451.wgt.RDat	ENSG00000197451	5	177631508	177638164	0.03676	rs1545751	-3.03	rs6883816	 4.18e-03	 -4.36	-1.05645	 420	  4	lasso	0.023	1.8e-07	 0.63155	5.28e-01
NA	/data/songy4/twas/output/weights//ENSG00000050767.wgt.RDat	ENSG00000050767	5	177664619	178017556	0.07861	rs7704963	 3.81	rs13159176	 2.33e-02	  6.51	-0.12745	 624	 19	enet	0.053	2e-15	 0.90533	3.65e-01
NA	/data/songy4/twas/output/weights//ENSG00000113240.wgt.RDat	ENSG00000113240	5	178029665	178057616	0.52499	rs7704963	 3.81	rs4419608	 4.15e-01	-21.74	-1.76033	 580	 47	enet	0.46	3.8e-154	 1.61682	1.06e-01
NA	/data/songy4/twas/output/weights//ENSG00000169131.wgt.RDat	ENSG00000169131	5	178138593	178157703	0.61781	rs7704963	 3.81	rs4419608	 3.90e-01	-21.08	-1.76033	 603	 85	enet	0.46	2e-156	 1.52008	1.28e-01
NA	/data/songy4/twas/output/weights//ENSG00000178338.wgt.RDat	ENSG00000178338	5	178286954	178315123	0.10303	rs7704963	 3.81	rs2004503	 8.13e-02	  9.74	 0.92784	 587	 24	enet	0.091	1.2e-25	 0.28707	7.74e-01
NA	/data/songy4/twas/output/weights//ENSG00000198939.wgt.RDat	ENSG00000198939	5	178322895	178360213	0.04905	rs7704963	 3.81	rs6870926	 3.47e-02	 -6.62	-0.20946	 592	  4	lasso	0.035	1.3e-10	-0.74121	4.59e-01
NA	/data/songy4/twas/output/weights//ENSG00000234284.wgt.RDat	ENSG00000234284	5	178450753	178462065	0.39765	rs7704963	 3.81	rs2132671	 5.21e-01	 24.35	 3.40909	 560	  1	top1	0.52	3.9e-184	 3.40909	6.52e-04
NA	/data/songy4/twas/output/weights//ENSG00000177932.wgt.RDat	ENSG00000177932	5	178487416	178510538	0.03858	rs7704963	 3.81	rs1445844	 1.44e-02	  6.52	-1.67000	 550	  7	lasso	0.017	5.6e-06	-2.04838	4.05e-02
NA	/data/songy4/twas/output/weights//ENSG00000087116.wgt.RDat	ENSG00000087116	5	178537852	178772431	0.04662	rs7704963	 3.81	rs255027	 4.50e-02	 -7.46	-0.15231	 617	  8	enet	0.046	1.4e-13	-0.17995	8.57e-01
NA	/data/songy4/twas/output/weights//ENSG00000176783.wgt.RDat	ENSG00000176783	5	178977559	179037027	0.18426	rs7711420	 3.67	rs4700810	 1.41e-01	-12.69	-1.49020	 498	 25	enet	0.17	2.4e-47	 1.14671	2.52e-01
NA	/data/songy4/twas/output/weights//ENSG00000204659.wgt.RDat	ENSG00000204659	5	179105584	179107975	0.02477	rs163498	-3.43	rs153817	 3.05e-03	 -4.12	-1.38793	 466	  1	top1	0.0031	0.035	 1.38793	1.65e-01
NA	/data/songy4/twas/output/weights//ENSG00000127022.wgt.RDat	ENSG00000127022	5	179105629	179157926	0.03435	rs163498	-3.43	rs6893300	 2.47e-03	  4.35	 0.35238	 489	 18	enet	0.0057	0.0063	 0.27956	7.80e-01
NA	/data/songy4/twas/output/weights//ENSG00000161021.wgt.RDat	ENSG00000161021	5	179159851	179223512	0.02648	rs163498	-3.43	rs11744173	-4.32e-04	 -3.50	-1.23529	 472	  7	enet	-0.00013	0.36	 1.35381	1.76e-01
NA	/data/songy4/twas/output/weights//ENSG00000213316.wgt.RDat	ENSG00000213316	5	179220981	179223648	0.10041	rs163498	-3.43	rs730012	 7.61e-02	  9.93	 0.19048	 433	 11	lasso	0.089	5.5e-25	 0.52999	5.96e-01
NA	/data/songy4/twas/output/weights//ENSG00000161013.wgt.RDat	ENSG00000161013	5	179224597	179233952	0.17118	rs163498	-3.43	rs10516140	 4.85e-02	 -7.57	-0.72519	 447	  5	lasso	0.076	1.2e-21	 0.04465	9.64e-01
NA	/data/songy4/twas/output/weights//ENSG00000161011.wgt.RDat	ENSG00000161011	5	179233388	179265078	0.07269	rs163498	-3.43	rs4797	 3.04e-02	 -6.55	 0.44792	 465	  1	top1	0.03	1.9e-09	-0.44792	6.54e-01
NA	/data/songy4/twas/output/weights//ENSG00000161010.wgt.RDat	ENSG00000161010	5	179261436	179289173	0.04763	rs4516815	 2.55	rs10060182	 1.43e-02	  5.82	-0.53922	 453	  5	lasso	0.044	5e-13	-0.91619	3.60e-01
NA	/data/songy4/twas/output/weights//ENSG00000197226.wgt.RDat	ENSG00000197226	5	179289066	179334859	0.27445	rs4516815	 2.55	rs42414	 3.60e-02	  7.97	-0.97938	 460	 66	enet	0.18	6.3e-52	-0.04066	9.68e-01
NA	/data/songy4/twas/output/weights//ENSG00000113269.wgt.RDat	ENSG00000113269	5	179338651	179499118	0.05740	rs4516815	 2.55	rs10479558	 2.99e-02	  6.41	 2.12800	 487	  9	lasso	0.038	2.6e-11	 1.87973	6.01e-02
NA	/data/songy4/twas/output/weights//ENSG00000050748.wgt.RDat	ENSG00000050748	5	179660143	179719099	0.20937	rs10064443	 2.86	rs3812067	 1.36e-01	 12.50	 0.06000	 462	 10	lasso	0.19	3.5e-54	-0.60577	5.45e-01
NA	/data/songy4/twas/output/weights//ENSG00000131459.wgt.RDat	ENSG00000131459	5	179727690	179780387	0.03366	rs10064443	 2.86	rs11745140	 2.14e-03	  4.94	-0.66010	 449	  9	enet	0.022	2.9e-07	-0.22333	8.23e-01
NA	/data/songy4/twas/output/weights//ENSG00000113300.wgt.RDat	ENSG00000113300	5	179921412	180005405	0.26347	rs10064443	 2.86	rs10052782	 1.69e-01	 14.38	 0.17105	 440	 43	enet	0.19	2.9e-53	 1.35470	1.76e-01
NA	/data/songy4/twas/output/weights//ENSG00000161055.wgt.RDat	ENSG00000161055	5	180017103	180018540	0.54792	rs10064443	 2.86	rs2453176	 5.67e-01	 25.40	 0.20130	 408	  1	top1	0.57	9.7e-209	 0.20130	8.40e-01
NA	/data/songy4/twas/output/weights//ENSG00000037280.wgt.RDat	ENSG00000037280	5	180028506	180076624	0.21298	rs10064443	 2.86	rs2453176	 1.53e-01	 13.31	 0.20130	 425	  6	lasso	0.19	7.5e-55	-0.00754	9.94e-01
NA	/data/songy4/twas/output/weights//ENSG00000174339.wgt.RDat	ENSG00000174339	5	180166042	180167099	0.02935	rs10064443	 2.86	rs10078649	-5.69e-04	  3.53	 0.43085	 405	 31	enet	0.0047	0.012	-1.21361	2.25e-01
NA	/data/songy4/twas/output/weights//ENSG00000131446.wgt.RDat	ENSG00000131446	5	180217541	180242652	0.28523	rs10064443	 2.86	rs3733749	 1.51e-01	 13.17	-0.19780	 398	  5	lasso	0.2	8.6e-57	-0.78680	4.31e-01
NA	/data/songy4/twas/output/weights//ENSG00000196670.wgt.RDat	ENSG00000196670	5	180274611	180288286	0.21044	rs10064443	 2.86	rs2619754	 1.58e-01	 13.60	 1.75000	 350	  9	lasso	0.18	2.5e-50	 1.95577	5.05e-02
NA	/data/songy4/twas/output/weights//ENSG00000113303.wgt.RDat	ENSG00000113303	5	180326077	180377906	0.57191	rs10064443	 2.86	rs4700772	 5.12e-01	-24.15	-0.52137	 329	 46	enet	0.6	2.5e-229	-0.13216	8.95e-01
NA	/data/songy4/twas/output/weights//ENSG00000168903.wgt.RDat	ENSG00000168903	5	180415845	180433727	0.78114	rs10064443	 2.86	rs4700772	 6.31e-01	 26.79	-0.52137	 298	 22	lasso	0.8	0	-0.07794	9.38e-01
NA	/data/songy4/twas/output/weights//ENSG00000165810.wgt.RDat	ENSG00000165810	5	180467225	180488523	0.26793	rs10064443	 2.86	rs7709346	 3.02e-01	 18.71	 0.17021	 283	 26	enet	0.4	1e-129	 0.04585	9.63e-01
NA	/data/songy4/twas/output/weights//ENSG00000146054.wgt.RDat	ENSG00000146054	5	180620924	180632293	0.14855	rs10064443	 2.86	rs254461	 6.26e-02	 -8.67	-1.36697	 214	 11	enet	0.084	1.1e-23	 0.11425	9.09e-01
NA	/data/songy4/twas/output/weights//ENSG00000204628.wgt.RDat	ENSG00000204628	5	180663909	180675096	0.02395	rs17080555	 2.56	rs876154	-2.39e-05	 -3.34	-0.53226	 202	  1	top1	-2.4e-05	0.32	 0.53226	5.95e-01
