PANEL	FILE	ID	CHR	P0	P1	HSQ	BEST.GWAS.ID	BEST.GWAS.Z	EQTL.ID	EQTL.R2	EQTL.Z	EQTL.GWAS.Z	NSNP	NWGT	MODEL	MODELCV.R2	MODELCV.PV	TWAS.Z	TWAS.P
NA	/data/songy4/twas/output/weights//ENSG00000137265.wgt.RDat	ENSG00000137265	6	391739	411447	0.0303	rs872468	 3.40	rs9504361	-3.51e-04	 -4.08	-1.0392	 414	 20	enet	0.00023	0.26	  1.01502	3.10e-01
NA	/data/songy4/twas/output/weights//ENSG00000112685.wgt.RDat	ENSG00000112685	6	485133	693117	0.3009	rs872468	 3.40	rs1890361	 2.07e-01	 15.44	 0.8100	 590	 11	lasso	0.31	1.1e-93	  1.09237	2.75e-01
NA	/data/songy4/twas/output/weights//ENSG00000188996.wgt.RDat	ENSG00000188996	6	655939	656963	0.0748	rs872468	 3.40	rs1890361	 3.61e-02	  8.05	 0.8100	 574	  8	enet	0.061	2e-17	  1.05838	2.90e-01
NA	/data/songy4/twas/output/weights//ENSG00000112699.wgt.RDat	ENSG00000112699	6	1624041	2245926	0.1694	rs1773013	 3.06	rs1196388	 1.07e-01	 11.39	 1.0299	1014	  4	lasso	0.11	5.4e-30	  1.05448	2.92e-01
NA	/data/songy4/twas/output/weights//ENSG00000124588.wgt.RDat	ENSG00000124588	6	2988221	3019996	0.6650	rs1773013	 3.06	rs9405188	 3.30e-01	-19.86	 1.4240	 690	 94	enet	0.65	2.6e-258	 -0.70670	4.80e-01
NA	/data/songy4/twas/output/weights//ENSG00000137275.wgt.RDat	ENSG00000137275	6	3064225	3115421	0.0390	rs4515424	-2.94	rs9392454	 3.28e-02	  6.60	-1.0000	 684	  1	top1	0.033	4.6e-10	 -1.00000	3.17e-01
NA	/data/songy4/twas/output/weights//ENSG00000137267.wgt.RDat	ENSG00000137267	6	3153903	3157760	0.8987	rs4515424	-2.94	rs9392465	 8.40e-01	 30.91	-0.4679	 634	  1	top1	0.84	0	 -0.46789	6.40e-01
NA	/data/songy4/twas/output/weights//ENSG00000137285.wgt.RDat	ENSG00000137285	6	3224495	3231964	0.6234	rs4515424	-2.94	rs4469340	 8.00e-02	  9.87	-0.6641	 616	110	enet	0.34	6.2e-104	  0.12658	8.99e-01
NA	/data/songy4/twas/output/weights//ENSG00000180822.wgt.RDat	ENSG00000180822	6	3231637	3303607	0.0458	rs4515424	-2.94	rs12526106	 2.65e-03	  3.97	-0.2486	 639	 22	enet	0.0076	0.0019	  1.11656	2.64e-01
NA	/data/songy4/twas/output/weights//ENSG00000137266.wgt.RDat	ENSG00000137266	6	3269196	3457256	0.1505	rs4515424	-2.94	rs1887843	 1.16e-01	-12.00	 0.2500	 708	 17	enet	0.15	2.3e-41	 -0.70079	4.83e-01
NA	/data/songy4/twas/output/weights//ENSG00000168994.wgt.RDat	ENSG00000168994	6	3722848	3752260	0.1552	rs4515424	-2.94	rs12526106	 6.18e-02	  9.12	-0.2486	 636	 35	enet	0.096	6.2e-27	 -0.69835	4.85e-01
NA	/data/songy4/twas/output/weights//ENSG00000145945.wgt.RDat	ENSG00000145945	6	3849620	3851551	0.0869	rs17500205	-3.12	rs4959877	 7.30e-02	 -9.18	-0.6433	 603	 19	enet	0.089	5.2e-25	  0.09583	9.24e-01
NA	/data/songy4/twas/output/weights//ENSG00000198721.wgt.RDat	ENSG00000198721	6	4115923	4135831	0.2497	rs17500205	-3.12	rs661404	 2.96e-01	-18.43	 0.0104	 649	  4	lasso	0.32	2.9e-96	  0.15495	8.77e-01
NA	/data/songy4/twas/output/weights//ENSG00000124787.wgt.RDat	ENSG00000124787	6	4994966	5004297	0.0272	rs200856	-2.95	rs12191838	 2.05e-02	 -5.29	 0.2527	 644	  1	top1	0.02	7.6e-07	 -0.25267	8.01e-01
NA	/data/songy4/twas/output/weights//ENSG00000219607.wgt.RDat	ENSG00000219607	6	5085720	5087455	0.3348	rs200856	-2.95	rs1247000	 2.50e-01	 16.90	-1.9805	 635	 20	enet	0.25	1.9e-74	 -2.26644	2.34e-02
NA	/data/songy4/twas/output/weights//ENSG00000214113.wgt.RDat	ENSG00000214113	6	5102827	5261172	0.2848	rs12206147	-3.23	rs10498665	 1.29e-01	 12.21	 1.6400	 744	 48	enet	0.23	4.5e-67	  0.46202	6.44e-01
NA	/data/songy4/twas/output/weights//ENSG00000145982.wgt.RDat	ENSG00000145982	6	5261277	5771813	0.2132	rs9502417	-4.15	rs9504370	 9.03e-02	-10.52	-0.1712	 968	  8	lasso	0.14	1e-40	 -0.00825	9.93e-01
NA	/data/songy4/twas/output/weights//ENSG00000124785.wgt.RDat	ENSG00000124785	6	5998232	6007200	0.3097	rs9502417	-4.15	rs6935425	 3.15e-01	-18.99	 0.2589	 709	 40	enet	0.36	3e-112	  0.65804	5.11e-01
NA	/data/songy4/twas/output/weights//ENSG00000124491.wgt.RDat	ENSG00000124491	6	6144318	6321246	0.0644	rs9502417	-4.15	rs927332	 3.69e-02	  6.71	-1.0753	 835	 31	enet	0.044	4.2e-13	 -0.93965	3.47e-01
NA	/data/songy4/twas/output/weights//ENSG00000112799.wgt.RDat	ENSG00000112799	6	6588341	6655216	0.2050	rs9502417	-4.15	rs9405942	 1.25e-01	-13.30	 0.1130	 804	  6	lasso	0.2	1.4e-58	 -0.39061	6.96e-01
NA	/data/songy4/twas/output/weights//ENSG00000124782.wgt.RDat	ENSG00000124782	6	7107830	7252213	0.0821	rs2757632	-4.10	rs9502570	 8.29e-03	  4.55	 0.2037	 718	 22	enet	0.018	3.5e-06	 -0.24742	8.05e-01
NA	/data/songy4/twas/output/weights//ENSG00000124783.wgt.RDat	ENSG00000124783	6	7268539	7347679	0.5837	rs2757632	-4.10	rs41337347	 3.53e-01	-20.05	 0.2699	 671	 48	enet	0.42	1.7e-135	  0.10229	9.19e-01
NA	/data/songy4/twas/output/weights//ENSG00000124784.wgt.RDat	ENSG00000124784	6	7389729	7418270	0.0367	rs2757632	-4.10	rs2274212	 2.09e-02	 -5.32	-0.7475	 619	  1	top1	0.021	5.7e-07	  0.74747	4.55e-01
NA	/data/songy4/twas/output/weights//ENSG00000096696.wgt.RDat	ENSG00000096696	6	7541808	7586950	0.3224	rs2757632	-4.10	rs11243180	 5.12e-01	-24.18	-1.0495	 607	  3	lasso	0.51	5.3e-180	  1.12846	2.59e-01
NA	/data/songy4/twas/output/weights//ENSG00000168566.wgt.RDat	ENSG00000168566	6	7590432	7612200	0.0921	rs2757632	-4.10	rs2744382	 5.13e-02	  8.43	-1.7732	 604	 15	enet	0.061	1.6e-17	 -1.37635	1.69e-01
NA	/data/songy4/twas/output/weights//ENSG00000153162.wgt.RDat	ENSG00000153162	6	7727030	7881655	0.0484	rs2757632	-4.10	rs6927500	 3.13e-02	  6.08	 0.6526	 688	  1	top1	0.031	1.1e-09	  0.65263	5.14e-01
NA	/data/songy4/twas/output/weights//ENSG00000188428.wgt.RDat	ENSG00000188428	6	8013800	8064647	0.0451	rs2757632	-4.10	rs12198823	 1.28e-02	 -5.11	-0.3285	 653	  4	lasso	0.016	8.7e-06	 -0.43586	6.63e-01
NA	/data/songy4/twas/output/weights//ENSG00000124802.wgt.RDat	ENSG00000124802	6	8073593	8102811	0.0202	rs1535429	 3.63	rs9392963	 2.21e-02	 -6.37	 0.1121	 619	  5	enet	0.024	6.7e-08	 -0.28328	7.77e-01
NA	/data/songy4/twas/output/weights//ENSG00000124786.wgt.RDat	ENSG00000124786	6	8413301	8435794	0.1312	rs17188761	 3.12	rs3799255	 1.27e-01	-12.19	 1.7212	 493	  5	lasso	0.14	3.7e-40	 -1.73849	8.21e-02
NA	/data/songy4/twas/output/weights//ENSG00000111846.wgt.RDat	ENSG00000111846	6	10492456	10629601	0.7555	rs11751970	 2.84	rs504117	 5.46e-01	-24.96	 1.0891	 581	 25	lasso	0.55	1.2e-199	 -0.94227	3.46e-01
NA	/data/songy4/twas/output/weights//ENSG00000111843.wgt.RDat	ENSG00000111843	6	10723148	10731362	0.4724	rs4713064	-2.66	rs1045911	 1.61e-01	 13.59	-0.0777	 483	 14	lasso	0.19	1.1e-55	  0.17694	8.60e-01
NA	/data/songy4/twas/output/weights//ENSG00000137210.wgt.RDat	ENSG00000137210	6	10747992	10852986	0.0571	rs4713064	-2.61	rs518954	 5.07e-02	  7.68	 0.3382	 543	  5	lasso	0.053	2e-15	  0.36543	7.15e-01
NA	/data/songy4/twas/output/weights//ENSG00000153157.wgt.RDat	ENSG00000153157	6	10748027	10979553	0.6114	rs4713064	-2.66	rs9379896	 5.80e-01	 25.70	-0.7920	 599	 10	lasso	0.68	5.6e-280	 -1.07666	2.82e-01
NA	/data/songy4/twas/output/weights//ENSG00000111837.wgt.RDat	ENSG00000111837	6	10762956	10838764	0.1766	rs4713064	-2.63	rs494305	 7.24e-02	 -9.42	-1.3707	 527	 56	enet	0.11	3.9e-30	 -0.51220	6.09e-01
NA	/data/songy4/twas/output/weights//ENSG00000224531.wgt.RDat	ENSG00000224531	6	11094266	11138964	0.1019	rs4713064	-2.69	rs10946968	 1.12e-01	 11.47	-0.4519	 526	 14	enet	0.11	9.3e-32	 -0.44581	6.56e-01
NA	/data/songy4/twas/output/weights//ENSG00000205269.wgt.RDat	ENSG00000205269	6	11537938	11583757	0.0637	rs9469853	 3.18	rs620729	 3.37e-02	 -7.03	 1.9208	 662	 20	enet	0.04	6.5e-12	 -2.51973	1.17e-02
NA	/data/songy4/twas/output/weights//ENSG00000111863.wgt.RDat	ENSG00000111863	6	11712287	11807279	0.2030	rs9469853	 3.18	rs932344	 4.45e-02	 -9.30	-0.8952	 719	  9	lasso	0.15	2.7e-43	  0.74887	4.54e-01
NA	/data/songy4/twas/output/weights//ENSG00000095951.wgt.RDat	ENSG00000095951	6	12008995	12165232	0.0853	rs9469853	 3.18	rs7770934	 1.67e-03	 -4.52	 0.3803	 726	 60	enet	0.015	1.6e-05	 -0.25636	7.98e-01
NA	/data/songy4/twas/output/weights//ENSG00000078401.wgt.RDat	ENSG00000078401	6	12290596	12297427	0.0541	rs950719	-2.84	rs3777758	 1.17e-02	  5.32	 1.4785	 572	 25	enet	0.032	9.4e-10	  0.54157	5.88e-01
NA	/data/songy4/twas/output/weights//ENSG00000112137.wgt.RDat	ENSG00000112137	6	12717893	13288645	0.2131	rs3800506	-4.75	rs1150595	 1.83e-01	-14.57	 1.1058	 827	  8	lasso	0.24	5.5e-69	 -0.96823	3.33e-01
NA	/data/songy4/twas/output/weights//ENSG00000145979.wgt.RDat	ENSG00000145979	6	13266774	13328815	0.5974	rs3800506	-4.75	rs555100	 3.33e-01	 19.50	 0.9286	 547	117	enet	0.43	1.5e-142	  0.03414	9.73e-01
NA	/data/songy4/twas/output/weights//ENSG00000124523.wgt.RDat	ENSG00000124523	6	13574816	13614790	0.0776	rs3800506	-4.75	rs2804921	 1.97e-02	 -5.98	-3.3874	 539	 68	enet	0.093	3.2e-26	  0.35346	7.24e-01
NA	/data/songy4/twas/output/weights//ENSG00000050393.wgt.RDat	ENSG00000050393	6	13786789	13814800	0.1355	rs3800506	-4.75	rs6924799	 5.21e-02	  8.22	 3.3269	 513	 31	enet	0.082	5.2e-23	  1.87334	6.10e-02
NA	/data/songy4/twas/output/weights//ENSG00000180537.wgt.RDat	ENSG00000180537	6	13924677	13980533	0.6671	rs3800506	-4.75	rs7761500	 5.35e-01	 24.75	-1.2300	 472	 12	lasso	0.75	0	 -0.47485	6.35e-01
NA	/data/songy4/twas/output/weights//ENSG00000112149.wgt.RDat	ENSG00000112149	6	14117872	14137149	0.0756	rs3800506	-4.75	rs12529514	 5.79e-02	 -8.23	-0.4330	 493	  2	lasso	0.063	5.7e-18	  0.80928	4.18e-01
NA	/data/songy4/twas/output/weights//ENSG00000008083.wgt.RDat	ENSG00000008083	6	15246527	15522252	0.1748	rs233492	-3.18	rs12527988	 1.04e-01	-10.95	-0.2032	 609	 18	enet	0.12	9.6e-33	 -0.06693	9.47e-01
NA	/data/songy4/twas/output/weights//ENSG00000047579.wgt.RDat	ENSG00000047579	6	15523032	15663289	0.2450	rs2876400	 2.90	rs742206	 1.14e-01	 12.87	-0.6543	 587	 42	enet	0.24	1e-70	  0.29340	7.69e-01
NA	/data/songy4/twas/output/weights//ENSG00000007944.wgt.RDat	ENSG00000007944	6	16129356	16148479	0.0339	rs2876400	 2.90	rs2294261	 2.27e-03	  4.87	-0.7423	 588	 15	enet	0.0044	0.014	 -1.60391	1.09e-01
NA	/data/songy4/twas/output/weights//ENSG00000137198.wgt.RDat	ENSG00000137198	6	16238811	16295780	0.0614	rs16879127	 3.38	rs1042427	 1.08e-02	 -5.53	 1.3759	 664	  6	lasso	0.05	1.2e-14	 -1.02424	3.06e-01
NA	/data/songy4/twas/output/weights//ENSG00000124788.wgt.RDat	ENSG00000124788	6	16299343	16761722	0.1378	rs16879127	 3.38	rs2301594	 1.20e-01	-11.76	 2.9462	 814	  1	top1	0.12	1e-33	 -2.94615	3.22e-03
NA	/data/songy4/twas/output/weights//ENSG00000137414.wgt.RDat	ENSG00000137414	6	17600586	17611950	0.0559	rs2296197	 2.95	rs9371004	 4.05e-02	 -7.76	-0.8656	 366	  8	enet	0.053	2.5e-15	  0.65143	5.15e-01
NA	/data/songy4/twas/output/weights//ENSG00000137177.wgt.RDat	ENSG00000137177	6	17759414	17987854	0.1500	rs2296197	 2.95	rs2876471	 1.66e-01	 14.04	 0.9437	 533	 10	enet	0.18	3.8e-52	  1.20762	2.27e-01
NA	/data/songy4/twas/output/weights//ENSG00000187566.wgt.RDat	ENSG00000187566	6	18120718	18122851	0.0864	rs2296197	 2.95	rs10456213	 4.58e-02	  7.80	 1.2376	 483	  5	lasso	0.07	6.4e-20	  1.12118	2.62e-01
NA	/data/songy4/twas/output/weights//ENSG00000137364.wgt.RDat	ENSG00000137364	6	18128542	18155305	0.4091	rs2296197	 2.95	rs3898137	 9.71e-02	 11.85	 0.3500	 495	 11	lasso	0.29	1.7e-88	 -0.08769	9.30e-01
NA	/data/songy4/twas/output/weights//ENSG00000165097.wgt.RDat	ENSG00000165097	6	18155560	18224084	0.2319	rs2296197	 2.95	rs440163	 1.64e-01	-13.96	 0.2690	 527	 10	lasso	0.17	1e-47	 -0.17637	8.60e-01
NA	/data/songy4/twas/output/weights//ENSG00000137393.wgt.RDat	ENSG00000137393	6	18368779	18469105	0.2389	rs1033822	 2.60	rs9297068	 1.34e-01	-12.40	 0.5149	 553	 55	enet	0.21	7.8e-62	 -0.10621	9.15e-01
NA	/data/songy4/twas/output/weights//ENSG00000066379.wgt.RDat	ENSG00000066379	6	30026676	30032686	0.2114	rs2517910	 3.62	rs2072898	 7.08e-05	  4.13	-1.9444	  42	 30	enet	0.041	2.7e-12	 -2.81904	4.82e-03
NA	/data/songy4/twas/output/weights//ENSG00000204616.wgt.RDat	ENSG00000204616	6	30070674	30080883	0.1071	rs2517910	 3.62	rs2524005	 6.21e-02	 -8.46	 2.4362	  42	  4	lasso	0.073	9.5e-21	 -1.86439	6.23e-02
NA	/data/songy4/twas/output/weights//ENSG00000204614.wgt.RDat	ENSG00000204614	6	30103885	30116512	0.0299	rs2517910	 3.62	rs385492	 4.88e-03	 -3.65	-0.1396	  42	 15	enet	0.0051	0.0089	  0.51185	6.09e-01
NA	/data/songy4/twas/output/weights//ENSG00000204613.wgt.RDat	ENSG00000204613	6	30119722	30128711	0.1730	rs2517910	 3.62	rs2524005	 8.07e-02	 -9.71	 2.4362	  42	  5	lasso	0.085	7.7e-24	 -2.27666	2.28e-02
NA	/data/songy4/twas/output/weights//ENSG00000137337.wgt.RDat	ENSG00000137337	6	30667584	30685666	0.2889	rs1265096	-4.28	rs9263733	 2.15e-02	  5.72	 0.3957	  76	 51	enet	0.049	2.1e-14	 -0.43771	6.62e-01
NA	/data/songy4/twas/output/weights//ENSG00000137312.wgt.RDat	ENSG00000137312	6	30695486	30710510	0.1339	rs1265096	-4.28	rs3130564	 6.46e-02	  9.12	-0.8871	  76	 15	enet	0.09	2.3e-25	 -1.47403	1.40e-01
NA	/data/songy4/twas/output/weights//ENSG00000137331.wgt.RDat	ENSG00000137331	6	30710976	30712331	0.1957	rs1265096	-4.28	rs3130557	 9.62e-02	 10.53	 1.8235	  77	 23	enet	0.1	5.5e-28	 -0.28724	7.74e-01
NA	/data/songy4/twas/output/weights//ENSG00000204580.wgt.RDat	ENSG00000204580	6	30844198	30867933	0.1497	rs1265096	-4.28	rs3130695	 1.27e-02	 -5.35	 2.1230	  91	 32	enet	0.044	6.5e-13	 -2.07316	3.82e-02
NA	/data/songy4/twas/output/weights//ENSG00000137411.wgt.RDat	ENSG00000137411	6	30876019	30894236	0.3218	rs1265096	-4.28	rs3130557	 7.56e-02	 -9.84	 1.8235	  91	 40	enet	0.17	1.1e-48	 -3.89368	9.87e-05
NA	/data/songy4/twas/output/weights//ENSG00000196260.wgt.RDat	ENSG00000196260	6	30899130	30899952	0.0591	rs1265096	-4.28	rs2233955	 1.86e-02	  5.03	-2.7250	  91	 26	enet	0.019	1.3e-06	 -3.34889	8.11e-04
NA	/data/songy4/twas/output/weights//ENSG00000204536.wgt.RDat	ENSG00000204536	6	31110216	31126015	0.2301	rs1265096	-4.28	rs1265087	 1.61e-01	 13.58	 2.2782	 174	 18	enet	0.21	3.7e-61	  0.92200	3.57e-01
NA	/data/songy4/twas/output/weights//ENSG00000137310.wgt.RDat	ENSG00000137310	6	31126319	31134936	0.4978	rs1265096	-4.28	rs2233976	 3.22e-01	 19.26	-1.2289	 174	 97	enet	0.36	2e-111	 -2.34645	1.90e-02
NA	/data/songy4/twas/output/weights//ENSG00000204531.wgt.RDat	ENSG00000204531	6	31132119	31148508	0.4346	rs1265096	-4.28	rs1265098	 9.55e-02	 10.48	-3.4918	 174	 65	enet	0.21	9.7e-62	 -5.19101	2.09e-07
NA	/data/songy4/twas/output/weights//ENSG00000204525.wgt.RDat	ENSG00000204525	6	31236526	31239907	0.7453	rs3131382	 5.97	rs6909321	 2.11e-01	 15.62	 2.0449	 205	 89	enet	0.54	9.2e-195	  4.21918	2.45e-05
NA	/data/songy4/twas/output/weights//ENSG00000234745.wgt.RDat	ENSG00000234745	6	31321649	31324965	0.7255	rs3131382	 5.97	rs2523591	 2.02e-01	-15.19	-1.0952	 216	 58	enet	0.48	6.9e-164	  3.15803	1.59e-03
NA	/data/songy4/twas/output/weights//ENSG00000204520.wgt.RDat	ENSG00000204520	6	31371356	31383092	0.2768	rs9267659	 6.64	rs2523578	 5.24e-02	 -8.36	 3.0000	 240	 73	enet	0.1	4.4e-29	  1.91722	5.52e-02
NA	/data/songy4/twas/output/weights//ENSG00000204516.wgt.RDat	ENSG00000204516	6	31462658	31478901	0.6571	rs9267659	 6.64	rs3093661	 4.60e-01	-23.07	 1.7673	 277	 76	enet	0.58	8.4e-214	 -1.83785	6.61e-02
NA	/data/songy4/twas/output/weights//ENSG00000198563.wgt.RDat	ENSG00000198563	6	31497996	31510225	0.0409	rs9267659	 6.64	rs2844482	 1.10e-02	  4.93	-2.7721	 277	  8	enet	0.02	1.1e-06	 -2.51981	1.17e-02
NA	/data/songy4/twas/output/weights//ENSG00000213760.wgt.RDat	ENSG00000213760	6	31512239	31516204	0.1980	rs9267659	 6.64	rs2857605	 8.52e-02	-10.99	 1.6529	 279	 45	enet	0.16	3.4e-45	 -2.61853	8.83e-03
NA	/data/songy4/twas/output/weights//ENSG00000232810.wgt.RDat	ENSG00000232810	6	31543344	31546113	0.0563	rs9267659	 6.64	rs2844484	 4.03e-02	  7.03	 2.1031	 291	  1	top1	0.04	5.1e-12	  2.10309	3.55e-02
NA	/data/songy4/twas/output/weights//ENSG00000204482.wgt.RDat	ENSG00000204482	6	31553901	31556686	0.0704	rs9267659	 6.64	rs3093662	 3.23e-02	 -6.25	 1.1299	 300	 11	lasso	0.038	1.5e-11	  0.74713	4.55e-01
NA	/data/songy4/twas/output/weights//ENSG00000204475.wgt.RDat	ENSG00000204475	6	31556672	31560762	0.3132	rs9267659	 6.64	rs986475	 8.86e-02	-10.17	 1.2994	 302	 28	enet	0.19	1.9e-55	  0.08909	9.29e-01
NA	/data/songy4/twas/output/weights//ENSG00000204472.wgt.RDat	ENSG00000204472	6	31582961	31584798	0.0607	rs9267659	 6.64	rs6916921	 1.15e-02	  4.52	 0.7580	 294	 28	enet	0.014	4.1e-05	 -0.54546	5.85e-01
NA	/data/songy4/twas/output/weights//ENSG00000204463.wgt.RDat	ENSG00000204463	6	31606805	31620482	0.0418	rs9267659	 6.64	rs6920723	 1.46e-03	  4.39	-0.1228	 255	 33	enet	0.0049	0.011	 -0.42197	6.73e-01
NA	/data/songy4/twas/output/weights//ENSG00000204438.wgt.RDat	ENSG00000204438	6	31629006	31634060	0.1473	rs9267659	 6.64	rs35444838	 6.92e-02	  9.01	 0.5777	 243	 32	enet	0.093	4.5e-26	 -0.12880	8.98e-01
NA	/data/songy4/twas/output/weights//ENSG00000204435.wgt.RDat	ENSG00000204435	6	31633013	31638120	0.0542	rs9267659	 6.64	rs707939	 4.29e-02	 -7.32	-5.0000	 243	 23	enet	0.047	8e-14	  5.38421	7.28e-08
NA	/data/songy4/twas/output/weights//ENSG00000240053.wgt.RDat	ENSG00000240053	6	31637944	31641553	0.0537	rs9267659	 6.64	rs6916394	 8.60e-03	 -4.97	 0.1845	 243	 27	enet	0.023	2.2e-07	  3.00356	2.67e-03
NA	/data/songy4/twas/output/weights//ENSG00000204428.wgt.RDat	ENSG00000204428	6	31644461	31651817	0.2712	rs9267659	 6.64	rs1144709	 1.47e-01	-13.00	 0.1204	 243	 35	enet	0.2	1.6e-56	  1.30072	1.93e-01
NA	/data/songy4/twas/output/weights//ENSG00000204427.wgt.RDat	ENSG00000204427	6	31654726	31671221	0.0442	rs9267659	 6.64	rs1144709	 1.27e-02	 -4.25	 0.1204	 243	  1	top1	0.013	8.1e-05	 -0.12039	9.04e-01
NA	/data/songy4/twas/output/weights//ENSG00000213722.wgt.RDat	ENSG00000213722	6	31694815	31698394	0.0931	rs9267659	 6.64	rs9267576	 4.14e-02	  7.88	 4.9645	 243	  7	lasso	0.094	1.8e-26	  2.54799	1.08e-02
NA	/data/songy4/twas/output/weights//ENSG00000204410.wgt.RDat	ENSG00000204410	6	31707725	31732622	0.0247	rs9267659	 6.64	rs9264532	 2.75e-03	 -3.73	 2.1321	 243	  6	lasso	0.0053	0.0081	 -2.20810	2.72e-02
NA	/data/songy4/twas/output/weights//ENSG00000204392.wgt.RDat	ENSG00000204392	6	31765173	31774761	0.0290	rs9267659	 6.64	rs13199524	 1.06e-02	  4.65	 2.1503	 240	  2	lasso	0.012	0.00015	  1.05554	2.91e-01
NA	/data/songy4/twas/output/weights//ENSG00000204388.wgt.RDat	ENSG00000204388	6	31795512	31798031	0.3963	rs9267659	 6.64	rs1144708	 1.07e-02	 -5.08	 0.9521	 240	 65	enet	0.13	2.1e-36	  2.17803	2.94e-02
NA	/data/songy4/twas/output/weights//ENSG00000204386.wgt.RDat	ENSG00000204386	6	31825436	31830683	0.0173	rs9267659	 6.64	rs494620	 5.20e-03	  4.08	-4.6465	 235	  1	top1	0.0052	0.0085	 -4.64646	3.38e-06
NA	/data/songy4/twas/output/weights//ENSG00000204385.wgt.RDat	ENSG00000204385	6	31830969	31846823	0.2066	rs9267659	 6.64	rs605203	 2.99e-01	 18.48	 6.5674	 228	  1	top1	0.3	8.4e-90	  6.56737	5.12e-11
NA	/data/songy4/twas/output/weights//ENSG00000204356.wgt.RDat	ENSG00000204356	6	31919864	31926887	0.0196	rs9267659	 6.64	rs522162	 1.17e-02	 -4.57	-0.9345	 228	  1	top1	0.012	0.00015	  0.93452	3.50e-01
NA	/data/songy4/twas/output/weights//ENSG00000204351.wgt.RDat	ENSG00000204351	6	31926857	31937532	0.0677	rs9267659	 6.64	rs391165	 3.85e-02	  6.90	 0.4899	 224	 13	enet	0.05	1.3e-14	  0.21510	8.30e-01
NA	/data/songy4/twas/output/weights//ENSG00000204344.wgt.RDat	ENSG00000204344	6	31938868	31950598	0.0772	rs9267659	 6.64	rs11966200	 2.66e-02	 -5.86	-0.2081	 224	 28	enet	0.039	1.5e-11	 -0.36676	7.14e-01
NA	/data/songy4/twas/output/weights//ENSG00000244731.wgt.RDat	ENSG00000244731	6	31949801	31970458	0.1877	rs9267659	 6.64	rs497309	 2.79e-01	-17.94	 1.6358	 224	 40	enet	0.28	5.6e-83	 -1.47479	1.40e-01
NA	/data/songy4/twas/output/weights//ENSG00000224389.wgt.RDat	ENSG00000224389	6	31982539	32003195	0.2284	rs9267659	 6.64	rs1150753	 2.04e-01	 15.30	 1.5090	 190	 28	enet	0.27	1.4e-80	  2.44742	1.44e-02
NA	/data/songy4/twas/output/weights//ENSG00000231852.wgt.RDat	ENSG00000231852	6	32006042	32009447	0.1748	rs9267659	 6.64	rs1270942	 1.43e-01	 12.92	 1.7099	 190	 26	enet	0.16	8.7e-45	  0.33880	7.35e-01
NA	/data/songy4/twas/output/weights//ENSG00000168477.wgt.RDat	ENSG00000168477	6	32008931	32083111	0.0224	rs660895	-9.87	rs522162	 4.94e-03	 -3.83	-0.9345	 206	 18	enet	0.01	0.00037	  0.41891	6.75e-01
NA	/data/songy4/twas/output/weights//ENSG00000213676.wgt.RDat	ENSG00000213676	6	32065953	32096030	0.0292	rs660895	-9.87	rs6941112	 3.51e-02	  6.71	-4.4381	 163	  1	top1	0.035	1.2e-10	 -4.43810	9.08e-06
NA	/data/songy4/twas/output/weights//ENSG00000204315.wgt.RDat	ENSG00000204315	6	32096484	32098068	0.0701	rs660895	-9.87	rs12153855	 5.50e-02	  8.05	 2.1465	 163	  1	top1	0.055	6.6e-16	  2.14650	3.18e-02
NA	/data/songy4/twas/output/weights//ENSG00000221988.wgt.RDat	ENSG00000221988	6	32121218	32134011	0.0382	rs660895	-9.87	rs6941112	 2.39e-03	 -5.05	-4.4381	 168	 16	enet	0.018	2.7e-06	  4.37171	1.23e-05
NA	/data/songy4/twas/output/weights//ENSG00000204310.wgt.RDat	ENSG00000204310	6	32135989	32145873	0.0207	rs660895	-9.87	rs1269854	-2.66e-04	 -3.50	-0.5477	 170	 21	enet	0.0016	0.096	  0.50678	6.12e-01
NA	/data/songy4/twas/output/weights//ENSG00000204308.wgt.RDat	ENSG00000204308	6	32146131	32151930	0.1362	rs660895	-9.87	rs652888	 6.20e-02	  8.88	 3.1333	 170	 28	enet	0.14	4.8e-38	  3.13330	1.73e-03
NA	/data/songy4/twas/output/weights//ENSG00000204305.wgt.RDat	ENSG00000204305	6	32148745	32152101	0.0500	rs660895	-9.87	rs2072634	 9.30e-04	 -3.64	-2.1926	 170	 20	enet	0.022	4e-07	  1.86627	6.20e-02
NA	/data/songy4/twas/output/weights//ENSG00000204301.wgt.RDat	ENSG00000204301	6	32162620	32191844	0.0468	rs660895	-9.87	rs1048709	-5.69e-04	  4.05	 6.0569	 170	 32	enet	0.011	0.00024	  0.27391	7.84e-01
NA	/data/songy4/twas/output/weights//ENSG00000204287.wgt.RDat	ENSG00000204287	6	32407619	32412823	0.0329	rs660895	-9.87	rs13209654	 2.47e-03	 -3.68	-0.1788	 220	 19	enet	0.0091	0.00072	 -0.98636	3.24e-01
NA	/data/songy4/twas/output/weights//ENSG00000198502.wgt.RDat	ENSG00000198502	6	32485120	32498064	0.9107	rs660895	-9.87	rs9271055	 6.32e-01	 26.82	 3.9441	 259	 22	lasso	0.83	0	  2.13510	3.28e-02
NA	/data/songy4/twas/output/weights//ENSG00000196126.wgt.RDat	ENSG00000196126	6	32546546	32557625	0.4126	rs660895	-9.87	rs532098	 1.68e-01	-14.86	-7.8020	 244	 37	enet	0.37	1.3e-115	  7.20829	5.67e-13
NA	/data/songy4/twas/output/weights//ENSG00000196735.wgt.RDat	ENSG00000196735	6	32595956	32614839	0.6156	rs660895	-9.87	rs1063355	 3.30e-01	 19.44	 4.0648	 217	 30	enet	0.44	2.5e-145	  0.99098	3.22e-01
NA	/data/songy4/twas/output/weights//ENSG00000179344.wgt.RDat	ENSG00000179344	6	32627244	32636160	0.9087	rs660895	-9.87	rs1063355	 5.98e-01	 26.08	 4.0648	 224	 24	lasso	0.8	0	  2.33223	1.97e-02
NA	/data/songy4/twas/output/weights//ENSG00000237541.wgt.RDat	ENSG00000237541	6	32709119	32714992	0.9048	rs660895	-9.87	rs28366298	 6.56e-01	 27.31	-7.6317	 256	 17	lasso	0.84	0	-10.39162	2.71e-25
NA	/data/songy4/twas/output/weights//ENSG00000232629.wgt.RDat	ENSG00000232629	6	32723875	32731311	0.7931	rs660895	-9.87	rs1063355	 6.99e-01	-28.21	 4.0648	 256	  9	lasso	0.78	0	 -3.52193	4.28e-04
NA	/data/songy4/twas/output/weights//ENSG00000241106.wgt.RDat	ENSG00000241106	6	32780540	32784825	0.5079	rs660895	-9.87	rs4148876	 3.60e-01	 20.33	-5.2737	 268	 29	enet	0.46	2.8e-152	 -5.16558	2.40e-07
NA	/data/songy4/twas/output/weights//ENSG00000250264.wgt.RDat	ENSG00000250264	6	32781544	32806599	0.3413	rs660895	-9.87	rs4148876	 2.41e-01	 16.78	-5.2737	 268	  7	lasso	0.26	1.7e-75	 -5.50560	3.68e-08
NA	/data/songy4/twas/output/weights//ENSG00000204267.wgt.RDat	ENSG00000204267	6	32789610	32806557	0.2416	rs660895	-9.87	rs13501	 3.23e-01	-19.20	 1.8725	 268	 29	enet	0.36	2.5e-111	 -1.99755	4.58e-02
NA	/data/songy4/twas/output/weights//ENSG00000204264.wgt.RDat	ENSG00000204264	6	32808494	32812480	0.1108	rs660895	-9.87	rs2127680	 7.11e-02	  9.09	 0.0471	 268	  7	lasso	0.08	1.4e-22	 -0.23401	8.15e-01
NA	/data/songy4/twas/output/weights//ENSG00000240065.wgt.RDat	ENSG00000240065	6	32811913	32827362	0.2821	rs660895	-9.87	rs4713600	 3.51e-01	 20.04	-0.7835	 268	  4	lasso	0.36	2.4e-113	 -0.82976	4.07e-01
NA	/data/songy4/twas/output/weights//ENSG00000168394.wgt.RDat	ENSG00000168394	6	32812986	32821755	0.0366	rs660895	-9.87	rs4713600	 3.09e-03	  4.08	-0.7835	 268	 29	enet	0.012	0.00012	  1.49180	1.36e-01
NA	/data/songy4/twas/output/weights//ENSG00000242574.wgt.RDat	ENSG00000242574	6	32902406	32908847	0.0465	rs660895	-9.87	rs209473	 2.95e-02	 -6.26	 1.7966	 277	 10	enet	0.035	1e-10	 -2.87258	4.07e-03
NA	/data/songy4/twas/output/weights//ENSG00000248993.wgt.RDat	ENSG00000248993	6	32905141	32920899	0.0244	rs660895	-9.87	rs10679	 5.79e-03	  4.59	-0.0594	 279	  1	top1	0.0058	0.0059	 -0.05941	9.53e-01
NA	/data/songy4/twas/output/weights//ENSG00000204257.wgt.RDat	ENSG00000204257	6	32916390	32936871	0.0362	rs660895	-9.87	rs1050391	 6.45e-03	  4.80	 2.7126	 282	  9	enet	0.025	4.8e-08	  1.26270	2.07e-01
NA	/data/songy4/twas/output/weights//ENSG00000204252.wgt.RDat	ENSG00000204252	6	32971955	32977389	0.0817	rs660895	-9.87	rs375256	 3.76e-02	 -6.90	-2.1607	 289	 40	enet	0.054	1.2e-15	  0.47750	6.33e-01
NA	/data/songy4/twas/output/weights//ENSG00000231389.wgt.RDat	ENSG00000231389	6	33032346	33048552	0.1826	rs660895	-9.87	rs34354079	 2.52e-02	 -7.09	 2.4048	 325	 28	enet	0.1	6.2e-28	 -1.87875	6.03e-02
NA	/data/songy4/twas/output/weights//ENSG00000223865.wgt.RDat	ENSG00000223865	6	33043703	33054978	0.2707	rs660895	-9.87	rs4711313	 7.77e-02	  9.63	 0.7053	 330	 41	enet	0.18	2.5e-50	 -1.95246	5.09e-02
NA	/data/songy4/twas/output/weights//ENSG00000204248.wgt.RDat	ENSG00000204248	6	33130458	33160276	0.1682	rs3763355	-5.50	rs2229784	 1.09e-01	 11.17	 0.3693	 382	  4	lasso	0.11	1.4e-30	  0.56677	5.71e-01
NA	/data/songy4/twas/output/weights//ENSG00000204231.wgt.RDat	ENSG00000204231	6	33161365	33168630	0.0350	rs3763355	-5.50	rs3117040	 1.95e-02	 -5.79	 0.1299	 396	  6	lasso	0.029	5.8e-09	 -0.76498	4.44e-01
NA	/data/songy4/twas/output/weights//ENSG00000204228.wgt.RDat	ENSG00000204228	6	33172419	33174608	0.0308	rs3763355	-5.50	rs110662	 1.36e-02	  4.70	 0.1064	 402	 11	enet	0.016	8.9e-06	 -0.31472	7.53e-01
NA	/data/songy4/twas/output/weights//ENSG00000231500.wgt.RDat	ENSG00000231500	6	33239787	33244287	0.2254	rs3763355	-5.50	rs435945	 4.85e-02	 -7.78	 1.1067	 471	 49	enet	0.13	3.4e-35	 -1.88007	6.01e-02
NA	/data/songy4/twas/output/weights//ENSG00000227057.wgt.RDat	ENSG00000227057	6	33246885	33257304	0.0210	rs3763355	-5.50	rs169737	 8.07e-03	 -4.18	 0.1947	 479	  1	top1	0.0081	0.0014	 -0.19469	8.46e-01
NA	/data/songy4/twas/output/weights//ENSG00000231925.wgt.RDat	ENSG00000231925	6	33267471	33282164	0.0627	rs3763355	-5.50	rs1059288	 4.62e-02	 -7.48	 1.3613	 504	  1	top1	0.046	1.4e-13	 -1.36127	1.73e-01
NA	/data/songy4/twas/output/weights//ENSG00000204209.wgt.RDat	ENSG00000204209	6	33286335	33297046	0.0316	rs3763355	-5.50	rs1061783	 1.01e-02	  4.57	 1.3918	 498	  1	top1	0.01	4e-04	  1.39175	1.64e-01
NA	/data/songy4/twas/output/weights//ENSG00000112511.wgt.RDat	ENSG00000112511	6	33378176	33384230	0.0554	rs1063478	 4.20	rs1705003	 2.25e-02	 -6.28	 1.1260	 470	  3	lasso	0.029	4.4e-09	 -0.64615	5.18e-01
NA	/data/songy4/twas/output/weights//ENSG00000030110.wgt.RDat	ENSG00000030110	6	33540329	33548019	0.5507	rs2076311	 3.03	rs210139	 3.81e-01	-21.17	-0.7789	 496	 12	lasso	0.52	2e-185	  0.55855	5.76e-01
NA	/data/songy4/twas/output/weights//ENSG00000096433.wgt.RDat	ENSG00000096433	6	33588142	33664351	0.2499	rs2076311	 3.03	rs4711336	 1.42e-01	-14.08	-0.4442	 547	 27	enet	0.34	2e-106	  0.82321	4.10e-01
NA	/data/songy4/twas/output/weights//ENSG00000137288.wgt.RDat	ENSG00000137288	6	33662070	33679504	0.0635	rs6904716	 2.73	rs3828783	 2.15e-02	  5.99	 1.6480	 516	 15	enet	0.028	9.1e-09	  2.76743	5.65e-03
NA	/data/songy4/twas/output/weights//ENSG00000161904.wgt.RDat	ENSG00000161904	6	33738979	33756913	0.0560	rs6904716	 2.73	rs6933607	 2.22e-02	  6.73	 1.8681	 535	  5	lasso	0.035	1.4e-10	  2.05225	4.01e-02
NA	/data/songy4/twas/output/weights//ENSG00000272325.wgt.RDat	ENSG00000272325	6	34247456	34360451	0.0365	rs13194133	-2.81	rs206922	 2.96e-02	  6.06	 0.7211	 486	  1	top1	0.03	3e-09	  0.72109	4.71e-01
NA	/data/songy4/twas/output/weights//ENSG00000196821.wgt.RDat	ENSG00000196821	6	34555065	34664636	0.1804	rs13194133	-2.81	rs17644393	 7.29e-02	  9.25	 1.2373	 390	 62	enet	0.15	3.3e-42	  1.89915	5.75e-02
NA	/data/songy4/twas/output/weights//ENSG00000124562.wgt.RDat	ENSG00000124562	6	34725183	34741571	0.0673	rs13194133	-2.81	rs6899938	 9.99e-02	-10.89	-0.7475	 362	  1	top1	0.1	4.8e-28	  0.74747	4.55e-01
NA	/data/songy4/twas/output/weights//ENSG00000065060.wgt.RDat	ENSG00000065060	6	34759857	34850915	0.4588	rs13194133	-2.81	rs6906129	 7.11e-01	 28.52	-0.8081	 400	 37	enet	0.72	1.4e-312	 -0.77391	4.39e-01
NA	/data/songy4/twas/output/weights//ENSG00000064999.wgt.RDat	ENSG00000064999	6	34857042	35059179	0.0320	rs13194133	-2.81	rs3734263	 2.26e-02	  5.82	-0.8547	 497	  1	top1	0.023	2.1e-07	 -0.85465	3.93e-01
NA	/data/songy4/twas/output/weights//ENSG00000065029.wgt.RDat	ENSG00000065029	6	35226686	35263762	0.0570	rs847851	-2.41	rs1929848	 4.47e-02	 -7.60	 0.9879	 450	  1	top1	0.045	3.5e-13	 -0.98788	3.23e-01
NA	/data/songy4/twas/output/weights//ENSG00000023892.wgt.RDat	ENSG00000023892	6	35265595	35289548	0.2467	rs2820223	-2.40	rs968828	 2.28e-01	-16.21	-0.1933	 447	  1	top1	0.23	4.3e-66	  0.19328	8.47e-01
NA	/data/songy4/twas/output/weights//ENSG00000112033.wgt.RDat	ENSG00000112033	6	35310335	35395968	0.0327	rs2820223	-2.40	rs1987673	 1.55e-02	 -5.21	-0.2034	 473	  1	top1	0.015	1.5e-05	  0.20339	8.39e-01
NA	/data/songy4/twas/output/weights//ENSG00000112039.wgt.RDat	ENSG00000112039	6	35420138	35434880	0.1006	rs2820223	-2.40	rs7757405	 7.28e-02	  9.69	-0.4950	 435	  4	lasso	0.078	4.5e-22	 -0.63429	5.26e-01
NA	/data/songy4/twas/output/weights//ENSG00000198755.wgt.RDat	ENSG00000198755	6	35436185	35438562	0.1577	rs2820223	-2.40	rs6907678	 6.13e-02	  8.72	-0.6392	 431	 11	enet	0.081	7.3e-23	 -1.04095	2.98e-01
NA	/data/songy4/twas/output/weights//ENSG00000157343.wgt.RDat	ENSG00000157343	6	35704809	35716856	0.0412	rs2859144	-2.40	rs3777747	 2.09e-02	  5.64	 0.6700	 422	  6	lasso	0.033	5.2e-10	  0.51305	6.08e-01
NA	/data/songy4/twas/output/weights//ENSG00000096063.wgt.RDat	ENSG00000096063	6	35800743	35889119	0.0476	rs6457896	 2.98	rs9462136	 5.37e-02	  8.28	-2.0377	 483	  1	top1	0.054	1.5e-15	 -2.03774	4.16e-02
NA	/data/songy4/twas/output/weights//ENSG00000112053.wgt.RDat	ENSG00000112053	6	35911291	35992645	0.0877	rs6457896	 2.98	rs851044	 5.52e-02	  8.02	 0.2211	 433	  6	lasso	0.066	9.5e-19	 -0.44729	6.55e-01
NA	/data/songy4/twas/output/weights//ENSG00000156711.wgt.RDat	ENSG00000156711	6	36095586	36107842	0.0889	rs6457896	 2.98	rs1059227	 6.67e-02	  8.85	 0.8155	 375	  1	top1	0.067	5.2e-19	  0.81553	4.15e-01
NA	/data/songy4/twas/output/weights//ENSG00000180316.wgt.RDat	ENSG00000180316	6	36210980	36276372	0.0334	rs6457896	 2.98	rs4713951	 5.08e-03	  4.37	-1.1633	 497	  3	lasso	0.018	4.3e-06	 -2.51878	1.18e-02
NA	/data/songy4/twas/output/weights//ENSG00000010030.wgt.RDat	ENSG00000010030	6	36322419	36356164	0.4277	rs6457896	 2.98	rs2234071	 5.15e-01	-24.20	 0.0928	 501	  3	lasso	0.52	9.3e-182	 -0.09775	9.22e-01
NA	/data/songy4/twas/output/weights//ENSG00000112078.wgt.RDat	ENSG00000112078	6	36410544	36458920	0.0265	rs6457896	 2.98	rs4140593	 1.85e-02	 -4.75	 0.4717	 558	  1	top1	0.018	2.5e-06	 -0.47170	6.37e-01
NA	/data/songy4/twas/output/weights//ENSG00000112079.wgt.RDat	ENSG00000112079	6	36461669	36515247	0.0356	rs6457896	 2.98	rs11757823	 1.38e-02	 -5.11	 0.1031	 588	  1	top1	0.014	4.1e-05	 -0.10309	9.18e-01
NA	/data/songy4/twas/output/weights//ENSG00000124762.wgt.RDat	ENSG00000124762	6	36644305	36655116	0.0356	rs6457896	 2.98	rs3176326	 1.08e-02	 -4.98	 1.4034	 559	  9	enet	0.011	0.00019	 -1.20189	2.29e-01
NA	/data/songy4/twas/output/weights//ENSG00000255587.wgt.RDat	ENSG00000255587	6	36683256	36699870	0.1268	rs6457896	 2.98	rs12528085	 1.42e-01	 12.83	 1.1237	 579	  1	top1	0.14	7.3e-40	  1.12371	2.61e-01
NA	/data/songy4/twas/output/weights//ENSG00000137168.wgt.RDat	ENSG00000137168	6	36822603	36842800	0.0288	rs831481	 2.74	rs9380618	 3.47e-02	  6.40	 1.1400	 554	  1	top1	0.035	1.5e-10	  1.14000	2.54e-01
NA	/data/songy4/twas/output/weights//ENSG00000164530.wgt.RDat	ENSG00000164530	6	36922209	36932613	0.3197	rs831481	 2.74	rs12191672	 1.95e-01	 15.07	-0.1591	 541	 32	enet	0.28	1.3e-83	 -0.42917	6.68e-01
NA	/data/songy4/twas/output/weights//ENSG00000172738.wgt.RDat	ENSG00000172738	6	37179956	37225931	0.0372	rs831481	 2.74	rs3734316	 3.14e-03	  4.04	-0.3817	 658	  1	top1	0.0031	0.032	 -0.38168	7.03e-01
NA	/data/songy4/twas/output/weights//ENSG00000065491.wgt.RDat	ENSG00000065491	6	37225548	37300746	0.0253	rs831481	 2.74	rs195410	 2.26e-02	 -5.18	-1.3056	 633	  1	top1	0.023	2.1e-07	  1.30556	1.92e-01
NA	/data/songy4/twas/output/weights//ENSG00000112130.wgt.RDat	ENSG00000112130	6	37321748	37362514	0.1754	rs831481	 2.74	rs195432	 9.90e-02	 10.73	 0.9912	 573	 11	lasso	0.11	4.6e-32	  0.82266	4.11e-01
NA	/data/songy4/twas/output/weights//ENSG00000198937.wgt.RDat	ENSG00000198937	6	37450696	37467698	0.2027	rs831481	 2.74	rs1757171	 3.14e-01	-18.93	 0.3861	 510	 20	enet	0.35	5.1e-107	 -0.86681	3.86e-01
NA	/data/songy4/twas/output/weights//ENSG00000112139.wgt.RDat	ENSG00000112139	6	37600284	37667082	0.8416	rs3901254	-2.48	rs6938061	 7.08e-01	 28.37	-1.8824	 504	  9	lasso	0.76	0	 -1.58503	1.13e-01
NA	/data/songy4/twas/output/weights//ENSG00000156639.wgt.RDat	ENSG00000156639	6	37787275	38122400	0.0777	rs2246023	-3.11	rs11751393	 5.76e-02	  8.21	-2.0621	 611	  1	top1	0.058	1.4e-16	 -2.06215	3.92e-02
NA	/data/songy4/twas/output/weights//ENSG00000124767.wgt.RDat	ENSG00000124767	6	38643701	38670917	0.0846	rs2246023	-3.11	rs12206647	 5.44e-02	 -8.28	-1.4757	 578	 16	enet	0.071	3.1e-20	  2.01112	4.43e-02
NA	/data/songy4/twas/output/weights//ENSG00000124721.wgt.RDat	ENSG00000124721	6	38683117	38998301	0.0801	rs2246023	-3.11	rs2061907	 6.90e-02	 -9.05	 0.5625	 759	  6	lasso	0.087	1.3e-24	 -0.12980	8.97e-01
NA	/data/songy4/twas/output/weights//ENSG00000112164.wgt.RDat	ENSG00000112164	6	39016574	39055519	0.1892	rs6899384	 2.88	rs9283907	 7.60e-02	  9.44	 0.2071	 652	 14	lasso	0.14	2.2e-38	  0.26971	7.87e-01
NA	/data/songy4/twas/output/weights//ENSG00000112167.wgt.RDat	ENSG00000112167	6	39071840	39082965	0.3743	rs6899384	 2.88	rs179271	 3.96e-01	 21.24	-0.5510	 635	  9	lasso	0.43	6.5e-140	 -0.60539	5.45e-01
NA	/data/songy4/twas/output/weights//ENSG00000164626.wgt.RDat	ENSG00000164626	6	39156749	39197226	0.0449	rs6899384	 2.88	rs9296264	 1.02e-02	 -4.38	 1.4466	 641	  1	top1	0.01	0.00038	 -1.44660	1.48e-01
NA	/data/songy4/twas/output/weights//ENSG00000124780.wgt.RDat	ENSG00000124780	6	39266777	39282329	0.4421	rs6899384	 2.88	rs3734618	 4.33e-01	-22.23	 0.4167	 615	  4	lasso	0.43	1.7e-142	 -0.33205	7.40e-01
NA	/data/songy4/twas/output/weights//ENSG00000164627.wgt.RDat	ENSG00000164627	6	39297766	39693181	0.0966	rs6899384	 2.88	rs10498743	 6.94e-02	  9.11	 0.2874	 819	  1	top1	0.069	9.9e-20	  0.28736	7.74e-01
NA	/data/songy4/twas/output/weights//ENSG00000146122.wgt.RDat	ENSG00000146122	6	39760142	39872648	0.0587	rs9689513	-2.41	rs11755914	 3.48e-02	  6.72	 0.0920	 611	 21	enet	0.036	7.6e-11	 -0.27587	7.83e-01
NA	/data/songy4/twas/output/weights//ENSG00000124615.wgt.RDat	ENSG00000124615	6	39867354	39902290	0.4756	rs9689513	-2.41	rs3800349	 3.90e-01	 21.10	-0.7040	 547	 11	lasso	0.39	5e-125	 -0.66265	5.08e-01
NA	/data/songy4/twas/output/weights//ENSG00000156564.wgt.RDat	ENSG00000156564	6	40359325	40555204	0.2172	rs7773686	-3.12	rs2504829	 1.06e-01	 11.48	 0.0490	 710	 15	lasso	0.2	7e-58	 -0.09104	9.27e-01
NA	/data/songy4/twas/output/weights//ENSG00000124602.wgt.RDat	ENSG00000124602	6	40994772	41006928	0.0279	rs4711658	-3.20	rs9296355	 8.30e-03	  4.45	-1.2263	 588	 23	enet	0.017	4.7e-06	 -0.81027	4.18e-01
NA	/data/songy4/twas/output/weights//ENSG00000124701.wgt.RDat	ENSG00000124701	6	41021043	41032250	0.0967	rs4711658	-3.20	rs4714421	 1.28e-01	 12.56	-1.5877	 577	 12	enet	0.15	4.8e-42	 -2.00106	4.54e-02
NA	/data/songy4/twas/output/weights//ENSG00000001167.wgt.RDat	ENSG00000001167	6	41040684	41067715	0.0682	rs4711658	-3.20	rs11969526	 6.15e-02	  8.68	-1.0658	 581	  1	top1	0.061	1.3e-17	 -1.06579	2.87e-01
NA	/data/songy4/twas/output/weights//ENSG00000112195.wgt.RDat	ENSG00000112195	6	41158015	41168932	0.0848	rs4711658	-3.20	rs9471490	 4.07e-02	 -7.17	-1.7098	 557	  9	lasso	0.044	5.5e-13	  2.16711	3.02e-02
NA	/data/songy4/twas/output/weights//ENSG00000188056.wgt.RDat	ENSG00000188056	6	41196062	41206620	0.7215	rs4711658	-3.20	rs986030	 8.84e-01	 31.85	-1.4261	 549	  1	top1	0.88	0	 -1.42609	1.54e-01
NA	/data/songy4/twas/output/weights//ENSG00000124731.wgt.RDat	ENSG00000124731	6	41235664	41254457	0.2341	rs4711658	-3.20	rs2627569	 1.82e-01	-14.63	-0.3062	 537	 21	enet	0.26	5.1e-78	  0.62311	5.33e-01
NA	/data/songy4/twas/output/weights//ENSG00000112561.wgt.RDat	ENSG00000112561	6	41651716	41703997	0.0398	rs6920885	-3.31	rs4541741	 6.42e-03	  4.47	-0.4808	 572	 26	enet	0.0092	0.00068	 -0.29527	7.68e-01
NA	/data/songy4/twas/output/weights//ENSG00000164663.wgt.RDat	ENSG00000164663	6	41757634	41863099	0.0635	rs6920885	-3.31	rs9394833	 6.81e-02	  9.72	 1.4561	 549	  7	enet	0.072	1.5e-20	  1.61918	1.05e-01
NA	/data/songy4/twas/output/weights//ENSG00000124641.wgt.RDat	ENSG00000124641	6	41873092	41888877	0.0189	rs6920885	-3.31	rs10498752	 5.95e-03	 -4.58	 2.0206	 479	  1	top1	0.006	0.0053	 -2.02062	4.33e-02
NA	/data/songy4/twas/output/weights//ENSG00000112578.wgt.RDat	ENSG00000112578	6	41888926	41900784	0.0782	rs6920885	-3.31	rs3218097	 6.00e-02	  8.43	 1.1308	 475	 24	enet	0.072	1.8e-20	  1.64568	9.98e-02
NA	/data/songy4/twas/output/weights//ENSG00000112576.wgt.RDat	ENSG00000112576	6	41902671	42018095	0.0349	rs6920885	-3.31	rs6901077	-8.73e-04	 -4.03	-1.9043	 507	 55	enet	0.003	0.035	  0.47200	6.37e-01
NA	/data/songy4/twas/output/weights//ENSG00000112599.wgt.RDat	ENSG00000112599	6	42152139	42162654	0.1817	rs6920885	-3.31	rs3749920	 1.37e-01	 12.59	-0.0570	 423	  7	lasso	0.18	7.5e-50	 -0.40222	6.88e-01
NA	/data/songy4/twas/output/weights//ENSG00000048544.wgt.RDat	ENSG00000048544	6	42174539	42185603	0.2051	rs6920885	-3.31	rs1065236	 1.47e-01	-14.69	 0.9179	 425	 22	enet	0.22	1.9e-64	 -1.67254	9.44e-02
NA	/data/songy4/twas/output/weights//ENSG00000124496.wgt.RDat	ENSG00000124496	6	42192669	42419789	0.0884	rs6920885	-3.31	rs11750992	 4.02e-02	  6.99	 0.0331	 491	  1	top1	0.04	5.3e-12	  0.03306	9.74e-01
NA	/data/songy4/twas/output/weights//ENSG00000024048.wgt.RDat	ENSG00000024048	6	42531800	42661242	0.0234	rs1129187	 3.22	rs12191298	 2.18e-02	 -5.90	-0.1349	 461	  3	lasso	0.04	6.1e-12	  0.03159	9.75e-01
NA	/data/songy4/twas/output/weights//ENSG00000112624.wgt.RDat	ENSG00000112624	6	42749765	42836298	0.0775	rs1129187	 3.22	rs11759402	 3.38e-02	  6.36	 0.7760	 405	  6	lasso	0.044	4.1e-13	  1.07104	2.84e-01
NA	/data/songy4/twas/output/weights//ENSG00000146223.wgt.RDat	ENSG00000146223	6	42847356	42857663	0.0964	rs1129187	 3.22	rs2395939	 6.76e-02	 -8.85	 0.4545	 364	  1	top1	0.068	3e-19	 -0.45455	6.49e-01
NA	/data/songy4/twas/output/weights//ENSG00000137161.wgt.RDat	ENSG00000137161	6	42896938	42907025	0.0196	rs1129187	 3.22	rs3763236	 2.55e-02	 -5.67	-2.6170	 371	  1	top1	0.025	3.7e-08	  2.61702	8.87e-03
NA	/data/songy4/twas/output/weights//ENSG00000124713.wgt.RDat	ENSG00000124713	6	42928496	42931618	0.0360	rs1129187	 3.22	rs3763236	 1.68e-02	  5.88	-2.6170	 376	  7	lasso	0.025	4.2e-08	 -1.61145	1.07e-01
NA	/data/songy4/twas/output/weights//ENSG00000124587.wgt.RDat	ENSG00000124587	6	42931608	42946958	0.7236	rs1129187	 3.22	rs10948059	 7.68e-01	 29.84	 2.8817	 381	  1	top1	0.77	0	  2.88172	3.96e-03
NA	/data/songy4/twas/output/weights//ENSG00000112640.wgt.RDat	ENSG00000112640	6	42952237	42980080	0.0272	rs1129187	 3.22	rs3800292	 6.88e-03	 -4.62	-1.8696	 382	 16	enet	0.009	0.00078	  1.12565	2.60e-01
NA	/data/songy4/twas/output/weights//ENSG00000044090.wgt.RDat	ENSG00000044090	6	43005355	43021683	0.1591	rs1129187	 3.22	rs4714658	 2.39e-01	-16.62	-0.0246	 377	  3	lasso	0.24	3.2e-70	  0.02933	9.77e-01
NA	/data/songy4/twas/output/weights//ENSG00000112655.wgt.RDat	ENSG00000112655	6	43044006	43129457	0.0515	rs1129187	 3.22	rs11967948	 2.73e-02	 -5.99	-1.2808	 394	  1	top1	0.027	1.3e-08	  1.28082	2.00e-01
NA	/data/songy4/twas/output/weights//ENSG00000112659.wgt.RDat	ENSG00000112659	6	43149913	43192325	0.0255	rs1129187	 3.22	rs2841639	 1.44e-02	 -4.93	-0.6053	 388	  1	top1	0.014	3e-05	  0.60526	5.45e-01
NA	/data/songy4/twas/output/weights//ENSG00000112667.wgt.RDat	ENSG00000112667	6	43193367	43197222	0.0990	rs1129187	 3.22	rs7832	 6.93e-02	 -9.07	 0.1258	 368	  7	lasso	0.072	1.6e-20	 -0.04194	9.67e-01
NA	/data/songy4/twas/output/weights//ENSG00000146215.wgt.RDat	ENSG00000146215	6	43267448	43276535	0.0276	rs1129187	 3.22	rs6919440	 2.28e-02	  5.65	-0.8316	 386	  1	top1	0.023	1.8e-07	 -0.83158	4.06e-01
NA	/data/songy4/twas/output/weights//ENSG00000171467.wgt.RDat	ENSG00000171467	6	43274872	43337216	0.0669	rs1129187	 3.22	rs2469	 2.70e-02	  6.76	-0.7895	 428	 16	enet	0.05	1.4e-14	  0.66491	5.06e-01
NA	/data/songy4/twas/output/weights//ENSG00000124574.wgt.RDat	ENSG00000124574	6	43395104	43418168	0.0354	rs1129187	 3.22	rs2185631	 1.39e-02	  5.69	 0.8191	 433	  1	top1	0.014	3.9e-05	  0.81915	4.13e-01
NA	/data/songy4/twas/output/weights//ENSG00000171462.wgt.RDat	ENSG00000171462	6	43418090	43424370	0.0560	rs1129187	 3.22	rs2125739	 3.70e-02	 -6.84	 0.9537	 426	  1	top1	0.037	3.5e-11	 -0.95370	3.40e-01
NA	/data/songy4/twas/output/weights//ENSG00000171453.wgt.RDat	ENSG00000171453	6	43477440	43497323	0.0301	rs3025000	 2.76	rs6899628	 1.98e-02	  5.05	 0.6097	 438	  1	top1	0.02	1.1e-06	  0.60967	5.42e-01
NA	/data/songy4/twas/output/weights//ENSG00000137207.wgt.RDat	ENSG00000137207	6	43479565	43484728	0.0934	rs3025000	 2.76	rs3734690	 1.25e-01	 12.30	 0.3965	 430	  1	top1	0.13	3.9e-35	  0.39649	6.92e-01
NA	/data/songy4/twas/output/weights//ENSG00000170734.wgt.RDat	ENSG00000170734	6	43543887	43586701	0.0477	rs9381282	 2.80	rs1111786	 2.00e-02	  5.39	-1.0202	 452	  1	top1	0.02	1e-06	 -1.02020	3.08e-01
NA	/data/songy4/twas/output/weights//ENSG00000172432.wgt.RDat	ENSG00000172432	6	43573053	43596899	0.0309	rs9381282	 2.79	rs1111786	 2.10e-02	  5.53	-1.0202	 443	  1	top1	0.021	5.4e-07	 -1.02020	3.08e-01
NA	/data/songy4/twas/output/weights//ENSG00000112715.wgt.RDat	ENSG00000112715	6	43737921	43754224	0.3045	rs9381282	 2.85	rs9472113	 1.10e-01	 11.33	 0.8288	 466	 63	enet	0.19	8.3e-53	  1.42115	1.55e-01
NA	/data/songy4/twas/output/weights//ENSG00000180992.wgt.RDat	ENSG00000180992	6	44081194	44095194	0.0604	rs9381282	 2.79	rs1935611	 5.50e-02	 -8.36	-0.4388	 558	  1	top1	0.055	6.5e-16	  0.43878	6.61e-01
NA	/data/songy4/twas/output/weights//ENSG00000137225.wgt.RDat	ENSG00000137225	6	44126548	44152139	0.2078	rs4714732	 2.79	rs914503	 1.29e-01	-12.18	-1.4779	 590	 26	enet	0.17	5.8e-47	  1.99563	4.60e-02
NA	/data/songy4/twas/output/weights//ENSG00000157593.wgt.RDat	ENSG00000157593	6	44221833	44225291	0.0416	rs4714732	 2.79	rs28385699	 3.97e-02	 -7.11	 2.4007	 576	 44	enet	0.041	3.1e-12	 -3.04683	2.31e-03
NA	/data/songy4/twas/output/weights//ENSG00000146232.wgt.RDat	ENSG00000146232	6	44225903	44233500	0.0807	rs4714732	 2.79	rs28385699	 9.18e-02	-10.29	 2.4007	 576	  2	lasso	0.092	7e-26	 -2.39983	1.64e-02
NA	/data/songy4/twas/output/weights//ENSG00000146221.wgt.RDat	ENSG00000146221	6	44246480	44265458	0.0360	rs4714732	 2.79	rs651297	-4.64e-04	  3.91	 0.3514	 569	 23	enet	0.0064	0.0041	  0.58202	5.61e-01
NA	/data/songy4/twas/output/weights//ENSG00000124608.wgt.RDat	ENSG00000124608	6	44267391	44281063	0.0374	rs4714732	 2.79	rs325009	-6.18e-04	 -3.71	 1.5898	 564	  1	top1	-0.00062	0.59	 -1.58984	1.12e-01
NA	/data/songy4/twas/output/weights//ENSG00000196284.wgt.RDat	ENSG00000196284	6	44777054	45345690	0.1445	rs1407564	 2.27	rs13216116	 1.63e-01	-14.23	 0.6316	 671	 64	enet	0.22	3.7e-64	 -0.05166	9.59e-01
NA	/data/songy4/twas/output/weights//ENSG00000124813.wgt.RDat	ENSG00000124813	6	45295894	45632086	0.1138	rs6458477	-3.19	rs3763191	 2.27e-02	 -5.60	 1.2232	 573	  6	lasso	0.039	1e-11	 -0.55226	5.81e-01
NA	/data/songy4/twas/output/weights//ENSG00000112782.wgt.RDat	ENSG00000112782	6	45868045	46048132	0.0757	rs4714910	 4.55	rs1204338	 4.32e-02	  7.28	 0.7624	 537	  1	top1	0.043	8.7e-13	  0.76238	4.46e-01
NA	/data/songy4/twas/output/weights//ENSG00000001561.wgt.RDat	ENSG00000001561	6	46097730	46114436	0.2259	rs4714910	 4.55	rs995564	 2.27e-01	-16.26	-2.0860	 516	 27	enet	0.26	2e-75	  2.07564	3.79e-02
NA	/data/songy4/twas/output/weights//ENSG00000112796.wgt.RDat	ENSG00000112796	6	46126924	46138708	0.1085	rs4714910	 4.55	rs9472707	 1.67e-01	-14.05	-2.0645	 521	 10	lasso	0.18	6.1e-50	  2.36056	1.82e-02
NA	/data/songy4/twas/output/weights//ENSG00000153291.wgt.RDat	ENSG00000153291	6	46620678	46645930	0.1223	rs4714910	 4.55	rs9381468	 9.40e-02	-10.49	-0.1613	 536	 41	enet	0.11	4.2e-30	  0.84410	3.99e-01
NA	/data/songy4/twas/output/weights//ENSG00000180113.wgt.RDat	ENSG00000180113	6	46655612	46672056	0.0150	rs4714910	 4.55	rs1805017	 1.27e-02	 -4.43	 0.0472	 532	  1	top1	0.013	8.4e-05	 -0.04717	9.62e-01
NA	/data/songy4/twas/output/weights//ENSG00000146070.wgt.RDat	ENSG00000146070	6	46671938	46703430	0.2497	rs4714910	 4.55	rs6458516	 7.54e-02	 -9.43	 1.3611	 540	 53	enet	0.099	9.3e-28	  0.38850	6.98e-01
NA	/data/songy4/twas/output/weights//ENSG00000198087.wgt.RDat	ENSG00000198087	6	47445525	47594999	0.0364	rs4711895	 3.04	rs2105005	 1.43e-02	  5.26	-1.5027	 578	  8	lasso	0.019	1.4e-06	 -0.35634	7.22e-01
NA	/data/songy4/twas/output/weights//ENSG00000146085.wgt.RDat	ENSG00000146085	6	49398073	49430904	0.5058	rs476144	 3.28	rs3806988	 4.30e-01	 22.15	 1.7113	 331	 10	lasso	0.47	1.4e-157	  1.63991	1.01e-01
NA	/data/songy4/twas/output/weights//ENSG00000031691.wgt.RDat	ENSG00000031691	6	49431091	49460820	0.1493	rs476144	 3.28	rs1924997	 9.75e-02	 11.11	-0.5979	 327	 20	enet	0.12	7.3e-33	 -1.04893	2.94e-01
NA	/data/songy4/twas/output/weights//ENSG00000203972.wgt.RDat	ENSG00000203972	6	49467671	49494760	0.0159	rs476144	 3.28	rs2501966	 2.14e-02	  5.43	-0.7447	 326	  1	top1	0.021	4.2e-07	 -0.74468	4.56e-01
NA	/data/songy4/twas/output/weights//ENSG00000124490.wgt.RDat	ENSG00000124490	6	49660073	49681274	0.0358	rs476144	 3.28	rs1570063	-8.46e-04	  4.23	-0.2523	 330	 15	enet	0.0053	0.008	 -0.67398	5.00e-01
NA	/data/songy4/twas/output/weights//ENSG00000096006.wgt.RDat	ENSG00000096006	6	49695097	49712150	0.0656	rs476144	 3.28	rs9473663	 2.20e-02	 -6.50	-0.4951	 329	 18	enet	0.041	3.5e-12	  0.69937	4.84e-01
NA	/data/songy4/twas/output/weights//ENSG00000112118.wgt.RDat	ENSG00000112118	6	52128807	52149679	0.0234	rs1266922	-3.38	rs742552	 1.36e-02	  4.71	 0.0673	 570	  7	enet	0.014	3e-05	 -0.61131	5.41e-01
NA	/data/songy4/twas/output/weights//ENSG00000170915.wgt.RDat	ENSG00000170915	6	52226219	52272575	0.3799	rs1266922	-3.38	rs560243	 2.22e-01	-15.97	 0.1651	 553	 38	enet	0.29	7.6e-86	  0.01639	9.87e-01
NA	/data/songy4/twas/output/weights//ENSG00000096093.wgt.RDat	ENSG00000096093	6	52285106	52387892	0.0725	rs1266922	-3.38	rs474848	 2.45e-02	  6.20	-0.3738	 614	 12	lasso	0.045	2.5e-13	 -0.41007	6.82e-01
NA	/data/songy4/twas/output/weights//ENSG00000065308.wgt.RDat	ENSG00000065308	6	52362200	52441713	0.1143	rs17650503	 3.38	rs2067002	 4.01e-02	 -6.93	 0.1210	 600	 52	enet	0.066	7.3e-19	 -0.34768	7.28e-01
NA	/data/songy4/twas/output/weights//ENSG00000096092.wgt.RDat	ENSG00000096092	6	52535907	52551386	0.0317	rs2744457	 3.41	rs9474276	 1.63e-02	  5.08	-0.7000	 587	  6	lasso	0.029	4.5e-09	 -1.12340	2.61e-01
NA	/data/songy4/twas/output/weights//ENSG00000243955.wgt.RDat	ENSG00000243955	6	52656462	52668708	0.1587	rs2744457	 3.41	rs4147615	 2.18e-01	 15.83	 1.0297	 565	  6	lasso	0.22	1.9e-64	  1.00313	3.16e-01
NA	/data/songy4/twas/output/weights//ENSG00000170899.wgt.RDat	ENSG00000170899	6	52842751	52860176	0.0433	rs2744457	 3.41	rs419129	 4.59e-02	  7.55	-0.7300	 541	  1	top1	0.046	1.7e-13	 -0.73000	4.65e-01
NA	/data/songy4/twas/output/weights//ENSG00000112144.wgt.RDat	ENSG00000112144	6	52866077	52926600	0.0273	rs2744457	 3.41	rs6458895	 4.54e-04	 -4.01	-1.0741	 560	 12	enet	0.0055	0.0073	  1.19208	2.33e-01
NA	/data/songy4/twas/output/weights//ENSG00000137270.wgt.RDat	ENSG00000137270	6	52991762	53013627	0.1462	rs2744457	 3.41	rs11756086	 1.25e-01	-12.00	-2.5778	 556	 14	enet	0.13	1.3e-35	  3.29454	9.86e-04
NA	/data/songy4/twas/output/weights//ENSG00000001084.wgt.RDat	ENSG00000001084	6	53362139	53481768	0.0297	rs2744457	 3.41	rs661603	 2.13e-02	 -5.10	-1.0101	 599	  1	top1	0.021	4.7e-07	  1.01010	3.12e-01
NA	/data/songy4/twas/output/weights//ENSG00000124743.wgt.RDat	ENSG00000124743	6	53512699	53530506	0.0665	rs2816373	-2.88	rs3823111	 3.81e-02	 -6.89	 0.9426	 556	  1	top1	0.038	1.9e-11	 -0.94258	3.46e-01
NA	/data/songy4/twas/output/weights//ENSG00000137269.wgt.RDat	ENSG00000137269	6	53659295	53788919	0.1307	rs17191803	 2.52	rs3813850	 1.11e-01	 11.89	-0.3719	 609	 12	lasso	0.16	6.2e-46	 -0.36841	7.13e-01
NA	/data/songy4/twas/output/weights//ENSG00000168116.wgt.RDat	ENSG00000168116	6	56911347	56920023	0.0916	rs6459182	 3.14	rs952647	 1.31e-01	-12.32	 1.2281	 255	  1	top1	0.13	9.4e-37	 -1.22807	2.19e-01
NA	/data/songy4/twas/output/weights//ENSG00000112208.wgt.RDat	ENSG00000112208	6	57037124	57054631	0.0105	rs6459182	 3.14	rs9367711	 2.01e-03	 -3.58	-0.8807	 202	  4	enet	0.0031	0.034	  0.82701	4.08e-01
NA	/data/songy4/twas/output/weights//ENSG00000112210.wgt.RDat	ENSG00000112210	6	57053607	57087078	0.2074	rs6459182	 3.14	rs16888392	 3.20e-01	 19.15	 2.1894	 200	 18	enet	0.32	3e-98	  2.28241	2.25e-02
NA	/data/songy4/twas/output/weights//ENSG00000112232.wgt.RDat	ENSG00000112232	6	62389865	62996132	0.0503	rs213785	-2.89	rs721423	 3.07e-02	  6.07	-0.8392	 434	  1	top1	0.031	1.6e-09	 -0.83916	4.01e-01
NA	/data/songy4/twas/output/weights//ENSG00000146166.wgt.RDat	ENSG00000146166	6	63985856	64029882	0.3824	rs9344015	 2.46	rs9294196	 3.47e-01	-20.43	-1.1863	 280	 38	enet	0.37	8.2e-118	  1.22883	2.19e-01
NA	/data/songy4/twas/output/weights//ENSG00000135298.wgt.RDat	ENSG00000135298	6	69345259	70099403	0.3360	rs3799112	 4.79	rs9346233	 3.07e-01	-19.07	-1.1226	 729	 39	enet	0.33	3.4e-100	  1.17593	2.40e-01
NA	/data/songy4/twas/output/weights//ENSG00000168216.wgt.RDat	ENSG00000168216	6	70385694	70507003	0.0182	rs3799112	 4.79	rs9454860	 7.34e-03	 -4.41	-1.8056	 526	  4	lasso	0.0076	0.0019	  3.14957	1.64e-03
NA	/data/songy4/twas/output/weights//ENSG00000082269.wgt.RDat	ENSG00000082269	6	71122644	71270877	0.0776	rs17751154	 3.03	rs17713105	 5.98e-02	 -8.49	-1.3053	 555	 27	enet	0.072	2.5e-20	  1.24966	2.11e-01
NA	/data/songy4/twas/output/weights//ENSG00000154079.wgt.RDat	ENSG00000154079	6	71276620	71299272	0.1474	rs17751154	 3.03	rs12198920	 1.28e-01	-12.51	-1.1800	 520	  8	lasso	0.13	9.7e-38	  1.26698	2.05e-01
NA	/data/songy4/twas/output/weights//ENSG00000112305.wgt.RDat	ENSG00000112305	6	71377479	71571718	0.1461	rs17751154	 3.03	rs2038477	 1.97e-01	-15.45	 1.7938	 556	  4	lasso	0.21	1e-60	 -1.81460	6.96e-02
NA	/data/songy4/twas/output/weights//ENSG00000119900.wgt.RDat	ENSG00000119900	6	71998506	72018653	0.0960	rs9442714	 6.38	rs9455391	 7.70e-02	-10.23	-0.6644	 479	 22	enet	0.094	1.6e-26	 -0.22410	8.23e-01
NA	/data/songy4/twas/output/weights//ENSG00000185760.wgt.RDat	ENSG00000185760	6	73331520	73908574	0.3656	rs1339226	 4.14	rs13212681	 1.49e-01	 13.67	 0.4361	 596	 45	enet	0.28	6.8e-85	 -0.32441	7.46e-01
NA	/data/songy4/twas/output/weights//ENSG00000080007.wgt.RDat	ENSG00000080007	6	74104471	74127292	0.1031	rs10498886	 2.64	rs17812683	 2.98e-02	 -7.12	-0.6075	 374	 39	enet	0.069	1.3e-19	 -0.75471	4.50e-01
NA	/data/songy4/twas/output/weights//ENSG00000135297.wgt.RDat	ENSG00000135297	6	74171301	74218959	0.3044	rs9447092	 3.05	rs9352005	 2.59e-01	-17.22	-0.2830	 386	 22	enet	0.31	4.5e-92	  0.28973	7.72e-01
NA	/data/songy4/twas/output/weights//ENSG00000119899.wgt.RDat	ENSG00000119899	6	74303102	74363878	0.0389	rs9447092	 3.05	rs472294	 4.64e-02	  7.61	-0.4807	 394	  1	top1	0.046	1.2e-13	 -0.48066	6.31e-01
NA	/data/songy4/twas/output/weights//ENSG00000156535.wgt.RDat	ENSG00000156535	6	74405508	74538040	0.2796	rs4708134	 3.11	rs9442951	 8.55e-02	 10.02	-0.3958	 406	 66	enet	0.12	9.3e-33	 -0.75868	4.48e-01
NA	/data/songy4/twas/output/weights//ENSG00000112697.wgt.RDat	ENSG00000112697	6	75962640	75994684	0.0555	rs1332021	-2.91	rs6929270	 3.18e-02	 -7.33	 1.8200	 285	  8	lasso	0.053	2.3e-15	 -1.89198	5.85e-02
NA	/data/songy4/twas/output/weights//ENSG00000112701.wgt.RDat	ENSG00000112701	6	76311225	76427997	0.3916	rs1332021	-2.91	rs766244	 4.06e-01	-21.51	-0.2577	 370	 30	enet	0.48	9.2e-163	  0.04012	9.68e-01
NA	/data/songy4/twas/output/weights//ENSG00000196586.wgt.RDat	ENSG00000196586	6	76458909	76629254	0.1177	rs9293999	-2.29	rs11758543	 5.63e-02	  8.34	-0.1765	 374	 21	enet	0.066	8.4e-19	 -1.17296	2.41e-01
NA	/data/songy4/twas/output/weights//ENSG00000269964.wgt.RDat	ENSG00000269964	6	78400375	78636691	0.0366	rs1343485	 2.96	rs9343638	 1.80e-02	  6.07	-0.0833	 484	 10	lasso	0.028	7.9e-09	  1.04646	2.95e-01
NA	/data/songy4/twas/output/weights//ENSG00000146243.wgt.RDat	ENSG00000146243	6	79577189	79656157	0.4335	rs11751263	-2.55	rs9350789	 5.56e-01	 25.16	 0.1722	 437	 32	enet	0.57	1.7e-208	  0.34219	7.32e-01
NA	/data/songy4/twas/output/weights//ENSG00000146247.wgt.RDat	ENSG00000146247	6	79645584	79787953	0.0591	rs11751263	-2.55	rs9352668	 4.50e-02	 -7.73	-0.7113	 475	  7	lasso	0.047	8.6e-14	  0.70926	4.78e-01
NA	/data/songy4/twas/output/weights//ENSG00000118418.wgt.RDat	ENSG00000118418	6	79910962	79944406	0.0230	rs11751263	-2.55	rs11755402	 1.07e-02	 -4.95	-1.4278	 440	  8	enet	0.024	8e-08	  0.82538	4.09e-01
NA	/data/songy4/twas/output/weights//ENSG00000135338.wgt.RDat	ENSG00000135338	6	80194708	80247175	0.0315	rs9341795	 3.00	rs12525799	 1.42e-03	 -4.08	-0.6188	 517	  4	lasso	0.0049	0.011	  1.30440	1.92e-01
NA	/data/songy4/twas/output/weights//ENSG00000198478.wgt.RDat	ENSG00000198478	6	80341000	80413372	0.0447	rs9341795	 3.00	rs2245410	 2.92e-02	 -5.90	-1.5204	 526	  1	top1	0.029	3.9e-09	  1.52041	1.28e-01
NA	/data/songy4/twas/output/weights//ENSG00000118402.wgt.RDat	ENSG00000118402	6	80624529	80657297	0.0500	rs9341795	 3.00	rs239498	 4.15e-02	  7.50	 0.3398	 504	  3	lasso	0.049	3.1e-14	 -0.13399	8.93e-01
NA	/data/songy4/twas/output/weights//ENSG00000083123.wgt.RDat	ENSG00000083123	6	80816364	81055987	0.0611	rs9341795	 3.00	rs3749896	 5.18e-03	 -4.48	 1.9703	 576	 50	enet	0.011	0.00021	 -1.32772	1.84e-01
NA	/data/songy4/twas/output/weights//ENSG00000146242.wgt.RDat	ENSG00000146242	6	83072923	83080545	0.4924	rs12527551	 2.25	rs17176924	 3.35e-02	  7.37	 1.7852	 374	 93	enet	0.21	1.4e-59	 -0.51738	6.05e-01
NA	/data/songy4/twas/output/weights//ENSG00000083097.wgt.RDat	ENSG00000083097	6	83777385	83881069	0.5724	rs1170348	-2.94	rs12213255	 4.91e-01	-23.65	-1.8966	 395	 45	enet	0.49	3.4e-170	  1.57519	1.15e-01
NA	/data/songy4/twas/output/weights//ENSG00000013392.wgt.RDat	ENSG00000013392	6	83903098	83908651	0.0836	rs1170348	-2.94	rs480537	 3.26e-02	 -6.53	 0.4909	 352	  6	lasso	0.039	1.3e-11	 -0.85527	3.92e-01
NA	/data/songy4/twas/output/weights//ENSG00000065833.wgt.RDat	ENSG00000065833	6	83920108	84140797	0.0295	rs1170348	-2.94	rs971215	 2.19e-03	 -3.76	 1.9802	 411	  1	top1	0.0022	0.062	 -1.98020	4.77e-02
NA	/data/songy4/twas/output/weights//ENSG00000146250.wgt.RDat	ENSG00000146250	6	84222194	84235423	0.0707	rs1170348	-2.94	rs522115	 3.67e-04	  4.07	 0.3023	 311	 38	enet	0.039	1.2e-11	  0.32933	7.42e-01
NA	/data/songy4/twas/output/weights//ENSG00000065609.wgt.RDat	ENSG00000065609	6	84262599	84419410	0.5339	rs1170348	-2.94	rs2147860	 1.18e-02	  6.62	 0.3311	 361	 96	enet	0.12	6.2e-34	  0.24616	8.06e-01
NA	/data/songy4/twas/output/weights//ENSG00000135318.wgt.RDat	ENSG00000135318	6	86159809	86205500	0.2693	rs6916224	 2.13	rs9344525	 2.99e-01	-18.59	 1.5639	 442	 25	enet	0.32	6.2e-99	 -1.60861	1.08e-01
NA	/data/songy4/twas/output/weights//ENSG00000135317.wgt.RDat	ENSG00000135317	6	86215214	86303874	0.0277	rs17540704	 3.54	rs2484355	 7.67e-03	 -4.32	-0.9800	 420	 20	enet	0.0097	0.00052	  0.57554	5.65e-01
NA	/data/songy4/twas/output/weights//ENSG00000188994.wgt.RDat	ENSG00000188994	6	87862551	87973914	0.0425	rs9294383	 3.42	rs1886751	 3.13e-02	  6.35	 1.8526	 426	  1	top1	0.031	1.1e-09	  1.85263	6.39e-02
NA	/data/songy4/twas/output/weights//ENSG00000164411.wgt.RDat	ENSG00000164411	6	87992696	88038996	0.0209	rs9294383	 3.42	rs9450661	 2.48e-02	 -6.27	-2.0288	 415	  1	top1	0.025	5.4e-08	  2.02885	4.25e-02
NA	/data/songy4/twas/output/weights//ENSG00000111850.wgt.RDat	ENSG00000111850	6	88032301	88052043	0.2662	rs9294383	 3.42	rs1753153	 4.87e-01	-23.57	 1.5000	 415	  4	lasso	0.5	3.6e-173	 -1.40169	1.61e-01
NA	/data/songy4/twas/output/weights//ENSG00000203872.wgt.RDat	ENSG00000203872	6	88054567	88075181	0.2129	rs9294383	 3.42	rs448580	 3.74e-01	-20.64	 1.5729	 422	 33	enet	0.4	1.1e-126	 -1.06306	2.88e-01
NA	/data/songy4/twas/output/weights//ENSG00000272514.wgt.RDat	ENSG00000272514	6	88117701	88174183	0.0354	rs9294383	 3.42	rs411606	 5.13e-03	  4.66	-0.2813	 464	 20	enet	0.017	5.2e-06	  0.92998	3.52e-01
NA	/data/songy4/twas/output/weights//ENSG00000164414.wgt.RDat	ENSG00000164414	6	88180341	88222054	0.0987	rs9294383	 3.42	rs3757368	 1.07e-01	-11.36	 2.7368	 475	  1	top1	0.11	4.1e-30	 -2.73684	6.20e-03
NA	/data/songy4/twas/output/weights//ENSG00000146282.wgt.RDat	ENSG00000146282	6	88224096	88299721	0.0791	rs9294383	 3.42	rs2754262	 1.11e-01	 11.51	 2.6562	 483	  1	top1	0.11	4.3e-31	  2.65625	7.90e-03
NA	/data/songy4/twas/output/weights//ENSG00000135336.wgt.RDat	ENSG00000135336	6	88299839	88377169	0.0693	rs9294383	 3.42	rs2307377	 7.61e-04	  4.38	-2.1271	 485	 27	enet	0.0051	0.0094	 -1.40134	1.61e-01
NA	/data/songy4/twas/output/weights//ENSG00000118432.wgt.RDat	ENSG00000118432	6	88849583	88876078	0.5325	rs7772351	-3.02	rs1870832	 5.02e-01	 23.91	-0.4948	 508	 62	enet	0.55	5.1e-202	 -0.06863	9.45e-01
NA	/data/songy4/twas/output/weights//ENSG00000111880.wgt.RDat	ENSG00000111880	6	89319985	89673348	0.1741	rs7744005	-2.70	rs10944413	 7.98e-02	  9.67	 2.2202	 615	 50	enet	0.13	1.6e-37	  2.13164	3.30e-02
NA	/data/songy4/twas/output/weights//ENSG00000146278.wgt.RDat	ENSG00000146278	6	89790470	89794879	0.1115	rs7744005	-2.70	rs765798	 1.35e-01	 12.64	 0.0283	 400	 10	lasso	0.14	7.8e-40	  0.08113	9.35e-01
NA	/data/songy4/twas/output/weights//ENSG00000154548.wgt.RDat	ENSG00000154548	6	89805678	89827800	0.0210	rs7744005	-2.70	rs12215916	 2.52e-02	  5.68	 0.0000	 414	  1	top1	0.025	4.3e-08	  0.00000	1.00e+00
NA	/data/songy4/twas/output/weights//ENSG00000146281.wgt.RDat	ENSG00000146281	6	89855769	89875284	0.0487	rs7744005	-2.70	rs1573857	 5.13e-02	 -7.84	-0.0891	 415	  1	top1	0.051	6.2e-15	  0.08911	9.29e-01
NA	/data/songy4/twas/output/weights//ENSG00000111886.wgt.RDat	ENSG00000111886	6	89966927	90025018	0.3212	rs7744005	-2.70	rs7744352	 1.72e-01	 14.11	-1.6842	 458	 18	enet	0.2	2.7e-56	 -0.77678	4.37e-01
NA	/data/songy4/twas/output/weights//ENSG00000025039.wgt.RDat	ENSG00000025039	6	90074355	90121989	0.1859	rs7744005	-2.70	rs2274087	 4.31e-02	 -7.65	-0.9692	 456	 49	enet	0.11	1.7e-31	  0.24972	8.03e-01
NA	/data/songy4/twas/output/weights//ENSG00000135299.wgt.RDat	ENSG00000135299	6	90142889	90343553	0.0459	rs7744005	-2.70	rs292228	 1.79e-02	  4.85	-1.1981	 577	  1	top1	0.018	3.6e-06	 -1.19811	2.31e-01
NA	/data/songy4/twas/output/weights//ENSG00000083099.wgt.RDat	ENSG00000083099	6	90277863	90348472	0.1251	rs7744005	-2.70	rs17293240	 1.57e-01	 13.46	-1.1639	 521	  8	lasso	0.16	2.4e-46	 -1.08890	2.76e-01
NA	/data/songy4/twas/output/weights//ENSG00000112159.wgt.RDat	ENSG00000112159	6	90352218	90529442	0.0354	rs7744005	-2.70	rs1036853	 1.06e-02	 -5.08	-1.4088	 562	 11	lasso	0.018	3e-06	  2.07576	3.79e-02
NA	/data/songy4/twas/output/weights//ENSG00000135341.wgt.RDat	ENSG00000135341	6	91223292	91296764	0.0340	rs13202876	-2.83	rs791062	 2.68e-02	 -5.97	 1.3269	 567	  1	top1	0.027	1.6e-08	 -1.32692	1.85e-01
NA	/data/songy4/twas/output/weights//ENSG00000172469.wgt.RDat	ENSG00000172469	6	96025419	96057333	0.3120	rs7741978	-3.35	rs9387352	 4.61e-01	 23.04	-0.9495	 344	  6	lasso	0.48	3.9e-165	 -0.53006	5.96e-01
NA	/data/songy4/twas/output/weights//ENSG00000014123.wgt.RDat	ENSG00000014123	6	96969471	97003152	0.1049	rs6911299	 2.66	rs4438964	 9.81e-02	 11.24	-1.0792	 447	 33	enet	0.11	3.1e-32	 -1.24391	2.14e-01
NA	/data/songy4/twas/output/weights//ENSG00000112218.wgt.RDat	ENSG00000112218	6	97242002	97285353	0.3573	rs2388041	 2.89	rs6568629	 2.54e-01	-17.20	-0.2613	 421	 28	enet	0.36	3e-113	  0.22123	8.25e-01
NA	/data/songy4/twas/output/weights//ENSG00000123545.wgt.RDat	ENSG00000123545	6	97337189	97345757	0.1729	rs2388041	 2.89	rs392242	 1.81e-01	 14.52	 0.3929	 408	 20	enet	0.18	4.2e-52	  0.22138	8.25e-01
NA	/data/songy4/twas/output/weights//ENSG00000186231.wgt.RDat	ENSG00000186231	6	97372605	97588630	0.0701	rs2388041	 2.89	rs7754826	 2.18e-02	 -5.40	-1.4793	 432	  9	lasso	0.022	2.7e-07	  2.21958	2.64e-02
NA	/data/songy4/twas/output/weights//ENSG00000146263.wgt.RDat	ENSG00000146263	6	97590037	97731093	0.1055	rs2388041	 2.89	rs9387218	 1.21e-01	-11.87	 1.9730	 424	  5	lasso	0.12	4.7e-35	 -1.62842	1.03e-01
NA	/data/songy4/twas/output/weights//ENSG00000112234.wgt.RDat	ENSG00000112234	6	99316420	99395849	0.0521	rs9372961	-3.31	rs9385565	 3.65e-02	  6.54	-0.5538	 472	 16	enet	0.039	1.3e-11	 -0.63790	5.24e-01
NA	/data/songy4/twas/output/weights//ENSG00000123552.wgt.RDat	ENSG00000123552	6	99880190	99969604	0.1972	rs9389810	-3.75	rs9402863	 1.34e-01	 12.40	 0.2473	 502	 50	enet	0.17	6.5e-47	 -0.16609	8.68e-01
NA	/data/songy4/twas/output/weights//ENSG00000112238.wgt.RDat	ENSG00000112238	6	100054606	100063454	0.0225	rs9389810	-3.75	rs4448102	 1.75e-02	  5.14	 0.4286	 433	  1	top1	0.017	4.6e-06	  0.42857	6.68e-01
NA	/data/songy4/twas/output/weights//ENSG00000112249.wgt.RDat	ENSG00000112249	6	100956070	101329248	0.0298	rs761711	-2.54	rs846771	 5.73e-04	  3.88	-1.7570	 451	 22	enet	0.014	3.9e-05	 -1.69703	8.97e-02
NA	/data/songy4/twas/output/weights//ENSG00000164418.wgt.RDat	ENSG00000164418	6	101846664	102517958	0.0679	rs6924351	 3.27	rs11969893	 5.29e-02	  8.04	 0.1614	 576	  1	top1	0.053	2.3e-15	  0.16140	8.72e-01
NA	/data/songy4/twas/output/weights//ENSG00000085382.wgt.RDat	ENSG00000085382	6	105175968	105307794	0.0732	rs13196925	-3.03	rs2486143	 7.52e-02	 -9.42	-0.9688	 450	  1	top1	0.075	2.6e-21	  0.96875	3.33e-01
NA	/data/songy4/twas/output/weights//ENSG00000085377.wgt.RDat	ENSG00000085377	6	105725440	105850959	0.0627	rs9386482	-3.05	rs1149316	 1.46e-02	 -4.62	-1.4396	 483	 44	enet	0.023	2.1e-07	  2.02165	4.32e-02
NA	/data/songy4/twas/output/weights//ENSG00000057663.wgt.RDat	ENSG00000057663	6	106632351	106773666	0.0642	rs2787540	-3.72	rs11759048	 2.59e-02	 -6.37	-2.0543	 659	  1	top1	0.026	2.9e-08	  2.05430	3.99e-02
NA	/data/songy4/twas/output/weights//ENSG00000112297.wgt.RDat	ENSG00000112297	6	106959730	107018326	0.1008	rs2787540	-3.72	rs12526024	 4.10e-02	  7.62	-0.3073	 587	 19	enet	0.063	4.6e-18	  0.44595	6.56e-01
NA	/data/songy4/twas/output/weights//ENSG00000130347.wgt.RDat	ENSG00000130347	6	107018903	107077373	0.1416	rs2787540	-3.72	rs2054365	 1.79e-01	 14.41	-0.4510	 586	 11	lasso	0.18	1.6e-51	 -0.37082	7.11e-01
NA	/data/songy4/twas/output/weights//ENSG00000130348.wgt.RDat	ENSG00000130348	6	107077453	107116292	0.0464	rs2787540	-3.72	rs2054365	 3.98e-02	 -6.91	-0.4510	 562	  1	top1	0.04	6.9e-12	  0.45098	6.52e-01
NA	/data/songy4/twas/output/weights//ENSG00000164494.wgt.RDat	ENSG00000164494	6	107473761	107780768	0.0312	rs17067756	 3.53	rs2430476	-8.28e-04	  3.32	-0.2075	 641	 26	enet	-0.00074	0.69	  0.28882	7.73e-01
NA	/data/songy4/twas/output/weights//ENSG00000146285.wgt.RDat	ENSG00000146285	6	108025308	108145521	0.1073	rs9486801	 3.14	rs6904598	 1.04e-01	-11.12	 0.9020	 466	  6	lasso	0.12	2.6e-33	 -0.86140	3.89e-01
NA	/data/songy4/twas/output/weights//ENSG00000118690.wgt.RDat	ENSG00000118690	6	109169619	109295186	0.0938	rs12206094	-3.02	rs2798639	 3.58e-02	  7.75	 0.5253	 438	  6	lasso	0.061	2.2e-17	  0.44527	6.56e-01
NA	/data/songy4/twas/output/weights//ENSG00000080546.wgt.RDat	ENSG00000080546	6	109307640	109416022	0.1175	rs12206094	-3.02	rs12200578	 1.41e-01	 12.87	-2.4000	 446	 29	enet	0.15	3.9e-41	 -2.43807	1.48e-02
NA	/data/songy4/twas/output/weights//ENSG00000183137.wgt.RDat	ENSG00000183137	6	109416313	109485135	0.0252	rs4142466	 2.85	rs1547325	 3.66e-04	 -4.18	-1.8766	 439	 66	enet	0.017	6.2e-06	  0.75077	4.53e-01
NA	/data/songy4/twas/output/weights//ENSG00000135535.wgt.RDat	ENSG00000135535	6	109687717	109703762	0.1645	rs4142466	 2.85	rs2224550	 1.18e-01	 11.71	 0.6211	 386	 49	enet	0.18	3e-52	  0.61461	5.39e-01
NA	/data/songy4/twas/output/weights//ENSG00000135587.wgt.RDat	ENSG00000135587	6	109761966	109765122	0.2176	rs4142466	 2.85	rs12204742	 1.12e-01	 12.15	-1.0808	 387	  9	lasso	0.19	9.4e-54	 -1.30371	1.92e-01
NA	/data/songy4/twas/output/weights//ENSG00000135596.wgt.RDat	ENSG00000135596	6	109765265	109787171	0.1964	rs4142466	 2.85	rs12529505	 6.35e-02	 -8.59	-1.3056	 399	  7	lasso	0.077	6.9e-22	  1.81636	6.93e-02
NA	/data/songy4/twas/output/weights//ENSG00000112365.wgt.RDat	ENSG00000112365	6	109783797	109804440	0.0262	rs4142466	 2.85	rs752261	-9.73e-05	 -3.63	-0.0194	 409	 32	enet	0.0032	0.032	 -0.19042	8.49e-01
NA	/data/songy4/twas/output/weights//ENSG00000155085.wgt.RDat	ENSG00000155085	6	109814059	110012420	0.1743	rs4142466	 2.85	rs9386822	 1.20e-01	 12.08	 0.3514	 476	 35	enet	0.23	1.4e-65	 -0.54776	5.84e-01
NA	/data/songy4/twas/output/weights//ENSG00000112367.wgt.RDat	ENSG00000112367	6	110012499	110146631	0.0731	rs4142466	 2.85	rs6568603	 4.96e-02	  8.65	 0.7423	 488	 22	enet	0.076	1.3e-21	  0.60465	5.45e-01
NA	/data/songy4/twas/output/weights//ENSG00000112290.wgt.RDat	ENSG00000112290	6	110421022	110501207	0.0737	rs2428192	-3.30	rs12111403	 4.61e-02	 -8.19	 1.8519	 487	  9	lasso	0.067	5.4e-19	 -1.57981	1.14e-01
NA	/data/songy4/twas/output/weights//ENSG00000168438.wgt.RDat	ENSG00000168438	6	110501344	110575478	0.0203	rs2428192	-3.30	rs6918158	 2.08e-03	  3.96	-0.7352	 459	  7	enet	0.0026	0.047	 -0.15681	8.75e-01
NA	/data/songy4/twas/output/weights//ENSG00000053328.wgt.RDat	ENSG00000053328	6	110567131	110679475	0.0585	rs2428192	-3.30	rs2334324	 3.69e-02	 -6.96	 1.0265	 453	 20	enet	0.044	5.7e-13	 -0.37964	7.04e-01
NA	/data/songy4/twas/output/weights//ENSG00000203797.wgt.RDat	ENSG00000203797	6	110712974	110736765	0.4173	rs2428192	-3.30	rs9481066	 4.67e-01	 23.11	 1.2264	 417	 18	enet	0.48	1.6e-165	  1.68436	9.21e-02
NA	/data/songy4/twas/output/weights//ENSG00000004809.wgt.RDat	ENSG00000004809	6	110745890	110797844	0.6565	rs2428192	-3.30	rs2428190	 2.17e-01	 16.71	-0.1367	 420	105	enet	0.5	2.3e-172	  1.07900	2.81e-01
NA	/data/songy4/twas/output/weights//ENSG00000197498.wgt.RDat	ENSG00000197498	6	111303218	111349466	0.4620	rs4458728	 3.16	rs12527783	 3.39e-01	 19.66	 0.1417	 334	 12	lasso	0.38	4.5e-120	 -0.37496	7.08e-01
NA	/data/songy4/twas/output/weights//ENSG00000173214.wgt.RDat	ENSG00000173214	6	111580551	111592370	0.1615	rs2071927	-4.50	rs11153277	 1.72e-01	 14.05	-0.9528	 393	  1	top1	0.17	1e-48	 -0.95283	3.41e-01
NA	/data/songy4/twas/output/weights//ENSG00000009413.wgt.RDat	ENSG00000009413	6	111620234	111804918	0.0527	rs997368	-6.00	rs1061388	 1.05e-02	  5.16	 2.7077	 483	 33	enet	0.022	2.2e-07	  2.75944	5.79e-03
NA	/data/songy4/twas/output/weights//ENSG00000056972.wgt.RDat	ENSG00000056972	6	111877657	111927481	0.1235	rs997368	-6.00	rs3777910	 7.80e-02	 -9.49	-1.5981	 460	  5	lasso	0.096	7.6e-27	  0.61158	5.41e-01
NA	/data/songy4/twas/output/weights//ENSG00000010810.wgt.RDat	ENSG00000010810	6	111981535	112194655	0.0306	rs997368	-6.00	rs9374286	 7.18e-03	 -4.69	 1.9490	 596	 30	enet	0.014	3.7e-05	  0.94778	3.43e-01
NA	/data/songy4/twas/output/weights//ENSG00000074935.wgt.RDat	ENSG00000074935	6	112391980	112408732	0.0390	rs997368	-6.00	rs2072019	 1.70e-02	 -5.17	 0.6075	 515	  1	top1	0.017	5.9e-06	 -0.60748	5.44e-01
NA	/data/songy4/twas/output/weights//ENSG00000203778.wgt.RDat	ENSG00000203778	6	112408802	112423993	0.0135	rs997368	-6.00	rs1230345	 9.88e-03	  4.68	 0.1238	 504	  1	top1	0.0099	0.00046	  0.12381	9.01e-01
NA	/data/songy4/twas/output/weights//ENSG00000111816.wgt.RDat	ENSG00000111816	6	116252312	116381921	0.0475	rs6908592	 2.46	rs1999929	 4.67e-02	 -7.43	-0.6250	 444	  1	top1	0.047	1.1e-13	  0.62500	5.32e-01
NA	/data/songy4/twas/output/weights//ENSG00000178425.wgt.RDat	ENSG00000178425	6	116422012	116570660	0.0595	rs6908592	 2.46	rs13213124	 3.80e-02	 -7.45	-0.6286	 434	  6	lasso	0.043	7.5e-13	  0.69174	4.89e-01
NA	/data/songy4/twas/output/weights//ENSG00000123500.wgt.RDat	ENSG00000123500	6	116440086	116479910	0.1775	rs6908592	 2.46	rs2073207	 1.16e-01	 11.75	 0.3179	 408	  1	top1	0.12	1.2e-32	  0.31792	7.51e-01
NA	/data/songy4/twas/output/weights//ENSG00000187189.wgt.RDat	ENSG00000187189	6	116571151	116575261	0.0756	rs6908592	 2.46	rs4946176	 2.60e-02	  5.68	-0.7048	 373	 30	enet	0.037	3.2e-11	 -1.02769	3.04e-01
NA	/data/songy4/twas/output/weights//ENSG00000111817.wgt.RDat	ENSG00000111817	6	116575336	116762424	0.3310	rs6908592	 2.46	rs9398434	 3.00e-01	-18.88	 0.2041	 446	 48	enet	0.4	1.9e-127	 -0.35214	7.25e-01
NA	/data/songy4/twas/output/weights//ENSG00000188820.wgt.RDat	ENSG00000188820	6	116782533	116784934	0.6513	rs3777424	 2.31	rs11755235	 1.47e-01	-12.99	 0.6000	 377	 83	enet	0.33	4.2e-102	  0.64538	5.19e-01
NA	/data/songy4/twas/output/weights//ENSG00000173626.wgt.RDat	ENSG00000173626	6	116816152	116866773	0.0957	rs7770769	 2.03	rs2637687	 8.23e-02	  9.85	 0.9901	 381	  4	lasso	0.085	7.6e-24	  1.18338	2.37e-01
NA	/data/songy4/twas/output/weights//ENSG00000111832.wgt.RDat	ENSG00000111832	6	116892530	116918838	0.0421	rs7770769	 2.03	rs1998166	 8.67e-03	  4.16	-0.5305	 373	  1	top1	0.0087	0.00097	 -0.53049	5.96e-01
NA	/data/songy4/twas/output/weights//ENSG00000111834.wgt.RDat	ENSG00000111834	6	116937642	116954148	0.1877	rs7770769	 2.03	rs2637660	 7.31e-02	 -9.38	-1.1569	 361	  1	top1	0.073	9.6e-21	  1.15693	2.47e-01
NA	/data/songy4/twas/output/weights//ENSG00000153975.wgt.RDat	ENSG00000153975	6	116956781	116989957	0.0186	rs7770769	 2.03	rs9398444	 4.13e-03	 -4.26	 0.3140	 372	  1	top1	0.0041	0.017	 -0.31405	7.53e-01
NA	/data/songy4/twas/output/weights//ENSG00000047932.wgt.RDat	ENSG00000047932	6	117639374	117923691	0.0172	rs473494	 2.83	rs9320609	 1.72e-02	 -4.77	 0.3800	 533	  1	top1	0.017	5.5e-06	 -0.38000	7.04e-01
NA	/data/songy4/twas/output/weights//ENSG00000164465.wgt.RDat	ENSG00000164465	6	117774980	117891021	0.4670	rs473494	 2.83	rs2104064	 4.76e-01	-23.32	 0.0177	 461	 43	enet	0.6	2.5e-226	  0.33842	7.35e-01
NA	/data/songy4/twas/output/weights//ENSG00000111860.wgt.RDat	ENSG00000111860	6	118781935	119031238	0.2429	rs6929403	 5.19	rs9489520	 1.19e-01	-11.77	 3.6476	 490	 43	enet	0.21	1.1e-59	 -3.71193	2.06e-04
NA	/data/songy4/twas/output/weights//ENSG00000111877.wgt.RDat	ENSG00000111877	6	119134605	119256327	0.2672	rs6929403	 5.24	rs7765824	 1.41e-01	-12.95	-2.8100	 428	 43	enet	0.27	4.8e-80	  3.56498	3.64e-04
NA	/data/songy4/twas/output/weights//ENSG00000111875.wgt.RDat	ENSG00000111875	6	119215384	119230332	0.2492	rs6929403	 5.25	rs11968468	 5.45e-02	  8.12	-0.2736	 389	 56	enet	0.1	4.4e-29	  3.28889	1.01e-03
NA	/data/songy4/twas/output/weights//ENSG00000111885.wgt.RDat	ENSG00000111885	6	119498374	119670926	0.1786	rs6929403	 5.21	rs6935126	 1.25e-01	-12.21	-1.6286	 474	 10	lasso	0.16	5.5e-45	  2.42240	1.54e-02
NA	/data/songy4/twas/output/weights//ENSG00000146350.wgt.RDat	ENSG00000146350	6	121400640	121655891	0.1448	rs12204216	-2.93	rs811484	 5.63e-02	  8.27	-0.7460	 429	 30	enet	0.097	2.8e-27	 -0.18364	8.54e-01
NA	/data/songy4/twas/output/weights//ENSG00000025156.wgt.RDat	ENSG00000025156	6	122720691	122754264	0.2220	rs9490594	 3.64	rs1741820	 2.09e-01	-15.47	-0.0874	 445	  8	lasso	0.24	2.6e-69	  0.21948	8.26e-01
NA	/data/songy4/twas/output/weights//ENSG00000111897.wgt.RDat	ENSG00000111897	6	122764499	122792967	0.1027	rs9490594	 3.64	rs9375140	 8.41e-02	-11.53	 0.2044	 444	 28	enet	0.17	9.7e-47	 -0.23469	8.14e-01
NA	/data/songy4/twas/output/weights//ENSG00000135549.wgt.RDat	ENSG00000135549	6	122793076	123047518	0.0891	rs9490594	 3.64	rs9490529	 4.86e-02	 -8.30	-0.3058	 516	  8	lasso	0.071	3.5e-20	 -0.22052	8.25e-01
NA	/data/songy4/twas/output/weights//ENSG00000172594.wgt.RDat	ENSG00000172594	6	123110315	123130865	0.2383	rs9490594	 3.64	rs9490529	 5.53e-02	 -9.91	-0.3058	 426	 56	enet	0.16	7.7e-46	 -1.22759	2.20e-01
NA	/data/songy4/twas/output/weights//ENSG00000146373.wgt.RDat	ENSG00000146373	6	125283691	125413779	0.0924	rs9385352	 3.16	rs1889436	 7.53e-02	  9.50	 0.0994	 540	  4	lasso	0.079	2e-22	  0.01297	9.90e-01
NA	/data/songy4/twas/output/weights//ENSG00000111907.wgt.RDat	ENSG00000111907	6	125440195	125585553	0.0434	rs9385352	 3.16	rs476436	 4.86e-02	 -7.66	-0.9800	 508	  1	top1	0.049	3.3e-14	  0.98000	3.27e-01
NA	/data/songy4/twas/output/weights//ENSG00000111906.wgt.RDat	ENSG00000111906	6	125541108	125623282	0.3568	rs9385352	 3.16	rs1040803	 5.08e-01	-24.06	-1.7041	 473	 10	lasso	0.61	6.2e-232	  1.40894	1.59e-01
NA	/data/songy4/twas/output/weights//ENSG00000111912.wgt.RDat	ENSG00000111912	6	126102307	126252266	0.1191	rs9401855	-5.06	rs604198	 7.39e-02	  9.56	-2.6667	 343	  9	lasso	0.089	4.2e-25	 -3.41444	6.39e-04
NA	/data/songy4/twas/output/weights//ENSG00000111911.wgt.RDat	ENSG00000111911	6	126277927	126301387	0.0219	rs9401855	-5.06	rs1567	 7.20e-03	 -3.53	 0.0141	 272	  1	top1	0.0072	0.0024	 -0.01408	9.89e-01
NA	/data/songy4/twas/output/weights//ENSG00000118518.wgt.RDat	ENSG00000118518	6	127587755	127609712	0.0291	rs7739336	 3.16	rs4897215	 4.06e-03	 -4.13	 0.3367	 330	  9	enet	0.0076	0.0018	  0.39977	6.89e-01
NA	/data/songy4/twas/output/weights//ENSG00000093144.wgt.RDat	ENSG00000093144	6	127609855	127664754	0.1548	rs7739336	 3.16	rs7453272	 1.12e-01	 11.56	 0.5229	 346	 11	lasso	0.13	3.8e-37	  0.52366	6.01e-01
NA	/data/songy4/twas/output/weights//ENSG00000189367.wgt.RDat	ENSG00000189367	6	127761488	127780536	0.0218	rs7739336	 3.16	rs7749831	 1.31e-02	  5.07	-0.4343	 347	  7	lasso	0.014	3.1e-05	 -0.28722	7.74e-01
NA	/data/songy4/twas/output/weights//ENSG00000196569.wgt.RDat	ENSG00000196569	6	129204342	129837714	0.0532	rs12197456	-3.35	rs2101575	 1.83e-02	  5.22	 1.3615	 782	  5	lasso	0.019	2.1e-06	  1.00050	3.17e-01
NA	/data/songy4/twas/output/weights//ENSG00000146376.wgt.RDat	ENSG00000146376	6	129897277	130031370	0.0404	rs12197456	-3.35	rs6917887	 2.67e-02	 -5.72	 0.9381	 620	  1	top1	0.027	1.8e-08	 -0.93805	3.48e-01
NA	/data/songy4/twas/output/weights//ENSG00000203756.wgt.RDat	ENSG00000203756	6	130152389	130182692	0.1326	rs12197456	-3.35	rs9492406	 5.39e-02	 -8.66	 0.6860	 588	 22	enet	0.083	2.3e-23	 -0.95998	3.37e-01
NA	/data/songy4/twas/output/weights//ENSG00000198945.wgt.RDat	ENSG00000198945	6	130334844	130462594	0.4212	rs12197456	-3.35	rs6569648	 4.49e-01	 22.61	-1.9730	 624	 42	enet	0.5	5.3e-174	 -2.37113	1.77e-02
NA	/data/songy4/twas/output/weights//ENSG00000164483.wgt.RDat	ENSG00000164483	6	130465460	130686570	0.2467	rs6931817	 2.89	rs7749850	 2.04e-01	 15.29	 0.2885	 683	  9	lasso	0.25	2.7e-72	 -0.24560	8.06e-01
NA	/data/songy4/twas/output/weights//ENSG00000164484.wgt.RDat	ENSG00000164484	6	130686879	130764208	0.1408	rs6929703	 2.65	rs1555620	 6.95e-02	  9.24	-0.0190	 536	 37	enet	0.092	5.4e-26	  0.55816	5.77e-01
NA	/data/songy4/twas/output/weights//ENSG00000079819.wgt.RDat	ENSG00000079819	6	131160487	131384462	0.0886	rs6929703	 2.65	rs7770892	 3.34e-02	  7.79	 0.5902	 543	 24	enet	0.078	5.2e-22	 -0.41547	6.78e-01
NA	/data/songy4/twas/output/weights//ENSG00000118507.wgt.RDat	ENSG00000118507	6	131456806	131604675	0.1357	rs13193246	 2.61	rs497082	 8.78e-03	  5.53	 1.3269	 474	 26	enet	0.065	1.1e-18	  0.34306	7.32e-01
NA	/data/songy4/twas/output/weights//ENSG00000118520.wgt.RDat	ENSG00000118520	6	131894284	131905472	0.2159	rs4897554	-2.64	rs2246012	 2.88e-01	-18.15	 0.0296	 404	  4	lasso	0.29	1.5e-86	  0.02462	9.80e-01
NA	/data/songy4/twas/output/weights//ENSG00000112282.wgt.RDat	ENSG00000112282	6	131895106	131949369	0.2200	rs4897554	-2.64	rs2245133	 2.85e-01	-18.19	-0.0597	 420	  6	lasso	0.29	9.2e-87	 -0.20908	8.34e-01
NA	/data/songy4/twas/output/weights//ENSG00000118523.wgt.RDat	ENSG00000118523	6	132269316	132272513	0.0364	rs6917708	-2.72	rs170881	 2.42e-02	 -5.48	-1.0588	 419	  1	top1	0.024	8.2e-08	  1.05882	2.90e-01
NA	/data/songy4/twas/output/weights//ENSG00000079950.wgt.RDat	ENSG00000079950	6	132767006	132834337	0.0226	rs885488	 3.51	rs2842891	 9.94e-03	 -4.40	 0.3279	 589	 13	enet	0.017	7.3e-06	 -0.13097	8.96e-01
NA	/data/songy4/twas/output/weights//ENSG00000112299.wgt.RDat	ENSG00000112299	6	133002729	133035188	0.5822	rs885488	 3.51	rs4897612	 4.50e-01	 22.68	 0.8400	 544	 56	enet	0.71	2.5e-305	  1.58431	1.13e-01
NA	/data/songy4/twas/output/weights//ENSG00000093134.wgt.RDat	ENSG00000093134	6	133043926	133055904	0.4642	rs885488	 3.51	rs6569843	 4.67e-01	-23.06	 1.7115	 533	 10	lasso	0.51	3.2e-179	 -1.52642	1.27e-01
NA	/data/songy4/twas/output/weights//ENSG00000112303.wgt.RDat	ENSG00000112303	6	133065009	133084598	0.4698	rs885488	 3.51	rs1883617	 3.75e-01	-20.74	 1.6952	 542	 35	enet	0.44	1.2e-144	 -1.22970	2.19e-01
NA	/data/songy4/twas/output/weights//ENSG00000146409.wgt.RDat	ENSG00000146409	6	133090509	133119701	0.4519	rs885488	 3.51	rs12204740	 4.53e-01	-22.89	-1.0677	 559	 15	enet	0.48	2.7e-162	  0.98249	3.26e-01
NA	/data/songy4/twas/output/weights//ENSG00000112306.wgt.RDat	ENSG00000112306	6	133135580	133138703	0.0255	rs885488	 3.51	rs9493458	 1.37e-02	  5.08	 0.8317	 556	  1	top1	0.014	4.4e-05	  0.83168	4.06e-01
NA	/data/songy4/twas/output/weights//ENSG00000028839.wgt.RDat	ENSG00000028839	6	134273308	134311570	0.0345	rs1208276	 2.76	rs228867	 4.17e-02	  6.98	-0.4660	 460	  1	top1	0.042	2.1e-12	 -0.46602	6.41e-01
NA	/data/songy4/twas/output/weights//ENSG00000118515.wgt.RDat	ENSG00000118515	6	134490384	134639250	0.2412	rs1208276	 2.76	rs17827161	 1.17e-01	 11.71	 0.3522	 504	 33	enet	0.13	7e-38	  0.43259	6.65e-01
NA	/data/songy4/twas/output/weights//ENSG00000118514.wgt.RDat	ENSG00000118514	6	135238528	135271260	0.2704	rs6923895	 2.21	rs9399129	 5.57e-01	-25.31	 0.0833	 424	 28	enet	0.58	5.3e-215	 -0.13554	8.92e-01
NA	/data/songy4/twas/output/weights//ENSG00000112339.wgt.RDat	ENSG00000112339	6	135281516	135424194	0.1646	rs6923895	 2.21	rs1590975	 2.27e-01	-16.09	 0.0833	 426	 37	enet	0.25	1.6e-72	 -0.15885	8.74e-01
NA	/data/songy4/twas/output/weights//ENSG00000135541.wgt.RDat	ENSG00000135541	6	135604670	135818914	0.5973	rs9399154	 2.25	rs7759971	 6.92e-01	-28.19	 0.2381	 456	 37	enet	0.71	5.7e-311	 -0.08949	9.29e-01
NA	/data/songy4/twas/output/weights//ENSG00000197442.wgt.RDat	ENSG00000197442	6	136878185	137113656	0.1713	rs175769	-3.87	rs3903660	 2.80e-01	-18.12	 3.1010	 434	 10	enet	0.29	1.6e-85	 -3.39309	6.91e-04
NA	/data/songy4/twas/output/weights//ENSG00000112357.wgt.RDat	ENSG00000112357	6	137143717	137235075	0.0814	rs175769	-3.87	rs11963487	 5.76e-02	  8.26	 0.1961	 446	  6	lasso	0.069	9.8e-20	  0.96282	3.36e-01
NA	/data/songy4/twas/output/weights//ENSG00000182747.wgt.RDat	ENSG00000182747	6	137243402	137246777	0.1502	rs175769	-3.87	rs12191772	 1.01e-01	-10.84	-2.1528	 434	  1	top1	0.1	2.6e-28	  2.15278	3.13e-02
NA	/data/songy4/twas/output/weights//ENSG00000051620.wgt.RDat	ENSG00000051620	6	138724668	138743334	0.3954	rs1188866	 3.04	rs4896353	 4.68e-01	-23.44	 0.1667	 474	 35	enet	0.49	3.5e-167	 -0.07174	9.43e-01
NA	/data/songy4/twas/output/weights//ENSG00000135540.wgt.RDat	ENSG00000135540	6	138743180	139013708	0.1453	rs1188866	 3.04	rs4397246	 6.98e-02	 -9.09	-1.4261	 584	 54	enet	0.079	2.2e-22	  1.34102	1.80e-01
NA	/data/songy4/twas/output/weights//ENSG00000024862.wgt.RDat	ENSG00000024862	6	139094657	139114456	0.0667	rs1188866	 3.04	rs11759005	 5.28e-02	  7.93	-0.3502	 446	  1	top1	0.053	2.5e-15	 -0.35019	7.26e-01
NA	/data/songy4/twas/output/weights//ENSG00000203734.wgt.RDat	ENSG00000203734	6	139117063	139225207	0.0563	rs1188866	 3.04	rs7773485	 6.39e-02	  8.96	-0.2083	 491	  1	top1	0.064	2.9e-18	 -0.20833	8.35e-01
NA	/data/songy4/twas/output/weights//ENSG00000135597.wgt.RDat	ENSG00000135597	6	139224630	139309398	0.1991	rs1188866	 3.04	rs7769274	 9.39e-02	 10.50	-2.2923	 503	 86	enet	0.17	1.2e-48	 -2.86847	4.12e-03
NA	/data/songy4/twas/output/weights//ENSG00000146386.wgt.RDat	ENSG00000146386	6	139349819	139364439	0.2018	rs1188866	 3.04	rs7769010	 1.23e-01	-12.53	-0.8462	 477	 44	enet	0.21	5.2e-61	 -0.05647	9.55e-01
NA	/data/songy4/twas/output/weights//ENSG00000164440.wgt.RDat	ENSG00000164440	6	139561198	139613276	0.1263	rs1188866	 3.04	rs11155053	 4.77e-02	  7.57	-1.9763	 490	 34	enet	0.075	3.3e-21	 -1.19181	2.33e-01
NA	/data/songy4/twas/output/weights//ENSG00000164442.wgt.RDat	ENSG00000164442	6	139693393	139695757	0.0563	rs1188866	 3.04	rs12198662	 2.28e-02	 -5.70	-1.0149	 470	  1	top1	0.023	1.9e-07	  1.01493	3.10e-01
NA	/data/songy4/twas/output/weights//ENSG00000112414.wgt.RDat	ENSG00000112414	6	142622991	142767403	0.2261	rs262130	 2.61	rs17071756	 2.78e-01	-17.89	 1.7436	 443	  6	lasso	0.28	1.2e-83	 -1.68398	9.22e-02
NA	/data/songy4/twas/output/weights//ENSG00000146416.wgt.RDat	ENSG00000146416	6	143381633	143661441	0.0700	rs17072527	 2.82	rs4896618	 3.24e-02	  6.34	-0.4516	 663	  1	top1	0.032	5.8e-10	 -0.45161	6.52e-01
NA	/data/songy4/twas/output/weights//ENSG00000189007.wgt.RDat	ENSG00000189007	6	143743969	143771810	0.0349	rs17072527	 2.82	rs2496589	 2.79e-02	  5.87	-0.5943	 526	  5	lasso	0.033	4.5e-10	 -1.17309	2.41e-01
NA	/data/songy4/twas/output/weights//ENSG00000001036.wgt.RDat	ENSG00000001036	6	143815948	143832827	0.0210	rs17072527	 2.82	rs11155297	 1.52e-02	  4.84	-0.0472	 525	  1	top1	0.015	1.8e-05	 -0.04717	9.62e-01
NA	/data/songy4/twas/output/weights//ENSG00000112419.wgt.RDat	ENSG00000112419	6	143857982	144152322	0.0381	rs17072527	 2.82	rs4896665	 4.28e-02	 -7.16	-0.5844	 623	  1	top1	0.043	1.1e-12	  0.58442	5.59e-01
NA	/data/songy4/twas/output/weights//ENSG00000118495.wgt.RDat	ENSG00000118495	6	144261437	144385735	0.4017	rs6570569	-2.67	rs17616841	 1.64e-01	-13.75	 0.7126	 503	 11	lasso	0.23	3.6e-66	  0.11414	9.09e-01
NA	/data/songy4/twas/output/weights//ENSG00000112425.wgt.RDat	ENSG00000112425	6	145822719	146057160	0.2374	rs9484972	-2.08	rs6570726	 2.91e-01	-18.53	-0.3158	 400	 18	enet	0.33	1.8e-101	  0.08569	9.32e-01
NA	/data/songy4/twas/output/weights//ENSG00000118496.wgt.RDat	ENSG00000118496	6	146114638	146135889	0.0914	rs9484972	-2.08	rs12200607	 6.71e-02	 -8.97	 0.7895	 272	  1	top1	0.067	3.9e-19	 -0.78947	4.30e-01
NA	/data/songy4/twas/output/weights//ENSG00000111961.wgt.RDat	ENSG00000111961	6	148593440	148873186	0.0865	rs539839	 3.65	rs17712470	 1.52e-02	  5.51	 1.4174	 826	 32	enet	0.037	4.2e-11	  1.74920	8.03e-02
NA	/data/songy4/twas/output/weights//ENSG00000111962.wgt.RDat	ENSG00000111962	6	149068464	149398126	0.1825	rs6931504	 3.53	rs1483159	 6.05e-02	  9.65	-0.2430	 762	 10	lasso	0.15	1.1e-43	 -0.94990	3.42e-01
NA	/data/songy4/twas/output/weights//ENSG00000055208.wgt.RDat	ENSG00000055208	6	149539777	149732749	0.0598	rs9377188	-3.16	rs12205218	 1.81e-02	  4.83	-0.2039	 580	  1	top1	0.018	3e-06	 -0.20388	8.38e-01
NA	/data/songy4/twas/output/weights//ENSG00000178199.wgt.RDat	ENSG00000178199	6	149768794	149806197	0.1494	rs9377188	-3.16	rs2880075	 7.45e-02	  9.45	 0.8485	 470	  7	lasso	0.1	2.7e-29	  0.56667	5.71e-01
NA	/data/songy4/twas/output/weights//ENSG00000131013.wgt.RDat	ENSG00000131013	6	149825869	149867174	0.1314	rs9377188	-3.16	rs9404042	 1.01e-01	-11.19	 0.5462	 453	  9	lasso	0.11	7.5e-30	 -0.83250	4.05e-01
NA	/data/songy4/twas/output/weights//ENSG00000055211.wgt.RDat	ENSG00000055211	6	149887430	149912884	0.1201	rs9285516	-3.02	rs9689084	 2.95e-01	-18.69	 0.7480	 444	 30	enet	0.31	2.7e-93	 -0.63824	5.23e-01
NA	/data/songy4/twas/output/weights//ENSG00000131023.wgt.RDat	ENSG00000131023	6	149979289	150039392	0.0155	rs9383862	 2.58	rs9285521	 1.25e-02	  4.69	 0.4800	 490	  1	top1	0.012	9.3e-05	  0.48000	6.31e-01
NA	/data/songy4/twas/output/weights//ENSG00000120253.wgt.RDat	ENSG00000120253	6	150045451	150070801	0.0878	rs9383862	 2.58	rs9479094	 2.58e-01	-17.19	 0.6224	 474	  1	top1	0.26	8e-76	 -0.62245	5.34e-01
NA	/data/songy4/twas/output/weights//ENSG00000120265.wgt.RDat	ENSG00000120265	6	150070579	150132556	0.0103	rs9383862	 2.58	rs12212415	 2.24e-03	 -3.98	-1.3173	 498	  7	enet	0.0028	0.041	  1.09985	2.71e-01
NA	/data/songy4/twas/output/weights//ENSG00000131019.wgt.RDat	ENSG00000131019	6	150384286	150390231	0.1700	rs7757381	 2.81	rs2009345	 1.09e-01	 11.27	-0.9192	 576	  6	lasso	0.13	7.9e-36	 -1.06323	2.88e-01
NA	/data/songy4/twas/output/weights//ENSG00000198729.wgt.RDat	ENSG00000198729	6	150464212	150571493	0.0736	rs7757381	 2.81	rs9371787	 9.10e-03	  5.07	 1.3271	 679	  6	lasso	0.024	8.7e-08	  0.57700	5.64e-01
NA	/data/songy4/twas/output/weights//ENSG00000120254.wgt.RDat	ENSG00000120254	6	151186685	151423023	0.0957	rs9479008	-4.04	rs13201018	 7.16e-02	  9.34	-1.6022	 839	  9	enet	0.084	1.1e-23	 -1.90272	5.71e-02
NA	/data/songy4/twas/output/weights//ENSG00000181472.wgt.RDat	ENSG00000181472	6	151685252	151712683	0.0283	rs9479008	-4.04	rs10872670	 1.17e-02	  4.44	-1.4737	 622	  1	top1	0.012	0.00015	 -1.47368	1.41e-01
NA	/data/songy4/twas/output/weights//ENSG00000155906.wgt.RDat	ENSG00000155906	6	151725989	151773259	0.1883	rs9479008	-4.04	rs6916340	 2.16e-01	-15.70	 0.4200	 614	  4	lasso	0.22	5.5e-64	 -0.50706	6.12e-01
NA	/data/songy4/twas/output/weights//ENSG00000146476.wgt.RDat	ENSG00000146476	6	151773422	151791236	0.1136	rs9479008	-4.04	rs3800278	 7.60e-02	  9.43	 0.7917	 584	  5	lasso	0.089	4.1e-25	  0.31455	7.53e-01
NA	/data/songy4/twas/output/weights//ENSG00000120262.wgt.RDat	ENSG00000120262	6	151815165	151942328	0.2003	rs9479008	-4.04	rs17081262	 9.66e-02	 10.77	 0.6761	 617	 48	enet	0.14	2.1e-39	  0.38829	6.98e-01
NA	/data/songy4/twas/output/weights//ENSG00000091831.wgt.RDat	ENSG00000091831	6	151977826	152450754	0.1139	rs9479008	-4.04	rs6899458	 8.03e-02	-10.02	-0.8947	 862	  5	lasso	0.11	9e-30	  0.74580	4.56e-01
NA	/data/songy4/twas/output/weights//ENSG00000131018.wgt.RDat	ENSG00000131018	6	152442819	152958936	0.0410	rs12201994	-3.14	rs9383626	 2.74e-02	  5.72	 1.1399	 893	 12	enet	0.034	2.9e-10	  0.31881	7.50e-01
NA	/data/songy4/twas/output/weights//ENSG00000120279.wgt.RDat	ENSG00000120279	6	153019030	153045702	0.0217	rs12201994	-3.14	rs2800637	 6.37e-03	  4.47	 0.0741	 614	  1	top1	0.0064	0.0041	  0.07412	9.41e-01
NA	/data/songy4/twas/output/weights//ENSG00000112031.wgt.RDat	ENSG00000112031	6	153308497	153323820	0.5812	rs6908893	 3.25	rs6921137	 6.36e-01	 26.91	-0.3200	 549	  9	lasso	0.73	0	  0.25785	7.97e-01
NA	/data/songy4/twas/output/weights//ENSG00000091844.wgt.RDat	ENSG00000091844	6	153325594	153452384	0.4121	rs6908893	 3.25	rs596359	 4.66e-01	 23.05	-0.8911	 608	  5	lasso	0.47	1.2e-160	 -0.80644	4.20e-01
NA	/data/songy4/twas/output/weights//ENSG00000074706.wgt.RDat	ENSG00000074706	6	154475631	154677926	0.0435	rs7749948	-3.09	rs4610580	 6.83e-03	  4.30	 0.1643	 596	  8	lasso	0.024	1.1e-07	 -0.58560	5.58e-01
NA	/data/songy4/twas/output/weights//ENSG00000153721.wgt.RDat	ENSG00000153721	6	154708638	154831793	0.1511	rs7749948	-3.09	rs12665520	 1.34e-01	-12.49	-0.5652	 553	 10	enet	0.16	3.1e-45	 -0.05905	9.53e-01
NA	/data/songy4/twas/output/weights//ENSG00000213079.wgt.RDat	ENSG00000213079	6	155054459	155155192	0.0344	rs7749948	-3.09	rs9371823	 1.08e-02	  5.46	 2.1667	 535	 12	enet	0.012	0.00011	  1.91054	5.61e-02
NA	/data/songy4/twas/output/weights//ENSG00000146426.wgt.RDat	ENSG00000146426	6	155153831	155578857	0.7140	rs7749948	-3.09	rs7742211	 8.58e-02	-13.55	 1.0392	 684	144	enet	0.52	2.8e-184	  0.02130	9.83e-01
NA	/data/songy4/twas/output/weights//ENSG00000029639.wgt.RDat	ENSG00000029639	6	155578643	155635627	0.1243	rs7756511	 2.86	rs1334688	 6.56e-02	 -9.36	-0.4375	 535	 49	enet	0.091	1.6e-25	  0.57370	5.66e-01
NA	/data/songy4/twas/output/weights//ENSG00000171217.wgt.RDat	ENSG00000171217	6	155585147	155597682	0.0444	rs7756511	 2.86	rs162979	 9.64e-03	  5.21	 0.5350	 511	 25	enet	0.018	2.9e-06	 -0.65482	5.13e-01
NA	/data/songy4/twas/output/weights//ENSG00000215712.wgt.RDat	ENSG00000215712	6	157710418	157744633	0.2496	rs6941159	-3.05	rs3199374	 2.05e-01	 15.30	-0.0807	 410	  1	top1	0.21	7.4e-59	 -0.08075	9.36e-01
NA	/data/songy4/twas/output/weights//ENSG00000175048.wgt.RDat	ENSG00000175048	6	157802165	158099178	0.0597	rs6941159	-3.05	rs9457464	 2.96e-02	 -6.17	 0.0803	 560	  1	top1	0.03	3.1e-09	 -0.08029	9.36e-01
NA	/data/songy4/twas/output/weights//ENSG00000078269.wgt.RDat	ENSG00000078269	6	158402888	158520208	0.3271	rs12202135	-2.26	rs1744177	 3.70e-01	 20.56	 0.0679	 617	 49	enet	0.38	1.4e-118	 -0.15812	8.74e-01
NA	/data/songy4/twas/output/weights//ENSG00000122335.wgt.RDat	ENSG00000122335	6	158530536	158589312	0.7266	rs12202135	-2.26	rs6929274	 3.16e-01	-19.00	-1.4340	 582	 66	enet	0.56	3.8e-206	  2.10069	3.57e-02
NA	/data/songy4/twas/output/weights//ENSG00000272047.wgt.RDat	ENSG00000272047	6	158589384	158620376	0.1756	rs12202135	-2.26	rs662185	 9.48e-02	 10.52	 1.4623	 544	  6	lasso	0.13	1.3e-37	  1.36271	1.73e-01
NA	/data/songy4/twas/output/weights//ENSG00000130338.wgt.RDat	ENSG00000130338	6	158733692	158932860	0.0766	rs7774277	 4.05	rs4478433	 3.62e-02	 -7.28	-1.0175	 591	  5	lasso	0.057	1.9e-16	  1.15182	2.49e-01
NA	/data/songy4/twas/output/weights//ENSG00000130363.wgt.RDat	ENSG00000130363	6	159393903	159421219	0.4340	rs7774277	 4.05	rs12204826	 3.14e-01	-18.89	 0.1839	 556	 14	lasso	0.33	1.6e-100	 -0.24978	8.03e-01
NA	/data/songy4/twas/output/weights//ENSG00000164691.wgt.RDat	ENSG00000164691	6	159455500	159466184	0.0929	rs7774277	 4.05	rs926657	 6.92e-02	 -9.16	 1.1531	 564	  1	top1	0.069	1.1e-19	 -1.15306	2.49e-01
NA	/data/songy4/twas/output/weights//ENSG00000112096.wgt.RDat	ENSG00000112096	6	160090089	160183561	0.0314	rs10455776	 2.52	rs7855	 3.24e-02	 -6.27	 0.4802	 622	  1	top1	0.032	5.9e-10	 -0.48016	6.31e-01
NA	/data/songy4/twas/output/weights//ENSG00000146457.wgt.RDat	ENSG00000146457	6	160146617	160177351	0.3111	rs10455776	 2.52	rs6925350	 1.10e-01	 11.27	-2.2661	 561	 65	enet	0.19	7.5e-54	 -2.25648	2.40e-02
NA	/data/songy4/twas/output/weights//ENSG00000120437.wgt.RDat	ENSG00000120437	6	160181360	160200144	0.0626	rs10455776	 2.52	rs13202042	 8.26e-02	  9.87	-1.8229	 569	  1	top1	0.083	2.7e-23	 -1.82292	6.83e-02
NA	/data/songy4/twas/output/weights//ENSG00000112110.wgt.RDat	ENSG00000112110	6	160210844	160219468	0.2815	rs10455776	 2.52	rs2273827	 4.00e-01	 21.40	 0.1351	 565	  2	lasso	0.4	1.8e-128	  0.16469	8.69e-01
NA	/data/songy4/twas/output/weights//ENSG00000146453.wgt.RDat	ENSG00000146453	6	160221298	160241736	0.0812	rs10455776	 2.52	rs6910976	 3.32e-02	 -6.96	-2.3917	 577	 15	enet	0.044	6.9e-13	  1.90818	5.64e-02
NA	/data/songy4/twas/output/weights//ENSG00000175003.wgt.RDat	ENSG00000175003	6	160542821	160579750	0.2562	rs6929124	-2.51	rs2297362	 9.68e-02	-11.07	-0.4657	 547	 44	enet	0.15	1.5e-43	  0.65969	5.09e-01
NA	/data/songy4/twas/output/weights//ENSG00000146477.wgt.RDat	ENSG00000146477	6	160769300	160876014	0.0257	rs3798221	 2.29	rs2457552	 2.12e-02	  5.33	-1.5391	 585	  9	lasso	0.023	1.9e-07	 -1.19307	2.33e-01
NA	/data/songy4/twas/output/weights//ENSG00000112531.wgt.RDat	ENSG00000112531	6	163835032	163999628	0.4854	rs17449245	-3.45	rs2759386	 4.63e-01	-22.98	 0.5291	 705	 10	lasso	0.47	4.2e-159	 -0.48691	6.26e-01
NA	/data/songy4/twas/output/weights//ENSG00000164458.wgt.RDat	ENSG00000164458	6	166571144	166582188	0.0354	rs9348131	-2.89	rs9365987	 8.08e-03	  5.45	 1.8505	 695	  3	lasso	0.0091	0.00075	  1.86386	6.23e-02
NA	/data/songy4/twas/output/weights//ENSG00000198818.wgt.RDat	ENSG00000198818	6	166733216	166756079	0.3187	rs9457203	-3.13	rs9356478	 1.78e-01	-14.41	-1.1478	 736	 24	enet	0.28	3.2e-84	  2.24932	2.45e-02
NA	/data/songy4/twas/output/weights//ENSG00000060762.wgt.RDat	ENSG00000060762	6	166778407	166796486	0.2998	rs9457203	-3.13	rs911200	 2.99e-01	 18.53	 1.7196	 739	 35	enet	0.32	1e-98	  2.21374	2.68e-02
NA	/data/songy4/twas/output/weights//ENSG00000071242.wgt.RDat	ENSG00000071242	6	166822852	167319939	0.1533	rs9457203	-3.13	rs2149085	 1.41e-01	 12.90	 0.7872	1008	 59	enet	0.14	6.8e-40	  0.48472	6.28e-01
NA	/data/songy4/twas/output/weights//ENSG00000249141.wgt.RDat	ENSG00000249141	6	167271582	167369612	0.3926	rs35455379	 3.28	rs429083	 2.42e-01	 16.65	 0.8280	 727	 50	enet	0.37	1.9e-116	  0.82313	4.10e-01
NA	/data/songy4/twas/output/weights//ENSG00000026297.wgt.RDat	ENSG00000026297	6	167342992	167370679	0.6258	rs35455379	 3.28	rs429083	 7.75e-01	 29.72	 0.8280	 704	  1	top1	0.78	0	  0.82796	4.08e-01
NA	/data/songy4/twas/output/weights//ENSG00000213066.wgt.RDat	ENSG00000213066	6	167412670	167466201	0.3255	rs35455379	 3.28	rs4710184	 1.01e-01	 11.42	 1.3590	 632	 41	enet	0.22	3.2e-63	 -0.24802	8.04e-01
NA	/data/songy4/twas/output/weights//ENSG00000112486.wgt.RDat	ENSG00000112486	6	167525295	167553184	0.0511	rs35455379	 3.28	rs2023305	 1.46e-02	  5.75	 0.2316	 542	  5	lasso	0.035	1.3e-10	 -0.12908	8.97e-01
NA	/data/songy4/twas/output/weights//ENSG00000166984.wgt.RDat	ENSG00000166984	6	167559902	167610401	0.0398	rs35455379	 3.28	rs6935031	 2.06e-02	  5.60	 2.2000	 523	  1	top1	0.021	7.1e-07	  2.20000	2.78e-02
NA	/data/songy4/twas/output/weights//ENSG00000203690.wgt.RDat	ENSG00000203690	6	167770521	167797998	0.0284	rs35455379	 3.28	rs3817767	 7.93e-03	  4.45	 1.8667	 418	  1	top1	0.0079	0.0015	  1.86667	6.19e-02
NA	/data/songy4/twas/output/weights//ENSG00000130396.wgt.RDat	ENSG00000130396	6	168227602	168372703	0.5780	rs9455996	-3.73	rs649905	 1.87e-01	 14.64	 1.2117	 530	 84	enet	0.44	4.7e-145	  1.25064	2.11e-01
NA	/data/songy4/twas/output/weights//ENSG00000112562.wgt.RDat	ENSG00000112562	6	168841831	169073984	0.0293	rs9455996	-3.73	rs13197896	 1.83e-03	  3.89	 1.4206	 821	 14	enet	0.0051	0.0089	  0.78320	4.34e-01
NA	/data/songy4/twas/output/weights//ENSG00000184465.wgt.RDat	ENSG00000184465	6	169857307	170102159	0.0643	rs13203299	-2.64	rs2494688	 2.31e-02	 -6.32	-1.9624	 683	  6	lasso	0.04	7.1e-12	  0.77869	4.36e-01
NA	/data/songy4/twas/output/weights//ENSG00000185127.wgt.RDat	ENSG00000185127	6	170102233	170106401	0.1249	rs9406333	 2.56	rs3211062	 1.08e-01	 11.34	-1.9223	 486	  6	lasso	0.12	9.5e-34	 -1.47379	1.41e-01
NA	/data/songy4/twas/output/weights//ENSG00000130024.wgt.RDat	ENSG00000130024	6	170104001	170124151	0.1229	rs9406333	 2.56	rs7773552	 1.74e-01	 14.62	-1.7677	 495	  8	lasso	0.2	6e-56	 -1.68180	9.26e-02
NA	/data/songy4/twas/output/weights//ENSG00000130023.wgt.RDat	ENSG00000130023	6	170151718	170181680	0.0393	rs9406333	 2.56	rs6941766	 2.69e-02	  5.74	-0.8456	 477	  1	top1	0.027	1.6e-08	 -0.84564	3.98e-01
NA	/data/songy4/twas/output/weights//ENSG00000198719.wgt.RDat	ENSG00000198719	6	170591294	170599561	0.1796	rs9460102	 2.51	rs7763693	 6.78e-02	-10.09	 1.5340	 383	 48	enet	0.17	1.9e-48	 -0.72924	4.66e-01
NA	/data/songy4/twas/output/weights//ENSG00000112584.wgt.RDat	ENSG00000112584	6	170599791	170716153	0.0723	rs9460102	 2.51	rs9460121	 3.64e-02	  7.36	-0.0714	 379	 23	enet	0.059	7.6e-17	  0.38019	7.04e-01
NA	/data/songy4/twas/output/weights//ENSG00000008018.wgt.RDat	ENSG00000008018	6	170844205	170862429	0.1647	rs9460102	 2.51	rs756519	 1.78e-01	 14.42	 0.2165	 263	 24	enet	0.2	3.3e-57	  0.26981	7.87e-01
NA	/data/songy4/twas/output/weights//ENSG00000071994.wgt.RDat	ENSG00000071994	6	170884383	170893780	0.0611	rs9460102	 2.51	rs12201680	 3.01e-02	  6.42	-1.1730	 243	  1	top1	0.03	2.3e-09	 -1.17300	2.41e-01
