PANEL	FILE	ID	CHR	P0	P1	HSQ	BEST.GWAS.ID	BEST.GWAS.Z	EQTL.ID	EQTL.R2	EQTL.Z	EQTL.GWAS.Z	NSNP	NWGT	MODEL	MODELCV.R2	MODELCV.PV	TWAS.Z	TWAS.P
NA	/data/songy4/twas/output/weights//ENSG00000176269.wgt.RDat	ENSG00000176269	8	116049	117043	0.2499	rs3735925	 2.91	rs11780869	 0.191335	 14.91	 0.57292	 296	 24	enet	0.22	1.2e-63	 1.15072	2.50e-01
NA	/data/songy4/twas/output/weights//ENSG00000172748.wgt.RDat	ENSG00000172748	8	182137	197342	0.0450	rs3735925	 2.91	rs3750097	 0.043614	 -7.29	-0.01835	 323	  1	top1	0.044	6.7e-13	 0.01835	9.85e-01
NA	/data/songy4/twas/output/weights//ENSG00000147364.wgt.RDat	ENSG00000147364	8	356428	421225	0.0640	rs3735925	 2.91	rs2023410	 0.019996	  4.90	 0.65833	 428	  1	top1	0.02	1e-06	 0.65833	5.10e-01
NA	/data/songy4/twas/output/weights//ENSG00000180190.wgt.RDat	ENSG00000180190	8	439803	495781	0.0906	rs3735925	 2.91	rs1669649	 0.023480	  5.48	-0.24000	 455	 21	enet	0.039	1e-11	-1.32412	1.85e-01
NA	/data/songy4/twas/output/weights//ENSG00000104714.wgt.RDat	ENSG00000104714	8	564746	688106	0.5285	rs3735925	 2.91	rs1669681	 0.416582	-21.79	-1.17000	 599	 74	enet	0.57	8.7e-212	 1.95868	5.01e-02
NA	/data/songy4/twas/output/weights//ENSG00000182372.wgt.RDat	ENSG00000182372	8	1703944	1734738	0.2387	rs17829719	 3.39	rs7842425	 0.184082	-14.71	-3.14019	 630	 10	lasso	0.23	5.4e-68	 3.30930	9.35e-04
NA	/data/songy4/twas/output/weights//ENSG00000104728.wgt.RDat	ENSG00000104728	8	1772142	1906807	0.3579	rs17829719	 3.39	rs7007884	 0.223082	 15.98	-0.76786	 626	 37	enet	0.24	1.2e-68	-0.93879	3.48e-01
NA	/data/songy4/twas/output/weights//ENSG00000176595.wgt.RDat	ENSG00000176595	8	1922044	1955102	0.3613	rs17829719	 3.39	rs9314445	 0.096804	 10.63	 0.30303	 560	102	enet	0.24	7e-71	 1.09954	2.72e-01
NA	/data/songy4/twas/output/weights//ENSG00000036448.wgt.RDat	ENSG00000036448	8	1993155	2113475	0.6053	rs17829719	 3.39	rs9314453	 0.449257	 22.63	 0.33962	 568	 85	enet	0.69	2.6e-289	-0.27268	7.85e-01
NA	/data/songy4/twas/output/weights//ENSG00000183117.wgt.RDat	ENSG00000183117	8	2792875	4852494	0.3383	rs7837233	 3.48	rs10503195	 0.055140	 10.03	-0.61972	3136	 77	enet	0.25	1.3e-71	-0.38370	7.01e-01
NA	/data/songy4/twas/output/weights//ENSG00000147316.wgt.RDat	ENSG00000147316	8	6264113	6501144	0.1286	rs4841750	-3.53	rs2440424	 0.117275	 12.40	-0.25000	1116	 27	enet	0.14	4.2e-40	 0.36396	7.16e-01
NA	/data/songy4/twas/output/weights//ENSG00000091879.wgt.RDat	ENSG00000091879	8	6357172	6420930	0.1130	rs4841750	-3.53	rs2440414	 0.048664	  8.24	-0.52459	 981	 57	enet	0.054	1.3e-15	-0.09745	9.22e-01
NA	/data/songy4/twas/output/weights//ENSG00000155189.wgt.RDat	ENSG00000155189	8	6565878	6617184	0.0422	rs4841750	-3.53	rs2912091	 0.000243	  3.90	-0.07801	 807	  8	enet	0.00057	0.2	-1.21647	2.24e-01
NA	/data/songy4/twas/output/weights//ENSG00000240247.wgt.RDat	ENSG00000240247	8	6854288	6875778	0.0458	rs2515458	 3.50	rs10095331	 0.000307	 -3.90	-0.71774	 548	  1	top1	0.00031	0.25	 0.71774	4.73e-01
NA	/data/songy4/twas/output/weights//ENSG00000239839.wgt.RDat	ENSG00000239839	8	6873391	6875823	0.3197	rs2515458	 3.50	rs6605579	 0.114456	-12.41	-0.35593	 522	 79	enet	0.26	3.2e-78	 0.81092	4.17e-01
NA	/data/songy4/twas/output/weights//ENSG00000215356.wgt.RDat	ENSG00000215356	8	7783859	7812271	0.0306	rs2921077	 4.08	rs2979234	 0.000703	  3.24	 0.72727	 142	 17	enet	0.0012	0.13	 2.60100	9.30e-03
NA	/data/songy4/twas/output/weights//ENSG00000253958.wgt.RDat	ENSG00000253958	8	8559448	8561616	0.2416	rs2921077	 4.08	rs6994742	 0.104458	 11.41	-1.00000	 629	 31	enet	0.17	1.6e-48	 0.77557	4.38e-01
NA	/data/songy4/twas/output/weights//ENSG00000147324.wgt.RDat	ENSG00000147324	8	8640864	8751155	0.3016	rs2921077	 4.08	rs17697237	 0.150909	-13.24	-0.00901	 768	 74	enet	0.26	3.3e-76	 0.52866	5.97e-01
NA	/data/songy4/twas/output/weights//ENSG00000104626.wgt.RDat	ENSG00000104626	8	8859657	8974256	0.1241	rs7824019	 3.46	rs2288671	 0.084779	 10.46	 1.80583	 767	 39	enet	0.11	6.2e-30	 1.17117	2.42e-01
NA	/data/songy4/twas/output/weights//ENSG00000173281.wgt.RDat	ENSG00000173281	8	8993765	9009084	0.0777	rs7824019	 3.46	rs2898208	 0.049337	 -7.64	-2.36601	 678	 11	lasso	0.05	1.3e-14	 2.43076	1.51e-02
NA	/data/songy4/twas/output/weights//ENSG00000173273.wgt.RDat	ENSG00000173273	8	9413424	9639856	0.0738	rs11249905	 3.22	rs10090505	 0.024020	 -6.64	 2.63613	 790	 29	enet	0.046	2e-13	-1.62505	1.04e-01
NA	/data/songy4/twas/output/weights//ENSG00000175806.wgt.RDat	ENSG00000175806	8	9911778	10286401	0.1767	rs10110146	 3.18	rs877390	 0.074453	  9.45	-0.45659	 870	  9	lasso	0.094	1.6e-26	-0.49875	6.18e-01
NA	/data/songy4/twas/output/weights//ENSG00000253649.wgt.RDat	ENSG00000253649	8	10340388	10405095	0.3009	rs4841432	-3.07	rs12546950	 0.234280	 16.41	 1.25490	 748	 40	enet	0.25	1.3e-72	 1.09380	2.74e-01
NA	/data/songy4/twas/output/weights//ENSG00000183638.wgt.RDat	ENSG00000183638	8	10463859	10569697	0.2444	rs6986002	-3.72	rs4841398	 0.138333	 12.63	 0.16547	 766	  6	lasso	0.15	1.3e-41	 0.47625	6.34e-01
NA	/data/songy4/twas/output/weights//ENSG00000254093.wgt.RDat	ENSG00000254093	8	10622473	10697394	0.0266	rs6986002	-3.72	rs1864585	 0.006255	 -4.25	-1.81897	 710	  1	top1	0.0063	0.0044	 1.81897	6.89e-02
NA	/data/songy4/twas/output/weights//ENSG00000171044.wgt.RDat	ENSG00000171044	8	10753555	11058875	0.1085	rs17153607	-4.45	rs2409720	 0.080018	-10.37	 0.21154	 843	 24	enet	0.11	9e-30	 0.24913	8.03e-01
NA	/data/songy4/twas/output/weights//ENSG00000104643.wgt.RDat	ENSG00000104643	8	11141925	11185646	0.0677	rs17756892	 6.13	rs2245257	 0.016831	  4.93	-0.85470	 677	 20	enet	0.018	2.9e-06	-0.42135	6.74e-01
NA	/data/songy4/twas/output/weights//ENSG00000177710.wgt.RDat	ENSG00000177710	8	11188397	11189717	0.0729	rs17756892	 6.13	rs1435277	 0.096167	 10.59	-1.97059	 643	  1	top1	0.096	5.2e-27	-1.97059	4.88e-02
NA	/data/songy4/twas/output/weights//ENSG00000154319.wgt.RDat	ENSG00000154319	8	11278972	11332224	0.5288	rs1293298	-8.16	rs4840568	 0.469780	 23.12	 0.99091	 656	 40	enet	0.5	9.8e-173	 0.82409	4.10e-01
NA	/data/songy4/twas/output/weights//ENSG00000136573.wgt.RDat	ENSG00000136573	8	11351510	11422113	0.0883	rs1293298	-8.16	rs13277113	 0.075172	 -9.46	 1.24107	 640	  1	top1	0.075	2.7e-21	-1.24107	2.15e-01
NA	/data/songy4/twas/output/weights//ENSG00000154328.wgt.RDat	ENSG00000154328	8	11627148	11644855	0.4909	rs1293298	-8.16	rs1736067	 0.059765	 -9.32	-5.58475	 476	 41	enet	0.16	4.7e-44	 2.55257	1.07e-02
NA	/data/songy4/twas/output/weights//ENSG00000079459.wgt.RDat	ENSG00000079459	8	11653082	11696818	0.3839	rs1293298	-8.16	rs1736067	 0.286573	-18.46	-5.58475	 469	  9	lasso	0.4	2.8e-128	 6.38704	1.69e-10
NA	/data/songy4/twas/output/weights//ENSG00000164733.wgt.RDat	ENSG00000164733	8	11700033	11726957	0.3102	rs1293298	-8.16	rs1692821	 0.181854	 14.77	-7.91667	 441	 56	enet	0.25	1.5e-73	-8.55380	1.19e-17
NA	/data/songy4/twas/output/weights//ENSG00000223443.wgt.RDat	ENSG00000223443	8	11994677	11996586	0.0514	rs1293298	-8.16	rs12550733	 0.024156	  5.38	-2.76364	 229	  1	top1	0.024	8.2e-08	-2.76364	5.72e-03
NA	/data/songy4/twas/output/weights//ENSG00000186523.wgt.RDat	ENSG00000186523	8	12039605	12051642	0.0858	rs1293298	-8.16	rs4841678	 0.030444	  6.41	 0.37417	 211	 24	enet	0.031	1.5e-09	-0.52318	6.01e-01
NA	/data/songy4/twas/output/weights//ENSG00000145002.wgt.RDat	ENSG00000145002	8	12282913	12293915	0.0276	rs4469501	 3.58	rs11998678	 0.011420	  4.92	 2.67925	 193	  1	top1	0.011	0.00018	 2.67925	7.38e-03
NA	/data/songy4/twas/output/weights//ENSG00000250305.wgt.RDat	ENSG00000250305	8	12803151	12889012	0.1467	rs2073809	-2.85	rs2466273	 0.061545	  8.47	 1.07692	 598	 43	enet	0.093	3.4e-26	-0.19259	8.47e-01
NA	/data/songy4/twas/output/weights//ENSG00000164741.wgt.RDat	ENSG00000164741	8	12940870	13373167	0.0597	rs2073809	-2.85	rs3739300	 0.010693	  4.76	-0.35000	 990	 46	enet	0.018	3e-06	 0.69049	4.90e-01
NA	/data/songy4/twas/output/weights//ENSG00000185053.wgt.RDat	ENSG00000185053	8	13947373	15095848	0.0254	rs1441944	 3.36	rs6530783	-0.000163	  3.76	 0.77660	1526	  1	top1	-0.00016	0.37	 0.77660	4.37e-01
NA	/data/songy4/twas/output/weights//ENSG00000104723.wgt.RDat	ENSG00000104723	8	15274724	15624158	0.1867	rs1353319	-2.79	rs1112883	 0.075643	 10.76	 0.12795	1031	  9	lasso	0.12	1.2e-33	 0.56970	5.69e-01
NA	/data/songy4/twas/output/weights//ENSG00000038945.wgt.RDat	ENSG00000038945	8	15965387	16424999	0.3797	rs535283	-7.80	rs7823625	 0.282348	-17.94	-0.73267	 843	  8	lasso	0.36	1.2e-110	 0.34929	7.27e-01
NA	/data/songy4/twas/output/weights//ENSG00000155970.wgt.RDat	ENSG00000155970	8	16884747	16980153	0.1997	rs535283	-7.80	rs10503589	 0.049623	  8.39	 0.02439	 712	 40	enet	0.15	2.1e-43	 1.84477	6.51e-02
NA	/data/songy4/twas/output/weights//ENSG00000104219.wgt.RDat	ENSG00000104219	8	17013538	17082308	0.3222	rs535283	-7.80	rs2959592	 0.171777	 14.69	 3.39370	 781	  9	lasso	0.23	5.5e-66	 3.43135	6.01e-04
NA	/data/songy4/twas/output/weights//ENSG00000198791.wgt.RDat	ENSG00000198791	8	17086737	17104387	0.0627	rs535283	-7.80	rs17124464	 0.013635	  5.95	 0.39796	 753	  6	lasso	0.033	3.1e-10	 1.34835	1.78e-01
NA	/data/songy4/twas/output/weights//ENSG00000155975.wgt.RDat	ENSG00000155975	8	17104080	17159936	0.0439	rs535283	-7.80	rs6587029	 0.013642	  5.36	-2.01942	 786	 10	enet	0.02	7.9e-07	-1.98193	4.75e-02
NA	/data/songy4/twas/output/weights//ENSG00000003987.wgt.RDat	ENSG00000003987	8	17155539	17271037	0.0568	rs535283	-7.80	rs17125481	 0.010254	  4.92	 0.33577	 860	 38	enet	0.023	1.4e-07	 0.58365	5.59e-01
NA	/data/songy4/twas/output/weights//ENSG00000129422.wgt.RDat	ENSG00000129422	8	17501304	17658426	0.8125	rs730243	 3.50	rs17125481	 0.503651	 24.09	 0.33577	 970	113	enet	0.73	0	-0.13584	8.92e-01
NA	/data/songy4/twas/output/weights//ENSG00000078674.wgt.RDat	ENSG00000078674	8	17780349	17885478	0.0770	rs2283115	-3.21	rs415840	 0.068500	  9.39	-0.20000	 938	  8	lasso	0.071	2.9e-20	-0.46914	6.39e-01
NA	/data/songy4/twas/output/weights//ENSG00000104763.wgt.RDat	ENSG00000104763	8	17913934	17942494	0.3936	rs2283115	-3.21	rs4377998	 0.448134	 22.65	 0.38710	 894	 24	enet	0.45	6.4e-152	 0.37621	7.07e-01
NA	/data/songy4/twas/output/weights//ENSG00000171428.wgt.RDat	ENSG00000171428	8	18027986	18081198	0.0798	rs2283115	-3.21	rs11203943	 0.044161	  7.19	 2.35465	 899	  1	top1	0.044	4.8e-13	 2.35465	1.85e-02
NA	/data/songy4/twas/output/weights//ENSG00000156006.wgt.RDat	ENSG00000156006	8	18248755	18258728	0.0625	rs2283115	-3.21	rs6586746	 0.035437	  7.15	 0.61111	 863	  1	top1	0.035	9.3e-11	 0.61111	5.41e-01
NA	/data/songy4/twas/output/weights//ENSG00000156011.wgt.RDat	ENSG00000156011	8	18384811	18942240	0.0532	rs2283115	-3.21	rs7841005	 0.007637	  4.99	 1.45082	1266	  7	lasso	0.01	0.00036	 1.12145	2.62e-01
NA	/data/songy4/twas/output/weights//ENSG00000104611.wgt.RDat	ENSG00000104611	8	19171128	19253729	0.0803	rs17127331	-3.07	rs10503650	 0.000213	 -4.33	-2.02143	 797	 36	enet	0.016	9.1e-06	 0.59804	5.50e-01
NA	/data/songy4/twas/output/weights//ENSG00000147408.wgt.RDat	ENSG00000147408	8	19261672	19615540	0.5941	rs4922115	 3.12	rs7835354	 0.401363	-21.51	-1.04000	 946	 93	enet	0.54	3.3e-193	 1.09842	2.72e-01
NA	/data/songy4/twas/output/weights//ENSG00000104613.wgt.RDat	ENSG00000104613	8	19674651	19709594	0.2637	rs4922115	 3.12	rs4599828	 0.134503	 12.64	 0.50495	 684	 16	lasso	0.2	4.6e-57	 0.31352	7.54e-01
NA	/data/songy4/twas/output/weights//ENSG00000175445.wgt.RDat	ENSG00000175445	8	19759228	19824769	0.3655	rs4922115	 3.12	rs1569209	 0.219632	 16.41	-0.86228	 697	 49	enet	0.32	6.4e-97	-0.76006	4.47e-01
NA	/data/songy4/twas/output/weights//ENSG00000036565.wgt.RDat	ENSG00000036565	8	20002366	20040717	0.3394	rs4922115	 3.12	rs1497022	 0.322029	 19.47	 0.75510	 660	  6	lasso	0.33	1.1e-102	 0.54309	5.87e-01
NA	/data/songy4/twas/output/weights//ENSG00000061337.wgt.RDat	ENSG00000061337	8	20103676	20161474	0.1909	rs4922115	 3.12	rs903998	 0.071987	  9.33	 0.06202	 660	  3	lasso	0.096	7.5e-27	-0.22659	8.21e-01
NA	/data/songy4/twas/output/weights//ENSG00000168546.wgt.RDat	ENSG00000168546	8	21547915	21669869	0.1918	rs7838257	-3.17	rs1479057	 0.208649	-15.57	 0.11111	 596	 14	enet	0.21	3.8e-60	-0.03483	9.72e-01
NA	/data/songy4/twas/output/weights//ENSG00000147443.wgt.RDat	ENSG00000147443	8	21766384	21771371	0.1820	rs7838257	-3.17	rs17581764	 0.038768	 -8.08	-0.21084	 487	 32	enet	0.13	5.3e-37	-0.25493	7.99e-01
NA	/data/songy4/twas/output/weights//ENSG00000130227.wgt.RDat	ENSG00000130227	8	21777180	21864096	0.0233	rs10101909	-3.47	rs1479057	 0.005132	 -4.76	 0.11111	 512	  5	lasso	0.011	0.00028	-0.14893	8.82e-01
NA	/data/songy4/twas/output/weights//ENSG00000158806.wgt.RDat	ENSG00000158806	8	21881636	21894408	0.0563	rs10101909	-3.47	rs10503716	 0.017001	 -5.07	-0.07634	 444	 18	enet	0.032	7e-10	 0.98933	3.22e-01
NA	/data/songy4/twas/output/weights//ENSG00000158863.wgt.RDat	ENSG00000158863	8	21946670	21962409	0.0439	rs746011	 5.42	rs1552284	 0.041951	  7.76	 1.72000	 445	  7	enet	0.045	2.3e-13	 1.93004	5.36e-02
NA	/data/songy4/twas/output/weights//ENSG00000168476.wgt.RDat	ENSG00000168476	8	21995533	21999464	0.2316	rs3736147	 5.54	rs12676497	 0.173358	 14.08	-3.00725	 458	  1	top1	0.17	3.7e-49	-3.00725	2.64e-03
NA	/data/songy4/twas/output/weights//ENSG00000168487.wgt.RDat	ENSG00000168487	8	22022249	22069839	0.2843	rs2280104	 5.67	rs1124	 0.130096	 12.33	 0.33962	 485	 71	enet	0.16	6.5e-45	 0.72194	4.70e-01
NA	/data/songy4/twas/output/weights//ENSG00000168495.wgt.RDat	ENSG00000168495	8	22102617	22112113	0.0336	rs2280104	 5.67	rs9173	 0.046950	  7.39	-0.61165	 479	  1	top1	0.047	8.9e-14	-0.61165	5.41e-01
NA	/data/songy4/twas/output/weights//ENSG00000197181.wgt.RDat	ENSG00000197181	8	22132810	22215076	0.0728	rs2280104	 5.67	rs7015860	 0.029647	 -5.98	 0.41204	 529	  4	lasso	0.034	2e-10	-0.55208	5.81e-01
NA	/data/songy4/twas/output/weights//ENSG00000104635.wgt.RDat	ENSG00000104635	8	22224762	22291642	0.1050	rs2280104	 5.67	rs896378	 0.080233	 -9.63	 1.74747	 550	  4	lasso	0.081	8.7e-23	-1.91473	5.55e-02
NA	/data/songy4/twas/output/weights//ENSG00000241852.wgt.RDat	ENSG00000241852	8	22457114	22461663	0.0785	rs2280104	 5.67	rs3735894	 0.069817	  9.16	 5.24242	 525	  5	lasso	0.075	2.6e-21	 5.91339	3.35e-09
NA	/data/songy4/twas/output/weights//ENSG00000158941.wgt.RDat	ENSG00000158941	8	22462145	22479027	0.1209	rs2280104	 5.67	rs1545837	 0.143353	-12.86	 5.39175	 533	  1	top1	0.14	2.6e-40	-5.39175	6.98e-08
NA	/data/songy4/twas/output/weights//ENSG00000147439.wgt.RDat	ENSG00000147439	8	22477931	22526661	0.0618	rs2280104	 5.67	rs17674754	 0.021808	  6.30	-0.13636	 539	 15	enet	0.036	5.6e-11	 2.25463	2.42e-02
NA	/data/songy4/twas/output/weights//ENSG00000120889.wgt.RDat	ENSG00000120889	8	22877646	22926692	0.4368	rs2280104	 5.67	rs4268128	 0.404093	 21.54	-0.15833	 635	 24	enet	0.42	7.1e-138	-0.03682	9.71e-01
NA	/data/songy4/twas/output/weights//ENSG00000173535.wgt.RDat	ENSG00000173535	8	22941868	22974950	0.1292	rs2280104	 5.67	rs4268128	 0.087362	-10.54	-0.15833	 648	  1	top1	0.087	1.3e-24	 0.15833	8.74e-01
NA	/data/songy4/twas/output/weights//ENSG00000104689.wgt.RDat	ENSG00000104689	8	23047965	23082639	0.1998	rs4284046	-3.18	rs11997323	 0.101191	 10.79	-0.50427	 642	  7	lasso	0.15	5.8e-41	-0.49573	6.20e-01
NA	/data/songy4/twas/output/weights//ENSG00000104679.wgt.RDat	ENSG00000104679	8	23127633	23153792	0.0872	rs4284046	-3.18	rs10101089	 0.082973	 10.08	 0.70213	 638	  7	lasso	0.083	1.6e-23	 0.70435	4.81e-01
NA	/data/songy4/twas/output/weights//ENSG00000134013.wgt.RDat	ENSG00000134013	8	23154702	23282841	0.1817	rs4284046	-3.18	rs12549539	 0.213746	-15.65	 0.24561	 684	 10	lasso	0.23	6.3e-68	-0.18013	8.57e-01
NA	/data/songy4/twas/output/weights//ENSG00000197217.wgt.RDat	ENSG00000197217	8	23243296	23315208	0.1629	rs2942202	 2.53	rs6557672	 0.150073	 13.15	-1.94898	 644	 20	enet	0.18	3.2e-51	-2.05768	3.96e-02
NA	/data/songy4/twas/output/weights//ENSG00000147454.wgt.RDat	ENSG00000147454	8	23386318	23432976	0.0468	rs2141560	-2.59	rs7813472	 0.030282	  6.73	 1.17593	 584	  5	lasso	0.038	2.2e-11	 1.27779	2.01e-01
NA	/data/songy4/twas/output/weights//ENSG00000167034.wgt.RDat	ENSG00000167034	8	23536206	23540440	0.6975	rs2141560	-2.59	rs7005539	 0.699279	 28.22	 1.09135	 549	 16	lasso	0.75	0	 0.95775	3.38e-01
NA	/data/songy4/twas/output/weights//ENSG00000042980.wgt.RDat	ENSG00000042980	8	24151553	24216531	0.0513	rs11135788	-3.09	rs4559243	 0.031512	 -6.72	 1.16000	 440	 17	enet	0.038	2.1e-11	-1.27892	2.01e-01
NA	/data/songy4/twas/output/weights//ENSG00000134028.wgt.RDat	ENSG00000134028	8	24241798	24263526	0.0974	rs11135788	-3.09	rs1492414	 0.046666	 -7.99	 1.25743	 414	 10	enet	0.054	1.3e-15	-1.49452	1.35e-01
NA	/data/songy4/twas/output/weights//ENSG00000104722.wgt.RDat	ENSG00000104722	8	24770525	24776607	0.0312	rs2950320	-3.23	rs11135833	 0.004498	 -4.16	 0.24607	 488	 50	enet	0.0091	0.00075	-0.54982	5.82e-01
NA	/data/songy4/twas/output/weights//ENSG00000147437.wgt.RDat	ENSG00000147437	8	25276776	25282170	0.0183	rs2950320	-3.23	rs17053914	 0.014403	  5.11	-1.19626	 492	  1	top1	0.014	2.9e-05	-1.19626	2.32e-01
NA	/data/songy4/twas/output/weights//ENSG00000104756.wgt.RDat	ENSG00000104756	8	25285366	25315992	0.0528	rs2950320	-3.23	rs958579	 0.037159	  7.16	-1.37500	 508	  4	lasso	0.038	2.6e-11	-1.38009	1.68e-01
NA	/data/songy4/twas/output/weights//ENSG00000184661.wgt.RDat	ENSG00000184661	8	25316513	25365436	0.0145	rs2950320	-3.23	rs3812422	 0.003107	  3.94	-0.51000	 524	  1	top1	0.0031	0.033	-0.51000	6.10e-01
NA	/data/songy4/twas/output/weights//ENSG00000104765.wgt.RDat	ENSG00000104765	8	26240414	26363152	0.0383	rs6998529	-2.67	rs1042992	 0.009986	  4.97	-0.66418	 744	  7	lasso	0.018	4.2e-06	-0.69766	4.85e-01
NA	/data/songy4/twas/output/weights//ENSG00000240694.wgt.RDat	ENSG00000240694	8	26362202	26371608	0.0645	rs6998529	-2.67	rs2197181	 0.065195	  8.86	-0.43299	 678	  1	top1	0.065	1.3e-18	-0.43299	6.65e-01
NA	/data/songy4/twas/output/weights//ENSG00000120907.wgt.RDat	ENSG00000120907	8	26605667	26724790	0.1962	rs6998529	-2.67	rs10448068	 0.064430	  8.74	 1.04329	 704	 44	enet	0.11	1.2e-31	 2.26954	2.32e-02
NA	/data/songy4/twas/output/weights//ENSG00000104228.wgt.RDat	ENSG00000104228	8	27142404	27168836	0.2756	rs1532278	-4.03	rs6986075	 0.221050	 16.42	-0.96970	 643	  7	lasso	0.27	5.5e-80	-0.42520	6.71e-01
NA	/data/songy4/twas/output/weights//ENSG00000120899.wgt.RDat	ENSG00000120899	8	27168999	27316903	0.1867	rs1532278	-4.03	rs17057043	 0.142264	 12.81	 0.53465	 746	  4	lasso	0.16	5e-45	 0.47695	6.33e-01
NA	/data/songy4/twas/output/weights//ENSG00000120903.wgt.RDat	ENSG00000120903	8	27317279	27337400	0.0561	rs1532278	-4.03	rs7819756	 0.044263	 -7.24	-0.87879	 659	  3	lasso	0.057	2.4e-16	 0.37466	7.08e-01
NA	/data/songy4/twas/output/weights//ENSG00000120915.wgt.RDat	ENSG00000120915	8	27348296	27403081	0.0431	rs1532278	-4.03	rs17057310	 0.040948	  7.03	 1.34574	 675	  1	top1	0.041	3.3e-12	 1.34574	1.78e-01
NA	/data/songy4/twas/output/weights//ENSG00000147419.wgt.RDat	ENSG00000147419	8	27590835	27630170	0.1477	rs1532278	-4.03	rs10091671	 0.167236	 14.44	-0.54639	 656	  3	lasso	0.22	7.9e-63	-0.81499	4.15e-01
NA	/data/songy4/twas/output/weights//ENSG00000171320.wgt.RDat	ENSG00000171320	8	27629466	27670157	0.0226	rs1532278	-4.03	rs2010776	 0.027174	  6.21	-1.09184	 668	  1	top1	0.027	1.3e-08	-1.09184	2.75e-01
NA	/data/songy4/twas/output/weights//ENSG00000168079.wgt.RDat	ENSG00000168079	8	27727399	27850244	0.0862	rs1532278	-4.03	rs2726928	 0.021005	 -6.44	-1.04000	 707	  8	lasso	0.055	5.8e-16	 0.52139	6.02e-01
NA	/data/songy4/twas/output/weights//ENSG00000189233.wgt.RDat	ENSG00000189233	8	27879481	27941388	0.0652	rs1532278	-4.03	rs1901744	 0.004641	 -4.73	 0.86364	 622	 41	enet	0.03	2.8e-09	-1.89593	5.80e-02
NA	/data/songy4/twas/output/weights//ENSG00000134014.wgt.RDat	ENSG00000134014	8	27947190	28048673	0.4248	rs1532278	-4.03	rs2305451	 0.527228	 24.50	 1.31068	 605	  1	top1	0.53	3.1e-187	 1.31068	1.90e-01
NA	/data/songy4/twas/output/weights//ENSG00000104290.wgt.RDat	ENSG00000104290	8	28351729	28431775	0.2154	rs4732657	 4.02	rs1946583	 0.119267	-11.72	-0.01948	 473	  1	top1	0.12	1.9e-33	 0.01948	9.84e-01
NA	/data/songy4/twas/output/weights//ENSG00000197892.wgt.RDat	ENSG00000197892	8	28924796	29120641	0.0270	rs4732657	 4.02	rs4732922	 0.017560	 -5.74	 0.05185	 510	  3	lasso	0.021	6.4e-07	-0.86065	3.89e-01
NA	/data/songy4/twas/output/weights//ENSG00000120875.wgt.RDat	ENSG00000120875	8	29190581	29208185	0.1334	rs4732657	 4.02	rs12548021	 0.020402	  5.63	 0.03738	 436	 47	enet	0.071	3.9e-20	-2.03015	4.23e-02
NA	/data/songy4/twas/output/weights//ENSG00000133872.wgt.RDat	ENSG00000133872	8	29920528	29940723	0.0475	rs6468355	 3.51	rs1511168	 0.037809	  6.98	-0.70769	 394	  1	top1	0.038	2.2e-11	-0.70769	4.79e-01
NA	/data/songy4/twas/output/weights//ENSG00000104660.wgt.RDat	ENSG00000104660	8	29952914	30034724	0.0613	rs6468355	 3.51	rs7001116	 0.042763	  7.35	-1.71617	 398	  1	top1	0.043	1.1e-12	-1.71617	8.61e-02
NA	/data/songy4/twas/output/weights//ENSG00000104671.wgt.RDat	ENSG00000104671	8	30013813	30041156	0.0242	rs6468355	 3.51	rs6994064	 0.028066	  5.97	 0.00556	 371	 10	enet	0.028	6.7e-09	-0.09722	9.23e-01
NA	/data/songy4/twas/output/weights//ENSG00000197265.wgt.RDat	ENSG00000197265	8	30435835	30515768	0.0176	rs12549436	 1.99	rs11776064	 0.001004	 -3.74	 1.29204	 378	  1	top1	0.001	0.14	-1.29204	1.96e-01
NA	/data/songy4/twas/output/weights//ENSG00000104687.wgt.RDat	ENSG00000104687	8	30535583	30585443	0.0177	rs12549436	 1.99	rs7816334	 0.003787	  3.51	 1.60169	 379	  1	top1	0.0038	0.021	 1.60169	1.09e-01
NA	/data/songy4/twas/output/weights//ENSG00000104695.wgt.RDat	ENSG00000104695	8	30631973	30671830	0.3990	rs12549436	 1.99	rs4733509	 0.402906	 21.49	-0.16667	 380	  4	lasso	0.42	1.3e-136	-0.45812	6.47e-01
NA	/data/songy4/twas/output/weights//ENSG00000165392.wgt.RDat	ENSG00000165392	8	30891317	31031285	0.0283	rs17653630	 1.99	rs3213202	 0.016014	  4.73	 1.48544	 427	  1	top1	0.016	1.1e-05	 1.48544	1.37e-01
NA	/data/songy4/twas/output/weights//ENSG00000157168.wgt.RDat	ENSG00000157168	8	31496902	32622548	0.3938	rs1381874	 3.39	rs2439305	 0.334572	-19.52	-0.34737	 844	 71	enet	0.38	8.3e-122	 0.06691	9.47e-01
NA	/data/songy4/twas/output/weights//ENSG00000172728.wgt.RDat	ENSG00000172728	8	33228342	33330940	0.7081	rs16881133	 3.33	rs2676403	 0.844859	 31.05	 0.60417	 262	  1	top1	0.84	0	 0.60417	5.46e-01
NA	/data/songy4/twas/output/weights//ENSG00000129696.wgt.RDat	ENSG00000129696	8	33330904	33371119	0.0629	rs16881133	 3.33	rs8685	 0.018428	 -6.06	 1.15789	 259	  5	lasso	0.041	3.9e-12	-1.56172	1.18e-01
NA	/data/songy4/twas/output/weights//ENSG00000147471.wgt.RDat	ENSG00000147471	8	37620111	37637283	0.2509	rs7845911	 3.83	rs7463174	 0.128341	 12.15	-0.45802	 261	  1	top1	0.13	5.2e-36	-0.45802	6.47e-01
NA	/data/songy4/twas/output/weights//ENSG00000020181.wgt.RDat	ENSG00000020181	8	37641709	37702414	0.1673	rs28674538	 4.06	rs7827048	 0.101674	 10.82	-1.64286	 262	  4	lasso	0.13	3.2e-36	-1.45495	1.46e-01
NA	/data/songy4/twas/output/weights//ENSG00000104221.wgt.RDat	ENSG00000104221	8	37700786	37707422	0.0320	rs28674538	 4.06	rs3192596	 0.015556	  5.28	 0.69705	 236	  8	enet	0.016	8.6e-06	 0.62217	5.34e-01
NA	/data/songy4/twas/output/weights//ENSG00000175324.wgt.RDat	ENSG00000175324	8	38020839	38034248	0.0177	rs12678205	 4.08	rs11783967	 0.024389	  5.72	 2.50459	 266	  1	top1	0.024	7.1e-08	 2.50459	1.23e-02
NA	/data/songy4/twas/output/weights//ENSG00000156735.wgt.RDat	ENSG00000156735	8	38034051	38070819	0.0435	rs12678205	 4.08	rs11783967	 0.053631	  8.21	 2.50459	 282	  1	top1	0.054	1.5e-15	 2.50459	1.23e-02
NA	/data/songy4/twas/output/weights//ENSG00000085788.wgt.RDat	ENSG00000085788	8	38082736	38133076	0.0397	rs12678205	 4.08	rs2306899	 0.045245	  7.56	 2.90090	 301	  1	top1	0.045	2.5e-13	 2.90090	3.72e-03
NA	/data/songy4/twas/output/weights//ENSG00000165046.wgt.RDat	ENSG00000165046	8	38243725	38267045	0.0240	rs12678205	 4.08	rs11777840	-0.000791	 -3.58	-0.69091	 284	 14	enet	0.0062	0.0046	-0.76410	4.45e-01
NA	/data/songy4/twas/output/weights//ENSG00000077782.wgt.RDat	ENSG00000077782	8	38268656	38326352	0.5905	rs12678205	 4.08	rs10958704	 0.255109	 17.06	 0.33010	 303	 76	enet	0.43	2.7e-139	 0.66783	5.04e-01
NA	/data/songy4/twas/output/weights//ENSG00000147526.wgt.RDat	ENSG00000147526	8	38585704	38710546	0.0422	rs12678205	 4.08	rs4566997	 0.018267	 -6.06	-0.16346	 369	 19	enet	0.034	1.7e-10	 0.81736	4.14e-01
NA	/data/songy4/twas/output/weights//ENSG00000169499.wgt.RDat	ENSG00000169499	8	38758753	38831428	0.0261	rs11986274	 3.95	rs2292741	 0.000866	  3.53	 0.01389	 344	 27	enet	0.0042	0.016	 0.19103	8.49e-01
NA	/data/songy4/twas/output/weights//ENSG00000168615.wgt.RDat	ENSG00000168615	8	38854388	38962663	0.0737	rs10958542	-3.62	rs10093975	 0.088570	-10.24	-2.21875	 337	  5	lasso	0.094	2.3e-26	 2.45815	1.40e-02
NA	/data/songy4/twas/output/weights//ENSG00000197140.wgt.RDat	ENSG00000197140	8	38964509	39142430	0.0905	rs10958542	-3.62	rs9650347	 0.147200	 13.00	-2.58511	 359	  1	top1	0.15	2e-41	-2.58511	9.73e-03
NA	/data/songy4/twas/output/weights//ENSG00000131203.wgt.RDat	ENSG00000131203	8	39759794	39785963	0.1330	rs2955877	-2.93	rs10108662	 0.072003	  9.32	-0.02830	 425	 24	enet	0.1	1.6e-28	 0.79436	4.27e-01
NA	/data/songy4/twas/output/weights//ENSG00000188676.wgt.RDat	ENSG00000188676	8	39792133	39873910	0.0863	rs2955877	-2.93	rs41324645	 0.035756	 -6.63	-0.06349	 486	  5	lasso	0.047	6.8e-14	 0.21062	8.33e-01
NA	/data/songy4/twas/output/weights//ENSG00000165061.wgt.RDat	ENSG00000165061	8	40388109	40755352	0.3681	rs7013843	-2.47	rs4430079	 0.407103	 21.64	 1.31455	 685	  5	lasso	0.42	8.3e-139	 1.18090	2.38e-01
NA	/data/songy4/twas/output/weights//ENSG00000104332.wgt.RDat	ENSG00000104332	8	41119481	41167016	0.7004	rs7013843	-2.47	rs10088899	 0.082865	  9.88	 0.26728	 481	188	enet	0.47	3.3e-159	 0.53835	5.90e-01
NA	/data/songy4/twas/output/weights//ENSG00000147533.wgt.RDat	ENSG00000147533	8	41347915	41368499	0.0178	rs7018401	-2.42	rs10091813	 0.010430	  4.97	 0.08871	 434	  8	enet	0.012	0.00014	 0.80028	4.24e-01
NA	/data/songy4/twas/output/weights//ENSG00000158669.wgt.RDat	ENSG00000158669	8	41434706	41482520	0.0485	rs7018401	-2.42	rs7815411	 0.013901	 -5.62	 0.15385	 438	  4	lasso	0.02	1e-06	-0.10141	9.19e-01
NA	/data/songy4/twas/output/weights//ENSG00000165066.wgt.RDat	ENSG00000165066	8	41502697	41508855	0.3025	rs7018401	-2.42	rs999188	 0.342583	-19.80	 0.71564	 416	 40	enet	0.38	1.2e-118	-0.91173	3.62e-01
NA	/data/songy4/twas/output/weights//ENSG00000029534.wgt.RDat	ENSG00000029534	8	41510739	41754280	0.1465	rs10099598	-3.31	rs4317621	 0.034680	 -7.72	-1.66667	 492	 32	enet	0.1	3.4e-29	 0.21072	8.33e-01
NA	/data/songy4/twas/output/weights//ENSG00000083168.wgt.RDat	ENSG00000083168	8	41786997	41909508	0.0805	rs10099598	-3.31	rs6987070	 0.080842	  9.92	-1.53846	 434	  6	lasso	0.088	1.1e-24	-1.66396	9.61e-02
NA	/data/songy4/twas/output/weights//ENSG00000070718.wgt.RDat	ENSG00000070718	8	42010464	42029191	0.0381	rs10099598	-3.31	rs12547064	 0.039441	 -7.17	-0.15789	 368	  1	top1	0.039	8.3e-12	 0.15789	8.75e-01
NA	/data/songy4/twas/output/weights//ENSG00000070501.wgt.RDat	ENSG00000070501	8	42195972	42229326	0.0184	rs10099598	-3.31	rs2272733	 0.008710	 -4.40	-1.00000	 296	  1	top1	0.0087	0.00094	 1.00000	3.17e-01
NA	/data/songy4/twas/output/weights//ENSG00000168575.wgt.RDat	ENSG00000168575	8	42273993	42397069	0.1305	rs10099598	-3.31	rs2167338	 0.170018	 14.57	 0.28155	 308	 24	enet	0.18	1.7e-52	 0.83925	4.01e-01
NA	/data/songy4/twas/output/weights//ENSG00000176209.wgt.RDat	ENSG00000176209	8	42396298	42409603	0.1105	rs10099598	-3.31	rs2974340	 0.170568	 14.48	 0.50485	 268	  9	lasso	0.18	2.5e-52	 0.46992	6.38e-01
NA	/data/songy4/twas/output/weights//ENSG00000168522.wgt.RDat	ENSG00000168522	8	42889337	42940931	0.0149	rs6474422	-2.63	rs9298626	 0.003278	 -4.10	 1.08268	 220	 13	enet	0.013	5.5e-05	-2.42718	1.52e-02
NA	/data/songy4/twas/output/weights//ENSG00000165102.wgt.RDat	ENSG00000165102	8	42995556	43057998	0.0183	rs6474422	-2.63	rs6999489	 0.015389	  4.76	 1.08796	 200	  1	top1	0.015	1.6e-05	 1.08796	2.77e-01
NA	/data/songy4/twas/output/weights//ENSG00000104738.wgt.RDat	ENSG00000104738	8	48872745	48890720	0.0226	rs12679739	 2.44	rs1231202	-0.000668	 -2.88	-1.22430	 191	 14	enet	-0.00047	0.5	 0.34012	7.34e-01
NA	/data/songy4/twas/output/weights//ENSG00000034239.wgt.RDat	ENSG00000034239	8	49623348	49647870	0.3270	rs12114072	 3.02	rs10087659	 0.020007	  6.27	 1.18367	 296	 71	enet	0.097	2.8e-27	 2.08663	3.69e-02
NA	/data/songy4/twas/output/weights//ENSG00000147485.wgt.RDat	ENSG00000147485	8	52232138	52722005	0.0593	rs10958248	 2.27	rs9298467	 0.038780	 -7.40	 1.06612	 584	  7	lasso	0.051	8.8e-15	-0.70032	4.84e-01
NA	/data/songy4/twas/output/weights//ENSG00000168300.wgt.RDat	ENSG00000168300	8	52730140	52811735	0.1177	rs13258413	 2.24	rs9298467	 0.149236	-13.13	 1.06612	 467	 22	enet	0.18	3.6e-50	-1.37900	1.68e-01
NA	/data/songy4/twas/output/weights//ENSG00000147488.wgt.RDat	ENSG00000147488	8	53023399	53373519	0.2188	rs13258413	 2.24	rs7012920	 0.153581	-13.74	 0.39815	 547	  6	lasso	0.24	1e-70	-1.19421	2.32e-01
NA	/data/songy4/twas/output/weights//ENSG00000183729.wgt.RDat	ENSG00000183729	8	53850991	53853677	0.0982	rs360816	 2.56	rs16918520	 0.053837	  8.44	 0.18493	 419	 23	enet	0.063	4.5e-18	 0.08661	9.31e-01
NA	/data/songy4/twas/output/weights//ENSG00000167904.wgt.RDat	ENSG00000167904	8	56608983	56685966	0.1387	rs2939632	-3.20	rs7016151	 0.152700	-13.25	-0.77852	 442	  7	lasso	0.16	6.7e-44	 1.15927	2.46e-01
NA	/data/songy4/twas/output/weights//ENSG00000137574.wgt.RDat	ENSG00000137574	8	56685701	56738007	0.1134	rs2939632	-3.20	rs16922239	 0.118369	-12.08	-0.39333	 425	 14	lasso	0.12	5.6e-34	 0.58918	5.56e-01
NA	/data/songy4/twas/output/weights//ENSG00000008988.wgt.RDat	ENSG00000008988	8	56979854	56987069	0.0577	rs17813588	 3.17	rs16920312	 0.029838	  6.08	-1.33080	 376	 18	enet	0.036	7.1e-11	-1.51199	1.31e-01
NA	/data/songy4/twas/output/weights//ENSG00000181195.wgt.RDat	ENSG00000181195	8	57349233	57359293	0.0261	rs17813588	 3.17	rs1425587	 0.003345	  4.44	-0.29703	 432	 11	enet	0.01	0.00036	 0.78820	4.31e-01
NA	/data/songy4/twas/output/weights//ENSG00000104331.wgt.RDat	ENSG00000104331	8	57870492	57906403	0.0274	rs7460769	 2.65	rs3739364	 0.015043	 -4.96	-1.40704	 459	  1	top1	0.015	2e-05	 1.40704	1.59e-01
NA	/data/songy4/twas/output/weights//ENSG00000169122.wgt.RDat	ENSG00000169122	8	58907068	59116838	0.0382	rs16922764	 2.91	rs7841432	 0.005393	 -4.28	-0.86139	 567	 23	enet	0.013	7.1e-05	 0.04509	9.64e-01
NA	/data/songy4/twas/output/weights//ENSG00000215114.wgt.RDat	ENSG00000215114	8	59323823	59364060	0.1431	rs17237877	 2.77	rs4599797	 0.126176	-12.05	-0.17333	 535	 11	lasso	0.13	2.7e-36	-0.04696	9.63e-01
NA	/data/songy4/twas/output/weights//ENSG00000035681.wgt.RDat	ENSG00000035681	8	59496063	59572403	0.0799	rs3780001	-2.64	rs3816846	 0.097157	 10.76	 1.15842	 564	  1	top1	0.097	2.8e-27	 1.15842	2.47e-01
NA	/data/songy4/twas/output/weights//ENSG00000198846.wgt.RDat	ENSG00000198846	8	59717977	60031767	0.0844	rs3780001	-2.64	rs16924700	 0.040501	  7.23	-0.45312	 569	 10	lasso	0.05	1.2e-14	-1.00052	3.17e-01
NA	/data/songy4/twas/output/weights//ENSG00000178538.wgt.RDat	ENSG00000178538	8	61099906	61193971	0.0574	rs2981277	-3.02	rs1552071	 0.026364	 -6.15	-2.34694	 393	 23	enet	0.042	1.8e-12	 2.61117	9.02e-03
NA	/data/songy4/twas/output/weights//ENSG00000104388.wgt.RDat	ENSG00000104388	8	61429416	61536186	0.1322	rs2981277	-3.02	rs671275	 0.140673	 12.73	-1.57522	 459	  6	lasso	0.15	2.2e-41	-1.48241	1.38e-01
NA	/data/songy4/twas/output/weights//ENSG00000171316.wgt.RDat	ENSG00000171316	8	61591337	61779465	0.0672	rs2981277	-3.02	rs4288413	 0.065970	 -8.79	-1.33000	 500	  1	top1	0.066	8e-19	 1.33000	1.84e-01
NA	/data/songy4/twas/output/weights//ENSG00000198363.wgt.RDat	ENSG00000198363	8	62413116	62627155	0.3710	rs1812576	 2.74	rs11785234	 0.113180	 11.45	 0.13750	 564	 22	lasso	0.23	6.7e-68	-1.69393	9.03e-02
NA	/data/songy4/twas/output/weights//ENSG00000137563.wgt.RDat	ENSG00000137563	8	63927638	63951730	0.1349	rs7845898	-3.44	rs7818611	 0.047467	 -8.05	-1.00565	 424	 15	lasso	0.092	5.3e-26	 0.86899	3.85e-01
NA	/data/songy4/twas/output/weights//ENSG00000185728.wgt.RDat	ENSG00000185728	8	64081112	64125346	0.0288	rs7845898	-3.44	rs1435457	 0.024183	 -5.74	 0.59690	 407	  1	top1	0.024	8e-08	-0.59690	5.51e-01
NA	/data/songy4/twas/output/weights//ENSG00000172817.wgt.RDat	ENSG00000172817	8	65500320	65711318	0.0249	rs7831851	-2.86	rs13252547	 0.009668	  5.94	-0.61224	 405	 10	enet	0.017	6.1e-06	-0.94960	3.42e-01
NA	/data/songy4/twas/output/weights//ENSG00000066855.wgt.RDat	ENSG00000066855	8	66556969	66683496	0.3127	rs6985187	 2.09	rs10504389	 0.230173	 16.26	-0.75887	 412	  7	lasso	0.28	2.1e-84	-1.20942	2.27e-01
NA	/data/songy4/twas/output/weights//ENSG00000205268.wgt.RDat	ENSG00000205268	8	66629745	66754557	0.0602	rs11779466	 2.31	rs6472228	 0.033223	  6.35	-1.22556	 416	 24	enet	0.05	1.7e-14	-1.18503	2.36e-01
NA	/data/songy4/twas/output/weights//ENSG00000147576.wgt.RDat	ENSG00000147576	8	67342420	67383836	0.1522	rs2454667	-2.99	rs2555576	 0.128788	 12.18	 0.16529	 307	 52	enet	0.17	1.6e-48	 0.94978	3.42e-01
NA	/data/songy4/twas/output/weights//ENSG00000169085.wgt.RDat	ENSG00000169085	8	67372238	67430759	0.0221	rs2454667	-2.99	rs2555575	 0.010720	  5.26	-0.19588	 302	  4	lasso	0.011	0.00018	-0.55449	5.79e-01
NA	/data/songy4/twas/output/weights//ENSG00000185697.wgt.RDat	ENSG00000185697	8	67474410	67526482	0.0212	rs2454667	-2.99	rs1030421	 0.008083	  4.01	 1.07368	 280	 14	enet	0.012	0.00015	 0.67456	5.00e-01
NA	/data/songy4/twas/output/weights//ENSG00000104205.wgt.RDat	ENSG00000104205	8	67624653	67774257	0.0425	rs2454667	-2.99	rs7011235	 0.000444	  3.99	-0.22586	 274	 33	enet	0.0091	0.00075	-0.62640	5.31e-01
NA	/data/songy4/twas/output/weights//ENSG00000067167.wgt.RDat	ENSG00000067167	8	71485677	71520622	0.0751	rs16936921	-3.52	rs7814274	 0.075543	 -9.53	-1.17000	 293	  8	lasso	0.1	9.3e-29	 1.07280	2.83e-01
NA	/data/songy4/twas/output/weights//ENSG00000147592.wgt.RDat	ENSG00000147592	8	71547553	71581409	0.1612	rs16936921	-3.52	rs6472538	 0.238245	-17.12	-1.30000	 317	 13	lasso	0.28	3.9e-82	 1.09574	2.73e-01
NA	/data/songy4/twas/output/weights//ENSG00000221947.wgt.RDat	ENSG00000221947	8	71581600	71702606	0.2894	rs16936921	-3.52	rs17688313	 0.644775	-27.17	-1.30000	 378	 34	enet	0.65	1e-259	 1.23060	2.18e-01
NA	/data/songy4/twas/output/weights//ENSG00000104313.wgt.RDat	ENSG00000104313	8	72109668	72274467	0.0357	rs34049985	 2.74	rs11785920	 0.048702	  7.71	-0.26190	 577	  1	top1	0.049	3.1e-14	-0.26190	7.93e-01
NA	/data/songy4/twas/output/weights//ENSG00000178860.wgt.RDat	ENSG00000178860	8	72753784	72756703	0.1673	rs11776476	 2.76	rs3919904	 0.094932	-10.56	 1.32000	 552	 15	enet	0.17	5.9e-48	-1.83793	6.61e-02
NA	/data/songy4/twas/output/weights//ENSG00000147601.wgt.RDat	ENSG00000147601	8	73921099	73960357	0.0284	rs2291220	 3.55	rs1545827	 0.006234	  4.42	-1.84536	 592	  1	top1	0.0062	0.0044	-1.84536	6.50e-02
NA	/data/songy4/twas/output/weights//ENSG00000121039.wgt.RDat	ENSG00000121039	8	74206847	74237516	0.0391	rs2291220	 3.55	rs12546089	 0.007744	  5.15	 0.44231	 545	 15	enet	0.01	0.00033	 1.23423	2.17e-01
NA	/data/songy4/twas/output/weights//ENSG00000040341.wgt.RDat	ENSG00000040341	8	74332604	74659943	0.0369	rs2291220	 3.55	rs17223858	 0.027987	 -5.83	-1.34188	 645	 19	enet	0.031	1.2e-09	 0.87494	3.82e-01
NA	/data/songy4/twas/output/weights//ENSG00000154589.wgt.RDat	ENSG00000154589	8	74903587	74941322	0.0928	rs16938752	-3.01	rs3816751	 0.087795	 10.09	-2.98540	 409	  1	top1	0.088	1e-24	-2.98540	2.83e-03
NA	/data/songy4/twas/output/weights//ENSG00000104381.wgt.RDat	ENSG00000104381	8	75233365	75401107	0.0600	rs16938752	-3.01	rs6996971	 0.072468	  9.16	 1.43617	 473	 17	enet	0.076	1.6e-21	 1.08945	2.76e-01
NA	/data/songy4/twas/output/weights//ENSG00000137558.wgt.RDat	ENSG00000137558	8	75736772	75767264	0.5370	rs6472855	-2.75	rs4735660	 0.424598	 21.93	-0.91186	 385	  1	top1	0.42	1e-138	-0.91186	3.62e-01
NA	/data/songy4/twas/output/weights//ENSG00000164751.wgt.RDat	ENSG00000164751	8	77892494	77913280	0.0704	rs7828279	 3.65	rs4389903	 0.042081	 -7.35	-0.77434	 361	 27	enet	0.05	1.9e-14	 0.33130	7.40e-01
NA	/data/songy4/twas/output/weights//ENSG00000171033.wgt.RDat	ENSG00000171033	8	79428374	79517502	0.3137	rs11780588	 2.32	rs7829454	 0.429555	-22.15	 0.97656	 357	 29	enet	0.44	3e-146	-1.16287	2.45e-01
NA	/data/songy4/twas/output/weights//ENSG00000104427.wgt.RDat	ENSG00000104427	8	79578282	79632000	0.3272	rs17515867	-2.04	rs4739134	 0.505723	-24.09	-0.24138	 338	 61	enet	0.51	2.4e-179	 0.33818	7.35e-01
NA	/data/songy4/twas/output/weights//ENSG00000164683.wgt.RDat	ENSG00000164683	8	80676245	80680098	0.1827	rs2467779	 2.80	rs10109063	 0.082936	-10.48	-1.74510	 390	  9	lasso	0.14	5.4e-39	 1.52205	1.28e-01
NA	/data/songy4/twas/output/weights//ENSG00000076554.wgt.RDat	ENSG00000076554	8	80870571	81143467	0.2147	rs2467779	 2.80	rs7836507	 0.175393	 14.30	 2.41584	 469	 26	enet	0.21	5.6e-59	 2.59045	9.59e-03
NA	/data/songy4/twas/output/weights//ENSG00000205189.wgt.RDat	ENSG00000205189	8	81397854	81438500	0.0388	rs3857875	-2.86	rs952559	 0.003931	  4.19	-0.33673	 370	 11	enet	0.0096	0.00053	 0.86956	3.85e-01
NA	/data/songy4/twas/output/weights//ENSG00000164684.wgt.RDat	ENSG00000164684	8	81540686	81787016	0.0886	rs3857875	-2.86	rs2121039	 0.052947	 -8.13	-0.55556	 469	  7	lasso	0.073	1.2e-20	-0.18755	8.51e-01
NA	/data/songy4/twas/output/weights//ENSG00000076641.wgt.RDat	ENSG00000076641	8	81880045	82024303	0.3278	rs3857875	-2.86	rs10097731	 0.168458	 13.89	-1.94326	 430	 21	enet	0.33	1.3e-100	-1.52905	1.26e-01
NA	/data/songy4/twas/output/weights//ENSG00000133731.wgt.RDat	ENSG00000133731	8	82570196	82598928	0.0869	rs13274868	-2.93	rs1058401	 0.081524	 -9.83	-0.41964	 352	  1	top1	0.082	5.2e-23	 0.41964	6.75e-01
NA	/data/songy4/twas/output/weights//ENSG00000164695.wgt.RDat	ENSG00000164695	8	82644669	82671750	0.0334	rs13274868	-2.93	rs2957018	 0.023558	  5.59	 1.20280	 356	  7	lasso	0.024	1e-07	 0.97576	3.29e-01
NA	/data/songy4/twas/output/weights//ENSG00000104497.wgt.RDat	ENSG00000104497	8	82711816	82755101	0.2813	rs13274868	-2.93	rs1451998	 0.381736	-20.94	 1.51754	 348	 30	enet	0.47	2.6e-159	-0.86028	3.90e-01
NA	/data/songy4/twas/output/weights//ENSG00000133739.wgt.RDat	ENSG00000133739	8	86019382	86058311	0.0158	rs7837606	-3.42	rs6605624	 0.016740	 -4.88	-1.58491	 265	  1	top1	0.017	7.1e-06	 1.58491	1.13e-01
NA	/data/songy4/twas/output/weights//ENSG00000176731.wgt.RDat	ENSG00000176731	8	86126311	86132650	0.0205	rs7837606	-3.42	rs3808538	 0.011640	 -4.98	-1.15094	 247	  1	top1	0.012	0.00016	 1.15094	2.50e-01
NA	/data/songy4/twas/output/weights//ENSG00000185015.wgt.RDat	ENSG00000185015	8	86132816	86196302	0.0867	rs7837606	-3.42	rs17740658	 0.151656	-13.49	-1.60606	 247	 17	enet	0.16	5.5e-46	 1.69245	9.06e-02
NA	/data/songy4/twas/output/weights//ENSG00000164879.wgt.RDat	ENSG00000164879	8	86285665	86361269	0.0306	rs1427065	-2.52	rs13259399	 0.034196	 -7.44	-1.45714	 205	  8	lasso	0.042	1.4e-12	 1.88149	5.99e-02
NA	/data/songy4/twas/output/weights//ENSG00000104267.wgt.RDat	ENSG00000104267	8	86376081	86393722	0.2339	rs1905635	 2.44	rs2930553	 0.086933	 10.02	-0.19588	 174	 33	enet	0.12	1.8e-32	-0.37555	7.07e-01
NA	/data/songy4/twas/output/weights//ENSG00000123124.wgt.RDat	ENSG00000123124	8	87354967	87490649	0.0935	rs4509347	-2.91	rs7830128	 0.022953	 -6.78	-1.36000	 468	  6	lasso	0.04	4.6e-12	 0.22316	8.23e-01
NA	/data/songy4/twas/output/weights//ENSG00000176623.wgt.RDat	ENSG00000176623	8	87480486	87526586	0.1972	rs4509347	-2.91	rs6999654	 0.177056	 14.51	-1.21782	 457	 10	lasso	0.22	8.8e-65	-1.19353	2.33e-01
NA	/data/songy4/twas/output/weights//ENSG00000085719.wgt.RDat	ENSG00000085719	8	87497059	87573726	0.0484	rs4509347	-2.91	rs1062852	 0.004718	 -4.51	-2.15909	 466	 37	enet	0.016	1e-05	 1.24992	2.11e-01
NA	/data/songy4/twas/output/weights//ENSG00000156103.wgt.RDat	ENSG00000156103	8	89044237	89340254	0.0175	rs7842248	-3.11	rs1394518	 0.013735	  5.06	 0.00000	 397	  1	top1	0.014	4.4e-05	 0.00000	1.00e+00
NA	/data/songy4/twas/output/weights//ENSG00000104312.wgt.RDat	ENSG00000104312	8	90769975	90803291	0.0545	rs2735886	 2.58	rs39502	 0.043551	  7.19	 1.16667	 391	  1	top1	0.044	6.9e-13	 1.16667	2.43e-01
NA	/data/songy4/twas/output/weights//ENSG00000164823.wgt.RDat	ENSG00000164823	8	90914087	90940116	0.1278	rs2735886	 2.58	rs4961166	 0.122166	 12.55	-0.53000	 373	  8	lasso	0.16	3.9e-44	-0.56269	5.74e-01
NA	/data/songy4/twas/output/weights//ENSG00000104320.wgt.RDat	ENSG00000104320	8	90945564	91015456	0.0572	rs2735886	 2.58	rs2697679	 0.064893	 -9.22	-0.17000	 391	  7	lasso	0.07	5.3e-20	 0.11497	9.08e-01
NA	/data/songy4/twas/output/weights//ENSG00000104325.wgt.RDat	ENSG00000104325	8	91013633	91064320	0.7973	rs2735886	 2.58	rs17623400	 0.469732	-23.13	 0.20476	 392	  1	top1	0.47	6.8e-159	-0.20476	8.38e-01
NA	/data/songy4/twas/output/weights//ENSG00000180694.wgt.RDat	ENSG00000180694	8	91634223	91803860	0.0802	rs10956539	 1.77	rs6471245	 0.060684	 -9.34	 1.64356	 379	 25	enet	0.1	3.4e-28	-1.73280	8.31e-02
NA	/data/songy4/twas/output/weights//ENSG00000155099.wgt.RDat	ENSG00000155099	8	92006024	92053292	0.0156	rs9643322	-1.96	rs6987764	-0.000555	  3.64	 0.66327	 311	 24	enet	-0.00036	0.44	 0.32888	7.42e-01
NA	/data/songy4/twas/output/weights//ENSG00000155100.wgt.RDat	ENSG00000155100	8	92082424	92099323	0.1702	rs9643322	-1.96	rs10113205	 0.082299	  9.72	 0.42966	 297	  9	lasso	0.1	1.1e-28	 0.70118	4.83e-01
NA	/data/songy4/twas/output/weights//ENSG00000214954.wgt.RDat	ENSG00000214954	8	92114060	92231464	0.0666	rs865214	-2.35	rs13248502	 0.012612	 -5.54	-0.76316	 313	 14	enet	0.037	3.7e-11	 0.90302	3.67e-01
NA	/data/songy4/twas/output/weights//ENSG00000147606.wgt.RDat	ENSG00000147606	8	92221722	92410378	0.1596	rs4310163	 2.37	rs10956794	 0.157007	-13.40	 0.21875	 342	  7	lasso	0.19	6.6e-54	 0.01066	9.91e-01
NA	/data/songy4/twas/output/weights//ENSG00000079102.wgt.RDat	ENSG00000079102	8	92967203	93115514	0.0136	rs4310163	 2.37	rs4623479	 0.004744	  4.15	 0.49167	 341	  2	lasso	0.011	0.00026	 1.08053	2.80e-01
NA	/data/songy4/twas/output/weights//ENSG00000188343.wgt.RDat	ENSG00000188343	8	94710789	94743755	0.0380	rs7011618	-3.34	rs7006499	 0.019009	  5.11	 0.33945	 450	 29	enet	0.022	2.4e-07	 0.52493	6.00e-01
NA	/data/songy4/twas/output/weights//ENSG00000164951.wgt.RDat	ENSG00000164951	8	94870035	94938294	0.0442	rs7011618	-3.34	rs7824888	 0.031577	  6.94	 2.35052	 454	 22	enet	0.045	3.8e-13	 2.03907	4.14e-02
NA	/data/songy4/twas/output/weights//ENSG00000079112.wgt.RDat	ENSG00000079112	8	95139399	95229531	0.0479	rs7011618	-3.34	rs7842215	-0.000880	 -3.55	 0.75000	 490	 39	enet	0.0089	0.00086	-2.21960	2.64e-02
NA	/data/songy4/twas/output/weights//ENSG00000164949.wgt.RDat	ENSG00000164949	8	95261481	95274578	0.0514	rs7011618	-3.34	rs3886489	 0.046026	 -7.51	 0.65979	 461	  1	top1	0.046	1.6e-13	-0.65979	5.09e-01
NA	/data/songy4/twas/output/weights//ENSG00000197275.wgt.RDat	ENSG00000197275	8	95384188	95487337	0.2579	rs7011618	-3.34	rs3019280	 0.297971	 18.54	-0.86538	 526	  7	lasso	0.31	2.7e-92	-0.95570	3.39e-01
NA	/data/songy4/twas/output/weights//ENSG00000265817.wgt.RDat	ENSG00000265817	8	95390605	95449180	0.2327	rs7011618	-3.34	rs2197003	 0.299734	 18.60	-0.78846	 502	  5	lasso	0.3	1.2e-91	-0.86139	3.89e-01
NA	/data/songy4/twas/output/weights//ENSG00000164944.wgt.RDat	ENSG00000164944	8	95499921	95565757	0.2323	rs17716665	 3.10	rs1023767	 0.237925	-16.48	-1.41964	 493	 32	enet	0.24	9.1e-70	 1.33917	1.81e-01
NA	/data/songy4/twas/output/weights//ENSG00000156162.wgt.RDat	ENSG00000156162	8	95731931	95806064	0.0455	rs17716665	 3.10	rs6471468	 0.013403	 -4.74	 0.23958	 485	 29	enet	0.027	1.7e-08	-0.15217	8.79e-01
NA	/data/songy4/twas/output/weights//ENSG00000164941.wgt.RDat	ENSG00000164941	8	95825539	95893974	0.0685	rs17716665	 3.10	rs6471500	 0.033606	 -6.55	 1.54867	 473	 25	enet	0.05	1.7e-14	-1.01077	3.12e-01
NA	/data/songy4/twas/output/weights//ENSG00000156170.wgt.RDat	ENSG00000156170	8	95907995	96128683	0.1370	rs17716665	 3.10	rs11780931	 0.149325	 13.11	 0.94366	 638	 40	enet	0.16	6.8e-45	 1.03236	3.02e-01
NA	/data/songy4/twas/output/weights//ENSG00000164938.wgt.RDat	ENSG00000164938	8	95938200	95961639	0.0594	rs17716665	 3.10	rs896854	 0.092808	 10.50	 0.89474	 506	  1	top1	0.093	4.4e-26	 0.89474	3.71e-01
NA	/data/songy4/twas/output/weights//ENSG00000175895.wgt.RDat	ENSG00000175895	8	96146032	96168912	0.2753	rs10090946	 3.02	rs6995298	 0.101787	 10.81	-0.51200	 570	  9	lasso	0.14	1.4e-40	 0.46309	6.43e-01
NA	/data/songy4/twas/output/weights//ENSG00000156172.wgt.RDat	ENSG00000156172	8	96257147	96281429	0.1830	rs10090946	 3.02	rs7815085	 0.083845	  9.91	-1.16477	 597	 32	enet	0.094	2.6e-26	-0.33396	7.38e-01
NA	/data/songy4/twas/output/weights//ENSG00000169439.wgt.RDat	ENSG00000169439	8	97505579	97624000	0.0658	rs2678332	-2.48	rs10086882	 0.026377	 -5.61	 0.70588	 466	 27	enet	0.036	6.3e-11	-0.57832	5.63e-01
NA	/data/songy4/twas/output/weights//ENSG00000104324.wgt.RDat	ENSG00000104324	8	97657455	98161882	0.1319	rs6468539	-2.75	rs2651447	 0.069540	 -8.96	-1.36239	 645	 32	enet	0.089	5.7e-25	 1.25581	2.09e-01
NA	/data/songy4/twas/output/weights//ENSG00000180543.wgt.RDat	ENSG00000180543	8	98285717	98290176	0.2722	rs6468539	-2.75	rs6468543	 0.070145	  9.00	-1.38333	 382	 33	enet	0.13	1.7e-36	-0.40002	6.89e-01
NA	/data/songy4/twas/output/weights//ENSG00000104341.wgt.RDat	ENSG00000104341	8	98787285	98865241	0.1848	rs2122930	-3.52	rs2449508	 0.157016	-13.42	-0.86755	 547	 18	enet	0.19	1.5e-53	 1.62909	1.03e-01
NA	/data/songy4/twas/output/weights//ENSG00000132561.wgt.RDat	ENSG00000132561	8	98881068	99048944	0.1792	rs2122930	-3.52	rs11991498	 0.132122	-12.45	-1.60432	 583	  8	lasso	0.15	6.9e-42	 1.77324	7.62e-02
NA	/data/songy4/twas/output/weights//ENSG00000132541.wgt.RDat	ENSG00000132541	8	99114572	99129469	0.0976	rs2122930	-3.52	rs2514337	 0.072174	  9.28	-1.38614	 492	  1	top1	0.072	1.7e-20	-1.38614	1.66e-01
NA	/data/songy4/twas/output/weights//ENSG00000104361.wgt.RDat	ENSG00000104361	8	99202061	99306621	0.8261	rs2122930	-3.52	rs7461545	 0.605083	-26.31	-1.05825	 492	 42	enet	0.62	4.8e-241	 1.37181	1.70e-01
NA	/data/songy4/twas/output/weights//ENSG00000156509.wgt.RDat	ENSG00000156509	8	101145588	101158028	0.0136	rs7837596	 3.04	rs2514680	 0.012503	  5.01	-0.42268	 373	  1	top1	0.013	9.2e-05	-0.42268	6.73e-01
NA	/data/songy4/twas/output/weights//ENSG00000104450.wgt.RDat	ENSG00000104450	8	101170134	101271506	0.3547	rs1693551	 3.40	rs1440573	 0.404332	 21.54	-0.35789	 415	 54	enet	0.42	1.3e-136	-0.37129	7.10e-01
NA	/data/songy4/twas/output/weights//ENSG00000034677.wgt.RDat	ENSG00000034677	8	101269288	101348446	0.0837	rs1693551	 3.40	rs10107200	 0.040303	  6.98	-0.44355	 416	  7	lasso	0.05	1.5e-14	 0.10042	9.20e-01
NA	/data/songy4/twas/output/weights//ENSG00000104490.wgt.RDat	ENSG00000104490	8	102698771	103137135	0.1215	rs16868356	 3.15	rs16869132	 0.077677	  9.85	-1.31638	 725	  7	lasso	0.079	2e-22	-1.44788	1.48e-01
NA	/data/songy4/twas/output/weights//ENSG00000048392.wgt.RDat	ENSG00000048392	8	103216730	103251346	0.0740	rs7010198	-4.20	rs9650002	 0.030782	  6.25	-2.59155	 512	  7	lasso	0.042	1.9e-12	-1.54553	1.22e-01
NA	/data/songy4/twas/output/weights//ENSG00000104517.wgt.RDat	ENSG00000104517	8	103265240	103425069	0.0270	rs7010198	-4.20	rs13278875	 0.002105	  4.00	-2.51748	 550	  1	top1	0.0021	0.066	-2.51748	1.18e-02
NA	/data/songy4/twas/output/weights//ENSG00000155096.wgt.RDat	ENSG00000155096	8	103838585	103906092	0.0622	rs7010198	-4.20	rs2436856	 0.033246	 -6.32	-1.25781	 532	  1	top1	0.033	3.5e-10	 1.25781	2.08e-01
NA	/data/songy4/twas/output/weights//ENSG00000155097.wgt.RDat	ENSG00000155097	8	104033291	104085279	0.2242	rs7010198	-4.20	rs3808551	 0.141769	-12.80	 0.96040	 540	  4	lasso	0.2	2.4e-56	-0.17048	8.65e-01
NA	/data/songy4/twas/output/weights//ENSG00000164929.wgt.RDat	ENSG00000164929	8	104152938	104242533	0.1286	rs7010198	-4.20	rs6999622	 0.102045	 10.89	 0.58015	 498	  5	lasso	0.1	1.2e-28	 0.61674	5.37e-01
NA	/data/songy4/twas/output/weights//ENSG00000164930.wgt.RDat	ENSG00000164930	8	104310661	104345094	0.4996	rs2249255	 3.51	rs827528	 0.331814	-19.46	-2.37037	 432	 63	enet	0.43	6.7e-143	 1.64584	9.98e-02
NA	/data/songy4/twas/output/weights//ENSG00000164933.wgt.RDat	ENSG00000164933	8	104410863	104427417	0.0545	rs2249255	 3.51	rs2687359	 0.049937	  8.09	-1.04255	 416	  1	top1	0.05	1.4e-14	-1.04255	2.97e-01
NA	/data/songy4/twas/output/weights//ENSG00000164934.wgt.RDat	ENSG00000164934	8	104426942	104455681	0.0469	rs2249255	 3.51	rs3134296	 0.047197	 -8.54	 0.17910	 421	  9	enet	0.06	3.3e-17	-0.30491	7.60e-01
NA	/data/songy4/twas/output/weights//ENSG00000176406.wgt.RDat	ENSG00000176406	8	104512976	105268322	0.0359	rs12681417	-4.13	rs1593495	 0.023440	  5.55	 0.31973	 696	 34	enet	0.024	8.4e-08	-0.52621	5.99e-01
NA	/data/songy4/twas/output/weights//ENSG00000147647.wgt.RDat	ENSG00000147647	8	105342552	105479281	0.3351	rs12681417	-4.13	rs7014456	 0.170905	 14.05	 0.64000	 444	  1	top1	0.17	2e-48	 0.64000	5.22e-01
NA	/data/songy4/twas/output/weights//ENSG00000164935.wgt.RDat	ENSG00000164935	8	105351315	105368917	0.2780	rs12681417	-4.13	rs2514666	 0.193878	-14.98	-2.15789	 391	 22	enet	0.22	2.5e-64	 1.97609	4.81e-02
NA	/data/songy4/twas/output/weights//ENSG00000147650.wgt.RDat	ENSG00000147650	8	105501459	105601252	0.2471	rs12681417	-4.13	rs1438353	 0.203952	-15.29	-3.37143	 455	 40	enet	0.22	7.3e-65	 3.08259	2.05e-03
NA	/data/songy4/twas/output/weights//ENSG00000164830.wgt.RDat	ENSG00000164830	8	107282473	107764922	0.0318	rs7829806	 2.45	rs1580429	 0.004832	  4.32	-1.88095	 624	 28	enet	0.005	0.0095	-1.38322	1.67e-01
NA	/data/songy4/twas/output/weights//ENSG00000154188.wgt.RDat	ENSG00000154188	8	108261721	108510283	0.4648	rs11784856	-2.85	rs1353308	 0.266904	-17.46	 0.80583	 598	  9	lasso	0.44	3.8e-146	-0.53844	5.90e-01
NA	/data/songy4/twas/output/weights//ENSG00000147655.wgt.RDat	ENSG00000147655	8	108911544	109095913	0.0165	rs6469147	 2.66	rs650401	 0.002683	 -4.09	 0.41000	 473	  1	top1	0.0027	0.044	-0.41000	6.82e-01
NA	/data/songy4/twas/output/weights//ENSG00000104412.wgt.RDat	ENSG00000104412	8	109455830	109499145	0.0621	rs2882102	-2.32	rs1383354	 0.045719	 -7.48	-0.73000	 357	 14	enet	0.058	1.1e-16	 0.46113	6.45e-01
NA	/data/songy4/twas/output/weights//ENSG00000174417.wgt.RDat	ENSG00000174417	8	110098850	110131813	0.0846	rs2844241	 5.12	rs4349964	 0.123382	 11.88	-2.26042	 376	  1	top1	0.12	1.3e-34	-2.26042	2.38e-02
NA	/data/songy4/twas/output/weights//ENSG00000120526.wgt.RDat	ENSG00000120526	8	110253148	110346614	0.0365	rs2844241	 5.12	rs720574	 0.033838	 -6.99	 1.33019	 383	 12	lasso	0.045	2.2e-13	-1.71145	8.70e-02
NA	/data/songy4/twas/output/weights//ENSG00000120533.wgt.RDat	ENSG00000120533	8	110346553	110358182	0.0208	rs2844241	 5.12	rs1630134	 0.011205	 -5.34	 3.67010	 356	 10	enet	0.015	2.6e-05	-3.51497	4.40e-04
NA	/data/songy4/twas/output/weights//ENSG00000147654.wgt.RDat	ENSG00000147654	8	110551940	110578225	0.0449	rs2844241	 5.12	rs2703377	 0.033869	  6.44	 1.70085	 350	  8	lasso	0.041	3.6e-12	 0.73408	4.63e-01
NA	/data/songy4/twas/output/weights//ENSG00000104447.wgt.RDat	ENSG00000104447	8	116420724	116821899	0.0281	rs800907	-4.24	rs2721954	-0.000758	 -3.97	-2.51579	 425	 19	enet	0.0076	0.0019	 0.82799	4.08e-01
NA	/data/songy4/twas/output/weights//ENSG00000164754.wgt.RDat	ENSG00000164754	8	117858174	117887105	0.0307	rs3020159	-2.67	rs16889074	 0.001121	 -3.93	-2.19420	 473	  1	top1	0.0011	0.13	 2.19420	2.82e-02
NA	/data/songy4/twas/output/weights//ENSG00000164758.wgt.RDat	ENSG00000164758	8	118532952	118552501	0.0406	rs16889867	 2.60	rs6469696	 0.024137	 -6.31	-1.03846	 459	  2	lasso	0.031	1e-09	 1.10742	2.68e-01
NA	/data/songy4/twas/output/weights//ENSG00000182197.wgt.RDat	ENSG00000182197	8	118806729	119124092	0.0974	rs16889867	 2.60	rs11989463	 0.077738	  9.58	 0.38655	 635	  1	top1	0.078	5.5e-22	 0.38655	6.99e-01
NA	/data/songy4/twas/output/weights//ENSG00000177570.wgt.RDat	ENSG00000177570	8	119201698	119634234	0.5750	rs13256814	-2.54	rs2460970	 0.623383	 26.63	-1.33617	 765	 33	enet	0.68	3.1e-286	-1.56795	1.17e-01
NA	/data/songy4/twas/output/weights//ENSG00000164761.wgt.RDat	ENSG00000164761	8	119935796	119964439	0.0164	rs13256814	-2.54	rs7014574	 0.010820	  4.51	-0.47872	 505	  1	top1	0.011	0.00026	-0.47872	6.32e-01
NA	/data/songy4/twas/output/weights//ENSG00000147676.wgt.RDat	ENSG00000147676	8	120177273	120257913	0.0246	rs17804798	 3.46	rs1064556	-0.000389	  3.71	 0.53363	 510	 30	enet	0.011	0.00019	 2.22287	2.62e-02
NA	/data/songy4/twas/output/weights//ENSG00000136999.wgt.RDat	ENSG00000136999	8	120428546	120436593	0.0375	rs17804798	 3.46	rs2326224	 0.002904	 -4.18	 0.78195	 480	 21	enet	0.0031	0.034	-0.18277	8.55e-01
NA	/data/songy4/twas/output/weights//ENSG00000136960.wgt.RDat	ENSG00000136960	8	120569326	120685693	0.0724	rs17804798	 3.46	rs11775668	 0.021718	  6.40	 2.68696	 495	 18	enet	0.053	2.2e-15	 1.55374	1.20e-01
NA	/data/songy4/twas/output/weights//ENSG00000064313.wgt.RDat	ENSG00000064313	8	120743015	120845103	0.1668	rs17804798	 3.46	rs16893214	 0.165225	-13.78	 0.68468	 484	  4	lasso	0.17	3e-47	-0.77296	4.40e-01
NA	/data/songy4/twas/output/weights//ENSG00000136982.wgt.RDat	ENSG00000136982	8	120846216	120868250	0.2599	rs17804798	 3.46	rs7815122	 0.245600	 16.76	 0.81955	 468	  1	top1	0.25	8.7e-72	 0.81955	4.12e-01
NA	/data/songy4/twas/output/weights//ENSG00000155792.wgt.RDat	ENSG00000155792	8	120885957	121063152	0.1614	rs17804798	 3.46	rs1467044	 0.213539	-15.72	 1.31843	 505	  1	top1	0.21	1.7e-61	-1.31843	1.87e-01
NA	/data/songy4/twas/output/weights//ENSG00000172172.wgt.RDat	ENSG00000172172	8	121393000	121457642	0.0188	rs12677877	 2.67	rs6650	 0.010878	  4.11	 1.00000	 467	  1	top1	0.011	0.00025	 1.00000	3.17e-01
NA	/data/songy4/twas/output/weights//ENSG00000172167.wgt.RDat	ENSG00000172167	8	121457640	121554373	0.0237	rs12677877	 2.67	rs7812590	 0.005451	  4.03	 0.71930	 472	 18	enet	0.011	0.00018	 1.18227	2.37e-01
NA	/data/songy4/twas/output/weights//ENSG00000178764.wgt.RDat	ENSG00000178764	8	123793633	123986750	0.0771	rs4316158	-3.51	rs3808600	 0.021733	 -5.65	 0.34286	 565	  7	lasso	0.027	1.9e-08	-0.06625	9.47e-01
NA	/data/songy4/twas/output/weights//ENSG00000136986.wgt.RDat	ENSG00000136986	8	124025404	124054663	0.1028	rs11776799	 3.03	rs4871339	 0.016875	 -6.10	 1.68644	 499	 33	enet	0.058	1.2e-16	-0.84299	3.99e-01
NA	/data/songy4/twas/output/weights//ENSG00000147689.wgt.RDat	ENSG00000147689	8	124191200	124222314	0.2693	rs11776799	 3.03	rs4282551	 0.331475	 19.49	-2.90708	 545	 10	lasso	0.34	7.5e-106	-2.60489	9.19e-03
NA	/data/songy4/twas/output/weights//ENSG00000156795.wgt.RDat	ENSG00000156795	8	124428965	124479470	0.2193	rs4282551	-2.91	rs6999234	 0.317261	-19.05	 0.62245	 573	  7	lasso	0.32	1.7e-98	-0.59004	5.55e-01
NA	/data/songy4/twas/output/weights//ENSG00000156804.wgt.RDat	ENSG00000156804	8	124510129	124553446	0.1402	rs4282551	-2.91	rs2280919	 0.058952	  8.38	-0.64948	 550	  7	lasso	0.071	4.9e-20	-0.65353	5.13e-01
NA	/data/songy4/twas/output/weights//ENSG00000164983.wgt.RDat	ENSG00000164983	8	125324231	125384933	0.1026	rs17299208	 4.71	rs4464954	 0.074978	  9.41	-1.32692	 574	 38	enet	0.09	2.1e-25	-0.88572	3.76e-01
NA	/data/songy4/twas/output/weights//ENSG00000183665.wgt.RDat	ENSG00000183665	8	125463048	125474391	0.5099	rs17299208	 4.71	rs3812475	 0.663237	 27.48	 1.87097	 533	  2	lasso	0.68	1.5e-286	 1.82115	6.86e-02
NA	/data/songy4/twas/output/weights//ENSG00000147687.wgt.RDat	ENSG00000147687	8	125500726	125551699	0.0419	rs17299208	 4.71	rs4269526	 0.018983	 -5.84	 1.94737	 549	  1	top1	0.019	1.8e-06	-1.94737	5.15e-02
NA	/data/songy4/twas/output/weights//ENSG00000147684.wgt.RDat	ENSG00000147684	8	125551344	125580751	0.0389	rs17299208	 4.71	rs7010902	 0.010437	  5.33	 2.23358	 542	  1	top1	0.01	0.00033	 2.23358	2.55e-02
NA	/data/songy4/twas/output/weights//ENSG00000170873.wgt.RDat	ENSG00000170873	8	125563031	125740730	0.0720	rs17299208	 4.71	rs3857944	 0.010658	  5.14	-0.84762	 577	 24	enet	0.038	1.6e-11	-0.45260	6.51e-01
NA	/data/songy4/twas/output/weights//ENSG00000164961.wgt.RDat	ENSG00000164961	8	126036502	126104082	0.0259	rs17299208	 4.71	rs11542889	 0.023014	  5.64	 0.44061	 550	  1	top1	0.023	1.6e-07	 0.44061	6.59e-01
NA	/data/songy4/twas/output/weights//ENSG00000173334.wgt.RDat	ENSG00000173334	8	126442563	126450647	0.0780	rs921719	-2.95	rs3201475	 0.037588	  7.05	-1.09649	 440	  4	lasso	0.042	2e-12	-0.92446	3.55e-01
NA	/data/songy4/twas/output/weights//ENSG00000168672.wgt.RDat	ENSG00000168672	8	127564687	127570638	0.3207	rs780323	 3.27	rs12546489	 0.306492	-18.77	-0.03390	 492	 37	enet	0.32	1.6e-98	-0.31743	7.51e-01
NA	/data/songy4/twas/output/weights//ENSG00000147697.wgt.RDat	ENSG00000147697	8	130760442	130799134	0.0212	rs298616	 5.52	rs4260864	 0.010827	  5.15	 0.69072	 478	  7	enet	0.018	2.7e-06	 0.10609	9.16e-01
NA	/data/songy4/twas/output/weights//ENSG00000153317.wgt.RDat	ENSG00000153317	8	131064353	131455906	0.1691	rs298616	 5.52	rs2670876	 0.150204	-13.13	-0.16529	 719	  7	lasso	0.19	1.2e-53	 0.35374	7.24e-01
NA	/data/songy4/twas/output/weights//ENSG00000132294.wgt.RDat	ENSG00000132294	8	132916335	133025889	0.0322	rs2597331	 3.30	rs1501061	 0.018299	  5.51	-0.60606	 620	  1	top1	0.018	2.8e-06	-0.60606	5.44e-01
NA	/data/songy4/twas/output/weights//ENSG00000184156.wgt.RDat	ENSG00000184156	8	133133108	133493200	0.1522	rs17683567	 3.53	rs2673558	 0.084583	  9.94	-2.30409	 773	 16	enet	0.093	3.9e-26	-1.60229	1.09e-01
NA	/data/songy4/twas/output/weights//ENSG00000129295.wgt.RDat	ENSG00000129295	8	133584320	133687838	0.6204	rs17683567	 3.53	rs1048490	 0.624688	-26.70	 0.15625	 700	 23	enet	0.72	1e-320	 0.20894	8.34e-01
NA	/data/songy4/twas/output/weights//ENSG00000165071.wgt.RDat	ENSG00000165071	8	133697253	133772958	0.0432	rs17683567	 3.53	rs890210	 0.052779	  7.85	-1.71698	 690	  1	top1	0.053	2.6e-15	-1.71698	8.60e-02
NA	/data/songy4/twas/output/weights//ENSG00000129292.wgt.RDat	ENSG00000129292	8	133787618	133861052	0.1160	rs17683567	 3.53	rs235427	 0.045160	 -8.88	-0.74227	 709	 16	lasso	0.069	1.3e-19	-1.11264	2.66e-01
NA	/data/songy4/twas/output/weights//ENSG00000042832.wgt.RDat	ENSG00000042832	8	133879203	134147147	0.3436	rs17683567	 3.53	rs988068	 0.372417	 21.12	-2.26667	 894	 10	lasso	0.51	8.9e-178	-0.16938	8.66e-01
NA	/data/songy4/twas/output/weights//ENSG00000155926.wgt.RDat	ENSG00000155926	8	134048973	134115298	0.0610	rs17683567	 3.53	rs2741200	 0.028574	  6.18	 0.55238	 741	  1	top1	0.029	5.7e-09	 0.55238	5.81e-01
NA	/data/songy4/twas/output/weights//ENSG00000104419.wgt.RDat	ENSG00000104419	8	134249414	134314265	0.1400	rs17683567	 3.53	rs2929995	 0.066735	 -9.20	 1.13876	 795	 12	lasso	0.071	3.4e-20	-0.84189	4.00e-01
NA	/data/songy4/twas/output/weights//ENSG00000008513.wgt.RDat	ENSG00000008513	8	134467091	134584183	0.1747	rs16904929	 3.18	rs10956709	 0.072021	 -9.62	-0.20968	 844	  7	lasso	0.086	4.3e-24	 0.46844	6.39e-01
NA	/data/songy4/twas/output/weights//ENSG00000066827.wgt.RDat	ENSG00000066827	8	135490031	135725292	0.0850	rs11995190	 3.30	rs10875385	 0.079147	  9.72	-1.82979	 727	  1	top1	0.079	2.3e-22	-1.82979	6.73e-02
NA	/data/songy4/twas/output/weights//ENSG00000167632.wgt.RDat	ENSG00000167632	8	140742586	141468678	0.6989	rs1060832	 4.96	rs3735799	 0.382224	-20.91	-0.21649	 862	 22	enet	0.51	1.1e-176	-0.63864	5.23e-01
NA	/data/songy4/twas/output/weights//ENSG00000123908.wgt.RDat	ENSG00000123908	8	141541264	141645718	0.0702	rs1060832	 4.96	rs2944765	 0.029462	 -6.86	 1.22772	 430	  8	enet	0.047	7.9e-14	-2.76153	5.75e-03
NA	/data/songy4/twas/output/weights//ENSG00000022567.wgt.RDat	ENSG00000022567	8	142217265	142318404	0.3947	rs4434666	 3.80	rs6985508	 0.360637	-20.34	 0.84158	 466	 25	enet	0.38	1.1e-118	-0.58103	5.61e-01
NA	/data/songy4/twas/output/weights//ENSG00000204882.wgt.RDat	ENSG00000204882	8	142366600	142377367	0.2483	rs13270490	 3.68	rs7828983	 0.181417	-14.65	-1.29012	 455	  4	lasso	0.18	3.6e-52	 1.23399	2.17e-01
NA	/data/songy4/twas/output/weights//ENSG00000184489.wgt.RDat	ENSG00000184489	8	142402093	142441620	0.1014	rs7824374	 3.60	rs3934583	 0.060828	 -8.43	-1.30303	 479	  2	lasso	0.072	2.3e-20	 1.45756	1.45e-01
NA	/data/songy4/twas/output/weights//ENSG00000171045.wgt.RDat	ENSG00000171045	8	143293441	143484601	0.1774	rs7357419	-3.15	rs7387891	 0.224492	 16.27	-1.89109	 488	  5	lasso	0.29	1.8e-86	-2.69554	7.03e-03
NA	/data/songy4/twas/output/weights//ENSG00000181790.wgt.RDat	ENSG00000181790	8	143530791	143626370	0.0434	rs7357419	-3.15	rs7822554	 0.030177	 -6.15	-1.44355	 453	 15	enet	0.032	6.8e-10	 0.74019	4.59e-01
NA	/data/songy4/twas/output/weights//ENSG00000234616.wgt.RDat	ENSG00000234616	8	143738874	143763386	0.1747	rs7357419	-3.15	rs6995314	 0.077477	  9.49	 1.32653	 402	 11	lasso	0.082	3.1e-23	 1.07983	2.80e-01
NA	/data/songy4/twas/output/weights//ENSG00000167653.wgt.RDat	ENSG00000167653	8	143751726	143764142	0.2477	rs7357419	-3.15	rs12155758	 0.100061	 10.80	-0.99091	 395	 44	enet	0.15	3.5e-42	-1.21147	2.26e-01
NA	/data/songy4/twas/output/weights//ENSG00000160886.wgt.RDat	ENSG00000160886	8	143781529	143786545	0.0188	rs7357419	-3.15	rs12155758	 0.023458	  5.31	-0.99091	 387	  1	top1	0.023	1.2e-07	-0.99091	3.22e-01
NA	/data/songy4/twas/output/weights//ENSG00000130193.wgt.RDat	ENSG00000130193	8	143808621	143818345	0.2157	rs7357419	-3.15	rs3736001	 0.093006	 10.45	-0.13500	 387	 20	enet	0.16	3.1e-44	 0.17009	8.65e-01
NA	/data/songy4/twas/output/weights//ENSG00000197353.wgt.RDat	ENSG00000197353	8	143831568	143833952	0.0476	rs7357419	-3.15	rs2572874	 0.067869	  8.92	-0.37374	 384	  1	top1	0.068	2.5e-19	-0.37374	7.09e-01
NA	/data/songy4/twas/output/weights//ENSG00000180155.wgt.RDat	ENSG00000180155	8	143845752	143859640	0.1427	rs7357419	-3.15	rs2572874	 0.193025	 14.94	-0.37374	 391	  1	top1	0.19	4.1e-55	-0.37374	7.09e-01
NA	/data/songy4/twas/output/weights//ENSG00000104499.wgt.RDat	ENSG00000104499	8	143915663	143997922	0.0400	rs7357419	-3.15	rs4074074	 0.021299	  5.67	 2.77000	 409	  1	top1	0.021	4.6e-07	 2.77000	5.61e-03
NA	/data/songy4/twas/output/weights//ENSG00000185730.wgt.RDat	ENSG00000185730	8	144371846	144380231	0.2213	rs4282549	 3.01	rs6651422	 0.336837	 19.81	 1.03125	 379	 15	enet	0.35	4.5e-108	 1.20519	2.28e-01
NA	/data/songy4/twas/output/weights//ENSG00000184428.wgt.RDat	ENSG00000184428	8	144386554	144442149	0.0832	rs4282549	 3.01	rs7002559	 0.049318	  7.98	 0.14729	 396	 44	enet	0.056	3.6e-16	 0.52056	6.03e-01
NA	/data/songy4/twas/output/weights//ENSG00000158106.wgt.RDat	ENSG00000158106	8	144451057	144466390	0.0529	rs4282549	 3.01	rs7387207	 0.021391	  5.96	 1.29787	 363	 16	enet	0.047	8.1e-14	 2.13013	3.32e-02
NA	/data/songy4/twas/output/weights//ENSG00000182759.wgt.RDat	ENSG00000182759	8	144501352	144512576	0.0451	rs4282549	 3.01	rs2450776	 0.024326	 -6.14	-0.80982	 343	  1	top1	0.024	7.4e-08	 0.80982	4.18e-01
NA	/data/songy4/twas/output/weights//ENSG00000104518.wgt.RDat	ENSG00000104518	8	144635377	144645232	0.1346	rs4282549	 3.01	rs3889129	 0.061084	 -9.24	 0.01020	 350	 18	enet	0.11	1.3e-31	 0.37546	7.07e-01
NA	/data/songy4/twas/output/weights//ENSG00000204839.wgt.RDat	ENSG00000204839	8	144648357	144655141	0.2477	rs12680363	 3.00	rs896954	 0.170747	 14.04	 0.72222	 347	 10	lasso	0.24	4.3e-69	 1.15208	2.49e-01
NA	/data/songy4/twas/output/weights//ENSG00000147813.wgt.RDat	ENSG00000147813	8	144656955	144660819	0.5148	rs12680363	 3.00	rs10112966	 0.455814	-22.78	-0.09322	 349	 61	enet	0.48	3.3e-165	 0.34306	7.32e-01
NA	/data/songy4/twas/output/weights//ENSG00000183309.wgt.RDat	ENSG00000183309	8	144718183	144735900	0.0590	rs11786665	 2.97	rs7821027	 0.039875	  6.98	 1.14851	 340	  4	lasso	0.043	7.3e-13	 1.45264	1.46e-01
NA	/data/songy4/twas/output/weights//ENSG00000181135.wgt.RDat	ENSG00000181135	8	144766622	144796068	0.0449	rs11786665	 2.97	rs4875034	 0.027086	  5.88	 1.88889	 327	  3	lasso	0.03	2.4e-09	 1.56375	1.18e-01
NA	/data/songy4/twas/output/weights//ENSG00000185189.wgt.RDat	ENSG00000185189	8	144915764	144924200	0.0494	rs11786665	 2.97	rs11136343	 0.018577	 -5.13	 2.06122	 271	  1	top1	0.019	2.3e-06	-2.06122	3.93e-02
NA	/data/songy4/twas/output/weights//ENSG00000178209.wgt.RDat	ENSG00000178209	8	144989321	145050902	0.0634	rs11786665	 2.97	rs11136343	 0.079430	-10.31	 2.06122	 259	  5	lasso	0.098	1.5e-27	-2.50555	1.22e-02
NA	/data/songy4/twas/output/weights//ENSG00000178719.wgt.RDat	ENSG00000178719	8	145064226	145067583	0.2214	rs7015323	-2.82	rs11136251	 0.270009	-18.13	 2.01042	 235	  4	lasso	0.31	4.5e-92	-2.16780	3.02e-02
NA	/data/songy4/twas/output/weights//ENSG00000186583.wgt.RDat	ENSG00000186583	8	145086582	145101933	0.0243	rs12056725	-3.57	rs11136251	 0.018088	 -5.50	 2.01042	 237	  1	top1	0.018	3.1e-06	-2.01042	4.44e-02
NA	/data/songy4/twas/output/weights//ENSG00000197858.wgt.RDat	ENSG00000197858	8	145137493	145141119	0.0379	rs12056725	-3.57	rs6558293	 0.024890	  5.78	-1.18436	 220	  1	top1	0.025	5.3e-08	-1.18436	2.36e-01
NA	/data/songy4/twas/output/weights//ENSG00000179091.wgt.RDat	ENSG00000179091	8	145149930	145152428	0.0204	rs12056725	-3.57	rs4874156	 0.004363	  4.14	-0.70370	 217	  5	lasso	0.0048	0.011	 0.09237	9.26e-01
NA	/data/songy4/twas/output/weights//ENSG00000179526.wgt.RDat	ENSG00000179526	8	145153536	145163027	0.0719	rs12056725	-3.57	rs12550729	 0.094779	 10.98	-0.68391	 221	  5	lasso	0.097	3.6e-27	-0.73609	4.62e-01
NA	/data/songy4/twas/output/weights//ENSG00000179632.wgt.RDat	ENSG00000179632	8	145159402	145162514	0.1569	rs12056725	-3.57	rs12550729	 0.251743	-17.04	-0.68391	 218	  8	lasso	0.25	5.3e-74	 1.00441	3.15e-01
NA	/data/songy4/twas/output/weights//ENSG00000179698.wgt.RDat	ENSG00000179698	8	145162629	145173218	0.1472	rs12056725	-3.57	rs12550729	 0.210901	-15.70	-0.68391	 224	 18	enet	0.22	5.9e-64	 1.03974	2.98e-01
NA	/data/songy4/twas/output/weights//ENSG00000185122.wgt.RDat	ENSG00000185122	8	145515280	145538385	0.0213	rs12056725	-3.57	rs35253356	 0.016649	 -5.24	 1.24490	 176	  1	top1	0.017	7.5e-06	-1.24490	2.13e-01
NA	/data/songy4/twas/output/weights//ENSG00000185000.wgt.RDat	ENSG00000185000	8	145539954	145550573	0.1057	rs12056725	-3.57	rs4977203	 0.074906	  9.72	 1.28125	 173	  1	top1	0.075	3.2e-21	 1.28125	2.00e-01
NA	/data/songy4/twas/output/weights//ENSG00000071894.wgt.RDat	ENSG00000071894	8	145618444	145634753	0.4740	rs12056725	-3.57	rs13258200	 0.531727	-24.85	-1.59000	 175	  3	lasso	0.59	7.6e-221	 2.00145	4.53e-02
NA	/data/songy4/twas/output/weights//ENSG00000147804.wgt.RDat	ENSG00000147804	8	145635126	145642279	0.0784	rs12056725	-3.57	rs11992877	 0.036070	 -6.49	-1.16940	 171	  1	top1	0.036	6.3e-11	 1.16940	2.42e-01
NA	/data/songy4/twas/output/weights//ENSG00000160948.wgt.RDat	ENSG00000160948	8	145649000	145653931	0.6570	rs12056725	-3.57	rs11992877	 0.440540	 22.39	-1.16940	 172	  8	lasso	0.51	1.2e-176	-0.69317	4.88e-01
NA	/data/songy4/twas/output/weights//ENSG00000160949.wgt.RDat	ENSG00000160949	8	145654165	145669827	0.0466	rs12056725	-3.57	rs2272658	 0.042880	 -7.12	-0.78947	 176	  1	top1	0.043	1e-12	 0.78947	4.30e-01
NA	/data/songy4/twas/output/weights//ENSG00000187954.wgt.RDat	ENSG00000187954	8	145674965	145691060	0.0139	rs12056725	-3.57	rs748195	 0.010651	  4.32	-1.43750	 175	  1	top1	0.011	0.00029	-1.43750	1.51e-01
NA	/data/songy4/twas/output/weights//ENSG00000167702.wgt.RDat	ENSG00000167702	8	145691426	145699585	0.1093	rs12056725	-3.57	rs4925810	 0.052829	 -7.93	-0.76531	 176	 25	enet	0.077	9.7e-22	 0.05370	9.57e-01
NA	/data/songy4/twas/output/weights//ENSG00000160972.wgt.RDat	ENSG00000160972	8	145703352	145727504	0.1734	rs12056725	-3.57	rs1480000	 0.296755	-18.53	-1.94792	 190	  6	enet	0.3	3e-91	 2.07203	3.83e-02
NA	/data/songy4/twas/output/weights//ENSG00000167701.wgt.RDat	ENSG00000167701	8	145728356	145732557	0.0266	rs12056725	-3.57	rs2976602	 0.026361	 -6.27	-1.00000	 191	  8	enet	0.026	2.1e-08	 1.51507	1.30e-01
NA	/data/songy4/twas/output/weights//ENSG00000160959.wgt.RDat	ENSG00000160959	8	145743376	145750557	0.0963	rs12056725	-3.57	rs3757966	 0.179147	-14.35	-2.13684	 195	  1	top1	0.18	6.8e-51	 2.13684	3.26e-02
NA	/data/songy4/twas/output/weights//ENSG00000198169.wgt.RDat	ENSG00000198169	8	145946298	145981802	0.0251	rs12056725	-3.57	rs1735169	 0.019961	 -6.05	-0.26316	 204	  1	top1	0.02	1e-06	 0.26316	7.92e-01
NA	/data/songy4/twas/output/weights//ENSG00000196378.wgt.RDat	ENSG00000196378	8	145998499	146012730	0.2507	rs12056725	-3.57	rs11784860	 0.383584	-20.91	-0.38542	 204	  5	lasso	0.39	8.4e-124	 0.38985	6.97e-01
NA	/data/songy4/twas/output/weights//ENSG00000161016.wgt.RDat	ENSG00000161016	8	146015150	146017972	0.1118	rs12056725	-3.57	rs11784860	 0.202695	 15.24	-0.38542	 198	  6	lasso	0.2	3.6e-58	-0.44623	6.55e-01
NA	/data/songy4/twas/output/weights//ENSG00000197363.wgt.RDat	ENSG00000197363	8	146024261	146036554	0.1042	rs12056725	-3.57	rs1735433	 0.161752	 13.83	-0.50000	 196	  7	lasso	0.16	2.7e-46	-0.27504	7.83e-01
NA	/data/songy4/twas/output/weights//ENSG00000147789.wgt.RDat	ENSG00000147789	8	146052849	146072894	0.0459	rs12056725	-3.57	rs1209853	 0.019870	  6.12	 0.07216	 194	 24	enet	0.022	3.2e-07	-0.00721	9.94e-01
NA	/data/songy4/twas/output/weights//ENSG00000170619.wgt.RDat	ENSG00000170619	8	146066427	146079121	0.0153	rs12056725	-3.57	rs5029824	 0.012133	 -4.72	-0.27551	 194	  1	top1	0.012	0.00012	 0.27551	7.83e-01
NA	/data/songy4/twas/output/weights//ENSG00000196150.wgt.RDat	ENSG00000196150	8	146076632	146127553	0.0187	rs2722469	-2.61	rs3817681	-0.000180	 -3.53	-2.05208	 188	 13	enet	0.0091	0.00074	 2.32650	2.00e-02
NA	/data/songy4/twas/output/weights//ENSG00000170631.wgt.RDat	ENSG00000170631	8	146155744	146176274	0.0211	rs2722469	-2.61	rs2978444	 0.004456	  3.99	-0.45946	 172	 10	enet	0.0059	0.0054	-0.17501	8.61e-01
NA	/data/songy4/twas/output/weights//ENSG00000182307.wgt.RDat	ENSG00000182307	8	146277764	146281416	0.0934	rs2722469	-2.61	rs6599560	 0.078154	  9.74	 0.61702	 130	 11	enet	0.081	6.6e-23	 0.70001	4.84e-01
