PANEL	FILE	ID	CHR	P0	P1	HSQ	BEST.GWAS.ID	BEST.GWAS.Z	EQTL.ID	EQTL.R2	EQTL.Z	EQTL.GWAS.Z	NSNP	NWGT	MODEL	MODELCV.R2	MODELCV.PV	TWAS.Z	TWAS.P
NA	/data/songy4/twas/output/weights//ENSG00000181404.wgt.RDat	ENSG00000181404	9	14511	29739	0.3519	rs7854418	 3.09	rs10757606	 5.23e-02	  7.83	-1.80769	 303	 58	enet	0.12	6.9e-35	-0.359635	0.719120
NA	/data/songy4/twas/output/weights//ENSG00000170122.wgt.RDat	ENSG00000170122	9	116237	118417	0.0736	rs7854418	 3.02	rs1360963	 3.84e-02	  6.98	-0.50442	 386	 13	enet	0.04	6.1e-12	 0.081978	0.934664
NA	/data/songy4/twas/output/weights//ENSG00000172785.wgt.RDat	ENSG00000172785	9	121041	188979	0.6719	rs7854418	 3.12	rs2992854	 4.33e-01	 22.21	 0.60504	 469	 44	enet	0.52	4.7e-182	 0.681509	0.495550
NA	/data/songy4/twas/output/weights//ENSG00000107099.wgt.RDat	ENSG00000107099	9	214854	465259	0.3656	rs13300102	-2.93	rs12156499	 1.81e-01	 14.45	 1.65896	 686	 54	enet	0.32	1e-98	 1.568806	0.116693
NA	/data/songy4/twas/output/weights//ENSG00000107104.wgt.RDat	ENSG00000107104	9	470291	746105	0.7638	rs13300102	-2.93	rs10815156	 2.72e-01	 17.64	-0.74545	 902	101	enet	0.45	4.4e-151	-0.456661	0.647914
NA	/data/songy4/twas/output/weights//ENSG00000147852.wgt.RDat	ENSG00000147852	9	2621834	2660053	0.4942	rs12683633	-3.00	rs10812379	 7.81e-02	  9.84	-0.20183	 798	 92	enet	0.29	3e-87	 1.298364	0.194162
NA	/data/songy4/twas/output/weights//ENSG00000080608.wgt.RDat	ENSG00000080608	9	2720469	2844241	0.0704	rs12683633	-3.00	rs10757715	 3.57e-02	  6.65	 0.06383	 774	  1	top1	0.036	7.8e-11	 0.063830	0.949106
NA	/data/songy4/twas/output/weights//ENSG00000107249.wgt.RDat	ENSG00000107249	9	3824127	4348392	0.2436	rs10974436	-3.27	rs2146423	 5.92e-02	 -9.11	-1.50495	1086	 88	enet	0.099	8.7e-28	 0.000217	0.999827
NA	/data/songy4/twas/output/weights//ENSG00000106686.wgt.RDat	ENSG00000106686	9	4553386	4666674	0.4128	rs10974436	-3.27	rs367800	 1.83e-01	-14.91	 1.30693	 804	 44	enet	0.31	1.5e-95	-1.115859	0.264482
NA	/data/songy4/twas/output/weights//ENSG00000205808.wgt.RDat	ENSG00000205808	9	4662298	4665256	0.4102	rs10974436	-3.27	rs1485202	 1.24e-01	 13.36	 0.92053	 689	 43	enet	0.29	2.4e-85	 0.956714	0.338712
NA	/data/songy4/twas/output/weights//ENSG00000106993.wgt.RDat	ENSG00000106993	9	4679559	4708398	0.0667	rs10974436	-3.27	rs1385454	 4.41e-02	  7.27	 0.91429	 686	  1	top1	0.044	5e-13	 0.914286	0.360567
NA	/data/songy4/twas/output/weights//ENSG00000147853.wgt.RDat	ENSG00000147853	9	4711155	4742043	0.3151	rs10974436	-3.27	rs3808857	 4.10e-02	 -7.22	-1.78261	 657	103	enet	0.16	9.4e-45	 1.364422	0.172435
NA	/data/songy4/twas/output/weights//ENSG00000120158.wgt.RDat	ENSG00000120158	9	4792869	4885917	0.2227	rs4742057	-2.69	rs10072	 1.02e-01	-10.79	-0.36634	 655	 71	enet	0.16	5.4e-46	 0.391666	0.695305
NA	/data/songy4/twas/output/weights//ENSG00000096968.wgt.RDat	ENSG00000096968	9	4985033	5128183	0.0394	rs3780394	 2.77	rs913594	 5.00e-03	 -5.04	-0.69748	 629	 25	enet	0.014	4.3e-05	 1.189042	0.234423
NA	/data/songy4/twas/output/weights//ENSG00000107014.wgt.RDat	ENSG00000107014	9	5299868	5304969	0.1267	rs7846809	-3.00	rs2273782	 8.14e-02	  9.74	 1.56522	 484	  4	lasso	0.095	8.3e-27	 1.184661	0.236151
NA	/data/songy4/twas/output/weights//ENSG00000107018.wgt.RDat	ENSG00000107018	9	5334969	5339873	0.0578	rs7846809	-3.00	rs2146074	 3.99e-02	 -7.06	 0.00962	 475	  1	top1	0.04	6.1e-12	-0.009615	0.992328
NA	/data/songy4/twas/output/weights//ENSG00000107020.wgt.RDat	ENSG00000107020	9	5357973	5437878	0.1318	rs7041526	-3.48	rs2381277	 1.37e-01	 12.59	-0.33981	 502	  1	top1	0.14	1.7e-38	-0.339806	0.734003
NA	/data/songy4/twas/output/weights//ENSG00000120217.wgt.RDat	ENSG00000120217	9	5450503	5470566	0.1408	rs7041526	-3.48	rs4742095	 2.65e-02	  8.57	-0.64848	 441	  5	lasso	0.07	5.8e-20	-0.264389	0.791480
NA	/data/songy4/twas/output/weights//ENSG00000197646.wgt.RDat	ENSG00000197646	9	5510545	5571282	0.1853	rs7041526	-3.48	rs16923189	 5.27e-02	  7.89	-0.74545	 457	 29	enet	0.092	6.8e-26	-0.896292	0.370097
NA	/data/songy4/twas/output/weights//ENSG00000107036.wgt.RDat	ENSG00000107036	9	5629025	5776557	0.0731	rs7041526	-3.48	rs13294802	 7.57e-03	 -4.49	-1.70968	 516	 29	enet	0.04	6.9e-12	 1.746713	0.080687
NA	/data/songy4/twas/output/weights//ENSG00000099219.wgt.RDat	ENSG00000099219	9	5765076	5833117	0.5219	rs7041526	-3.48	rs12377641	 3.57e-01	-20.19	 0.75926	 502	 34	enet	0.44	2.6e-146	-0.027196	0.978303
NA	/data/songy4/twas/output/weights//ENSG00000183354.wgt.RDat	ENSG00000183354	9	5881596	6007901	0.0637	rs7041526	-3.48	rs4740829	 3.24e-02	 -6.58	-0.15517	 499	 18	enet	0.038	1.9e-11	-0.280944	0.778754
NA	/data/songy4/twas/output/weights//ENSG00000147854.wgt.RDat	ENSG00000147854	9	6413151	6507054	0.0202	rs3765555	 3.18	rs1547257	 8.75e-03	 -4.44	 1.48175	 522	  1	top1	0.0088	0.00092	-1.481752	0.138406
NA	/data/songy4/twas/output/weights//ENSG00000178445.wgt.RDat	ENSG00000178445	9	6532464	6645650	0.0668	rs3765555	 3.18	rs1260460	 2.47e-02	 -6.16	 0.47525	 604	 30	enet	0.034	2e-10	 0.499758	0.617245
NA	/data/songy4/twas/output/weights//ENSG00000107077.wgt.RDat	ENSG00000107077	9	6720863	7175648	0.0458	rs17600095	 3.31	rs10117618	 3.25e-02	  6.31	-0.50400	1042	  1	top1	0.032	5.6e-10	-0.504000	0.614261
NA	/data/songy4/twas/output/weights//ENSG00000153714.wgt.RDat	ENSG00000153714	9	12775020	12822130	0.0567	rs10435758	-3.05	rs1326800	 6.89e-02	 -9.03	-0.56410	 537	  1	top1	0.069	1.3e-19	 0.564103	0.572684
NA	/data/songy4/twas/output/weights//ENSG00000147862.wgt.RDat	ENSG00000147862	9	14081842	14398982	0.0765	rs13300718	 2.99	rs10810113	 6.92e-02	 -9.41	-0.62252	 994	  3	lasso	0.07	5.5e-20	 0.546872	0.584467
NA	/data/songy4/twas/output/weights//ENSG00000175893.wgt.RDat	ENSG00000175893	9	14611069	14693469	0.1582	rs10961780	 2.88	rs4740585	 7.49e-02	-10.51	-0.93333	 744	 11	lasso	0.13	7e-36	 0.902903	0.366578
NA	/data/songy4/twas/output/weights//ENSG00000155158.wgt.RDat	ENSG00000155158	9	15163620	15307358	0.4923	rs10961780	 2.88	rs10961965	 5.01e-01	-23.89	 1.21359	 602	 34	enet	0.55	7.1e-199	-1.464710	0.143000
NA	/data/songy4/twas/output/weights//ENSG00000164975.wgt.RDat	ENSG00000164975	9	15422702	15465951	0.0583	rs971835	-2.81	rs10756664	 4.99e-02	 -8.01	-0.03933	 448	 10	enet	0.05	1.1e-14	 0.203307	0.838895
NA	/data/songy4/twas/output/weights//ENSG00000164989.wgt.RDat	ENSG00000164989	9	15552895	16061661	0.2307	rs971835	-2.81	rs10119257	 3.23e-01	 19.47	-0.39130	 858	 11	lasso	0.35	1.5e-107	-0.514470	0.606924
NA	/data/songy4/twas/output/weights//ENSG00000173068.wgt.RDat	ENSG00000173068	9	16409501	16870841	0.1733	rs10810661	 3.74	rs1416742	 1.37e-01	-12.87	 3.34375	 894	 17	enet	0.14	8.5e-40	-3.788249	0.000152
NA	/data/songy4/twas/output/weights//ENSG00000044459.wgt.RDat	ENSG00000044459	9	17134980	17503921	0.0432	rs13294100	-8.59	rs6475143	 1.24e-02	  5.12	-1.92929	 795	  1	top1	0.012	9.8e-05	-1.929293	0.053695
NA	/data/songy4/twas/output/weights//ENSG00000155875.wgt.RDat	ENSG00000155875	9	18927656	19033251	0.1187	rs12352272	-2.69	rs4977278	 1.21e-01	-12.70	-0.52475	 694	 23	enet	0.14	5.2e-40	 0.753872	0.450926
NA	/data/songy4/twas/output/weights//ENSG00000155876.wgt.RDat	ENSG00000155876	9	19049372	19051019	0.1267	rs12352272	-2.69	rs7875404	 1.00e-01	-10.79	-1.88079	 630	  1	top1	0.1	3.3e-28	 1.880795	0.060000
NA	/data/songy4/twas/output/weights//ENSG00000147872.wgt.RDat	ENSG00000147872	9	19108373	19149288	0.1194	rs12352272	-2.69	rs2229536	 6.67e-02	 -8.93	-1.69014	 662	  4	lasso	0.085	8.1e-24	 1.857333	0.063264
NA	/data/songy4/twas/output/weights//ENSG00000137145.wgt.RDat	ENSG00000137145	9	19230433	19374139	0.0800	rs7030565	-2.69	rs10757033	 4.64e-02	  8.40	-0.47475	 688	 24	enet	0.07	5.7e-20	 0.677299	0.498216
NA	/data/songy4/twas/output/weights//ENSG00000177076.wgt.RDat	ENSG00000177076	9	19408925	19452018	0.0490	rs10811122	-2.57	rs2256093	 1.72e-02	 -4.86	 0.24638	 577	  4	lasso	0.025	5e-08	 0.492396	0.622440
NA	/data/songy4/twas/output/weights//ENSG00000155886.wgt.RDat	ENSG00000155886	9	19507450	19786926	0.0251	NA	   NA	NA	       NA	    NA	      NA	   0	  0	enet	-0.00018	0.37	       NA	      NA
NA	/data/songy4/twas/output/weights//ENSG00000188921.wgt.RDat	ENSG00000188921	9	20995306	21031635	0.1651	rs2480927	 3.16	rs10964823	 2.19e-02	  6.12	 0.50000	 477	 47	enet	0.055	6.1e-16	-0.023898	0.980934
NA	/data/songy4/twas/output/weights//ENSG00000198642.wgt.RDat	ENSG00000198642	9	21329670	21335379	0.0238	rs2480927	 3.16	rs10964912	 1.46e-02	 -4.41	-0.26829	 484	  1	top1	0.015	2.6e-05	 0.268293	0.788474
NA	/data/songy4/twas/output/weights//ENSG00000099810.wgt.RDat	ENSG00000099810	9	21802542	21931646	0.0316	rs6475641	-3.21	rs10217379	 2.35e-02	  5.44	-1.87500	 492	  1	top1	0.024	1.2e-07	-1.875000	0.060793
NA	/data/songy4/twas/output/weights//ENSG00000147883.wgt.RDat	ENSG00000147883	9	22002902	22009362	0.1802	rs6475641	-3.21	rs662463	 1.98e-01	-15.05	-0.16542	 444	  1	top1	0.2	1.3e-56	 0.165424	0.868610
NA	/data/songy4/twas/output/weights//ENSG00000176399.wgt.RDat	ENSG00000176399	9	22446840	22455739	0.2186	rs10811734	-3.29	rs693370	 1.62e-01	 13.64	-1.86875	 438	  6	lasso	0.16	6.6e-46	-1.892174	0.058468
NA	/data/songy4/twas/output/weights//ENSG00000198680.wgt.RDat	ENSG00000198680	9	25676396	25678856	0.0715	rs7857646	-2.37	rs11999257	 6.00e-02	  8.68	 0.21429	 476	  4	enet	0.063	5.8e-18	 0.049094	0.960845
NA	/data/songy4/twas/output/weights//ENSG00000120159.wgt.RDat	ENSG00000120159	9	26840683	26892802	0.0448	rs2060410	 3.02	rs7863308	 2.20e-02	 -6.49	-0.75771	 630	 17	enet	0.03	2.5e-09	 0.801528	0.422826
NA	/data/songy4/twas/output/weights//ENSG00000096872.wgt.RDat	ENSG00000096872	9	26947037	27062928	0.0410	rs2060410	 3.02	rs12337896	 1.98e-02	  6.23	-1.31579	 715	 15	enet	0.03	2.2e-09	-0.999462	0.317571
NA	/data/songy4/twas/output/weights//ENSG00000120156.wgt.RDat	ENSG00000120156	9	27109139	27230173	0.5065	rs2060410	 3.02	rs633903	 3.18e-01	 19.56	 1.26316	 725	 53	enet	0.54	1.2e-196	 1.399845	0.161560
NA	/data/songy4/twas/output/weights//ENSG00000120162.wgt.RDat	ENSG00000120162	9	27325207	27529779	0.0462	rs13691	-2.95	rs12350089	 2.80e-02	 -5.91	-0.08054	 762	  3	lasso	0.03	2.7e-09	 0.652841	0.513859
NA	/data/songy4/twas/output/weights//ENSG00000147894.wgt.RDat	ENSG00000147894	9	27546544	27573864	0.2342	rs13691	-2.95	rs3849946	 1.72e-01	-14.07	-1.47872	 735	 32	enet	0.23	2.7e-66	 2.068243	0.038617
NA	/data/songy4/twas/output/weights//ENSG00000174482.wgt.RDat	ENSG00000174482	9	27948076	28670283	0.0683	rs16914332	 3.05	rs10968861	 4.64e-02	  7.90	 0.08108	 997	  6	lasso	0.053	2.4e-15	-0.023972	0.980875
NA	/data/songy4/twas/output/weights//ENSG00000137074.wgt.RDat	ENSG00000137074	9	32972604	33025166	0.0468	rs1888871	 3.00	rs10733465	 5.02e-02	  7.86	 0.21849	 504	  5	lasso	0.053	1.9e-15	-0.061947	0.950605
NA	/data/songy4/twas/output/weights//ENSG00000122692.wgt.RDat	ENSG00000122692	9	33041762	33076665	0.0223	rs1888871	 3.00	rs10733465	 2.95e-02	  5.98	 0.21849	 483	  1	top1	0.029	3.4e-09	 0.218487	0.827049
NA	/data/songy4/twas/output/weights//ENSG00000086062.wgt.RDat	ENSG00000086062	9	33104080	33167354	0.0575	rs1888871	 3.00	rs10971438	 4.13e-02	  7.34	 0.01770	 498	  4	lasso	0.048	4.8e-14	-0.166077	0.868097
NA	/data/songy4/twas/output/weights//ENSG00000165272.wgt.RDat	ENSG00000165272	9	33441152	33447609	0.0286	rs7019647	 5.64	rs7023320	 1.19e-02	 -4.96	 1.81373	 402	 10	enet	0.02	7.9e-07	-1.736976	0.082391
NA	/data/songy4/twas/output/weights//ENSG00000230453.wgt.RDat	ENSG00000230453	9	33524392	33573007	0.0405	rs544169	 5.70	rs12005354	 2.84e-02	  5.86	-0.83036	 388	  1	top1	0.028	6.3e-09	-0.830357	0.406337
NA	/data/songy4/twas/output/weights//ENSG00000010438.wgt.RDat	ENSG00000010438	9	33750515	33799230	0.0188	rs544169	 5.70	rs855453	 3.88e-03	  3.54	-0.88976	 315	 13	enet	0.011	0.00026	-1.563692	0.117890
NA	/data/songy4/twas/output/weights//ENSG00000107341.wgt.RDat	ENSG00000107341	9	33817565	33920402	0.0291	rs544169	 5.70	rs2486675	 1.44e-02	 -4.77	 3.81443	 341	  6	lasso	0.02	9.9e-07	-2.138810	0.032451
NA	/data/songy4/twas/output/weights//ENSG00000137073.wgt.RDat	ENSG00000137073	9	33921691	34048947	0.0217	rs544169	 5.70	rs2196	 2.04e-03	 -4.09	-3.05208	 357	  3	lasso	0.0058	0.0059	 2.136143	0.032668
NA	/data/songy4/twas/output/weights//ENSG00000198876.wgt.RDat	ENSG00000198876	9	34086385	34127397	0.1088	rs544169	 5.70	rs11557154	 4.15e-02	  8.25	-0.12143	 339	  9	lasso	0.066	6.1e-19	 0.643521	0.519886
NA	/data/songy4/twas/output/weights//ENSG00000186638.wgt.RDat	ENSG00000186638	9	34252379	34329198	0.1261	rs544169	 5.70	rs13302285	 7.33e-02	 -9.42	 2.15152	 360	 11	enet	0.083	1.7e-23	-2.250380	0.024425
NA	/data/songy4/twas/output/weights//ENSG00000164978.wgt.RDat	ENSG00000164978	9	34329504	34343709	0.4316	rs544169	 5.70	rs10972063	 3.12e-01	 19.27	-0.66165	 347	 25	enet	0.51	7.7e-179	 0.516694	0.605369
NA	/data/songy4/twas/output/weights//ENSG00000164967.wgt.RDat	ENSG00000164967	9	34610483	34612101	0.0703	rs17258448	 5.17	rs7032335	 3.92e-02	  7.77	 1.03846	 359	  8	lasso	0.059	6.2e-17	 0.600234	0.548351
NA	/data/songy4/twas/output/weights//ENSG00000147955.wgt.RDat	ENSG00000147955	9	34634719	34637806	0.2168	rs17258448	 5.17	rs12551313	 1.21e-01	-11.86	 1.24815	 365	  5	lasso	0.14	3.4e-40	-1.566987	0.117118
NA	/data/songy4/twas/output/weights//ENSG00000137070.wgt.RDat	ENSG00000137070	9	34650699	34661889	0.1608	rs17258448	 5.17	rs2070074	 8.23e-02	 10.51	 0.20122	 367	  5	lasso	0.11	2.5e-31	 0.584908	0.558610
NA	/data/songy4/twas/output/weights//ENSG00000122733.wgt.RDat	ENSG00000122733	9	34957484	34982541	0.0902	rs3793472	-2.76	rs10491510	 1.10e-02	 -5.53	 0.60372	 357	 27	enet	0.03	2.5e-09	-2.508247	0.012133
NA	/data/songy4/twas/output/weights//ENSG00000137094.wgt.RDat	ENSG00000137094	9	34989638	34998897	0.1207	rs3793472	-2.76	rs10972297	 7.07e-02	  9.50	-2.28319	 355	 16	enet	0.086	2.8e-24	-2.163419	0.030509
NA	/data/songy4/twas/output/weights//ENSG00000165280.wgt.RDat	ENSG00000165280	9	35056061	35073246	0.0981	rs10972238	 2.75	rs504082	 8.39e-02	 -9.92	-1.42308	 353	  1	top1	0.084	1.2e-23	 1.423077	0.154714
NA	/data/songy4/twas/output/weights//ENSG00000221829.wgt.RDat	ENSG00000221829	9	35073832	35080013	0.0816	rs10972238	 2.75	rs2074549	 3.32e-02	  6.31	 0.84332	 344	 38	enet	0.048	5.1e-14	 0.817891	0.413420
NA	/data/songy4/twas/output/weights//ENSG00000165283.wgt.RDat	ENSG00000165283	9	35099888	35103154	0.0160	rs10972238	 2.75	rs944700	 1.04e-02	 -4.84	 1.24982	 339	  4	lasso	0.018	3.5e-06	-1.284257	0.199052
NA	/data/songy4/twas/output/weights//ENSG00000198722.wgt.RDat	ENSG00000198722	9	35161999	35405335	0.0357	rs10972238	 2.75	rs10972341	 1.55e-02	  5.72	-0.39583	 461	  5	lasso	0.02	1.1e-06	-0.164294	0.869500
NA	/data/songy4/twas/output/weights//ENSG00000198853.wgt.RDat	ENSG00000198853	9	35490124	35561895	0.0609	rs514492	-2.36	rs10814252	 4.93e-02	 -7.72	-2.17886	 411	  5	lasso	0.05	1.5e-14	 2.350048	0.018771
NA	/data/songy4/twas/output/weights//ENSG00000215187.wgt.RDat	ENSG00000215187	9	35561828	35563896	0.0521	rs514492	-2.36	rs10814274	 5.81e-03	 -4.76	-0.45361	 385	 22	enet	0.019	1.9e-06	-0.015296	0.987796
NA	/data/songy4/twas/output/weights//ENSG00000137101.wgt.RDat	ENSG00000137101	9	35609530	35646807	0.0194	rs12003547	 2.26	rs10972530	 8.32e-03	 -4.49	-0.61000	 413	  1	top1	0.0083	0.0012	 0.610000	0.541862
NA	/data/songy4/twas/output/weights//ENSG00000137135.wgt.RDat	ENSG00000137135	9	35658872	35675863	0.0197	rs10972763	-2.55	rs7024732	 1.42e-02	  4.60	-0.13043	 410	  9	enet	0.015	1.5e-05	 0.638253	0.523309
NA	/data/songy4/twas/output/weights//ENSG00000198467.wgt.RDat	ENSG00000198467	9	35681989	35691017	0.3000	rs10972763	-2.55	rs2295797	 3.75e-01	-20.75	 1.97143	 404	  7	lasso	0.38	7.8e-119	-1.908416	0.056337
NA	/data/songy4/twas/output/weights//ENSG00000107175.wgt.RDat	ENSG00000107175	9	35732332	35737001	0.0149	rs10972763	-2.55	rs3750434	 3.84e-03	 -4.10	-0.40206	 419	  1	top1	0.0038	0.02	 0.402062	0.687639
NA	/data/songy4/twas/output/weights//ENSG00000070610.wgt.RDat	ENSG00000070610	9	35736863	35749983	0.3134	rs10972763	-2.55	rs3750434	 3.83e-01	 20.93	-0.40206	 420	  1	top1	0.38	2.5e-121	-0.402062	0.687639
NA	/data/songy4/twas/output/weights//ENSG00000107185.wgt.RDat	ENSG00000107185	9	35749203	35758572	0.1439	rs10972763	-2.55	rs3750434	 1.71e-01	-14.07	-0.40206	 420	  7	lasso	0.19	1.5e-53	 0.064561	0.948524
NA	/data/songy4/twas/output/weights//ENSG00000215183.wgt.RDat	ENSG00000215183	9	35752987	35756610	0.0220	rs10972763	-2.55	rs1322045	 1.15e-02	 -5.52	-0.42718	 418	  3	lasso	0.018	2.6e-06	 0.448212	0.654000
NA	/data/songy4/twas/output/weights//ENSG00000137098.wgt.RDat	ENSG00000137098	9	35808042	35812269	0.0173	rs10972829	-2.64	rs17204908	-8.68e-04	  3.11	-0.56863	 424	  2	lasso	-0.00072	0.67	-0.480995	0.630520
NA	/data/songy4/twas/output/weights//ENSG00000137103.wgt.RDat	ENSG00000137103	9	35814448	35854844	0.0433	rs10972829	-2.64	rs7020142	 2.31e-02	  5.61	-0.02381	 439	  1	top1	0.023	1.6e-07	-0.023810	0.981005
NA	/data/songy4/twas/output/weights//ENSG00000204930.wgt.RDat	ENSG00000204930	9	35816388	35828744	0.1431	rs10972829	-2.64	rs879284	 1.66e-01	-14.04	 1.61207	 429	 21	enet	0.17	1.3e-47	-1.561469	0.118413
NA	/data/songy4/twas/output/weights//ENSG00000122694.wgt.RDat	ENSG00000122694	9	36136732	36163910	0.0813	rs3780350	 3.47	rs10814339	 1.71e-02	 -5.88	 0.85088	 416	 36	enet	0.042	1.4e-12	 0.054597	0.956459
NA	/data/songy4/twas/output/weights//ENSG00000159921.wgt.RDat	ENSG00000159921	9	36214438	36277053	0.0580	rs3780350	 3.47	rs10972821	 3.20e-02	  6.50	-0.11111	 415	  1	top1	0.032	7.2e-10	-0.111111	0.911528
NA	/data/songy4/twas/output/weights//ENSG00000147905.wgt.RDat	ENSG00000147905	9	37120536	37358146	0.0735	rs3780350	 3.47	rs7851239	 6.84e-02	 -9.32	 2.35922	 609	  1	top1	0.068	1.8e-19	-2.359223	0.018313
NA	/data/songy4/twas/output/weights//ENSG00000137106.wgt.RDat	ENSG00000137106	9	37422663	37436987	0.8704	rs3780335	 2.56	rs7856656	 7.31e-01	 28.83	-1.09434	 467	  1	top1	0.73	0	-1.094340	0.273806
NA	/data/songy4/twas/output/weights//ENSG00000137054.wgt.RDat	ENSG00000137054	9	37485932	37503694	0.0336	rs12345885	-2.83	rs3739572	 3.39e-02	 -6.69	-1.96850	 443	  1	top1	0.034	2.4e-10	 1.968504	0.049010
NA	/data/songy4/twas/output/weights//ENSG00000165275.wgt.RDat	ENSG00000165275	9	37753804	37778969	0.1727	rs2381775	 3.10	rs10814618	 2.16e-01	-15.83	-2.02857	 478	  9	enet	0.24	2.4e-69	 2.202236	0.027649
NA	/data/songy4/twas/output/weights//ENSG00000122741.wgt.RDat	ENSG00000122741	9	37800499	37867663	0.1292	rs2381775	 3.10	rs10511954	 2.11e-01	-15.70	-0.67883	 522	  1	top1	0.21	1.5e-60	 0.678832	0.497244
NA	/data/songy4/twas/output/weights//ENSG00000122696.wgt.RDat	ENSG00000122696	9	37879400	37904350	0.1177	rs2381775	 3.10	rs10125553	 1.54e-01	-13.36	-0.62500	 539	 40	enet	0.16	2e-44	 0.289258	0.772384
NA	/data/songy4/twas/output/weights//ENSG00000107338.wgt.RDat	ENSG00000107338	9	37919131	38069210	0.0327	rs2381775	 3.10	rs10814651	 2.87e-02	 -5.95	 0.26923	 584	  1	top1	0.029	5.4e-09	-0.269231	0.787752
NA	/data/songy4/twas/output/weights//ENSG00000137124.wgt.RDat	ENSG00000137124	9	38392661	38398658	0.0621	rs2381775	 3.10	rs4242647	 2.79e-02	  5.83	-0.30345	 470	  2	lasso	0.031	1.3e-09	 0.105370	0.916083
NA	/data/songy4/twas/output/weights//ENSG00000180071.wgt.RDat	ENSG00000180071	9	38540566	38620657	0.1169	rs1885490	-2.37	rs2381858	 2.39e-02	  6.60	 0.63291	 402	  5	lasso	0.065	1.1e-18	 0.398196	0.690486
NA	/data/songy4/twas/output/weights//ENSG00000154330.wgt.RDat	ENSG00000154330	9	70943224	71145977	0.6004	rs17055720	-2.73	rs928049	 4.41e-01	 22.80	-1.40171	 337	 84	enet	0.57	1.3e-211	-1.284455	0.198983
NA	/data/songy4/twas/output/weights//ENSG00000181778.wgt.RDat	ENSG00000181778	9	71151496	71155783	0.4606	rs17055720	-2.73	rs10869040	 2.97e-01	 18.45	-0.08251	 343	 36	enet	0.45	3.7e-148	-1.049571	0.293915
NA	/data/songy4/twas/output/weights//ENSG00000107242.wgt.RDat	ENSG00000107242	9	71320575	71624092	0.0928	rs7859021	-2.91	rs424970	 4.18e-02	  7.48	-1.09167	 609	 24	enet	0.051	6.7e-15	-1.199096	0.230490
NA	/data/songy4/twas/output/weights//ENSG00000119139.wgt.RDat	ENSG00000119139	9	71736209	71870124	0.2706	rs7859021	-2.91	rs1416738	 3.97e-01	-21.26	 2.52632	 583	 10	lasso	0.42	4.6e-138	-2.451820	0.014214
NA	/data/songy4/twas/output/weights//ENSG00000107282.wgt.RDat	ENSG00000107282	9	72042446	72287222	0.1590	rs7022623	 3.67	rs7044154	 4.71e-02	 -7.59	 1.45000	 613	 35	enet	0.097	3.8e-27	-0.808129	0.419016
NA	/data/songy4/twas/output/weights//ENSG00000188647.wgt.RDat	ENSG00000188647	9	72324438	72374875	0.2702	rs7022623	 3.67	rs11139996	 1.80e-01	 14.59	 0.04514	 488	 22	enet	0.19	5.3e-54	 0.632533	0.527038
NA	/data/songy4/twas/output/weights//ENSG00000204711.wgt.RDat	ENSG00000204711	9	72435709	72521148	0.7961	rs7022623	 3.67	rs4366141	 7.26e-01	 28.75	-1.77848	 471	  5	lasso	0.73	4.5e-322	-1.802822	0.071416
NA	/data/songy4/twas/output/weights//ENSG00000198887.wgt.RDat	ENSG00000198887	9	72873937	72969804	0.0261	rs7022623	 3.67	rs2975863	-8.00e-04	 -3.99	-0.82081	 516	 30	enet	-0.00022	0.39	 1.173743	0.240498
NA	/data/songy4/twas/output/weights//ENSG00000119138.wgt.RDat	ENSG00000119138	9	72999503	73029540	0.0255	rs7042897	-2.48	rs13286210	 2.56e-02	 -5.77	 0.57292	 513	  1	top1	0.026	3.5e-08	-0.572917	0.566701
NA	/data/songy4/twas/output/weights//ENSG00000083067.wgt.RDat	ENSG00000083067	9	73143979	74061820	0.0607	rs10511999	 3.29	rs1011308	 5.42e-02	  8.02	 0.02679	 923	  1	top1	0.054	1.1e-15	 0.026786	0.978631
NA	/data/songy4/twas/output/weights//ENSG00000155621.wgt.RDat	ENSG00000155621	9	74526426	74600970	0.0239	rs10511999	 3.29	rs7023511	 1.42e-02	  4.60	 2.57895	 454	 17	enet	0.02	9.1e-07	 1.258540	0.208197
NA	/data/songy4/twas/output/weights//ENSG00000107372.wgt.RDat	ENSG00000107372	9	74966341	74980163	0.0541	rs6560284	-3.30	rs3012509	 6.84e-02	  9.20	 1.41667	 367	  1	top1	0.068	1.8e-19	 1.416667	0.156580
NA	/data/songy4/twas/output/weights//ENSG00000165092.wgt.RDat	ENSG00000165092	9	75515578	75695358	0.0681	rs11143438	-3.35	rs7867580	 6.81e-02	 -8.88	-0.14679	 460	 19	enet	0.072	2e-20	-0.026642	0.978746
NA	/data/songy4/twas/output/weights//ENSG00000135046.wgt.RDat	ENSG00000135046	9	75766673	75785309	0.0877	rs11143438	-3.35	rs7867580	 3.34e-02	 -7.82	-0.14679	 398	 29	enet	0.075	2.3e-21	-0.055751	0.955540
NA	/data/songy4/twas/output/weights//ENSG00000198963.wgt.RDat	ENSG00000198963	9	77112281	77308093	0.1885	rs4493972	 3.03	rs4581117	 3.01e-01	-18.54	 1.60748	 468	  1	top1	0.3	1.1e-90	-1.607477	0.107950
NA	/data/songy4/twas/output/weights//ENSG00000119121.wgt.RDat	ENSG00000119121	9	77337411	77503010	0.1873	rs4493972	 3.03	rs10869452	 1.71e-01	-14.03	 0.84762	 480	  5	lasso	0.18	1.3e-52	-0.089629	0.928582
NA	/data/songy4/twas/output/weights//ENSG00000156017.wgt.RDat	ENSG00000156017	9	77595936	77643339	0.0960	rs12551900	-2.99	rs1176811	 3.69e-02	 -6.89	-0.77165	 465	  5	lasso	0.075	3.4e-21	 0.493126	0.621924
NA	/data/songy4/twas/output/weights//ENSG00000106733.wgt.RDat	ENSG00000106733	9	77675489	77703133	0.7122	rs12551900	-2.99	rs6560421	 4.90e-01	-24.12	-0.01942	 458	 51	enet	0.73	5e-322	-0.503673	0.614491
NA	/data/songy4/twas/output/weights//ENSG00000134996.wgt.RDat	ENSG00000134996	9	77703459	77762181	0.2633	rs12551900	-2.99	rs2273770	 1.26e-01	 12.09	 0.02941	 487	 10	lasso	0.2	1.5e-56	 0.056346	0.955066
NA	/data/songy4/twas/output/weights//ENSG00000099139.wgt.RDat	ENSG00000099139	9	78505560	78977255	0.0885	rs11145041	 2.91	rs2377423	 2.97e-02	  6.29	 0.48333	 970	 40	enet	0.053	2.2e-15	 0.874843	0.381659
NA	/data/songy4/twas/output/weights//ENSG00000135002.wgt.RDat	ENSG00000135002	9	79000433	79009433	0.1159	rs11145041	 2.91	rs10869777	 9.19e-02	 10.51	 1.08000	 669	  1	top1	0.092	7.7e-26	 1.080000	0.280142
NA	/data/songy4/twas/output/weights//ENSG00000187210.wgt.RDat	ENSG00000187210	9	79034752	79122332	0.1457	rs11145041	 2.91	rs543677	 9.15e-02	-10.48	-1.29825	 722	 42	enet	0.12	2e-34	 0.423504	0.671928
NA	/data/songy4/twas/output/weights//ENSG00000106772.wgt.RDat	ENSG00000106772	9	79226292	79521003	0.6177	rs11145041	 2.91	rs561970	 7.95e-01	 30.06	-0.33333	 748	  1	top1	0.79	0	-0.333333	0.738883
NA	/data/songy4/twas/output/weights//ENSG00000197969.wgt.RDat	ENSG00000197969	9	79792269	80036457	0.0815	rs12340660	 3.03	rs17723837	 6.34e-02	 -8.88	-2.14634	 589	  8	lasso	0.084	1.2e-23	 1.811449	0.070071
NA	/data/songy4/twas/output/weights//ENSG00000156052.wgt.RDat	ENSG00000156052	9	80331003	80646374	0.0217	rs12340660	 3.03	rs10512067	 8.72e-03	 -5.00	-0.05385	 530	  6	lasso	0.0096	0.00053	 0.016111	0.987146
NA	/data/songy4/twas/output/weights//ENSG00000148019.wgt.RDat	ENSG00000148019	9	80850978	80894606	0.4447	rs7868916	-3.21	rs1571777	 3.30e-01	-19.42	 1.40081	 423	 16	enet	0.34	8.2e-105	-1.222428	0.221546
NA	/data/songy4/twas/output/weights//ENSG00000135069.wgt.RDat	ENSG00000135069	9	80912059	80945009	0.1995	rs7868916	-3.21	rs2788867	 1.09e-01	 11.20	-0.46429	 450	  8	lasso	0.15	3.3e-43	-0.401116	0.688335
NA	/data/songy4/twas/output/weights//ENSG00000106829.wgt.RDat	ENSG00000106829	9	82186688	82341658	0.0264	rs2769957	 4.16	rs7039267	 1.68e-03	  3.64	-2.61980	 577	  1	top1	0.0017	0.088	-2.619804	0.008798
NA	/data/songy4/twas/output/weights//ENSG00000172159.wgt.RDat	ENSG00000172159	9	85857905	86153461	0.1954	rs1052690	 3.48	rs13296597	 5.37e-02	 -8.26	-0.53879	 633	 52	enet	0.093	5.1e-26	 0.787396	0.431050
NA	/data/songy4/twas/output/weights//ENSG00000148057.wgt.RDat	ENSG00000148057	9	86237964	86259045	0.0462	rs1052690	 3.48	rs2780980	 1.85e-02	 -6.04	-0.40625	 547	  5	lasso	0.023	2.2e-07	 0.205258	0.837370
NA	/data/songy4/twas/output/weights//ENSG00000135018.wgt.RDat	ENSG00000135018	9	86274878	86323118	0.0300	rs1052690	 3.48	rs2781003	 1.76e-02	 -5.71	-0.50806	 580	  3	lasso	0.023	1.7e-07	 0.692014	0.488928
NA	/data/songy4/twas/output/weights//ENSG00000165113.wgt.RDat	ENSG00000165113	9	86354336	86444431	0.0492	rs1052690	 3.48	rs2287373	 4.36e-02	 -7.34	-0.36364	 630	  7	lasso	0.047	9.4e-14	 0.874212	0.382003
NA	/data/songy4/twas/output/weights//ENSG00000165115.wgt.RDat	ENSG00000165115	9	86451613	86536342	0.1525	rs1052690	 3.48	rs1421144	 6.00e-02	  8.76	 0.36207	 626	 57	enet	0.13	2e-35	 0.920603	0.357258
NA	/data/songy4/twas/output/weights//ENSG00000165118.wgt.RDat	ENSG00000165118	9	86553226	86571901	0.1965	rs1052690	 3.48	rs1572030	 1.87e-01	-14.67	 1.00000	 561	  7	lasso	0.19	2.4e-54	-0.664451	0.506402
NA	/data/songy4/twas/output/weights//ENSG00000165119.wgt.RDat	ENSG00000165119	9	86582998	86595569	0.0206	rs1052690	 3.48	rs4535826	 1.78e-02	 -5.10	-1.49573	 545	  4	lasso	0.024	9.2e-08	 0.695872	0.486509
NA	/data/songy4/twas/output/weights//ENSG00000178966.wgt.RDat	ENSG00000178966	9	86595626	86618985	0.0238	rs1052690	 3.48	rs296889	 2.89e-02	  6.09	-1.31776	 546	  1	top1	0.029	4.7e-09	-1.317757	0.187585
NA	/data/songy4/twas/output/weights//ENSG00000197506.wgt.RDat	ENSG00000197506	9	86890372	86955672	0.0986	rs3758318	-3.23	rs10868153	 7.74e-02	 -9.47	 1.20800	 585	  1	top1	0.077	6.8e-22	-1.208000	0.227047
NA	/data/songy4/twas/output/weights//ENSG00000135049.wgt.RDat	ENSG00000135049	9	88161455	88356944	0.0250	rs7854172	-3.78	rs7033930	 2.16e-02	 -5.24	-1.37255	 470	  1	top1	0.022	3.8e-07	 1.372549	0.169893
NA	/data/songy4/twas/output/weights//ENSG00000135052.wgt.RDat	ENSG00000135052	9	88641061	88715088	0.3796	rs7854172	-3.78	rs4333693	 1.79e-01	 14.33	-0.84314	 342	 14	lasso	0.28	4e-82	-0.117786	0.906237
NA	/data/songy4/twas/output/weights//ENSG00000187753.wgt.RDat	ENSG00000187753	9	88835180	88874572	0.1398	rs7854172	-3.78	rs700759	 3.93e-02	 -6.78	-0.65179	 390	 42	enet	0.066	1e-18	 1.296855	0.194681
NA	/data/songy4/twas/output/weights//ENSG00000135070.wgt.RDat	ENSG00000135070	9	88879461	88897676	0.2699	rs7854172	-3.78	rs1547629	 3.65e-01	 20.47	 1.72642	 391	  4	lasso	0.37	8.3e-115	 1.725777	0.084388
NA	/data/songy4/twas/output/weights//ENSG00000083223.wgt.RDat	ENSG00000083223	9	88902648	88969369	0.0485	rs7854172	-3.78	rs4520250	 1.20e-02	 -4.82	 1.95283	 430	 26	enet	0.016	1e-05	-1.179386	0.238245
NA	/data/songy4/twas/output/weights//ENSG00000180447.wgt.RDat	ENSG00000180447	9	89559279	89562104	0.2463	rs3824476	-2.92	rs4878053	 1.67e-01	 13.85	 1.36842	 555	 49	enet	0.21	2.3e-59	 1.180820	0.237674
NA	/data/songy4/twas/output/weights//ENSG00000196730.wgt.RDat	ENSG00000196730	9	90112143	90323548	0.4071	rs10868644	-4.05	rs7855635	 3.42e-01	 19.88	-0.59633	 713	 64	enet	0.49	1.1e-170	-0.580675	0.561460
NA	/data/songy4/twas/output/weights//ENSG00000135047.wgt.RDat	ENSG00000135047	9	90340434	90346308	0.3404	rs10868644	-4.05	rs3118869	 2.05e-01	-15.56	 1.43878	 614	 32	enet	0.32	6.9e-97	-1.053948	0.291907
NA	/data/songy4/twas/output/weights//ENSG00000130045.wgt.RDat	ENSG00000130045	9	91150016	91199189	0.0428	rs28429278	 3.62	rs10868771	 2.94e-02	  6.29	-1.18831	 438	  1	top1	0.029	3.6e-09	-1.188312	0.234711
NA	/data/songy4/twas/output/weights//ENSG00000213694.wgt.RDat	ENSG00000213694	9	91606362	91619925	0.0724	rs1556384	-3.70	rs1156619	 2.30e-02	  6.26	-0.22549	 413	 22	enet	0.032	9.5e-10	 1.019416	0.308006
NA	/data/songy4/twas/output/weights//ENSG00000123975.wgt.RDat	ENSG00000123975	9	91926113	91931618	0.1581	rs7871395	-3.95	rs3211663	 1.42e-01	-12.81	-2.24432	 449	  3	lasso	0.14	4.8e-40	 2.334306	0.019580
NA	/data/songy4/twas/output/weights//ENSG00000187742.wgt.RDat	ENSG00000187742	9	91933421	91974557	0.1415	rs7871395	-3.95	rs3211650	 1.05e-01	 11.10	 2.07229	 469	 12	lasso	0.11	3.6e-30	 2.289934	0.022025
NA	/data/songy4/twas/output/weights//ENSG00000187764.wgt.RDat	ENSG00000187764	9	91975702	92113045	0.1740	rs7871395	-3.95	rs11265909	 1.17e-01	 12.28	-0.34286	 492	 45	enet	0.19	6.3e-55	 1.019804	0.307822
NA	/data/songy4/twas/output/weights//ENSG00000130222.wgt.RDat	ENSG00000130222	9	92219928	92221470	0.1021	rs7871395	-3.95	rs2329385	 2.54e-02	 -7.41	-0.48361	 398	 32	enet	0.075	2.4e-21	-0.301077	0.763356
NA	/data/songy4/twas/output/weights//ENSG00000165023.wgt.RDat	ENSG00000165023	9	93372114	93405386	0.0435	rs7862334	-4.92	rs2771075	 4.06e-02	 -7.07	 0.43348	 607	  1	top1	0.041	4.2e-12	-0.433483	0.664664
NA	/data/songy4/twas/output/weights//ENSG00000165025.wgt.RDat	ENSG00000165025	9	93564069	93660831	0.2117	rs7862334	-4.92	rs1319677	 1.86e-01	-14.56	-3.19000	 612	 37	enet	0.19	1.9e-54	 2.127246	0.033400
NA	/data/songy4/twas/output/weights//ENSG00000148090.wgt.RDat	ENSG00000148090	9	93976097	94124195	0.0830	rs290991	-3.23	rs7856089	 1.04e-01	-10.93	 1.27679	 652	  1	top1	0.1	4.9e-29	-1.276786	0.201678
NA	/data/songy4/twas/output/weights//ENSG00000165030.wgt.RDat	ENSG00000165030	9	94171327	94186144	0.0339	rs7855522	 2.82	rs13297268	 2.35e-02	  5.52	 0.30612	 530	  1	top1	0.023	1.2e-07	 0.306122	0.759511
NA	/data/songy4/twas/output/weights//ENSG00000169071.wgt.RDat	ENSG00000169071	9	94325373	94712444	0.1661	rs1970119	 3.19	rs4744101	 1.64e-01	 13.82	-0.68015	 643	 16	enet	0.17	4.4e-47	-0.644397	0.519318
NA	/data/songy4/twas/output/weights//ENSG00000090054.wgt.RDat	ENSG00000090054	9	94794281	94877666	0.0586	rs1970119	 3.19	rs7038823	 1.63e-03	  3.95	 1.76636	 497	 25	enet	0.021	4.9e-07	 0.640717	0.521707
NA	/data/songy4/twas/output/weights//ENSG00000196305.wgt.RDat	ENSG00000196305	9	94972489	95056038	0.0489	rs1970119	 3.19	rs3737147	 2.50e-02	 -5.97	-1.45690	 472	  8	lasso	0.035	1.1e-10	 2.283417	0.022406
NA	/data/songy4/twas/output/weights//ENSG00000198000.wgt.RDat	ENSG00000198000	9	95059640	95087918	0.0390	rs1810696	-3.44	rs7872739	 8.74e-03	 -5.71	-0.20611	 424	  8	lasso	0.028	7.3e-09	-1.034294	0.300999
NA	/data/songy4/twas/output/weights//ENSG00000188312.wgt.RDat	ENSG00000188312	9	95087766	95382815	0.5516	rs1810696	-3.44	rs10992312	 6.84e-01	 27.88	 0.17164	 524	  1	top1	0.68	2.5e-286	 0.171642	0.863719
NA	/data/songy4/twas/output/weights//ENSG00000127080.wgt.RDat	ENSG00000127080	9	95375466	95432547	0.0784	rs1810696	-3.44	rs2277170	 3.10e-02	 -7.04	-1.00000	 420	 19	enet	0.059	4.4e-17	 1.190884	0.233699
NA	/data/songy4/twas/output/weights//ENSG00000185963.wgt.RDat	ENSG00000185963	9	95473645	95527094	0.2383	rs10821101	-3.77	rs2277170	 7.71e-02	 10.64	-1.00000	 425	 42	enet	0.18	7.7e-50	-0.584464	0.558908
NA	/data/songy4/twas/output/weights//ENSG00000127081.wgt.RDat	ENSG00000127081	9	95607874	95640304	0.4127	rs10821107	-4.12	rs10821027	 3.01e-01	-18.59	 1.32673	 434	  7	lasso	0.32	8.9e-96	-1.744928	0.080997
NA	/data/songy4/twas/output/weights//ENSG00000127084.wgt.RDat	ENSG00000127084	9	95709733	95798518	0.1353	rs10821107	-4.12	rs3936099	 7.67e-02	 -9.53	 0.24038	 459	 32	enet	0.095	9.7e-27	-0.993110	0.320656
NA	/data/songy4/twas/output/weights//ENSG00000157303.wgt.RDat	ENSG00000157303	9	95820989	95847420	0.2242	rs10821107	-4.12	rs10761191	 7.55e-02	  9.62	 0.20000	 418	 15	lasso	0.12	2.5e-32	-0.724610	0.468691
NA	/data/songy4/twas/output/weights//ENSG00000165233.wgt.RDat	ENSG00000165233	9	95858500	95875565	0.2262	rs10821107	-4.12	rs4744176	 1.00e-01	-10.74	 0.36522	 436	 33	enet	0.16	2.6e-45	-0.239682	0.810576
NA	/data/songy4/twas/output/weights//ENSG00000131669.wgt.RDat	ENSG00000131669	9	95883771	95896570	0.1264	rs10821107	-4.12	rs10821076	 4.75e-02	  7.62	 2.71287	 434	 22	enet	0.066	6.9e-19	 2.746391	0.006025
NA	/data/songy4/twas/output/weights//ENSG00000165238.wgt.RDat	ENSG00000165238	9	95947198	96082854	0.0531	rs10821107	-4.12	rs9696691	 5.11e-02	 -7.85	-2.00714	 497	  6	lasso	0.056	3.1e-16	 2.838513	0.004532
NA	/data/songy4/twas/output/weights//ENSG00000188938.wgt.RDat	ENSG00000188938	9	96208776	96215874	0.2279	rs10821107	-4.12	rs7853605	 2.33e-01	 16.30	 0.47368	 496	 16	enet	0.29	9.5e-87	 1.993071	0.046254
NA	/data/songy4/twas/output/weights//ENSG00000197724.wgt.RDat	ENSG00000197724	9	96338689	96441869	0.0436	rs10821107	-4.12	rs10992854	 1.33e-02	  4.89	-2.24752	 536	  1	top1	0.013	5.6e-05	-2.247525	0.024607
NA	/data/songy4/twas/output/weights//ENSG00000158079.wgt.RDat	ENSG00000158079	9	96793076	96872138	0.0184	rs10739976	-2.99	rs7875583	 1.25e-02	  5.07	-0.91346	 479	  1	top1	0.013	9e-05	-0.913462	0.361000
NA	/data/songy4/twas/output/weights//ENSG00000175787.wgt.RDat	ENSG00000175787	9	97021593	97063736	0.1211	rs356148	 3.36	rs2479602	 9.51e-02	 10.46	 1.21154	 441	 28	enet	0.12	4.8e-33	 1.409808	0.158596
NA	/data/songy4/twas/output/weights//ENSG00000148110.wgt.RDat	ENSG00000148110	9	97136833	97223324	0.5872	rs2584805	 3.40	rs10821352	 4.17e-01	 21.81	 0.64935	 438	 15	lasso	0.46	1e-155	 0.587677	0.556749
NA	/data/songy4/twas/output/weights//ENSG00000165140.wgt.RDat	ENSG00000165140	9	97365415	97402531	0.0412	rs2584805	 3.40	rs10993276	 1.55e-02	  5.65	-1.28155	 390	  6	lasso	0.02	9e-07	-1.411524	0.158090
NA	/data/songy4/twas/output/weights//ENSG00000148120.wgt.RDat	ENSG00000148120	9	97488983	97849441	0.4169	rs17368876	-3.97	rs16911713	 4.88e-01	 23.74	-0.40758	 475	 20	enet	0.54	2.6e-194	 0.355092	0.722521
NA	/data/songy4/twas/output/weights//ENSG00000158169.wgt.RDat	ENSG00000158169	9	97861336	98079991	0.0593	rs17368876	-3.97	rs4647528	 1.54e-02	 -4.60	 1.84536	 508	 50	enet	0.016	1.2e-05	 1.003358	0.315688
NA	/data/songy4/twas/output/weights//ENSG00000185920.wgt.RDat	ENSG00000185920	9	98205262	98279339	0.2967	rs17368876	-3.97	rs16909898	 2.46e-01	 16.78	 1.44048	 440	 11	lasso	0.28	6e-84	 1.941232	0.052230
NA	/data/songy4/twas/output/weights//ENSG00000182150.wgt.RDat	ENSG00000182150	9	98637983	98776842	0.1903	rs17368876	-3.97	rs17394582	 1.57e-01	 13.87	 1.49390	 581	 35	enet	0.18	1.4e-50	 2.095927	0.036089
NA	/data/songy4/twas/output/weights//ENSG00000130958.wgt.RDat	ENSG00000130958	9	99082988	99145992	0.0764	rs12341515	 3.01	rs13300924	 4.14e-02	 -7.35	 0.65926	 412	  8	lasso	0.051	6.7e-15	 0.779530	0.435667
NA	/data/songy4/twas/output/weights//ENSG00000165244.wgt.RDat	ENSG00000165244	9	99148223	99180611	0.1193	rs12341515	 3.01	rs12004815	 7.69e-02	  9.55	 0.54386	 385	  1	top1	0.077	9.2e-22	 0.543860	0.586538
NA	/data/songy4/twas/output/weights//ENSG00000130956.wgt.RDat	ENSG00000130956	9	99212483	99253618	0.0742	rs12341515	 3.01	rs1885427	 6.11e-02	 -8.58	-2.00800	 371	  5	lasso	0.072	2.1e-20	 1.741651	0.081569
NA	/data/songy4/twas/output/weights//ENSG00000158122.wgt.RDat	ENSG00000158122	9	99401859	99417585	0.0530	rs12341515	 3.01	rs10739226	 2.34e-02	 -5.86	-1.92500	 306	  6	enet	0.025	4.4e-08	 1.317522	0.187664
NA	/data/songy4/twas/output/weights//ENSG00000196312.wgt.RDat	ENSG00000196312	9	99660348	99775862	0.1666	rs13295628	 2.86	rs4743056	 7.34e-03	  6.25	 0.29000	 287	 10	lasso	0.079	2.9e-22	-0.331821	0.740024
NA	/data/songy4/twas/output/weights//ENSG00000197816.wgt.RDat	ENSG00000197816	9	100000765	100140806	0.1683	rs7862883	 2.96	rs6415812	 5.15e-02	 -8.17	 0.63478	 381	 16	lasso	0.083	2.2e-23	 0.269509	0.787538
NA	/data/songy4/twas/output/weights//ENSG00000136842.wgt.RDat	ENSG00000136842	9	100263462	100364030	0.1613	rs7862883	 2.96	rs2805806	 3.75e-02	 -7.42	 1.46535	 412	 40	enet	0.074	7.1e-21	-0.174604	0.861391
NA	/data/songy4/twas/output/weights//ENSG00000136925.wgt.RDat	ENSG00000136925	9	100362362	100395962	0.0189	rs7862883	 2.96	rs2808699	 2.68e-03	  3.51	-0.39394	 408	  5	lasso	0.0029	0.037	 0.094262	0.924901
NA	/data/songy4/twas/output/weights//ENSG00000136932.wgt.RDat	ENSG00000136932	9	100666771	100684852	0.1242	rs7862883	 2.96	rs907580	 1.51e-01	 13.16	-0.18692	 501	  7	lasso	0.16	4.7e-46	 0.050973	0.959347
NA	/data/songy4/twas/output/weights//ENSG00000136929.wgt.RDat	ENSG00000136929	9	100689073	100707138	0.0492	rs7862883	 2.96	rs3780420	 5.02e-02	  7.84	 0.70103	 507	 12	enet	0.053	1.8e-15	 0.889113	0.373943
NA	/data/songy4/twas/output/weights//ENSG00000095380.wgt.RDat	ENSG00000095380	9	100819021	100845357	0.0155	rs16913609	 2.66	rs7852752	 1.23e-03	  4.24	 1.33028	 566	  8	lasso	0.0014	0.11	 1.236516	0.216267
NA	/data/songy4/twas/output/weights//ENSG00000106785.wgt.RDat	ENSG00000106785	9	100831557	100881494	0.1752	rs16913609	 2.66	rs751800	 1.11e-01	 11.34	 1.38211	 592	 30	enet	0.15	7.6e-43	 0.385508	0.699861
NA	/data/songy4/twas/output/weights//ENSG00000106789.wgt.RDat	ENSG00000106789	9	100883257	100954922	0.5558	rs16913609	 2.66	rs942165	 1.31e-01	-12.27	 0.96732	 618	 28	enet	0.35	7.8e-107	 0.184325	0.853759
NA	/data/songy4/twas/output/weights//ENSG00000095383.wgt.RDat	ENSG00000095383	9	100961311	101017915	0.1586	rs16913609	 2.66	rs10739615	 9.74e-02	 11.36	 0.66667	 634	 24	enet	0.15	1.9e-42	 1.201121	0.229704
NA	/data/songy4/twas/output/weights//ENSG00000165138.wgt.RDat	ENSG00000165138	9	101493611	101559247	0.1325	rs7035064	 2.42	rs10987747	 1.00e-01	 10.83	 0.86792	 608	  6	lasso	0.11	4e-30	 0.987128	0.323580
NA	/data/songy4/twas/output/weights//ENSG00000119514.wgt.RDat	ENSG00000119514	9	101569981	101612363	0.0518	rs7035064	 2.42	rs10987898	 1.22e-02	 -5.53	-0.47009	 616	  4	lasso	0.04	5e-12	 1.157400	0.247109
NA	/data/songy4/twas/output/weights//ENSG00000106799.wgt.RDat	ENSG00000106799	9	101866320	101916474	0.0853	rs7035064	 2.42	rs10739779	 1.38e-02	 -6.17	 0.85714	 459	 86	enet	0.053	2e-15	-1.336330	0.181442
NA	/data/songy4/twas/output/weights//ENSG00000136874.wgt.RDat	ENSG00000136874	9	102668915	102732618	0.0530	rs16919024	 2.26	rs9556	 8.32e-02	  9.79	-0.15000	 290	  1	top1	0.083	1.9e-23	-0.150000	0.880765
NA	/data/songy4/twas/output/weights//ENSG00000119509.wgt.RDat	ENSG00000119509	9	102861538	103063282	0.1121	rs4348565	-2.75	rs3923501	 5.37e-02	  9.18	 0.22105	 378	 10	lasso	0.1	5.2e-29	 0.157604	0.874769
NA	/data/songy4/twas/output/weights//ENSG00000136891.wgt.RDat	ENSG00000136891	9	103064359	103115221	0.3153	rs4348565	-2.75	rs6479013	 1.61e-01	-13.60	-0.64286	 380	  7	lasso	0.24	2e-68	-0.578485	0.562937
NA	/data/songy4/twas/output/weights//ENSG00000066697.wgt.RDat	ENSG00000066697	9	103189438	103213511	0.1170	rs4348565	-2.75	rs17813801	 7.51e-02	 -9.45	 0.01562	 383	  1	top1	0.075	2.8e-21	-0.015625	0.987534
NA	/data/songy4/twas/output/weights//ENSG00000170681.wgt.RDat	ENSG00000170681	9	103340361	103350188	0.0166	rs4348565	-2.75	rs2026998	 8.62e-03	 -4.35	-0.06154	 389	  1	top1	0.0086	0.001	 0.061538	0.950930
NA	/data/songy4/twas/output/weights//ENSG00000136870.wgt.RDat	ENSG00000136870	9	104161155	104172942	0.1122	rs11793523	 3.40	rs17772514	 7.41e-02	  9.45	-1.43605	 550	  3	lasso	0.079	2.1e-22	-1.512206	0.130481
NA	/data/songy4/twas/output/weights//ENSG00000198785.wgt.RDat	ENSG00000198785	9	104331635	104500862	0.0480	rs10121972	-3.63	rs942139	 2.62e-02	 -7.09	 0.03191	 698	  5	lasso	0.042	2.1e-12	-0.095833	0.923653
NA	/data/songy4/twas/output/weights//ENSG00000136824.wgt.RDat	ENSG00000136824	9	106856541	106903698	0.0330	rs3012359	-3.11	rs726203	 4.88e-02	 -7.71	-1.04902	 531	  8	lasso	0.049	2.4e-14	 0.664377	0.506449
NA	/data/songy4/twas/output/weights//ENSG00000136783.wgt.RDat	ENSG00000136783	9	107509969	107522403	0.2511	rs3012359	-3.11	rs12552611	 1.45e-01	-13.34	 1.70286	 601	  5	lasso	0.23	8.5e-66	-1.682285	0.092513
NA	/data/songy4/twas/output/weights//ENSG00000165028.wgt.RDat	ENSG00000165028	9	107526438	107539738	0.2466	rs3012359	-3.11	rs4743758	 6.38e-02	  8.84	-0.44647	 601	 59	enet	0.17	4.3e-48	 0.206167	0.836660
NA	/data/songy4/twas/output/weights//ENSG00000070214.wgt.RDat	ENSG00000070214	9	108006903	108201452	0.0373	rs724069	 3.94	rs41339744	-6.86e-04	  3.42	 1.09639	 608	 30	enet	0.0015	0.099	 1.796796	0.072368
NA	/data/songy4/twas/output/weights//ENSG00000119318.wgt.RDat	ENSG00000119318	9	110045418	110094475	0.0533	rs3764523	-3.05	rs1805330	 3.43e-02	  6.71	 0.09770	 554	  1	top1	0.034	1.9e-10	 0.097701	0.922170
NA	/data/songy4/twas/output/weights//ENSG00000070061.wgt.RDat	ENSG00000070061	9	111629797	111696396	0.0610	rs7847693	-2.87	rs11999949	 4.24e-02	  7.45	-0.29032	 644	 17	enet	0.043	8.1e-13	 0.412477	0.679989
NA	/data/songy4/twas/output/weights//ENSG00000119328.wgt.RDat	ENSG00000119328	9	111696461	111713024	0.0784	rs7847693	-2.87	rs2289480	 7.73e-02	 -9.51	-2.25253	 619	 18	enet	0.078	4e-22	 1.953871	0.050716
NA	/data/songy4/twas/output/weights//ENSG00000119326.wgt.RDat	ENSG00000119326	9	111704851	111775809	0.3891	rs7847693	-2.87	rs1140064	 2.24e-01	 15.98	-0.81271	 643	 11	lasso	0.24	6.6e-70	-0.785626	0.432087
NA	/data/songy4/twas/output/weights//ENSG00000106771.wgt.RDat	ENSG00000106771	9	111777432	111882225	0.3506	rs7847693	-2.87	rs17628095	 2.37e-01	 16.67	-1.26168	 686	 41	enet	0.36	4.7e-114	-1.875824	0.060679
NA	/data/songy4/twas/output/weights//ENSG00000095203.wgt.RDat	ENSG00000095203	9	111934255	112083244	0.0550	rs7847693	-2.87	rs12115792	 3.90e-02	  6.82	 0.52381	 698	  4	lasso	0.039	9.4e-12	 0.575866	0.564706
NA	/data/songy4/twas/output/weights//ENSG00000188959.wgt.RDat	ENSG00000188959	9	112952328	112970469	0.0544	rs7864423	 2.93	rs4135220	 6.62e-02	 -9.21	-0.93878	 666	  1	top1	0.066	7.2e-19	 0.938776	0.347846
NA	/data/songy4/twas/output/weights//ENSG00000136810.wgt.RDat	ENSG00000136810	9	113006091	113018920	0.0650	rs7864423	 2.93	rs2301241	 3.15e-02	 -7.01	-0.29059	 660	  5	lasso	0.057	2e-16	-0.085597	0.931787
NA	/data/songy4/twas/output/weights//ENSG00000165124.wgt.RDat	ENSG00000165124	9	113127531	113342160	0.1220	rs873287	-2.79	rs7040569	 1.01e-01	 10.78	 1.48000	 763	 31	enet	0.11	7.8e-32	 1.292606	0.196147
NA	/data/songy4/twas/output/weights//ENSG00000198121.wgt.RDat	ENSG00000198121	9	113635543	113800981	0.6258	rs7850054	 3.08	rs1411424	 2.93e-01	 18.33	 0.69149	 632	 66	enet	0.55	5.9e-202	-0.018328	0.985377
NA	/data/songy4/twas/output/weights//ENSG00000136813.wgt.RDat	ENSG00000136813	9	114122972	114247025	0.0356	rs7850054	 3.08	rs10759497	 1.76e-02	 -5.56	-0.57000	 593	  1	top1	0.018	4.3e-06	 0.570000	0.568678
NA	/data/songy4/twas/output/weights//ENSG00000173258.wgt.RDat	ENSG00000173258	9	114287439	114340124	0.0501	rs7850054	 3.08	rs41465450	 7.95e-03	  4.63	 2.15447	 525	 24	enet	0.027	1.8e-08	-1.891247	0.058591
NA	/data/songy4/twas/output/weights//ENSG00000106853.wgt.RDat	ENSG00000106853	9	114312002	114362135	0.1333	rs3849120	-3.20	rs12342716	 5.39e-02	 -8.35	 0.50442	 527	 55	enet	0.058	1.2e-16	 0.345030	0.730072
NA	/data/songy4/twas/output/weights//ENSG00000242616.wgt.RDat	ENSG00000242616	9	114423615	114432526	0.0387	rs3849120	-3.20	rs4979031	 1.26e-02	 -5.33	 1.39252	 510	  1	top1	0.013	8.5e-05	-1.392523	0.163764
NA	/data/songy4/twas/output/weights//ENSG00000106868.wgt.RDat	ENSG00000106868	9	114803065	114937688	0.3097	rs3849120	-3.20	rs7020062	 2.55e-01	-17.57	 1.58879	 563	  8	lasso	0.28	5.7e-82	-1.590297	0.111768
NA	/data/songy4/twas/output/weights//ENSG00000119471.wgt.RDat	ENSG00000119471	9	115142217	115234690	0.0705	rs3849120	-3.20	rs4979109	 9.56e-02	-10.63	 0.34579	 546	  1	top1	0.096	7.3e-27	-0.345794	0.729497
NA	/data/songy4/twas/output/weights//ENSG00000165185.wgt.RDat	ENSG00000165185	9	115249127	115431677	0.0224	rs3849120	-3.20	rs7039744	 8.08e-03	  4.20	 0.58654	 581	  1	top1	0.0081	0.0014	 0.586538	0.557514
NA	/data/songy4/twas/output/weights//ENSG00000148153.wgt.RDat	ENSG00000148153	9	115446206	115480516	0.0418	rs12555881	 2.81	rs805050	 2.15e-02	  6.25	 1.00000	 510	 22	enet	0.032	7.6e-10	 0.472397	0.636643
NA	/data/songy4/twas/output/weights//ENSG00000148158.wgt.RDat	ENSG00000148158	9	115513118	115643951	0.0956	rs12555881	 2.81	rs2182046	 1.02e-01	-10.86	 1.39640	 576	  4	lasso	0.11	8.7e-31	-1.330340	0.183406
NA	/data/songy4/twas/output/weights//ENSG00000119457.wgt.RDat	ENSG00000119457	9	115641200	115653193	0.1617	rs12555881	 2.81	rs16917417	 6.69e-02	-10.82	 1.06977	 539	 32	enet	0.16	8.9e-44	-0.278090	0.780943
NA	/data/songy4/twas/output/weights//ENSG00000136866.wgt.RDat	ENSG00000136866	9	115800660	115819039	0.2719	rs8177804	 2.94	rs10981613	 8.94e-02	 10.17	-1.18304	 540	  5	lasso	0.13	1.1e-35	-2.048415	0.040519
NA	/data/songy4/twas/output/weights//ENSG00000136867.wgt.RDat	ENSG00000136867	9	115913222	115926417	0.0370	rs8177804	 2.94	rs4263842	 2.17e-02	  5.72	-0.49515	 583	  3	lasso	0.028	6.4e-09	-1.152410	0.249153
NA	/data/songy4/twas/output/weights//ENSG00000119321.wgt.RDat	ENSG00000119321	9	115923286	115983641	0.3567	rs8177804	 2.94	rs17762660	 2.43e-01	 16.70	-1.19192	 612	  9	lasso	0.34	2.2e-106	-1.504296	0.132505
NA	/data/songy4/twas/output/weights//ENSG00000136868.wgt.RDat	ENSG00000136868	9	115983808	116028674	0.2149	rs8177804	 2.94	rs17762660	 1.24e-01	 11.95	-1.19192	 610	 22	enet	0.19	2.4e-53	-1.006586	0.314134
NA	/data/songy4/twas/output/weights//ENSG00000176386.wgt.RDat	ENSG00000176386	9	116018115	116037869	0.0668	rs8177804	 2.94	rs3750532	 4.93e-02	 -8.13	 0.09091	 611	 27	enet	0.054	1.4e-15	-0.798334	0.424677
NA	/data/songy4/twas/output/weights//ENSG00000148225.wgt.RDat	ENSG00000148225	9	116075502	116102578	0.0717	rs8177804	 2.94	rs3810920	 6.27e-02	 -8.80	 0.70621	 614	  1	top1	0.063	6.1e-18	-0.706215	0.480055
NA	/data/songy4/twas/output/weights//ENSG00000119411.wgt.RDat	ENSG00000119411	9	116111821	116133513	0.1074	rs8177804	 2.94	rs7873862	 1.18e-01	-11.66	 0.71901	 604	  1	top1	0.12	4.5e-33	-0.719008	0.472136
NA	/data/songy4/twas/output/weights//ENSG00000119431.wgt.RDat	ENSG00000119431	9	116135699	116139279	0.4027	rs8177804	 2.94	rs3747816	 9.11e-02	-10.67	 0.80451	 586	  8	lasso	0.21	4.1e-60	-0.761404	0.446416
NA	/data/songy4/twas/output/weights//ENSG00000148218.wgt.RDat	ENSG00000148218	9	116148597	116163613	0.1306	rs8177804	 2.94	rs10733605	 5.59e-02	 -8.17	 0.07767	 586	 35	enet	0.082	3.3e-23	 0.085414	0.931932
NA	/data/songy4/twas/output/weights//ENSG00000138835.wgt.RDat	ENSG00000138835	9	116207011	116360018	0.2115	rs8177804	 2.94	rs12338788	 1.95e-01	-15.15	-1.39695	 659	  4	lasso	0.22	1.5e-63	 0.932182	0.351242
NA	/data/songy4/twas/output/weights//ENSG00000196739.wgt.RDat	ENSG00000196739	9	116917840	117074791	0.0655	rs16930798	-2.88	rs4978568	 2.07e-02	  6.56	 0.82424	 751	  5	lasso	0.056	4.3e-16	 0.990622	0.321870
NA	/data/songy4/twas/output/weights//ENSG00000229314.wgt.RDat	ENSG00000229314	9	117085336	117088755	0.4726	rs16930798	-2.88	rs1631637	 3.57e-01	-20.15	 1.11000	 664	 44	enet	0.41	2.4e-131	-0.954440	0.339861
NA	/data/songy4/twas/output/weights//ENSG00000228278.wgt.RDat	ENSG00000228278	9	117092149	117095532	0.2654	rs16930798	-2.88	rs1631637	 1.64e-01	-13.83	 1.11000	 666	 12	lasso	0.24	8.5e-70	-0.834773	0.403846
NA	/data/songy4/twas/output/weights//ENSG00000106948.wgt.RDat	ENSG00000106948	9	117096436	117156685	0.0537	rs16930798	-2.88	rs10739412	 2.52e-02	  6.78	 0.34615	 692	 17	enet	0.036	7.7e-11	 0.413632	0.679144
NA	/data/songy4/twas/output/weights//ENSG00000095397.wgt.RDat	ENSG00000095397	9	117164360	117267730	0.2590	rs16930798	-2.88	rs2296262	 2.61e-01	 17.29	 1.02000	 751	  5	lasso	0.26	2.2e-77	 0.779348	0.435775
NA	/data/songy4/twas/output/weights//ENSG00000181634.wgt.RDat	ENSG00000181634	9	117546915	117568406	0.4032	rs16930798	-2.88	rs6478109	 4.63e-01	 23.02	 0.29000	 670	  1	top1	0.46	6.1e-156	 0.290000	0.771816
NA	/data/songy4/twas/output/weights//ENSG00000106952.wgt.RDat	ENSG00000106952	9	117656003	117692697	0.1381	rs16930798	-2.88	rs34187507	 1.26e-01	-12.06	 2.00709	 659	  1	top1	0.13	2.7e-35	-2.007092	0.044740
NA	/data/songy4/twas/output/weights//ENSG00000148219.wgt.RDat	ENSG00000148219	9	119187504	120177348	0.0599	rs10759859	 3.28	rs10817926	 1.59e-02	  5.92	-0.47423	1137	 32	enet	0.028	8.2e-09	-0.256379	0.797658
NA	/data/songy4/twas/output/weights//ENSG00000119401.wgt.RDat	ENSG00000119401	9	119449581	119463579	0.0725	rs10759859	 3.28	rs4836749	 3.40e-02	 -7.54	 1.16418	 635	  9	lasso	0.056	3.5e-16	-1.248325	0.211912
NA	/data/songy4/twas/output/weights//ENSG00000136869.wgt.RDat	ENSG00000136869	9	120466610	120479149	0.4645	rs4837494	-3.07	rs2737191	 3.49e-01	-20.02	 0.96396	 576	 90	enet	0.37	4.2e-116	-1.229696	0.218811
NA	/data/songy4/twas/output/weights//ENSG00000136861.wgt.RDat	ENSG00000136861	9	123151147	123342448	0.0618	rs10818500	-3.76	rs7875141	 1.39e-02	 -6.21	 0.83854	 437	 24	enet	0.033	3.4e-10	-0.788882	0.430181
NA	/data/songy4/twas/output/weights//ENSG00000106780.wgt.RDat	ENSG00000106780	9	123363091	123476748	0.0199	rs10818500	-3.76	rs10985021	 1.16e-02	 -5.06	-0.01408	 381	  1	top1	0.012	0.00016	 0.014085	0.988763
NA	/data/songy4/twas/output/weights//ENSG00000119402.wgt.RDat	ENSG00000119402	9	123514256	123555690	0.0588	rs10818500	-3.76	rs10760117	 5.84e-02	 -8.42	-1.30303	 363	  1	top1	0.058	8.4e-17	 1.303030	0.192564
NA	/data/songy4/twas/output/weights//ENSG00000214654.wgt.RDat	ENSG00000214654	9	123555829	123561848	0.1105	rs10818500	-3.76	rs1577001	 3.35e-02	 -6.34	 0.85900	 354	 43	enet	0.059	4.6e-17	-0.823115	0.410443
NA	/data/songy4/twas/output/weights//ENSG00000095261.wgt.RDat	ENSG00000095261	9	123577774	123605262	0.0683	rs306772	-3.84	rs4837796	 5.97e-02	  8.75	-1.50000	 383	  1	top1	0.06	3.8e-17	-1.500000	0.133614
NA	/data/songy4/twas/output/weights//ENSG00000119403.wgt.RDat	ENSG00000119403	9	123617977	123639606	0.1391	rs306772	-3.84	rs10760130	 1.04e-01	-11.02	-2.08421	 383	 26	enet	0.17	7e-47	 2.211743	0.026984
NA	/data/songy4/twas/output/weights//ENSG00000056558.wgt.RDat	ENSG00000056558	9	123664671	123691451	0.0845	rs306772	-3.84	rs3761846	 4.06e-02	  7.12	-1.92632	 358	  3	lasso	0.048	5.8e-14	-2.241032	0.025024
NA	/data/songy4/twas/output/weights//ENSG00000106804.wgt.RDat	ENSG00000106804	9	123714616	123812554	0.1532	rs306772	-3.84	rs10760142	 2.44e-01	 16.75	 3.42553	 394	 21	enet	0.27	2.6e-79	 3.441080	0.000579
NA	/data/songy4/twas/output/weights//ENSG00000119397.wgt.RDat	ENSG00000119397	9	123837141	123939888	0.0420	rs306772	-3.84	rs10760151	 2.55e-02	  6.65	 3.40625	 430	 10	lasso	0.038	2.3e-11	 3.502587	0.000461
NA	/data/songy4/twas/output/weights//ENSG00000119396.wgt.RDat	ENSG00000119396	9	123940415	123985292	0.0338	rs306772	-3.84	rs10818516	 1.33e-02	 -4.91	 3.47368	 426	 22	enet	0.02	1.2e-06	-3.411267	0.000647
NA	/data/songy4/twas/output/weights//ENSG00000148180.wgt.RDat	ENSG00000148180	9	123970072	124095121	0.2181	rs306772	-3.84	rs10818524	 2.89e-01	 18.25	 3.54639	 449	 12	lasso	0.29	4.3e-87	 3.528687	0.000418
NA	/data/songy4/twas/output/weights//ENSG00000148175.wgt.RDat	ENSG00000148175	9	124101355	124132531	0.0245	rs306772	-3.84	rs2793266	 7.21e-03	 -4.47	-0.04396	 443	 14	lasso	0.0091	0.00076	 0.298256	0.765508
NA	/data/songy4/twas/output/weights//ENSG00000175764.wgt.RDat	ENSG00000175764	9	124584207	124855885	0.0974	rs306772	-3.84	rs12551572	 1.03e-01	 10.91	 0.81132	 656	  3	lasso	0.11	7e-30	 1.019955	0.307750
NA	/data/songy4/twas/output/weights//ENSG00000119446.wgt.RDat	ENSG00000119446	9	124999903	125027118	0.2114	rs7034919	 2.71	rs1060586	 1.01e-01	 10.83	-0.36893	 546	 20	enet	0.17	7.1e-48	-0.500597	0.616655
NA	/data/songy4/twas/output/weights//ENSG00000197233.wgt.RDat	ENSG00000197233	9	125273081	125274022	0.4378	rs7034919	 2.71	rs2416864	 2.24e-01	 16.03	 0.22308	 488	 25	enet	0.29	8.6e-87	-0.338190	0.735220
NA	/data/songy4/twas/output/weights//ENSG00000239590.wgt.RDat	ENSG00000239590	9	125281420	125282361	0.4170	rs7034919	 2.71	rs2416864	 1.97e-01	 15.08	 0.22308	 484	 38	enet	0.25	1.3e-71	-0.601500	0.547507
NA	/data/songy4/twas/output/weights//ENSG00000171501.wgt.RDat	ENSG00000171501	9	125315391	125316493	0.3788	rs7034919	 2.71	rs2416864	 1.81e-01	 14.43	 0.22308	 472	 10	lasso	0.21	4.8e-61	-0.263772	0.791955
NA	/data/songy4/twas/output/weights//ENSG00000165202.wgt.RDat	ENSG00000165202	9	125376948	125378026	0.3815	rs871368	 2.47	rs2416864	 1.87e-01	 14.70	 0.22308	 472	 10	lasso	0.24	8.9e-69	-0.364729	0.715314
NA	/data/songy4/twas/output/weights//ENSG00000186130.wgt.RDat	ENSG00000186130	9	125670335	125675609	0.0605	rs10985953	 3.31	rs10818759	 5.60e-02	 -8.19	-1.39610	 406	  1	top1	0.056	3.7e-16	 1.396104	0.162683
NA	/data/songy4/twas/output/weights//ENSG00000171448.wgt.RDat	ENSG00000171448	9	125677845	125693779	0.0693	rs10985953	 3.31	rs10985820	 8.58e-02	 10.24	-0.85437	 415	 14	enet	0.1	1.1e-28	-1.357018	0.174776
NA	/data/songy4/twas/output/weights//ENSG00000119522.wgt.RDat	ENSG00000119522	9	126141933	126692431	0.1052	rs10985953	 3.31	rs589766	 9.96e-02	-10.81	-1.91398	 623	  5	lasso	0.1	2.3e-28	 1.893410	0.058303
NA	/data/songy4/twas/output/weights//ENSG00000119408.wgt.RDat	ENSG00000119408	9	127019885	127115586	0.3881	rs620578	-2.39	rs16927294	 3.27e-01	-19.34	-1.56757	 428	 10	lasso	0.36	1.6e-110	 1.705200	0.088157
NA	/data/songy4/twas/output/weights//ENSG00000136930.wgt.RDat	ENSG00000136930	9	127115745	127177723	0.0226	rs620578	-2.39	rs7873147	 2.10e-03	 -4.17	-0.55738	 414	 12	enet	0.0053	0.0082	 0.177686	0.858970
NA	/data/songy4/twas/output/weights//ENSG00000148200.wgt.RDat	ENSG00000148200	9	127279554	127533589	0.0397	rs11792152	-2.43	rs10818979	 2.00e-02	 -5.26	 0.03125	 461	 22	enet	0.023	1.8e-07	 0.251155	0.801694
NA	/data/songy4/twas/output/weights//ENSG00000136935.wgt.RDat	ENSG00000136935	9	127640646	127710771	0.0543	rs2819622	 3.69	rs876663	 2.48e-02	  6.15	 0.83021	 313	  4	lasso	0.03	2.2e-09	 0.842332	0.399602
NA	/data/songy4/twas/output/weights//ENSG00000173611.wgt.RDat	ENSG00000173611	9	127704887	127905785	0.0196	rs497531	 4.23	rs7024471	 1.23e-03	 -4.29	-1.46833	 361	  1	top1	0.0012	0.12	 1.468327	0.142015
NA	/data/songy4/twas/output/weights//ENSG00000119414.wgt.RDat	ENSG00000119414	9	127908852	127952218	0.0417	rs4838285	 4.35	rs7024471	 5.46e-02	 -8.14	-1.47500	 329	  1	top1	0.055	8.6e-16	 1.474997	0.140213
NA	/data/songy4/twas/output/weights//ENSG00000136933.wgt.RDat	ENSG00000136933	9	127962821	127996437	0.1620	rs4838285	 4.35	rs501963	 2.95e-01	-18.43	-1.48667	 326	 37	enet	0.3	3.3e-89	 1.379152	0.167848
NA	/data/songy4/twas/output/weights//ENSG00000165219.wgt.RDat	ENSG00000165219	9	128024073	128129486	0.0316	rs4838285	 4.35	rs937482	 1.47e-02	 -4.63	 2.22449	 328	  4	lasso	0.015	1.7e-05	-2.408003	0.016040
NA	/data/songy4/twas/output/weights//ENSG00000167081.wgt.RDat	ENSG00000167081	9	128509624	128729656	0.0888	rs1411351	 4.37	rs12352375	 1.26e-01	-12.02	-1.76471	 494	  1	top1	0.13	3e-35	 1.764706	0.077613
NA	/data/songy4/twas/output/weights//ENSG00000196814.wgt.RDat	ENSG00000196814	9	129089128	129269320	0.1381	rs1411351	 4.37	rs10122788	 1.42e-01	 12.74	 2.72277	 556	  3	lasso	0.14	9.2e-41	 2.916020	0.003545
NA	/data/songy4/twas/output/weights//ENSG00000136828.wgt.RDat	ENSG00000136828	9	129677053	129985445	0.1612	rs2041543	 3.27	rs7859816	 1.96e-01	 15.95	-0.53918	 492	 54	enet	0.27	1.8e-78	-1.680171	0.092924
NA	/data/songy4/twas/output/weights//ENSG00000136895.wgt.RDat	ENSG00000136895	9	129986544	130155939	0.0532	rs10819295	 3.01	rs10987585	 2.57e-02	  6.67	-1.82171	 413	 19	enet	0.036	7.9e-11	-2.440167	0.014680
NA	/data/songy4/twas/output/weights//ENSG00000136856.wgt.RDat	ENSG00000136856	9	130159421	130170703	0.0395	rs10819295	 3.01	rs7847781	 1.96e-02	  5.31	-0.15789	 364	  1	top1	0.02	1.3e-06	-0.157895	0.874540
NA	/data/songy4/twas/output/weights//ENSG00000196152.wgt.RDat	ENSG00000196152	9	130186661	130207651	0.0420	rs10819295	 3.01	rs2798429	 3.58e-02	 -6.96	 0.89474	 368	 11	enet	0.041	3.7e-12	-1.253454	0.210041
NA	/data/songy4/twas/output/weights//ENSG00000197958.wgt.RDat	ENSG00000197958	9	130209953	130213684	0.1578	rs10819295	 3.01	rs2243767	 2.05e-01	-15.42	 0.26316	 359	 35	enet	0.23	2.4e-66	 0.267705	0.788927
NA	/data/songy4/twas/output/weights//ENSG00000148356.wgt.RDat	ENSG00000148356	9	130213765	130265780	0.0632	rs10819295	 3.01	rs2253669	 1.96e-02	 -5.29	 0.29474	 371	 22	enet	0.02	9.6e-07	-1.262023	0.206940
NA	/data/songy4/twas/output/weights//ENSG00000136830.wgt.RDat	ENSG00000136830	9	130267618	130341268	0.0222	rs10819295	 3.01	rs10739696	-8.21e-04	  3.50	 2.23158	 376	 16	enet	3.8e-05	0.31	 0.700407	0.483673
NA	/data/songy4/twas/output/weights//ENSG00000136854.wgt.RDat	ENSG00000136854	9	130374544	130457460	0.0275	rs10819295	 3.01	rs482712	 8.41e-03	 -4.98	-1.77042	 383	  8	lasso	0.012	0.00014	 0.200577	0.841029
NA	/data/songy4/twas/output/weights//ENSG00000187024.wgt.RDat	ENSG00000187024	9	130455257	130487152	0.0485	rs10819295	 3.01	rs504434	 3.85e-02	  6.81	-1.71277	 377	  1	top1	0.038	1.5e-11	-1.712766	0.086756
NA	/data/songy4/twas/output/weights//ENSG00000167094.wgt.RDat	ENSG00000167094	9	130478345	130493879	0.0979	rs10819295	 3.01	rs3802357	 6.60e-02	  8.79	 2.08511	 372	  1	top1	0.066	7.6e-19	 2.085106	0.037060
NA	/data/songy4/twas/output/weights//ENSG00000136807.wgt.RDat	ENSG00000136807	9	130547958	130553066	0.0575	rs10819295	 3.01	rs1002095	 5.60e-02	  8.15	-1.43750	 377	  1	top1	0.056	3.6e-16	-1.437500	0.150576
NA	/data/songy4/twas/output/weights//ENSG00000136877.wgt.RDat	ENSG00000136877	9	130556876	130576606	0.0685	rs10819295	 3.01	rs7033913	 6.24e-02	  8.97	 2.73958	 379	  1	top1	0.062	7.3e-18	 2.739583	0.006152
NA	/data/songy4/twas/output/weights//ENSG00000106991.wgt.RDat	ENSG00000106991	9	130577291	130617035	0.0328	rs10819295	 3.01	rs10987759	 2.88e-02	 -6.02	 1.21512	 378	  1	top1	0.029	5e-09	-1.215116	0.224322
NA	/data/songy4/twas/output/weights//ENSG00000106992.wgt.RDat	ENSG00000106992	9	130628759	130640022	0.0851	rs10819295	 3.01	rs10819317	 6.84e-02	 -8.98	 0.19565	 362	  1	top1	0.068	1.8e-19	-0.195652	0.844882
NA	/data/songy4/twas/output/weights//ENSG00000160408.wgt.RDat	ENSG00000160408	9	130647600	130667687	0.5208	rs10819295	 3.01	rs10819317	 3.17e-01	-19.02	 0.19565	 360	  8	lasso	0.32	7.6e-97	-0.299261	0.764741
NA	/data/songy4/twas/output/weights//ENSG00000136840.wgt.RDat	ENSG00000136840	9	130670165	130679317	0.0629	rs10819295	 3.01	rs3818509	 4.10e-02	 -7.44	-0.28962	 347	  1	top1	0.041	3.2e-12	 0.289617	0.772109
NA	/data/songy4/twas/output/weights//ENSG00000167103.wgt.RDat	ENSG00000167103	9	130683158	130693076	0.0977	rs10819295	 3.01	rs1043060	 1.00e-01	 10.91	-0.27941	 347	  1	top1	0.1	4.2e-28	-0.279412	0.779929
NA	/data/songy4/twas/output/weights//ENSG00000171169.wgt.RDat	ENSG00000171169	9	130823512	130830485	0.0377	rs10819309	 2.77	rs7852659	 3.50e-02	 -6.47	-0.46032	 325	  1	top1	0.035	1.2e-10	 0.460317	0.645288
NA	/data/songy4/twas/output/weights//ENSG00000148339.wgt.RDat	ENSG00000148339	9	130830480	130871524	0.0266	rs10819309	 2.77	rs3003600	-6.41e-04	 -3.65	 0.70968	 328	 14	enet	0.0053	0.0079	-1.213552	0.224919
NA	/data/songy4/twas/output/weights//ENSG00000148334.wgt.RDat	ENSG00000148334	9	130882972	130890741	0.0429	rs10819309	 2.77	rs13283456	 1.69e-02	  4.73	 2.65873	 321	  1	top1	0.017	6.6e-06	 2.658730	0.007844
NA	/data/songy4/twas/output/weights//ENSG00000148337.wgt.RDat	ENSG00000148337	9	130928343	130966662	0.0322	rs10819309	 2.77	rs2502731	 4.55e-03	 -4.71	 0.03093	 325	 18	enet	0.006	0.0052	 0.381278	0.702997
NA	/data/songy4/twas/output/weights//ENSG00000106976.wgt.RDat	ENSG00000106976	9	130965658	131017527	0.0855	rs10819309	 2.77	rs10760548	 4.83e-02	  7.53	-1.82275	 323	  1	top1	0.048	4e-14	-1.822751	0.068341
NA	/data/songy4/twas/output/weights//ENSG00000167112.wgt.RDat	ENSG00000167112	9	131071382	131085021	0.0311	rs10819309	 2.77	rs7867338	 1.60e-02	 -5.13	-1.17323	 295	  4	lasso	0.019	1.8e-06	 0.486786	0.626410
NA	/data/songy4/twas/output/weights//ENSG00000167113.wgt.RDat	ENSG00000167113	9	131084815	131096351	0.0316	rs10124204	-2.74	rs28636742	 4.55e-03	 -4.20	-2.29942	 297	  1	top1	0.0046	0.013	 2.299419	0.021481
NA	/data/songy4/twas/output/weights//ENSG00000136811.wgt.RDat	ENSG00000136811	9	131217465	131263571	0.0229	rs10124204	-2.74	rs10988016	 2.86e-02	  5.84	-1.15254	 288	  1	top1	0.029	5.6e-09	-1.152542	0.249098
NA	/data/songy4/twas/output/weights//ENSG00000119392.wgt.RDat	ENSG00000119392	9	131266979	131304567	0.0482	rs10124204	-2.74	rs1133750	 3.99e-02	  6.92	-1.27439	 293	 30	enet	0.051	8.2e-15	-2.186498	0.028779
NA	/data/songy4/twas/output/weights//ENSG00000160447.wgt.RDat	ENSG00000160447	9	131464802	131483197	0.4121	rs10124204	-2.74	rs13289095	 2.44e-01	 16.71	 1.44937	 280	  1	top1	0.24	2.2e-71	 1.449367	0.147235
NA	/data/songy4/twas/output/weights//ENSG00000107021.wgt.RDat	ENSG00000107021	9	131549483	131572711	0.0141	rs10124204	-2.74	rs10988125	 1.82e-02	  4.93	 0.96766	 310	  1	top1	0.018	2.9e-06	 0.967655	0.333217
NA	/data/songy4/twas/output/weights//ENSG00000167136.wgt.RDat	ENSG00000167136	9	131580753	131584956	0.1869	rs10124204	-2.74	rs2997922	 3.57e-01	-20.20	 0.95318	 317	  1	top1	0.36	2.3e-111	-0.953185	0.340497
NA	/data/songy4/twas/output/weights//ENSG00000198917.wgt.RDat	ENSG00000198917	9	131581930	131592100	0.0221	rs10124204	-2.74	rs2293966	 9.76e-03	 -4.50	 0.93625	 324	  1	top1	0.0098	5e-04	-0.936247	0.349146
NA	/data/songy4/twas/output/weights//ENSG00000148341.wgt.RDat	ENSG00000148341	9	131769315	131790582	0.1360	rs7868621	-2.55	rs17455517	 1.28e-01	-12.21	 0.68367	 355	  2	lasso	0.13	2.2e-36	-0.687711	0.491635
NA	/data/songy4/twas/output/weights//ENSG00000095321.wgt.RDat	ENSG00000095321	9	131857089	131873468	0.1497	rs7868621	-2.55	rs2541164	 3.08e-01	-18.77	-1.54808	 383	  1	top1	0.31	4.6e-93	 1.548077	0.121604
NA	/data/songy4/twas/output/weights//ENSG00000119383.wgt.RDat	ENSG00000119383	9	131873229	131911225	0.0925	rs7868621	-2.55	rs2541164	 1.09e-01	-11.29	-1.54808	 403	  1	top1	0.11	1.2e-30	 1.548077	0.121604
NA	/data/songy4/twas/output/weights//ENSG00000148335.wgt.RDat	ENSG00000148335	9	132371163	132398209	0.0450	rs7873555	 3.33	rs2302780	 1.52e-02	  5.82	 0.69912	 481	  3	lasso	0.015	1.7e-05	 0.842861	0.399306
NA	/data/songy4/twas/output/weights//ENSG00000148331.wgt.RDat	ENSG00000148331	9	132399171	132404444	0.0553	rs7873555	 3.33	rs3739851	 4.45e-02	 -7.33	-0.05155	 478	  1	top1	0.045	3.8e-13	 0.051546	0.958890
NA	/data/songy4/twas/output/weights//ENSG00000148344.wgt.RDat	ENSG00000148344	9	132500610	132515326	0.5056	rs7873555	 3.33	rs17418275	 2.90e-01	 18.19	 2.09009	 491	 14	lasso	0.35	1.5e-108	 1.993514	0.046205
NA	/data/songy4/twas/output/weights//ENSG00000136816.wgt.RDat	ENSG00000136816	9	132565432	132573560	0.2281	rs7873555	 3.33	rs10116248	 2.70e-01	-17.74	 2.55455	 479	 15	enet	0.3	6.2e-91	-2.108334	0.035002
NA	/data/songy4/twas/output/weights//ENSG00000136827.wgt.RDat	ENSG00000136827	9	132575223	132586413	0.1047	rs7873555	 3.33	rs7025992	 1.19e-01	-12.15	 2.83333	 472	  4	lasso	0.13	2.3e-37	-2.756521	0.005842
NA	/data/songy4/twas/output/weights//ENSG00000136819.wgt.RDat	ENSG00000136819	9	132589569	132598142	0.3850	rs7873555	 3.33	rs10116248	 6.30e-01	-26.98	 2.55455	 456	 19	enet	0.65	2.1e-259	-2.641700	0.008249
NA	/data/songy4/twas/output/weights//ENSG00000136878.wgt.RDat	ENSG00000136878	9	132596977	132644107	0.0335	rs7873555	 3.33	rs10116248	 1.91e-02	 -5.73	 2.55455	 450	  1	top1	0.019	1.8e-06	-2.554545	0.010633
NA	/data/songy4/twas/output/weights//ENSG00000148358.wgt.RDat	ENSG00000148358	9	132815705	132902448	0.0255	rs7873555	 3.33	rs2240913	-7.08e-04	 -3.61	-0.97196	 474	  3	enet	0.0026	0.046	 2.139208	0.032419
NA	/data/songy4/twas/output/weights//ENSG00000097007.wgt.RDat	ENSG00000097007	9	133589333	133763062	0.0261	rs4740196	-2.92	rs7860487	-5.48e-04	  3.13	 1.24211	 492	  2	lasso	-0.00011	0.35	 1.918469	0.055052
NA	/data/songy4/twas/output/weights//ENSG00000188710.wgt.RDat	ENSG00000188710	9	133768815	133769225	0.0444	rs4740196	-2.92	rs3847193	 3.45e-02	 -7.06	-0.78070	 472	  4	lasso	0.041	3.9e-12	 1.207598	0.227202
NA	/data/songy4/twas/output/weights//ENSG00000050555.wgt.RDat	ENSG00000050555	9	133884469	133969860	0.1412	rs4740196	-2.92	rs1414402	 1.19e-01	-11.70	-0.52632	 500	  7	lasso	0.12	3e-33	 0.667168	0.504665
NA	/data/songy4/twas/output/weights//ENSG00000126883.wgt.RDat	ENSG00000126883	9	134000948	134110057	0.1456	rs7857419	 2.56	rs7033993	 1.26e-01	 12.11	 0.34459	 518	  1	top1	0.13	3.3e-35	 0.344595	0.730399
NA	/data/songy4/twas/output/weights//ENSG00000130723.wgt.RDat	ENSG00000130723	9	134269480	134375584	0.0252	rs12683140	 2.76	rs4740165	 1.09e-02	  4.70	 2.39583	 533	  1	top1	0.011	0.00025	 2.395833	0.016583
NA	/data/songy4/twas/output/weights//ENSG00000130714.wgt.RDat	ENSG00000130714	9	134378289	134399193	0.0469	rs12683140	 2.76	rs7870715	 2.73e-02	  6.45	 1.94393	 472	 16	enet	0.043	1.1e-12	 1.731134	0.083428
NA	/data/songy4/twas/output/weights//ENSG00000130717.wgt.RDat	ENSG00000130717	9	134399188	134406655	0.0178	rs12683140	 2.76	rs2277153	 1.73e-04	  3.68	 2.44554	 466	 30	enet	0.0028	0.04	 2.004786	0.044986
NA	/data/songy4/twas/output/weights//ENSG00000107263.wgt.RDat	ENSG00000107263	9	134452157	134615461	0.3193	rs12683140	 2.76	rs11243480	 4.76e-01	-23.29	 1.18519	 521	  5	lasso	0.48	6.4e-165	-1.095144	0.273454
NA	/data/songy4/twas/output/weights//ENSG00000160563.wgt.RDat	ENSG00000160563	9	134735494	134955295	0.0756	rs12683140	 2.76	rs7040224	 8.95e-02	 10.44	-0.81308	 604	  1	top1	0.089	3.6e-25	-0.813084	0.416170
NA	/data/songy4/twas/output/weights//ENSG00000196358.wgt.RDat	ENSG00000196358	9	135037334	135119921	0.0754	rs10491904	 2.93	rs2274852	 3.38e-02	  6.45	 0.38532	 529	  6	lasso	0.036	7.4e-11	-0.002605	0.997921
NA	/data/songy4/twas/output/weights//ENSG00000107290.wgt.RDat	ENSG00000107290	9	135136743	135230372	0.0436	rs10491904	 2.93	rs7869435	 1.62e-02	  5.58	 0.06509	 535	 14	enet	0.024	8.4e-08	-0.132159	0.894858
NA	/data/songy4/twas/output/weights//ENSG00000125485.wgt.RDat	ENSG00000125485	9	135468384	135545788	0.1029	rs10491904	 2.93	rs10901196	 1.14e-01	 11.98	 1.35043	 563	  8	enet	0.12	1.3e-34	 1.332298	0.182762
NA	/data/songy4/twas/output/weights//ENSG00000165695.wgt.RDat	ENSG00000165695	9	135600965	135754164	0.0184	rs10491904	 2.93	rs2073869	 1.21e-02	 -4.67	 1.40310	 588	  1	top1	0.012	0.00012	-1.403101	0.160587
NA	/data/songy4/twas/output/weights//ENSG00000165699.wgt.RDat	ENSG00000165699	9	135766735	135820020	0.0363	rs10491904	 2.93	rs4962081	 1.89e-02	  5.56	 0.65193	 533	  1	top1	0.019	1.9e-06	 0.651934	0.514444
NA	/data/songy4/twas/output/weights//ENSG00000170835.wgt.RDat	ENSG00000170835	9	135937365	135947248	0.0247	rs10491904	 2.93	rs649168	 5.19e-03	  3.99	-0.80734	 475	  1	top1	0.0052	0.0086	-0.807339	0.419471
NA	/data/songy4/twas/output/weights//ENSG00000160271.wgt.RDat	ENSG00000160271	9	135973107	136039301	0.2351	rs2007153	 3.60	rs482670	 1.41e-01	 12.73	 0.70297	 551	  6	lasso	0.17	2.3e-47	 0.330961	0.740674
NA	/data/songy4/twas/output/weights//ENSG00000148288.wgt.RDat	ENSG00000148288	9	136028340	136039332	0.0373	rs2007153	 3.60	rs7874234	-4.07e-05	 -3.62	 1.53097	 517	  1	top1	-4.1e-05	0.33	-1.530973	0.125776
NA	/data/songy4/twas/output/weights//ENSG00000175164.wgt.RDat	ENSG00000175164	9	136125788	136150617	0.5965	rs2007153	 3.60	rs8176743	 3.93e-01	 21.16	-0.20787	 533	 46	enet	0.57	2.8e-211	 0.355618	0.722127
NA	/data/songy4/twas/output/weights//ENSG00000148296.wgt.RDat	ENSG00000148296	9	136197552	136203235	0.3171	rs2007153	 3.60	rs886090	 2.95e-01	-18.40	-0.84456	 537	 26	enet	0.37	1.1e-116	 0.818189	0.413249
NA	/data/songy4/twas/output/weights//ENSG00000148297.wgt.RDat	ENSG00000148297	9	136205160	136214986	0.3273	rs2007153	 3.60	rs10751505	 3.49e-01	-20.29	-0.82312	 537	 33	enet	0.4	9.6e-129	 0.636134	0.524689
NA	/data/songy4/twas/output/weights//ENSG00000148290.wgt.RDat	ENSG00000148290	9	136218610	136223552	0.0760	rs2007153	 3.60	rs3094375	 1.15e-02	  5.73	-1.82857	 539	 22	enet	0.062	1e-17	-0.894198	0.371216
NA	/data/songy4/twas/output/weights//ENSG00000148291.wgt.RDat	ENSG00000148291	9	136223428	136228045	0.0368	rs2007153	 3.60	rs1059773	 2.07e-02	 -5.40	-1.21935	 536	  1	top1	0.021	6.6e-07	 1.219347	0.222713
NA	/data/songy4/twas/output/weights//ENSG00000148300.wgt.RDat	ENSG00000148300	9	136271186	136283164	0.0872	rs2007153	 3.60	rs4246171	 1.08e-01	 11.23	 1.56098	 545	 20	enet	0.11	7.5e-32	 1.627828	0.103561
NA	/data/songy4/twas/output/weights//ENSG00000160325.wgt.RDat	ENSG00000160325	9	136325089	136335970	0.0685	rs2007153	 3.60	rs3094375	 1.97e-02	  6.26	-1.82857	 560	 18	enet	0.037	2.9e-11	-1.152435	0.249142
NA	/data/songy4/twas/output/weights//ENSG00000123453.wgt.RDat	ENSG00000123453	9	136528682	136605077	0.4158	rs2007153	 3.60	rs4979631	 1.54e-01	 13.56	 2.45192	 564	 54	enet	0.33	2.2e-101	 2.679768	0.007367
NA	/data/songy4/twas/output/weights//ENSG00000160293.wgt.RDat	ENSG00000160293	9	136627016	136857726	0.0967	rs2007153	 3.60	rs3824561	 5.92e-02	  8.63	-0.05000	 641	  6	lasso	0.059	4.4e-17	 0.183016	0.854786
NA	/data/songy4/twas/output/weights//ENSG00000235106.wgt.RDat	ENSG00000235106	9	136890561	136899788	0.0589	rs2007153	 3.60	rs408307	 5.08e-02	  7.90	 1.31250	 562	  5	lasso	0.052	3.6e-15	 1.432164	0.152097
NA	/data/songy4/twas/output/weights//ENSG00000169925.wgt.RDat	ENSG00000169925	9	136895427	136933657	0.0692	rs2007153	 3.60	rs1124317	 6.54e-02	  8.77	-1.49524	 600	  5	lasso	0.066	9.4e-19	-1.622465	0.104704
NA	/data/songy4/twas/output/weights//ENSG00000130635.wgt.RDat	ENSG00000130635	9	137533620	137736686	0.0422	rs4428739	 3.35	rs12554842	 2.40e-02	 -5.85	 0.66901	 761	  1	top1	0.024	8.8e-08	-0.669014	0.503486
NA	/data/songy4/twas/output/weights//ENSG00000085265.wgt.RDat	ENSG00000085265	9	137801431	137809809	0.2773	rs4428739	 3.35	rs10120023	 1.95e-01	 15.54	 0.13131	 687	 23	enet	0.26	6.8e-77	 0.156229	0.875853
NA	/data/songy4/twas/output/weights//ENSG00000130558.wgt.RDat	ENSG00000130558	9	137967268	138013025	0.2545	rs4428739	 3.35	rs13297471	 1.32e-01	 13.22	 0.30088	 696	  4	lasso	0.27	2.9e-78	 0.073611	0.941320
NA	/data/songy4/twas/output/weights//ENSG00000160349.wgt.RDat	ENSG00000160349	9	138413284	138418378	0.0358	rs10776810	-2.97	rs535	-7.06e-04	 -3.17	-0.36190	 585	  2	lasso	0.0074	0.0021	 0.639780	0.522316
NA	/data/songy4/twas/output/weights//ENSG00000130560.wgt.RDat	ENSG00000130560	9	138824815	138853226	0.0414	rs563	 3.28	rs10776856	 3.60e-02	 -6.86	-0.53000	 446	  1	top1	0.036	6.8e-11	 0.530000	0.596112
NA	/data/songy4/twas/output/weights//ENSG00000148411.wgt.RDat	ENSG00000148411	9	138898383	138987131	0.2481	rs563	 3.28	rs11103315	 1.75e-01	 14.14	 0.96491	 453	  5	lasso	0.2	1.2e-57	 1.243706	0.213608
NA	/data/songy4/twas/output/weights//ENSG00000238227.wgt.RDat	ENSG00000238227	9	139006427	139010731	0.0937	rs563	 3.28	rs11103315	 6.30e-02	  8.58	 0.96491	 397	  1	top1	0.063	5.1e-18	 0.964912	0.334589
NA	/data/songy4/twas/output/weights//ENSG00000165661.wgt.RDat	ENSG00000165661	9	139098179	139137687	0.0451	rs11558192	-3.73	rs35244336	 1.72e-02	 -5.09	-1.57246	 381	 32	enet	0.022	3.4e-07	 2.268698	0.023287
NA	/data/songy4/twas/output/weights//ENSG00000160360.wgt.RDat	ENSG00000160360	9	139221932	139254057	0.2440	rs11558192	-3.73	rs28380074	 8.78e-02	 11.00	-0.11538	 375	  7	lasso	0.15	1.1e-42	 0.216009	0.828981
NA	/data/songy4/twas/output/weights//ENSG00000213221.wgt.RDat	ENSG00000213221	9	139253932	139258241	0.3514	rs11558192	-3.73	rs28536668	 5.99e-02	  9.06	 1.76136	 373	 62	enet	0.19	8.8e-53	-0.006462	0.994844
NA	/data/songy4/twas/output/weights//ENSG00000187796.wgt.RDat	ENSG00000187796	9	139256355	139268133	0.1353	rs11558192	-3.73	rs10781499	 2.55e-01	 17.09	 2.77895	 374	  1	top1	0.26	5.9e-75	 2.778947	0.005454
NA	/data/songy4/twas/output/weights//ENSG00000165684.wgt.RDat	ENSG00000165684	9	139270029	139293249	0.1965	rs11558192	-3.73	rs3812556	 3.99e-02	 -7.02	-0.10569	 374	 48	enet	0.083	2e-23	 0.466378	0.640945
NA	/data/songy4/twas/output/weights//ENSG00000165689.wgt.RDat	ENSG00000165689	9	139296377	139305061	0.3032	rs11558192	-3.73	rs10448340	 1.41e-01	-12.94	 2.08824	 369	 56	enet	0.2	3.9e-57	-0.658930	0.509941
NA	/data/songy4/twas/output/weights//ENSG00000148384.wgt.RDat	ENSG00000148384	9	139323071	139334274	0.0435	rs11558192	-3.73	rs11145917	 1.22e-02	  5.79	 2.22034	 372	 25	enet	0.029	3.8e-09	 1.089868	0.275771
NA	/data/songy4/twas/output/weights//ENSG00000148396.wgt.RDat	ENSG00000148396	9	139334549	139372141	0.0660	rs11558192	-3.73	rs10781497	 3.69e-02	 -6.89	 0.53237	 388	  5	lasso	0.042	2.2e-12	-0.716524	0.473668
NA	/data/songy4/twas/output/weights//ENSG00000148400.wgt.RDat	ENSG00000148400	9	139388896	139440314	0.0811	rs11558192	-3.73	rs7034799	 2.88e-02	 -5.85	 0.07895	 402	  1	top1	0.029	5e-09	-0.078947	0.937074
NA	/data/songy4/twas/output/weights//ENSG00000169692.wgt.RDat	ENSG00000169692	9	139567595	139581875	0.0311	rs11558192	-3.73	rs17567909	 7.30e-03	 -4.21	 0.91667	 391	  1	top1	0.0073	0.0023	-0.916667	0.359317
NA	/data/songy4/twas/output/weights//ENSG00000165716.wgt.RDat	ENSG00000165716	9	139607022	139618502	0.3060	rs11558192	-3.73	rs4880136	 2.06e-01	-15.33	 1.58163	 388	 38	enet	0.24	1.6e-70	-1.268711	0.204544
NA	/data/songy4/twas/output/weights//ENSG00000204001.wgt.RDat	ENSG00000204001	9	139648838	139652678	0.5044	rs11558192	-3.73	rs2282259	 5.71e-01	 25.50	 1.57246	 396	  1	top1	0.57	2e-211	 1.572464	0.115843
NA	/data/songy4/twas/output/weights//ENSG00000196642.wgt.RDat	ENSG00000196642	9	139702374	139735639	0.1045	rs11558192	-3.73	rs2811754	 1.12e-01	 11.55	 0.56410	 417	  5	lasso	0.13	2.6e-35	 0.537659	0.590812
NA	/data/songy4/twas/output/weights//ENSG00000232434.wgt.RDat	ENSG00000232434	9	139738867	139741797	0.0309	rs11558192	-3.73	rs11145948	 1.88e-02	  4.83	 0.52000	 413	  1	top1	0.019	2e-06	 0.520000	0.603064
NA	/data/songy4/twas/output/weights//ENSG00000054148.wgt.RDat	ENSG00000054148	9	139743176	139745488	0.0543	rs11558192	-3.73	rs10123375	 4.79e-02	  7.92	-0.01724	 415	 15	enet	0.05	1.5e-14	-0.226245	0.821011
NA	/data/songy4/twas/output/weights//ENSG00000127191.wgt.RDat	ENSG00000127191	9	139776364	139821059	0.0475	rs11558192	-3.73	rs10123375	 3.85e-02	  6.98	-0.01724	 416	 17	enet	0.042	1.4e-12	 0.441211	0.659060
NA	/data/songy4/twas/output/weights//ENSG00000159069.wgt.RDat	ENSG00000159069	9	139834887	139839148	0.0201	rs11558192	-3.73	rs3739942	-7.70e-04	  3.72	-0.10092	 392	  1	top1	-0.00077	0.72	-0.100917	0.919616
NA	/data/songy4/twas/output/weights//ENSG00000107317.wgt.RDat	ENSG00000107317	9	139871956	139879887	0.2183	rs11558192	-3.73	rs7029565	 2.39e-01	-17.07	 0.20388	 383	 41	enet	0.34	2.9e-104	 0.382162	0.702341
NA	/data/songy4/twas/output/weights//ENSG00000214402.wgt.RDat	ENSG00000214402	9	139876356	139880862	0.0687	rs11558192	-3.73	rs11145948	 7.66e-02	  9.54	 0.52000	 382	  1	top1	0.077	1.1e-21	 0.520000	0.603064
NA	/data/songy4/twas/output/weights//ENSG00000148362.wgt.RDat	ENSG00000148362	9	139886870	139888436	0.0333	rs11558192	-3.73	rs11145951	 2.06e-02	  5.16	 0.46465	 378	  1	top1	0.021	6.8e-07	 0.464646	0.642185
NA	/data/songy4/twas/output/weights//ENSG00000107331.wgt.RDat	ENSG00000107331	9	139901686	139923367	0.0611	rs11558192	-3.73	rs4880192	 4.29e-02	 -7.71	-1.24545	 378	 13	enet	0.056	3.1e-16	 1.751124	0.079925
NA	/data/songy4/twas/output/weights//ENSG00000180549.wgt.RDat	ENSG00000180549	9	139924626	139927462	0.1717	rs11558192	-3.73	rs7469569	 2.29e-01	 16.42	-2.18812	 367	 14	enet	0.24	3.1e-71	-2.504715	0.012255
NA	/data/songy4/twas/output/weights//ENSG00000107281.wgt.RDat	ENSG00000107281	9	139933922	139940655	0.2811	rs11558192	-3.73	rs7861020	 1.87e-01	-14.64	-1.72381	 368	  9	lasso	0.28	3e-82	 1.269705	0.204190
NA	/data/songy4/twas/output/weights//ENSG00000054179.wgt.RDat	ENSG00000054179	9	139942550	139948497	0.2026	rs11558192	-3.73	rs4880090	 1.69e-01	-14.20	 0.95686	 369	  6	lasso	0.24	5.2e-69	-1.574117	0.115461
NA	/data/songy4/twas/output/weights//ENSG00000186193.wgt.RDat	ENSG00000186193	9	139956581	139965040	0.5191	rs11558192	-3.73	rs10870177	 6.28e-01	-26.77	 1.01357	 368	  3	lasso	0.64	3.9e-254	-1.129382	0.258737
NA	/data/songy4/twas/output/weights//ENSG00000197355.wgt.RDat	ENSG00000197355	9	139971953	139978991	0.4129	rs11558192	-3.73	rs10870177	 5.41e-01	-24.84	 1.01999	 368	 17	enet	0.55	1.9e-199	-1.025891	0.304943
NA	/data/songy4/twas/output/weights//ENSG00000177239.wgt.RDat	ENSG00000177239	9	139981379	140003635	0.3224	rs11558192	-3.73	rs4880200	 2.92e-01	 19.04	-1.13393	 374	  4	lasso	0.41	3e-131	-1.287352	0.197972
NA	/data/songy4/twas/output/weights//ENSG00000176978.wgt.RDat	ENSG00000176978	9	140004994	140009629	0.1086	rs11558192	-3.73	rs11145996	 1.19e-01	 11.81	-1.25862	 369	  8	lasso	0.14	3.9e-40	-1.375236	0.169058
NA	/data/songy4/twas/output/weights//ENSG00000176248.wgt.RDat	ENSG00000176248	9	140069236	140082989	0.0584	rs4880191	-2.48	rs28665875	 5.17e-02	  7.99	-0.56303	 361	  1	top1	0.052	4.9e-15	-0.563025	0.573418
NA	/data/songy4/twas/output/weights//ENSG00000176101.wgt.RDat	ENSG00000176101	9	140083099	140084822	0.0292	rs4880191	-2.48	rs28544087	 2.54e-02	  5.62	-0.72650	 354	  1	top1	0.025	3.9e-08	-0.726496	0.467535
NA	/data/songy4/twas/output/weights//ENSG00000188986.wgt.RDat	ENSG00000188986	9	140149625	140167998	0.0489	rs4880191	-2.48	rs9330201	 4.04e-02	 -6.90	 0.52518	 372	  1	top1	0.04	4.6e-12	-0.525180	0.599458
NA	/data/songy4/twas/output/weights//ENSG00000187609.wgt.RDat	ENSG00000187609	9	140201348	140317714	0.1352	rs4880191	-2.48	rs6422890	 2.52e-02	  6.70	 0.91538	 392	 26	enet	0.073	1.1e-20	-0.294069	0.768705
NA	/data/songy4/twas/output/weights//ENSG00000188747.wgt.RDat	ENSG00000188747	9	140317802	140328858	0.3415	rs4880191	-2.48	rs28563072	 1.62e-01	-13.68	 0.05419	 362	 26	enet	0.23	1.6e-65	-0.311708	0.755262
NA	/data/songy4/twas/output/weights//ENSG00000165802.wgt.RDat	ENSG00000165802	9	140342022	140353786	0.2588	rs4880191	-2.48	rs9410194	 1.27e-01	-12.24	 1.10687	 353	 36	enet	0.21	2e-60	-0.935618	0.349470
NA	/data/songy4/twas/output/weights//ENSG00000130653.wgt.RDat	ENSG00000130653	9	140354404	140444986	0.2783	rs4880191	-2.48	rs2259657	 1.30e-01	-12.32	 0.50000	 382	 41	enet	0.2	1e-55	-0.313416	0.753964
NA	/data/songy4/twas/output/weights//ENSG00000148399.wgt.RDat	ENSG00000148399	9	140449356	140473387	0.0141	rs6559243	 2.12	rs13296028	 1.84e-02	 -4.88	 0.73759	 357	  1	top1	0.018	2.7e-06	-0.737589	0.460764
NA	/data/songy4/twas/output/weights//ENSG00000197070.wgt.RDat	ENSG00000197070	9	140500106	140509812	0.0553	rs1531166	-3.27	rs3895387	 5.68e-02	  8.37	 0.59310	 352	  1	top1	0.057	2.2e-16	 0.593103	0.553112
NA	/data/songy4/twas/output/weights//ENSG00000181090.wgt.RDat	ENSG00000181090	9	140513444	140764468	0.1433	rs3750508	-3.70	rs3895387	 2.09e-01	 15.64	 0.59310	 353	  4	lasso	0.21	2.7e-61	 0.295797	0.767385
NA	/data/songy4/twas/output/weights//ENSG00000148408.wgt.RDat	ENSG00000148408	9	140772241	141019076	0.0308	rs3750508	-3.79	rs10867056	 1.13e-02	  4.73	-1.50000	 266	 10	enet	0.013	6.8e-05	-1.149389	0.250396
