PANEL	FILE	ID	CHR	P0	P1	HSQ	BEST.GWAS.ID	BEST.GWAS.Z	EQTL.ID	EQTL.R2	EQTL.Z	EQTL.GWAS.Z	NSNP	NWGT	MODEL	MODELCV.R2	MODELCV.PV	TWAS.Z	TWAS.P
NA	/data/songy4/twas/output/weights_control//ENSG00000120645.wgt.RDat	ENSG00000120645	12	175931	287626	0.5461	rs11062211	 -3.67	rs881194	 0.133306	  9.40	  0.88983	313	18	lasso	0.37	6.9e-60	-0.0429	9.66e-01
NA	/data/songy4/twas/output/weights_control//ENSG00000111181.wgt.RDat	ENSG00000111181	12	299243	323736	0.1356	rs11062211	 -3.67	rs495360	 0.032237	 -4.97	 -1.07143	326	30	enet	0.055	8.4e-09	-0.0844	9.33e-01
NA	/data/songy4/twas/output/weights_control//ENSG00000073614.wgt.RDat	ENSG00000073614	12	389295	498620	0.2403	rs11062211	 -3.67	rs10774154	 0.303819	-13.26	  2.78049	386	16	enet	0.32	1.4e-49	-1.8878	5.90e-02
NA	/data/songy4/twas/output/weights_control//ENSG00000120647.wgt.RDat	ENSG00000120647	12	498439	551811	0.1879	rs11062211	 -3.67	rs10774154	 0.251207	-12.14	  2.78049	408	 1	top1	0.25	4e-38	-2.7805	5.43e-03
NA	/data/songy4/twas/output/weights_control//ENSG00000139044.wgt.RDat	ENSG00000139044	12	569530	672675	0.8541	rs11062211	 -3.67	rs1056008	 0.806088	 21.52	  0.95370	445	34	enet	0.82	7e-215	 1.0611	2.89e-01
NA	/data/songy4/twas/output/weights_control//ENSG00000171840.wgt.RDat	ENSG00000171840	12	673462	772945	0.2463	rs11062211	 -3.67	rs11063749	 0.182609	-10.30	  1.09259	485	24	enet	0.18	1.9e-27	-1.1169	2.64e-01
NA	/data/songy4/twas/output/weights_control//ENSG00000060237.wgt.RDat	ENSG00000060237	12	861759	1020618	0.0607	rs11062211	 -3.67	rs12424961	 0.000586	 -3.91	 -0.74648	460	25	enet	0.04	7.6e-07	 1.0653	2.87e-01
NA	/data/songy4/twas/output/weights_control//ENSG00000002016.wgt.RDat	ENSG00000002016	12	1021243	1099219	0.3691	rs2158501	 -3.52	rs12816367	 0.225306	-11.43	 -0.45588	433	31	enet	0.24	5.5e-37	 0.9450	3.45e-01
NA	/data/songy4/twas/output/weights_control//ENSG00000082805.wgt.RDat	ENSG00000082805	12	1099675	1605099	0.1822	rs2158501	 -3.52	rs7974686	 0.130697	 -8.91	  1.45631	674	 1	top1	0.13	2.1e-19	-1.4563	1.45e-01
NA	/data/songy4/twas/output/weights_control//ENSG00000111186.wgt.RDat	ENSG00000111186	12	1639057	1756409	0.2589	rs7958309	  3.32	rs4765829	 0.179185	 10.48	 -1.07500	507	 8	enet	0.19	3.1e-28	-1.3433	1.79e-01
NA	/data/songy4/twas/output/weights_control//ENSG00000151062.wgt.RDat	ENSG00000151062	12	1901123	2028002	0.0737	rs7958309	  3.32	rs7300241	 0.008373	 -4.77	  1.62500	564	 9	enet	0.018	0.00084	-1.4113	1.58e-01
NA	/data/songy4/twas/output/weights_control//ENSG00000171792.wgt.RDat	ENSG00000171792	12	2985424	2998626	0.2040	rs7961210	 -3.48	rs2074985	 0.215725	-11.34	  0.66346	599	 1	top1	0.22	2.5e-32	-0.6635	5.07e-01
NA	/data/songy4/twas/output/weights_control//ENSG00000130038.wgt.RDat	ENSG00000130038	12	3715799	3873985	0.0776	rs7961210	 -3.48	rs241975	 0.016393	  4.39	  0.49091	753	 1	top1	0.016	0.0012	 0.4909	6.23e-01
NA	/data/songy4/twas/output/weights_control//ENSG00000111224.wgt.RDat	ENSG00000111224	12	3900213	3982608	0.0689	rs7961210	 -3.48	rs7958341	 0.019087	 -5.03	 -2.09244	676	 7	enet	0.022	0.00023	 2.1584	3.09e-02
NA	/data/songy4/twas/output/weights_control//ENSG00000010219.wgt.RDat	ENSG00000010219	12	4671370	4723325	0.0628	rs6416319	  3.59	rs1860343	 0.044343	  5.84	  2.17347	695	11	enet	0.048	7.5e-08	 2.2641	2.36e-02
NA	/data/songy4/twas/output/weights_control//ENSG00000111254.wgt.RDat	ENSG00000111254	12	4724674	4758213	0.0920	rs6416319	  3.59	rs4147667	 0.072641	 -7.07	 -1.00926	711	 3	lasso	0.077	8.3e-12	 0.9585	3.38e-01
NA	/data/songy4/twas/output/weights_control//ENSG00000255639.wgt.RDat	ENSG00000255639	12	4766800	4853747	0.0834	rs6416319	  3.59	rs7978162	 0.068486	  6.52	 -1.96512	761	 1	top1	0.068	1.1e-10	-1.9651	4.94e-02
NA	/data/songy4/twas/output/weights_control//ENSG00000130035.wgt.RDat	ENSG00000130035	12	4829507	4960277	0.1117	rs6416319	  3.59	rs972884	 0.026567	 -5.52	 -0.58407	780	 4	lasso	0.089	1.8e-13	-1.0470	2.95e-01
NA	/data/songy4/twas/output/weights_control//ENSG00000110799.wgt.RDat	ENSG00000110799	12	6058040	6233936	0.3131	rs12579603	 -3.70	rs7304624	 0.084390	  7.38	  0.73874	683	83	enet	0.18	1.6e-26	-0.0341	9.73e-01
NA	/data/songy4/twas/output/weights_control//ENSG00000010278.wgt.RDat	ENSG00000010278	12	6308881	6347425	0.0664	rs12579603	 -3.70	rs7304624	 0.064431	  6.24	  0.73874	518	38	enet	0.074	2.1e-11	 0.4938	6.21e-01
NA	/data/songy4/twas/output/weights_control//ENSG00000139193.wgt.RDat	ENSG00000139193	12	6554033	6560884	0.0779	rs12579603	 -3.70	rs917634	 0.057928	  5.96	  0.56989	427	 1	top1	0.058	3e-09	 0.5699	5.69e-01
NA	/data/songy4/twas/output/weights_control//ENSG00000139192.wgt.RDat	ENSG00000139192	12	6560856	6575683	0.4117	rs12579603	 -3.70	rs2243977	 0.472320	 16.72	 -1.16667	423	 4	lasso	0.6	1.5e-117	-1.8027	7.14e-02
NA	/data/songy4/twas/output/weights_control//ENSG00000139190.wgt.RDat	ENSG00000139190	12	6571403	6580153	0.2742	rs12579603	 -3.70	rs2534724	 0.400879	 15.48	  1.36893	411	23	enet	0.44	1.1e-73	 1.6417	1.01e-01
NA	/data/songy4/twas/output/weights_control//ENSG00000010292.wgt.RDat	ENSG00000010292	12	6602522	6641121	0.1979	rs4764547	 -2.80	rs2079867	 0.244590	 11.95	 -0.45192	384	 7	lasso	0.29	1.3e-44	-0.5424	5.88e-01
NA	/data/songy4/twas/output/weights_control//ENSG00000010295.wgt.RDat	ENSG00000010295	12	6647541	6665239	0.2272	rs4764547	 -2.80	rs2286724	 0.211001	-11.17	  1.34862	354	 1	top1	0.21	1.4e-31	-1.3486	1.77e-01
NA	/data/songy4/twas/output/weights_control//ENSG00000111642.wgt.RDat	ENSG00000111642	12	6679249	6716642	0.0387	rs4764547	 -2.80	rs4764589	 0.003138	  3.75	  0.15306	326	 6	lasso	0.0055	0.042	-0.0350	9.72e-01
NA	/data/songy4/twas/output/weights_control//ENSG00000111652.wgt.RDat	ENSG00000111652	12	6832907	6841041	0.1111	rs4764547	 -2.80	rs12296592	 0.005744	 -4.57	 -0.62381	270	21	enet	0.037	2.3e-06	 1.2930	1.96e-01
NA	/data/songy4/twas/output/weights_control//ENSG00000010610.wgt.RDat	ENSG00000010610	12	6896024	6929974	0.0751	rs1003563	  2.35	rs1882545	 0.033843	  4.80	 -0.23301	253	 1	top1	0.034	5.3e-06	-0.2330	8.16e-01
NA	/data/songy4/twas/output/weights_control//ENSG00000250510.wgt.RDat	ENSG00000250510	12	6930711	6939136	0.2756	rs11064153	  2.20	rs2707210	 0.102871	 -8.63	  0.81443	239	35	enet	0.19	5.3e-29	-0.8391	4.01e-01
NA	/data/songy4/twas/output/weights_control//ENSG00000111671.wgt.RDat	ENSG00000111671	12	6980099	6998522	0.6436	rs11064153	  2.20	rs5446	 0.363812	 14.54	  1.17143	216	 1	top1	0.36	1.8e-58	 1.1714	2.41e-01
NA	/data/songy4/twas/output/weights_control//ENSG00000010626.wgt.RDat	ENSG00000010626	12	6982733	7023407	0.6526	rs11064153	  2.20	rs5446	 0.340469	 14.03	  1.17143	215	15	enet	0.34	1.4e-54	 0.9179	3.59e-01
NA	/data/songy4/twas/output/weights_control//ENSG00000188393.wgt.RDat	ENSG00000188393	12	10051272	10084980	0.5773	rs11053555	  1.74	rs7313235	 0.312114	 14.85	  0.55455	327	20	enet	0.54	1.6e-99	-0.0453	9.64e-01
NA	/data/songy4/twas/output/weights_control//ENSG00000172322.wgt.RDat	ENSG00000172322	12	10103915	10148293	0.8198	rs7295241	  1.76	rs7313235	 0.838148	 21.94	  0.55455	344	71	enet	0.85	1.6e-239	 0.6809	4.96e-01
NA	/data/songy4/twas/output/weights_control//ENSG00000165682.wgt.RDat	ENSG00000165682	12	10138241	10166023	0.1837	rs11053821	  2.76	rs4764178	 0.087633	 -8.34	 -0.27083	347	 6	lasso	0.15	7e-22	 0.3495	7.27e-01
NA	/data/songy4/twas/output/weights_control//ENSG00000197992.wgt.RDat	ENSG00000197992	12	10183276	10218565	0.3710	rs11053821	  2.76	rs17734799	 0.230831	 12.04	  0.90909	363	22	enet	0.28	4.3e-43	 0.8807	3.78e-01
NA	/data/songy4/twas/output/weights_control//ENSG00000150048.wgt.RDat	ENSG00000150048	12	10222153	10264226	0.2475	rs11053821	  2.76	rs1488817	 0.075862	  7.74	  0.69718	398	12	lasso	0.18	1.1e-26	-0.3577	7.21e-01
NA	/data/songy4/twas/output/weights_control//ENSG00000172243.wgt.RDat	ENSG00000172243	12	10269376	10282857	0.4808	rs11053821	  2.76	rs17734799	 0.140296	  9.95	  0.90909	420	39	enet	0.28	3.2e-42	 0.1840	8.54e-01
NA	/data/songy4/twas/output/weights_control//ENSG00000139112.wgt.RDat	ENSG00000139112	12	10365057	10375727	0.0741	rs2418096	 -2.79	rs4322502	 0.031677	 -4.58	 -0.16667	468	 1	top1	0.032	1e-05	 0.1667	8.68e-01
NA	/data/songy4/twas/output/weights_control//ENSG00000134539.wgt.RDat	ENSG00000134539	12	10378657	10469850	0.0818	rs2418096	 -2.79	rs7961687	 0.054378	  6.02	 -0.19231	504	 1	top1	0.054	9.2e-09	-0.1923	8.48e-01
NA	/data/songy4/twas/output/weights_control//ENSG00000213809.wgt.RDat	ENSG00000213809	12	10524952	10544473	0.2114	rs2418096	 -2.79	rs2255336	 0.208318	-11.16	 -0.04274	519	 1	top1	0.21	3.8e-31	 0.0427	9.66e-01
NA	/data/songy4/twas/output/weights_control//ENSG00000183542.wgt.RDat	ENSG00000183542	12	10559983	10562356	0.2319	rs2418096	 -2.79	rs2617167	 0.145807	  9.23	 -0.41176	509	 1	top1	0.15	1.3e-21	-0.4118	6.81e-01
NA	/data/songy4/twas/output/weights_control//ENSG00000255641.wgt.RDat	ENSG00000255641	12	10564911	10588600	0.0948	rs2418096	 -2.79	rs11053802	 0.054740	  5.86	 -1.16667	516	 1	top1	0.055	8.2e-09	-1.1667	2.43e-01
NA	/data/songy4/twas/output/weights_control//ENSG00000205810.wgt.RDat	ENSG00000205810	12	10564911	10573194	0.3001	rs2418096	 -2.79	rs2734565	 0.289230	 13.12	 -0.05000	510	 6	lasso	0.3	3.3e-46	-0.4161	6.77e-01
NA	/data/songy4/twas/output/weights_control//ENSG00000205809.wgt.RDat	ENSG00000205809	12	10579453	10594899	0.4147	rs2418096	 -2.79	rs2246809	 0.376736	-14.96	  0.17949	513	27	enet	0.46	1.1e-79	-0.1351	8.93e-01
NA	/data/songy4/twas/output/weights_control//ENSG00000134545.wgt.RDat	ENSG00000134545	12	10594863	10607284	0.2153	rs2418096	 -2.79	rs2734442	 0.187704	 10.50	 -0.40816	497	 6	lasso	0.22	1.5e-32	-0.6068	5.44e-01
NA	/data/songy4/twas/output/weights_control//ENSG00000111196.wgt.RDat	ENSG00000111196	12	10758612	10766222	0.0450	rs2418096	 -2.79	rs4763211	 0.027781	 -5.02	 -1.13821	457	 4	lasso	0.032	9.2e-06	 1.0463	2.95e-01
NA	/data/songy4/twas/output/weights_control//ENSG00000060140.wgt.RDat	ENSG00000060140	12	10771538	10826917	0.1438	rs2418096	 -2.79	rs10845198	 0.049322	 -5.86	  1.31731	460	20	enet	0.075	1.3e-11	-1.1516	2.49e-01
NA	/data/songy4/twas/output/weights_control//ENSG00000060138.wgt.RDat	ENSG00000060138	12	10851683	10875911	0.1778	rs2418096	 -2.79	rs1108542	 0.018953	  5.85	 -0.83237	408	 7	lasso	0.042	4.1e-07	-1.3625	1.73e-01
NA	/data/songy4/twas/output/weights_control//ENSG00000121377.wgt.RDat	ENSG00000121377	12	10954131	10955226	0.0367	rs2418096	 -2.79	rs1551191	 0.038663	  5.40	  1.14912	374	 3	lasso	0.04	8.7e-07	 1.6971	8.97e-02
NA	/data/songy4/twas/output/weights_control//ENSG00000121314.wgt.RDat	ENSG00000121314	12	10958650	10959892	0.0622	rs2418096	 -2.79	rs1063193	 0.041507	  6.60	  1.76042	372	 6	lasso	0.066	2.6e-10	 2.4719	1.34e-02
NA	/data/songy4/twas/output/weights_control//ENSG00000121381.wgt.RDat	ENSG00000121381	12	10961693	10962767	0.0499	rs2418096	 -2.79	rs4763611	 0.020285	  5.57	  0.73043	371	 5	lasso	0.045	1.7e-07	 1.5117	1.31e-01
NA	/data/songy4/twas/output/weights_control//ENSG00000111215.wgt.RDat	ENSG00000111215	12	10977559	11324212	0.1243	rs2418096	 -2.79	rs11054075	 0.137897	  9.75	  1.56250	502	 4	lasso	0.18	1.4e-26	 1.6161	1.06e-01
NA	/data/songy4/twas/output/weights_control//ENSG00000121318.wgt.RDat	ENSG00000121318	12	10977916	10978957	0.1245	rs2418096	 -2.79	rs17817150	 0.146397	 -9.27	 -2.11765	370	 3	lasso	0.15	7.2e-23	 2.3157	2.06e-02
NA	/data/songy4/twas/output/weights_control//ENSG00000231887.wgt.RDat	ENSG00000231887	12	11033610	11036854	0.1709	rs2418096	 -2.79	rs7132674	 0.287074	 12.93	  2.02083	352	 8	lasso	0.3	6.8e-46	 1.9830	4.74e-02
NA	/data/songy4/twas/output/weights_control//ENSG00000212128.wgt.RDat	ENSG00000212128	12	11060525	11062161	0.2475	rs2418096	 -2.79	rs7132674	 0.395369	 15.15	  2.02083	342	25	enet	0.43	2.1e-71	 2.1017	3.56e-02
NA	/data/songy4/twas/output/weights_control//ENSG00000134551.wgt.RDat	ENSG00000134551	12	11081835	11084940	0.0426	rs2418096	 -2.79	rs2418216	 0.030070	 -5.04	  1.43434	340	 1	top1	0.03	1.7e-05	-1.4343	1.51e-01
NA	/data/songy4/twas/output/weights_control//ENSG00000212127.wgt.RDat	ENSG00000212127	12	11090005	11324172	0.3187	rs2418096	 -2.79	rs7976950	 0.456282	 16.47	  2.08163	450	24	enet	0.56	2.7e-104	 2.1097	3.49e-02
NA	/data/songy4/twas/output/weights_control//ENSG00000212126.wgt.RDat	ENSG00000212126	12	11138512	11139511	0.2146	rs2418096	 -2.79	rs17817150	 0.302062	-13.99	 -2.11765	363	34	enet	0.42	8.4e-70	 2.1411	3.23e-02
NA	/data/songy4/twas/output/weights_control//ENSG00000255837.wgt.RDat	ENSG00000255837	12	11149094	11150474	0.3149	rs2418096	 -2.79	rs17817150	 0.439392	-16.07	 -2.11765	365	37	enet	0.53	1e-95	 2.2017	2.77e-02
NA	/data/songy4/twas/output/weights_control//ENSG00000212124.wgt.RDat	ENSG00000212124	12	11174218	11175219	0.2330	rs2418096	 -2.79	rs17817150	 0.340900	-14.11	 -2.11765	376	25	enet	0.37	5.9e-60	 1.9656	4.93e-02
NA	/data/songy4/twas/output/weights_control//ENSG00000256436.wgt.RDat	ENSG00000256436	12	11182986	11184006	0.2838	rs2418096	 -2.79	rs17817150	 0.428142	-15.81	 -2.11765	375	37	enet	0.49	3.8e-87	 1.9066	5.66e-02
NA	/data/songy4/twas/output/weights_control//ENSG00000226761.wgt.RDat	ENSG00000226761	12	11213964	11214893	0.2036	rs2418096	 -2.79	rs1551191	 0.279566	 13.01	  1.14912	374	 7	lasso	0.29	1.3e-45	 1.4749	1.40e-01
NA	/data/songy4/twas/output/weights_control//ENSG00000255374.wgt.RDat	ENSG00000255374	12	11243886	11244912	0.6653	rs2418096	 -2.79	rs2599420	 0.820249	-21.71	  0.05882	367	 6	lasso	0.82	1e-217	 0.0065	9.95e-01
NA	/data/songy4/twas/output/weights_control//ENSG00000256188.wgt.RDat	ENSG00000256188	12	11285557	11287243	0.1680	rs2418096	 -2.79	rs1551191	 0.150457	  9.82	  1.14912	341	12	enet	0.18	1.9e-26	 0.5524	5.81e-01
NA	/data/songy4/twas/output/weights_control//ENSG00000256537.wgt.RDat	ENSG00000256537	12	11323963	11324164	0.2450	rs2418096	 -2.79	rs7132674	 0.424614	 15.67	  2.02083	337	 5	lasso	0.43	2.3e-72	 1.9121	5.59e-02
NA	/data/songy4/twas/output/weights_control//ENSG00000197870.wgt.RDat	ENSG00000197870	12	11418857	11422739	0.0448	rs10772498	  2.90	rs10845242	 0.012355	 -4.79	  1.37500	359	 6	lasso	0.018	0.00079	-1.2690	2.04e-01
NA	/data/songy4/twas/output/weights_control//ENSG00000121380.wgt.RDat	ENSG00000121380	12	12202778	12364018	0.3773	rs4763861	  3.11	rs2287154	 0.293966	 13.18	 -1.00000	628	 4	lasso	0.3	4.2e-47	-0.9034	3.66e-01
NA	/data/songy4/twas/output/weights_control//ENSG00000070018.wgt.RDat	ENSG00000070018	12	12268959	12419946	0.2013	rs4763861	  3.11	rs10845506	 0.097071	  8.08	 -0.09091	632	 7	lasso	0.13	3.8e-19	 0.1966	8.44e-01
NA	/data/songy4/twas/output/weights_control//ENSG00000165714.wgt.RDat	ENSG00000165714	12	12510013	12619840	0.3500	rs4763861	  3.11	rs6488518	 0.194570	 10.65	  0.75893	594	10	lasso	0.3	5.1e-46	 1.0300	3.03e-01
NA	/data/songy4/twas/output/weights_control//ENSG00000111266.wgt.RDat	ENSG00000111266	12	12628829	12715317	0.1404	rs4763861	  3.11	rs11054901	 0.099070	 -7.61	  0.42353	564	27	enet	0.11	1.4e-16	-0.5361	5.92e-01
NA	/data/songy4/twas/output/weights_control//ENSG00000183150.wgt.RDat	ENSG00000183150	12	12813825	12849141	0.1845	rs4763861	  3.11	rs17758597	 0.123009	  9.36	  0.68047	490	10	enet	0.18	2.2e-26	 1.1544	2.48e-01
NA	/data/songy4/twas/output/weights_control//ENSG00000178878.wgt.RDat	ENSG00000178878	12	12878851	12982909	0.6792	rs4597146	  3.17	rs11055034	 0.388607	-15.18	 -1.16814	590	44	enet	0.61	4.5e-120	 1.1417	2.54e-01
NA	/data/songy4/twas/output/weights_control//ENSG00000013583.wgt.RDat	ENSG00000013583	12	13127798	13153207	0.3799	rs4597146	  3.17	rs3782567	 0.475896	-16.56	  0.03000	626	 1	top1	0.48	1.2e-82	-0.0300	9.76e-01
NA	/data/songy4/twas/output/weights_control//ENSG00000084444.wgt.RDat	ENSG00000084444	12	13197218	13295455	0.0729	rs4597146	  3.17	rs12827915	 0.049334	  5.56	 -0.21569	678	 1	top1	0.049	4.4e-08	-0.2157	8.29e-01
NA	/data/songy4/twas/output/weights_control//ENSG00000273079.wgt.RDat	ENSG00000273079	12	13693165	14133053	0.0611	rs1895056	  3.34	rs10772661	 0.003398	  4.12	  0.85149	813	 6	lasso	0.0082	0.017	 0.7411	4.59e-01
NA	/data/songy4/twas/output/weights_control//ENSG00000121316.wgt.RDat	ENSG00000121316	12	14656595	14721283	0.0628	rs10772807	 -3.81	rs2287170	 0.028093	  4.26	  0.75000	373	 1	top1	0.028	3.2e-05	 0.7500	4.53e-01
NA	/data/songy4/twas/output/weights_control//ENSG00000197837.wgt.RDat	ENSG00000197837	12	14920933	14924065	0.1378	rs10772807	 -3.81	rs247326	 0.059235	 -5.95	  2.20202	376	 8	lasso	0.06	1.7e-09	-2.4093	1.60e-02
NA	/data/songy4/twas/output/weights_control//ENSG00000246705.wgt.RDat	ENSG00000246705	12	14927270	14930936	0.2010	rs10772807	 -3.81	rs17821751	 0.024608	  5.30	  0.08025	374	40	enet	0.056	4.9e-09	 0.3212	7.48e-01
NA	/data/songy4/twas/output/weights_control//ENSG00000182993.wgt.RDat	ENSG00000182993	12	14956506	15059520	0.1735	rs10772807	 -3.81	rs10744078	 0.051103	  6.76	  2.41414	395	 7	lasso	0.13	9.2e-19	 1.7366	8.25e-02
NA	/data/songy4/twas/output/weights_control//ENSG00000111339.wgt.RDat	ENSG00000111339	12	14978503	14996429	0.0670	rs10772807	 -3.81	rs2287226	 0.031085	 -5.53	 -3.45742	370	 1	top1	0.031	1.3e-05	 3.4574	5.45e-04
NA	/data/songy4/twas/output/weights_control//ENSG00000139055.wgt.RDat	ENSG00000139055	12	15066969	15092016	0.1487	rs10772807	 -3.81	rs4764140	 0.125188	 -8.66	 -2.61470	390	 5	lasso	0.15	8.7e-22	 2.7566	5.84e-03
NA	/data/songy4/twas/output/weights_control//ENSG00000139053.wgt.RDat	ENSG00000139053	12	15125956	15134799	0.0945	rs10772807	 -3.81	rs10772826	 0.071636	  7.20	  0.98413	395	 3	lasso	0.087	3.5e-13	 1.2394	2.15e-01
NA	/data/songy4/twas/output/weights_control//ENSG00000008394.wgt.RDat	ENSG00000008394	12	16500076	16762193	0.0397	rs11057161	  3.11	rs7133802	 0.023690	 -4.88	  0.58416	457	 1	top1	0.024	0.00012	-0.5842	5.59e-01
NA	/data/songy4/twas/output/weights_control//ENSG00000111404.wgt.RDat	ENSG00000111404	12	18233803	18473041	0.0633	rs729953	  3.03	rs4764419	-0.000567	  3.43	  1.11881	514	 7	lasso	-0.00044	0.39	 1.3802	1.68e-01
NA	/data/songy4/twas/output/weights_control//ENSG00000052126.wgt.RDat	ENSG00000052126	12	19282648	19529334	0.3413	rs6416210	  2.72	rs4764467	 0.175102	-10.12	 -1.13433	609	 8	lasso	0.2	7.9e-30	 1.3929	1.64e-01
NA	/data/songy4/twas/output/weights_control//ENSG00000139154.wgt.RDat	ENSG00000139154	12	19556979	19873735	0.0665	rs1427985	 -2.97	rs11044654	 0.014034	  4.38	  0.56818	658	 1	top1	0.014	0.0026	 0.5682	5.70e-01
NA	/data/songy4/twas/output/weights_control//ENSG00000121350.wgt.RDat	ENSG00000121350	12	21590549	21623300	0.2250	rs3764041	 -2.54	rs1476905	 0.251790	-12.08	 -0.44211	567	23	enet	0.26	2.2e-40	 0.0652	9.48e-01
NA	/data/songy4/twas/output/weights_control//ENSG00000004700.wgt.RDat	ENSG00000004700	12	21621845	21654603	0.0820	rs3764041	 -2.54	rs1061627	 0.085922	 -7.25	  0.59829	565	 1	top1	0.086	4.5e-13	-0.5983	5.50e-01
NA	/data/songy4/twas/output/weights_control//ENSG00000111711.wgt.RDat	ENSG00000111711	12	21654715	21671342	0.0645	rs3764041	 -2.54	rs3213213	 0.023874	  4.68	  0.66165	557	 9	lasso	0.043	2.9e-07	 0.0129	9.90e-01
NA	/data/songy4/twas/output/weights_control//ENSG00000134548.wgt.RDat	ENSG00000134548	12	21679241	21690311	0.1768	rs3764041	 -2.54	rs10770822	 0.176956	 10.16	 -0.57576	549	 1	top1	0.18	2.8e-26	-0.5758	5.65e-01
NA	/data/songy4/twas/output/weights_control//ENSG00000111728.wgt.RDat	ENSG00000111728	12	22216707	22589975	0.3597	rs2418082	  2.50	rs17700569	 0.233801	 11.65	 -0.71163	522	32	enet	0.26	5.9e-39	-0.9320	3.51e-01
NA	/data/songy4/twas/output/weights_control//ENSG00000111731.wgt.RDat	ENSG00000111731	12	22601517	22697480	0.1948	rs2418082	  2.50	rs6487309	 0.133402	  9.09	 -0.52336	474	 8	lasso	0.14	2.7e-20	-0.5340	5.93e-01
NA	/data/songy4/twas/output/weights_control//ENSG00000060982.wgt.RDat	ENSG00000060982	12	24964295	25102393	0.7417	rs10743538	 -3.80	rs10842424	 0.398321	 15.16	 -1.52846	662	67	enet	0.51	9.7e-91	-2.0528	4.01e-02
NA	/data/songy4/twas/output/weights_control//ENSG00000118307.wgt.RDat	ENSG00000118307	12	25261354	25348096	0.1957	rs10743538	 -3.80	rs7960092	 0.055463	  7.62	 -1.24752	618	59	enet	0.13	1.8e-19	-2.5495	1.08e-02
NA	/data/songy4/twas/output/weights_control//ENSG00000205707.wgt.RDat	ENSG00000205707	12	25348150	25362579	0.2085	rs10743538	 -3.80	rs10743538	 0.188555	 10.51	 -3.80357	580	 2	lasso	0.2	7.6e-30	-3.3598	7.80e-04
NA	/data/songy4/twas/output/weights_control//ENSG00000123094.wgt.RDat	ENSG00000123094	12	26111962	26232825	0.1270	rs12297279	  3.19	rs1167639	 0.012464	 -4.47	 -0.49640	633	37	enet	0.034	5.1e-06	 0.1056	9.16e-01
NA	/data/songy4/twas/output/weights_control//ENSG00000123104.wgt.RDat	ENSG00000123104	12	26490342	26986131	0.3447	rs12297279	  3.19	rs7139251	 0.256071	-12.20	 -0.14110	829	 5	lasso	0.33	3.2e-52	 0.4415	6.59e-01
NA	/data/songy4/twas/output/weights_control//ENSG00000064115.wgt.RDat	ENSG00000064115	12	27126128	27167367	0.0351	rs2280431	  2.56	rs922275	 0.004580	 -4.05	  1.23000	551	 1	top1	0.0046	0.057	-1.2300	2.19e-01
NA	/data/songy4/twas/output/weights_control//ENSG00000152944.wgt.RDat	ENSG00000152944	12	27175479	27219276	0.1354	rs16932125	  2.67	rs7133971	 0.040237	 -6.14	  1.27273	551	40	enet	0.092	7.2e-14	-1.1717	2.41e-01
NA	/data/songy4/twas/output/weights_control//ENSG00000061794.wgt.RDat	ENSG00000061794	12	27863706	27909228	0.0488	rs11049108	  4.01	rs10771360	 0.015295	 -4.44	  1.12632	554	 1	top1	0.015	0.0017	-1.1263	2.60e-01
NA	/data/songy4/twas/output/weights_control//ENSG00000087448.wgt.RDat	ENSG00000087448	12	27932953	27955973	0.1405	rs11049108	  4.01	rs10492373	 0.075153	 -6.73	  0.88235	531	 6	lasso	0.08	2.9e-12	-0.7786	4.36e-01
NA	/data/songy4/twas/output/weights_control//ENSG00000087502.wgt.RDat	ENSG00000087502	12	29490285	29534122	0.0809	rs10771544	 -2.73	rs1006410	 0.023061	 -5.31	 -0.12500	617	11	lasso	0.056	5.3e-09	 0.5680	5.70e-01
NA	/data/songy4/twas/output/weights_control//ENSG00000187950.wgt.RDat	ENSG00000187950	12	29565407	29650619	0.3306	rs10771544	 -2.73	rs4931215	 0.215171	 11.19	 -0.14706	629	 9	lasso	0.26	1.2e-39	-0.7305	4.65e-01
NA	/data/songy4/twas/output/weights_control//ENSG00000133687.wgt.RDat	ENSG00000133687	12	29653773	29937692	0.7799	rs10771544	 -2.73	rs4931215	 0.557015	 17.89	 -0.14706	784	73	enet	0.71	3.5e-155	-0.8058	4.20e-01
NA	/data/songy4/twas/output/weights_control//ENSG00000133704.wgt.RDat	ENSG00000133704	12	30781922	30848920	0.1904	rs10843824	 -5.01	rs7955420	 0.200906	 10.89	  1.58475	626	 9	lasso	0.21	1.2e-30	 1.4885	1.37e-01
NA	/data/songy4/twas/output/weights_control//ENSG00000013573.wgt.RDat	ENSG00000013573	12	31226779	31257725	0.8244	rs10843824	 -5.01	rs10843879	 0.855690	-22.38	 -0.63478	469	 7	lasso	0.87	2.4e-256	 0.4326	6.65e-01
NA	/data/songy4/twas/output/weights_control//ENSG00000170456.wgt.RDat	ENSG00000170456	12	31535157	31744031	0.0656	rs684454	  3.17	rs2617191	 0.043392	 -5.66	  0.19820	595	 3	lasso	0.046	1.4e-07	-0.3191	7.50e-01
NA	/data/songy4/twas/output/weights_control//ENSG00000139160.wgt.RDat	ENSG00000139160	12	31800094	31826048	0.1485	rs11831773	  3.47	rs4931535	 0.072269	  6.61	  1.16667	490	 7	lasso	0.1	2.1e-15	 1.5800	1.14e-01
NA	/data/songy4/twas/output/weights_control//ENSG00000174718.wgt.RDat	ENSG00000174718	12	32112304	32146039	0.0539	rs4931619	  3.49	rs7955697	 0.012730	  4.83	  0.13793	546	15	enet	0.036	2.4e-06	 1.0218	3.07e-01
NA	/data/songy4/twas/output/weights_control//ENSG00000151746.wgt.RDat	ENSG00000151746	12	32259769	32536567	0.1519	rs10506095	  3.53	rs4540912	 0.047259	  5.65	  2.60185	700	50	enet	0.068	1.2e-10	 2.6529	7.98e-03
NA	/data/songy4/twas/output/weights_control//ENSG00000087470.wgt.RDat	ENSG00000087470	12	32832134	32898486	0.0489	rs10506095	  3.53	rs4931019	 0.005305	 -4.00	  0.16993	509	 1	top1	0.0053	0.044	-0.1699	8.65e-01
NA	/data/songy4/twas/output/weights_control//ENSG00000057294.wgt.RDat	ENSG00000057294	12	32943679	33049774	0.2049	rs10506095	  3.53	rs7954545	 0.115960	  8.49	 -1.33981	533	 1	top1	0.12	2.7e-17	-1.3398	1.80e-01
NA	/data/songy4/twas/output/weights_control//ENSG00000139133.wgt.RDat	ENSG00000139133	12	34175216	34182629	0.0354	rs1912777	 -3.09	rs4001713	 0.030676	 -5.49	  1.23529	235	 8	lasso	0.04	7.3e-07	-0.2569	7.97e-01
NA	/data/songy4/twas/output/weights_control//ENSG00000175548.wgt.RDat	ENSG00000175548	12	38710380	38717784	0.1012	rs12308699	  3.71	rs2653758	 0.078045	 -7.56	  0.13830	230	24	enet	0.11	5.2e-17	-0.4235	6.72e-01
NA	/data/songy4/twas/output/weights_control//ENSG00000188906.wgt.RDat	ENSG00000188906	12	40590546	40763087	0.1937	rs11174631	 10.24	rs10878220	 0.195317	-11.19	  0.25806	617	 9	lasso	0.21	1.2e-31	 0.8173	4.14e-01
NA	/data/songy4/twas/output/weights_control//ENSG00000151233.wgt.RDat	ENSG00000151233	12	42475647	42538681	0.1990	rs11181225	  2.48	rs7312933	 0.119824	 -8.64	  1.21905	450	56	enet	0.14	1.1e-20	-1.1824	2.37e-01
NA	/data/songy4/twas/output/weights_control//ENSG00000015153.wgt.RDat	ENSG00000015153	12	42550906	42632151	0.1454	rs11181225	  2.48	rs1669909	 0.133896	 -9.26	  1.92079	465	 5	lasso	0.15	1.3e-22	-2.0064	4.48e-02
NA	/data/songy4/twas/output/weights_control//ENSG00000134283.wgt.RDat	ENSG00000134283	12	42632249	42853517	0.1151	rs11181225	  2.48	rs3747562	 0.116374	  9.04	 -1.82524	545	 5	lasso	0.12	2.5e-18	-2.0202	4.34e-02
NA	/data/songy4/twas/output/weights_control//ENSG00000139168.wgt.RDat	ENSG00000139168	12	42705880	42719920	0.0242	rs11181225	  2.48	rs1669909	 0.009212	 -4.41	  1.92079	432	 1	top1	0.0092	0.012	-1.9208	5.48e-02
NA	/data/songy4/twas/output/weights_control//ENSG00000129317.wgt.RDat	ENSG00000129317	12	44122410	44152620	0.0617	rs275605	  3.93	rs277212	 0.057549	 -5.93	  0.80952	375	 4	lasso	0.069	1.1e-10	-0.7562	4.50e-01
NA	/data/songy4/twas/output/weights_control//ENSG00000139173.wgt.RDat	ENSG00000139173	12	44229770	44783545	0.0530	rs275605	  3.93	rs6582484	 0.018482	 -4.72	 -1.56061	528	 2	lasso	0.025	8.3e-05	 0.4321	6.66e-01
NA	/data/songy4/twas/output/weights_control//ENSG00000184613.wgt.RDat	ENSG00000184613	12	44902058	45315631	0.1095	rs1493749	  3.76	rs2408085	 0.085379	 -7.41	 -0.77852	447	 1	top1	0.085	5.3e-13	 0.7785	4.36e-01
NA	/data/songy4/twas/output/weights_control//ENSG00000139211.wgt.RDat	ENSG00000139211	12	47469490	47473734	0.1049	rs2408718	  3.46	rs2269828	 0.016895	 -5.00	  0.99083	441	 7	lasso	0.067	1.9e-10	-2.0177	4.36e-02
NA	/data/songy4/twas/output/weights_control//ENSG00000179715.wgt.RDat	ENSG00000179715	12	47473386	47630443	0.1081	rs2408718	  3.46	rs929225	 0.011772	 -5.58	  0.18269	496	25	enet	0.042	3.8e-07	-1.8995	5.75e-02
NA	/data/songy4/twas/output/weights_control//ENSG00000005175.wgt.RDat	ENSG00000005175	12	48057070	48099844	0.2809	rs2408718	  3.46	rs7303895	 0.228335	-11.50	 -0.57297	576	 6	lasso	0.23	7e-35	 0.4350	6.64e-01
NA	/data/songy4/twas/output/weights_control//ENSG00000079337.wgt.RDat	ENSG00000079337	12	48128455	48164823	0.0606	rs2285830	 -2.72	rs12422983	 0.037228	  5.99	 -1.75573	550	 8	enet	0.039	1.2e-06	-1.9634	4.96e-02
NA	/data/songy4/twas/output/weights_control//ENSG00000211584.wgt.RDat	ENSG00000211584	12	48147699	48176536	0.3314	rs2285830	 -2.72	rs3782908	 0.341119	 14.07	 -0.09346	545	 1	top1	0.34	4.2e-54	-0.0935	9.26e-01
NA	/data/songy4/twas/output/weights_control//ENSG00000061273.wgt.RDat	ENSG00000061273	12	48176505	48226915	0.0398	rs2285830	 -2.72	rs1793949	 0.001631	 -3.81	 -0.96928	560	 1	top1	0.0016	0.16	 0.9693	3.32e-01
NA	/data/songy4/twas/output/weights_control//ENSG00000111424.wgt.RDat	ENSG00000111424	12	48235320	48336831	0.2655	rs2285830	 -2.72	rs2634663	 0.051740	 -7.40	  1.57143	574	43	enet	0.2	4.1e-29	-0.9853	3.24e-01
NA	/data/songy4/twas/output/weights_control//ENSG00000134291.wgt.RDat	ENSG00000134291	12	48357352	48362661	0.2189	rs2285830	 -2.72	rs11609253	 0.115325	  9.20	  0.56250	510	 3	lasso	0.19	1.3e-27	-0.8943	3.71e-01
NA	/data/songy4/twas/output/weights_control//ENSG00000152556.wgt.RDat	ENSG00000152556	12	48498922	48540187	0.0491	rs2285830	 -2.72	rs12305511	 0.004566	  4.26	 -1.73874	526	 8	lasso	0.0095	0.011	-0.5951	5.52e-01
NA	/data/songy4/twas/output/weights_control//ENSG00000187166.wgt.RDat	ENSG00000187166	12	48722763	48724062	0.1017	rs12819124	  2.68	rs2634663	 0.105577	 -7.87	  1.57143	489	 1	top1	0.11	8e-16	-1.5714	1.16e-01
NA	/data/songy4/twas/output/weights_control//ENSG00000167528.wgt.RDat	ENSG00000167528	12	48733791	48745197	0.6653	rs12819124	  2.68	rs2634663	 0.744557	-20.70	  1.57143	490	34	enet	0.78	3e-190	-1.9641	4.95e-02
NA	/data/songy4/twas/output/weights_control//ENSG00000139223.wgt.RDat	ENSG00000139223	12	48866448	48866843	0.0486	rs12819124	  2.68	rs2732465	 0.018771	 -5.02	  0.03143	458	 5	lasso	0.031	1.2e-05	 0.6915	4.89e-01
NA	/data/songy4/twas/output/weights_control//ENSG00000177627.wgt.RDat	ENSG00000177627	12	48876286	48890295	0.0444	rs1054442	  4.00	rs2732465	 0.046975	 -5.35	  0.03514	454	 1	top1	0.047	9.2e-08	-0.0351	9.72e-01
NA	/data/songy4/twas/output/weights_control//ENSG00000139620.wgt.RDat	ENSG00000139620	12	49047184	49076021	0.1539	rs7969091	  4.04	rs2277365	 0.152599	  9.42	  0.91892	391	27	enet	0.17	1.4e-25	 0.5710	5.68e-01
NA	/data/songy4/twas/output/weights_control//ENSG00000167535.wgt.RDat	ENSG00000167535	12	49207577	49222724	0.0938	rs7969091	  4.04	rs12369114	 0.054713	  6.01	  2.53600	353	 1	top1	0.055	8.3e-09	 2.5360	1.12e-02
NA	/data/songy4/twas/output/weights_control//ENSG00000134285.wgt.RDat	ENSG00000134285	12	49315301	49320257	0.1169	rs7969091	  4.04	rs833820	 0.090117	  7.73	 -0.23711	336	 1	top1	0.09	1.2e-13	-0.2371	8.13e-01
NA	/data/songy4/twas/output/weights_control//ENSG00000134287.wgt.RDat	ENSG00000134287	12	49329506	49351334	0.1202	rs7969091	  4.04	rs7981004	 0.089605	 -7.29	  0.56180	344	 1	top1	0.09	1.4e-13	-0.5618	5.74e-01
NA	/data/songy4/twas/output/weights_control//ENSG00000169884.wgt.RDat	ENSG00000169884	12	49359123	49365546	0.0321	rs7969091	  4.04	rs833843	 0.018948	 -4.62	 -0.08163	339	 1	top1	0.019	0.00055	 0.0816	9.35e-01
NA	/data/songy4/twas/output/weights_control//ENSG00000167553.wgt.RDat	ENSG00000167553	12	49582519	49667114	0.0465	rs7969091	  4.04	rs7139233	 0.000592	 -3.76	  1.92000	326	22	enet	0.03	1.6e-05	-2.9405	3.28e-03
NA	/data/songy4/twas/output/weights_control//ENSG00000135519.wgt.RDat	ENSG00000135519	12	49932940	49952091	0.0451	rs7969091	  4.04	rs2270741	 0.008426	  4.14	  1.26923	320	 1	top1	0.0084	0.016	 1.2692	2.04e-01
NA	/data/songy4/twas/output/weights_control//ENSG00000161791.wgt.RDat	ENSG00000161791	12	50031724	50101948	0.0333	rs11169082	  3.88	rs7954994	 0.036505	 -5.73	  3.47134	354	 3	lasso	0.046	1.1e-07	-3.4328	5.97e-04
NA	/data/songy4/twas/output/weights_control//ENSG00000066117.wgt.RDat	ENSG00000066117	12	50478755	50494495	0.0428	rs11169082	  3.88	rs11169270	 0.053983	  5.91	 -2.48544	322	 1	top1	0.054	1e-08	-2.4854	1.29e-02
NA	/data/songy4/twas/output/weights_control//ENSG00000178449.wgt.RDat	ENSG00000178449	12	50505762	50514240	0.0528	rs7952734	  3.68	rs11169479	 0.026010	 -4.69	  0.65714	313	 4	lasso	0.036	2.5e-06	-1.6864	9.17e-02
NA	/data/songy4/twas/output/weights_control//ENSG00000139624.wgt.RDat	ENSG00000139624	12	50523575	50561288	0.0766	rs7952734	  3.68	rs3184122	 0.114865	 -8.88	 -2.82828	320	 9	lasso	0.12	6.8e-18	 2.6638	7.73e-03
NA	/data/songy4/twas/output/weights_control//ENSG00000050405.wgt.RDat	ENSG00000050405	12	50569571	50677329	0.1104	rs1574326	  3.53	rs12424691	 0.079618	  7.80	 -2.02020	338	 5	lasso	0.11	2.5e-16	-1.7010	8.89e-02
NA	/data/songy4/twas/output/weights_control//ENSG00000161813.wgt.RDat	ENSG00000161813	12	50786166	50873787	0.0320	rs3184122	 -2.83	rs3741560	-0.000131	  4.12	 -0.00875	343	11	enet	0.0017	0.16	-0.2411	8.09e-01
NA	/data/songy4/twas/output/weights_control//ENSG00000066084.wgt.RDat	ENSG00000066084	12	50898768	51142450	0.0310	rs7397479	 -3.15	rs7315690	 0.016561	 -4.54	 -2.20792	393	13	lasso	0.025	7.2e-05	 1.8733	6.10e-02
NA	/data/songy4/twas/output/weights_control//ENSG00000123268.wgt.RDat	ENSG00000123268	12	51157493	51214905	0.4320	rs7397479	 -3.15	rs2554862	 0.469695	 16.44	  1.22000	334	 1	top1	0.47	3.5e-81	 1.2200	2.22e-01
NA	/data/songy4/twas/output/weights_control//ENSG00000185432.wgt.RDat	ENSG00000185432	12	51317255	51326300	0.1402	rs11836489	  4.01	rs764606	 0.109254	 -8.04	 -1.77228	359	26	enet	0.12	3.5e-18	 1.7006	8.90e-02
NA	/data/songy4/twas/output/weights_control//ENSG00000110911.wgt.RDat	ENSG00000110911	12	51373184	51422349	0.0313	rs11836489	  4.01	rs6580792	 0.001090	  3.97	  0.73729	388	15	enet	0.023	0.00015	 1.7914	7.32e-02
NA	/data/songy4/twas/output/weights_control//ENSG00000050426.wgt.RDat	ENSG00000050426	12	51441745	51454207	0.1150	rs11836489	  4.01	rs3759405	 0.135204	  8.92	  1.65979	392	12	enet	0.14	3.7e-20	 1.6491	9.91e-02
NA	/data/songy4/twas/output/weights_control//ENSG00000184271.wgt.RDat	ENSG00000184271	12	51580719	51611477	0.1731	rs11836489	  4.01	rs10735832	 0.149655	 -9.37	 -0.57944	412	 3	lasso	0.15	1.3e-22	 1.0870	2.77e-01
NA	/data/songy4/twas/output/weights_control//ENSG00000110934.wgt.RDat	ENSG00000110934	12	51674822	51718452	0.0663	rs11836489	  4.01	rs3210837	 0.067715	 -6.35	  1.80292	425	 1	top1	0.068	1.4e-10	-1.8029	7.14e-02
NA	/data/songy4/twas/output/weights_control//ENSG00000139610.wgt.RDat	ENSG00000139610	12	51722227	51740463	0.1814	rs11836489	  4.01	rs12831721	 0.184573	 10.35	 -0.46078	413	 1	top1	0.18	1.9e-27	-0.4608	6.45e-01
NA	/data/songy4/twas/output/weights_control//ENSG00000139629.wgt.RDat	ENSG00000139629	12	51745031	51786651	0.5491	rs11836489	  4.01	rs10876168	 0.374334	 14.89	 -0.67327	421	 6	lasso	0.42	1e-69	-0.7822	4.34e-01
NA	/data/songy4/twas/output/weights_control//ENSG00000050438.wgt.RDat	ENSG00000050438	12	51785101	51902980	0.1898	rs11836489	  4.01	rs907349	 0.126200	  8.57	  1.97321	457	 5	lasso	0.13	4.6e-19	 1.2860	1.98e-01
NA	/data/songy4/twas/output/weights_control//ENSG00000196876.wgt.RDat	ENSG00000196876	12	51984050	52206648	0.4845	rs11836489	  4.01	rs12424799	 0.383897	 14.92	 -1.59200	559	 3	lasso	0.39	7.2e-63	-1.5966	1.10e-01
NA	/data/songy4/twas/output/weights_control//ENSG00000261308.wgt.RDat	ENSG00000261308	12	52214243	52216199	0.0911	rs11836489	  4.01	rs7976059	 0.052254	 -6.13	 -0.94286	492	 5	lasso	0.07	7.3e-11	 1.0537	2.92e-01
NA	/data/songy4/twas/output/weights_control//ENSG00000123395.wgt.RDat	ENSG00000123395	12	52463030	52471278	0.0654	rs2046290	 -3.40	rs2701128	 0.012228	 -4.41	  0.51515	636	 4	lasso	0.022	0.00022	-1.1566	2.47e-01
NA	/data/songy4/twas/output/weights_control//ENSG00000205426.wgt.RDat	ENSG00000205426	12	52679697	52685318	0.0385	rs6580903	  2.72	rs2857682	 0.022303	  4.63	  0.95146	777	 1	top1	0.022	0.00019	 0.9515	3.41e-01
NA	/data/songy4/twas/output/weights_control//ENSG00000186081.wgt.RDat	ENSG00000186081	12	52908359	52914471	0.1989	rs6580903	  2.72	rs89962	 0.066855	  7.12	  0.08163	806	 9	lasso	0.11	2.1e-16	 0.7222	4.70e-01
NA	/data/songy4/twas/output/weights_control//ENSG00000170484.wgt.RDat	ENSG00000170484	12	52959566	52967609	0.1508	rs6580903	  2.72	rs584712	 0.051774	 -6.62	  0.63303	815	 5	lasso	0.11	1.1e-16	-0.2866	7.74e-01
NA	/data/songy4/twas/output/weights_control//ENSG00000170486.wgt.RDat	ENSG00000170486	12	52979373	52995322	0.4856	rs6580903	  2.72	rs1707761	 0.309098	-13.45	  0.70000	811	51	enet	0.39	2.7e-64	-0.0323	9.74e-01
NA	/data/songy4/twas/output/weights_control//ENSG00000186049.wgt.RDat	ENSG00000186049	12	53001354	53012343	0.5177	rs6580903	  2.72	rs1707761	 0.330904	-13.89	  0.70000	813	56	enet	0.41	1.4e-68	-0.0256	9.80e-01
NA	/data/songy4/twas/output/weights_control//ENSG00000172867.wgt.RDat	ENSG00000172867	12	53038342	53045948	0.0599	rs6580903	  2.72	rs1548303	-0.000750	 -3.95	 -0.49600	799	28	enet	0.0023	0.13	 0.6309	5.28e-01
NA	/data/songy4/twas/output/weights_control//ENSG00000167768.wgt.RDat	ENSG00000167768	12	53068520	53074191	0.5619	rs6580903	  2.72	rs7138818	 0.388940	 15.21	 -0.89474	790	75	enet	0.55	5.2e-101	-1.1352	2.56e-01
NA	/data/songy4/twas/output/weights_control//ENSG00000189182.wgt.RDat	ENSG00000189182	12	53083410	53097247	0.8137	rs6580903	  2.72	rs1818759	 0.463996	 16.37	  0.64143	785	74	enet	0.59	2.8e-114	 0.2519	8.01e-01
NA	/data/songy4/twas/output/weights_control//ENSG00000185640.wgt.RDat	ENSG00000185640	12	53215194	53228079	0.1593	rs11170488	 -2.89	rs9668186	 0.106182	  7.99	 -1.01887	719	 1	top1	0.11	6.6e-16	-1.0189	3.08e-01
NA	/data/songy4/twas/output/weights_control//ENSG00000167780.wgt.RDat	ENSG00000167780	12	53497302	53518322	0.0773	rs7302357	  4.22	rs2280699	 0.023727	 -4.95	  0.07563	522	33	enet	0.055	7.8e-09	 0.6544	5.13e-01
NA	/data/songy4/twas/output/weights_control//ENSG00000139631.wgt.RDat	ENSG00000139631	12	53551447	53575135	0.0726	rs10876470	  4.49	rs12161793	 0.021750	 -4.87	  0.40816	504	 1	top1	0.022	0.00023	-0.4082	6.83e-01
NA	/data/songy4/twas/output/weights_control//ENSG00000139651.wgt.RDat	ENSG00000139651	12	53574484	53584596	0.1540	rs10876470	  4.49	rs2272306	 0.106664	  7.93	  0.21429	487	 1	top1	0.11	5.6e-16	 0.2143	8.30e-01
NA	/data/songy4/twas/output/weights_control//ENSG00000139626.wgt.RDat	ENSG00000139626	12	53585102	53601091	0.1380	rs10876470	  4.49	rs2272300	 0.109413	  8.02	  1.05814	487	18	enet	0.11	1.3e-16	 0.7143	4.75e-01
NA	/data/songy4/twas/output/weights_control//ENSG00000182544.wgt.RDat	ENSG00000182544	12	53645035	53648189	0.0500	rs10876470	  4.49	rs7954360	 0.051338	 -6.12	  1.39583	461	 1	top1	0.051	2.4e-08	-1.3958	1.63e-01
NA	/data/songy4/twas/output/weights_control//ENSG00000170374.wgt.RDat	ENSG00000170374	12	53720362	53739099	0.0360	rs10876470	  4.49	rs10876433	 0.016119	  4.42	  0.41732	405	 1	top1	0.016	0.0013	 0.4173	6.76e-01
NA	/data/songy4/twas/output/weights_control//ENSG00000185591.wgt.RDat	ENSG00000185591	12	53773960	53810230	0.0447	rs10876470	  4.49	rs7309494	 0.029355	  5.35	  3.41221	421	 3	lasso	0.034	4.8e-06	 3.4600	5.40e-04
NA	/data/songy4/twas/output/weights_control//ENSG00000123415.wgt.RDat	ENSG00000123415	12	54558529	54582778	0.1511	rs2272470	 -2.79	rs2279402	 0.117694	 -8.35	 -0.16832	469	 1	top1	0.12	1.5e-17	 0.1683	8.66e-01
NA	/data/songy4/twas/output/weights_control//ENSG00000170627.wgt.RDat	ENSG00000170627	12	54849734	54867386	0.0907	rs998401	  3.01	rs12312272	 0.048133	  5.87	 -0.22778	429	 1	top1	0.048	6.4e-08	-0.2278	8.20e-01
NA	/data/songy4/twas/output/weights_control//ENSG00000123360.wgt.RDat	ENSG00000123360	12	54943134	54973023	0.2113	rs11171246	  3.37	rs10747699	 0.129635	  8.78	 -0.03540	425	 1	top1	0.13	2.9e-19	-0.0354	9.72e-01
NA	/data/songy4/twas/output/weights_control//ENSG00000135426.wgt.RDat	ENSG00000135426	12	55341802	55378530	0.0847	rs11171246	  3.37	rs266667	 0.068823	  6.55	 -0.72115	444	 5	lasso	0.084	7.9e-13	-1.2419	2.14e-01
NA	/data/songy4/twas/output/weights_control//ENSG00000123307.wgt.RDat	ENSG00000123307	12	55413729	55423798	0.0720	rs11171246	  3.37	rs2633415	 0.042102	 -5.49	 -0.26852	431	 1	top1	0.042	4.1e-07	 0.2685	7.88e-01
NA	/data/songy4/twas/output/weights_control//ENSG00000184954.wgt.RDat	ENSG00000184954	12	55862984	55863922	0.0508	rs11171246	  3.37	rs1474447	 0.008925	  4.23	 -0.61364	337	 5	lasso	0.02	0.00044	-1.1070	2.68e-01
NA	/data/songy4/twas/output/weights_control//ENSG00000170439.wgt.RDat	ENSG00000170439	12	56075330	56078395	0.0478	rs7977036	  3.27	rs2293409	 0.018043	  4.47	  1.98936	311	 1	top1	0.018	0.00073	 1.9894	4.67e-02
NA	/data/songy4/twas/output/weights_control//ENSG00000135424.wgt.RDat	ENSG00000135424	12	56078352	56109827	0.1122	rs7977036	  3.27	rs7959622	 0.023972	  4.80	  0.14134	315	17	enet	0.03	1.9e-05	 1.7590	7.86e-02
NA	/data/songy4/twas/output/weights_control//ENSG00000135437.wgt.RDat	ENSG00000135437	12	56114151	56118489	0.2375	rs7301102	  3.15	rs2231462	 0.010568	  5.40	 -0.01881	310	32	enet	0.075	1.3e-11	 1.5496	1.21e-01
NA	/data/songy4/twas/output/weights_control//ENSG00000135414.wgt.RDat	ENSG00000135414	12	56137064	56150911	0.0886	rs7301102	  3.15	rs705698	 0.072828	 -6.66	 -0.44118	312	 1	top1	0.073	2.8e-11	 0.4412	6.59e-01
NA	/data/songy4/twas/output/weights_control//ENSG00000111540.wgt.RDat	ENSG00000111540	12	56367697	56388490	0.1025	rs2643626	  3.09	rs17118439	 0.038209	  5.13	  2.21277	301	32	enet	0.056	6.1e-09	 2.5188	1.18e-02
NA	/data/songy4/twas/output/weights_control//ENSG00000139531.wgt.RDat	ENSG00000139531	12	56390964	56400425	0.0644	rs2643626	  3.09	rs705704	 0.038415	 -4.97	 -0.17822	294	 1	top1	0.038	1.3e-06	 0.1782	8.59e-01
NA	/data/songy4/twas/output/weights_control//ENSG00000065361.wgt.RDat	ENSG00000065361	12	56473641	56497289	0.0355	rs2643626	  3.09	rs11171739	 0.049989	 -5.53	 -0.16667	303	 1	top1	0.05	3.6e-08	 0.1667	8.68e-01
NA	/data/songy4/twas/output/weights_control//ENSG00000170581.wgt.RDat	ENSG00000170581	12	56735381	56753939	0.0574	rs2643626	  3.09	rs7296038	-0.001725	  3.62	 -0.26887	271	19	enet	0.0079	0.018	 0.9677	3.33e-01
NA	/data/songy4/twas/output/weights_control//ENSG00000176422.wgt.RDat	ENSG00000176422	12	56862301	56864763	0.0868	rs2643626	  3.09	rs774211	 0.002721	  4.94	 -0.73572	313	19	enet	0.022	0.00018	-0.1240	9.01e-01
NA	/data/songy4/twas/output/weights_control//ENSG00000076067.wgt.RDat	ENSG00000076067	12	56915713	56984745	0.3914	rs3803018	 -3.27	rs3782235	 0.468067	-16.43	  0.37113	332	 1	top1	0.47	8.5e-81	-0.3711	7.11e-01
NA	/data/songy4/twas/output/weights_control//ENSG00000166866.wgt.RDat	ENSG00000166866	12	57422301	57444982	0.0747	rs3803018	 -3.27	rs2279743	 0.024225	 -4.15	 -2.35385	341	 1	top1	0.024	0.00011	 2.3538	1.86e-02
NA	/data/songy4/twas/output/weights_control//ENSG00000166881.wgt.RDat	ENSG00000166881	12	57449426	57481846	0.5768	rs3803018	 -3.27	rs34393899	 0.187775	 10.98	 -0.75368	342	61	enet	0.25	2.5e-38	-0.2792	7.80e-01
NA	/data/songy4/twas/output/weights_control//ENSG00000178498.wgt.RDat	ENSG00000178498	12	57998405	58003587	0.0754	rs12368865	 -3.66	rs1545783	 0.040857	  5.79	 -1.49541	341	 1	top1	0.041	6.1e-07	-1.4954	1.35e-01
NA	/data/songy4/twas/output/weights_control//ENSG00000135452.wgt.RDat	ENSG00000135452	12	58131796	58143994	0.0674	rs12368865	 -3.66	rs2306390	 0.040148	 -6.42	 -0.04386	356	 6	lasso	0.064	4.7e-10	 0.9830	3.26e-01
NA	/data/songy4/twas/output/weights_control//ENSG00000123427.wgt.RDat	ENSG00000123427	12	58165275	58176324	0.2299	rs12368865	 -3.66	rs10877012	 0.361782	 14.67	 -1.39216	357	 8	lasso	0.37	8.1e-59	-1.4627	1.44e-01
NA	/data/songy4/twas/output/weights_control//ENSG00000123297.wgt.RDat	ENSG00000123297	12	58176372	58201854	0.0840	rs12368865	 -3.66	rs11172349	 0.092246	 -7.71	 -1.42718	364	 1	top1	0.092	5.9e-14	 1.4272	1.54e-01
NA	/data/songy4/twas/output/weights_control//ENSG00000135407.wgt.RDat	ENSG00000135407	12	58191159	58212487	0.0720	rs12368865	 -3.66	rs1021469	 0.096204	  7.58	 -1.38835	367	 1	top1	0.096	1.7e-14	-1.3883	1.65e-01
NA	/data/songy4/twas/output/weights_control//ENSG00000166896.wgt.RDat	ENSG00000166896	12	58335324	58351052	0.3379	rs12368865	 -3.66	rs10877041	 0.433376	-15.77	 -2.07843	429	 1	top1	0.43	6.4e-73	 2.0784	3.77e-02
NA	/data/songy4/twas/output/weights_control//ENSG00000198673.wgt.RDat	ENSG00000198673	12	62102040	62672931	0.4710	rs11174462	 -4.61	rs1245645	 0.084521	  8.72	 -1.74783	688	20	lasso	0.41	7.5e-68	 0.7484	4.54e-01
NA	/data/songy4/twas/output/weights_control//ENSG00000135655.wgt.RDat	ENSG00000135655	12	62654119	62811211	0.1947	rs11174462	 -4.61	rs1245645	 0.056398	  6.75	 -1.74783	577	44	enet	0.13	6.7e-19	-0.0106	9.92e-01
NA	/data/songy4/twas/output/weights_control//ENSG00000061987.wgt.RDat	ENSG00000061987	12	62860597	62991363	0.0664	rs11174462	 -4.61	rs12818198	 0.001914	 -4.37	  0.15596	613	 5	lasso	0.003	0.098	 0.7225	4.70e-01
NA	/data/songy4/twas/output/weights_control//ENSG00000111110.wgt.RDat	ENSG00000111110	12	63037762	63328817	0.1976	rs11174462	 -4.61	rs699583	 0.144176	  9.25	 -0.28713	658	 2	lasso	0.16	1.3e-23	-0.1356	8.92e-01
NA	/data/songy4/twas/output/weights_control//ENSG00000166148.wgt.RDat	ENSG00000166148	12	63539014	63544722	0.1298	rs11612942	  3.24	rs12422461	 0.059271	 -7.18	  1.52542	523	 5	lasso	0.12	3.3e-18	-0.7273	4.67e-01
NA	/data/songy4/twas/output/weights_control//ENSG00000177990.wgt.RDat	ENSG00000177990	12	63952693	64062719	0.5824	rs11175203	  4.22	rs12231958	 0.358851	-14.44	  0.35156	399	34	enet	0.44	2.3e-75	-0.3018	7.63e-01
NA	/data/songy4/twas/output/weights_control//ENSG00000196935.wgt.RDat	ENSG00000196935	12	64238073	64541613	0.0816	rs11175203	  4.22	rs1947504	 0.054950	  5.89	 -0.85577	410	 1	top1	0.055	7.7e-09	-0.8558	3.92e-01
NA	/data/songy4/twas/output/weights_control//ENSG00000183735.wgt.RDat	ENSG00000183735	12	64845660	64895888	0.1203	rs12422559	  3.92	rs11837890	 0.073602	 -6.82	  1.20886	341	22	enet	0.077	7.1e-12	 0.3347	7.38e-01
NA	/data/songy4/twas/output/weights_control//ENSG00000135677.wgt.RDat	ENSG00000135677	12	65107225	65153227	0.0480	rs12422559	  3.92	rs2620733	 0.031566	 -4.79	 -1.21569	336	 1	top1	0.032	1.1e-05	 1.2157	2.24e-01
NA	/data/songy4/twas/output/weights_control//ENSG00000111490.wgt.RDat	ENSG00000111490	12	65174589	65274812	0.2098	rs12422559	  3.92	rs1147094	 0.179712	-10.77	 -0.92157	348	17	enet	0.2	5.6e-30	 1.0091	3.13e-01
NA	/data/songy4/twas/output/weights_control//ENSG00000156076.wgt.RDat	ENSG00000156076	12	65444406	65515346	0.0451	rs12422559	  3.92	rs11175457	 0.012353	  4.10	 -0.02041	339	 1	top1	0.012	0.0044	-0.0204	9.84e-01
NA	/data/songy4/twas/output/weights_control//ENSG00000174106.wgt.RDat	ENSG00000174106	12	65563351	65642107	0.0639	rs12422559	  3.92	rs6581601	 0.021046	  4.82	  0.58416	342	16	enet	0.038	1.7e-06	 0.1075	9.14e-01
NA	/data/songy4/twas/output/weights_control//ENSG00000139233.wgt.RDat	ENSG00000139233	12	66516842	66524548	0.0747	rs2358954	 -3.22	rs1168744	 0.036846	  5.54	 -0.59116	488	18	lasso	0.037	1.8e-06	-0.3398	7.34e-01
NA	/data/songy4/twas/output/weights_control//ENSG00000155957.wgt.RDat	ENSG00000155957	12	66517709	66563852	0.4279	rs2358954	 -3.22	rs10878382	 0.544807	-17.75	  1.45918	516	 1	top1	0.54	3.2e-100	-1.4592	1.45e-01
NA	/data/songy4/twas/output/weights_control//ENSG00000090376.wgt.RDat	ENSG00000090376	12	66582659	66648402	0.1667	rs2358954	 -3.22	rs1436849	 0.142899	 -9.17	  0.93750	540	 4	lasso	0.17	2.1e-25	-0.5554	5.79e-01
NA	/data/songy4/twas/output/weights_control//ENSG00000127311.wgt.RDat	ENSG00000127311	12	66696325	66737423	0.0394	NA	    NA	NA	       NA	    NA	       NA	529	 0	top1	0.043	2.7e-07	     NA	      NA
NA	/data/songy4/twas/output/weights_control//ENSG00000155974.wgt.RDat	ENSG00000155974	12	66741211	67197966	0.1505	rs2358954	 -3.22	rs10878563	 0.001865	  4.39	 -0.61935	756	52	enet	0.08	3.3e-12	-1.0334	3.01e-01
NA	/data/songy4/twas/output/weights_control//ENSG00000111554.wgt.RDat	ENSG00000111554	12	68666223	68726161	0.1929	rs4913437	  3.67	rs4913433	 0.095256	 -7.72	 -1.81633	572	34	enet	0.14	6.6e-21	 0.6395	5.22e-01
NA	/data/songy4/twas/output/weights_control//ENSG00000111581.wgt.RDat	ENSG00000111581	12	69080514	69136785	0.1518	rs1795475	  3.74	rs2468418	 0.126180	 -8.61	  1.51456	552	 1	top1	0.13	9.2e-19	-1.5146	1.30e-01
NA	/data/songy4/twas/output/weights_control//ENSG00000175782.wgt.RDat	ENSG00000175782	12	69139886	69187508	0.1557	rs1795475	  3.74	rs7304105	 0.092451	 -7.81	  2.32500	533	 2	lasso	0.099	6.5e-15	-2.3821	1.72e-02
NA	/data/songy4/twas/output/weights_control//ENSG00000135679.wgt.RDat	ENSG00000135679	12	69201956	69239214	0.4109	rs1795475	  3.74	rs7304105	 0.401695	-15.21	  2.32500	511	46	enet	0.41	9.4e-68	-2.9242	3.45e-03
NA	/data/songy4/twas/output/weights_control//ENSG00000135678.wgt.RDat	ENSG00000135678	12	69235977	69365350	0.0671	rs1795475	  3.74	rs2870830	 0.050938	  5.69	  1.09804	562	 1	top1	0.051	2.7e-08	 1.0980	2.72e-01
NA	/data/songy4/twas/output/weights_control//ENSG00000090382.wgt.RDat	ENSG00000090382	12	69742121	69748014	0.4770	rs1795475	  3.74	rs6581889	 0.553851	-17.83	  0.46392	536	 5	lasso	0.57	3.4e-108	-0.3045	7.61e-01
NA	/data/songy4/twas/output/weights_control//ENSG00000127337.wgt.RDat	ENSG00000127337	12	69753483	69784576	0.4738	rs1795475	  3.74	rs6581889	 0.529382	-17.46	  0.46392	551	12	lasso	0.58	2.2e-110	-0.6501	5.16e-01
NA	/data/songy4/twas/output/weights_control//ENSG00000127325.wgt.RDat	ENSG00000127325	12	70037140	70093256	0.0931	rs2231696	  2.88	rs775490	 0.054586	 -6.02	 -1.78788	604	 1	top1	0.055	8.6e-09	 1.7879	7.38e-02
NA	/data/songy4/twas/output/weights_control//ENSG00000127328.wgt.RDat	ENSG00000127328	12	70132461	70216984	0.3550	rs2231696	  2.88	rs12310676	 0.254321	-12.40	 -0.51786	589	13	lasso	0.33	7.6e-52	 0.3951	6.93e-01
NA	/data/songy4/twas/output/weights_control//ENSG00000166268.wgt.RDat	ENSG00000166268	12	70219084	70352877	0.3860	rs17225279	  2.77	rs1586983	 0.348874	 14.23	 -0.03518	634	 9	lasso	0.35	1.2e-55	-0.0820	9.35e-01
NA	/data/songy4/twas/output/weights_control//ENSG00000111596.wgt.RDat	ENSG00000111596	12	70636774	70748773	0.0871	rs1603228	  2.31	rs11612513	-0.000106	 -3.64	 -0.01550	634	40	enet	0.0087	0.014	-0.5900	5.55e-01
NA	/data/songy4/twas/output/weights_control//ENSG00000135643.wgt.RDat	ENSG00000135643	12	70760056	70828072	0.3031	rs17108950	  3.23	rs41329849	 0.198933	 10.79	 -1.62500	629	12	enet	0.21	5.8e-31	-1.4334	1.52e-01
NA	/data/songy4/twas/output/weights_control//ENSG00000080371.wgt.RDat	ENSG00000080371	12	72148654	72184699	0.0408	rs327779	 -3.17	rs328744	 0.017438	 -4.35	 -2.51456	425	 4	lasso	0.022	2e-04	 2.9803	2.88e-03
NA	/data/songy4/twas/output/weights_control//ENSG00000180881.wgt.RDat	ENSG00000180881	12	75669759	75784708	0.1971	rs7298459	 -2.66	rs7963723	 0.284742	 12.89	  0.06931	506	16	lasso	0.31	1.6e-47	-0.0823	9.34e-01
NA	/data/songy4/twas/output/weights_control//ENSG00000180481.wgt.RDat	ENSG00000180481	12	75784850	75826468	0.3900	rs1795669	 -2.46	rs12369556	 0.572471	-18.25	 -0.16000	502	 7	lasso	0.59	8e-112	 0.1865	8.52e-01
NA	/data/songy4/twas/output/weights_control//ENSG00000139278.wgt.RDat	ENSG00000139278	12	75874460	75897633	0.1130	rs10785219	 -2.55	rs11180548	 0.145672	 -9.37	 -0.20202	521	 7	lasso	0.16	3.9e-23	 0.2490	8.03e-01
NA	/data/songy4/twas/output/weights_control//ENSG00000179941.wgt.RDat	ENSG00000179941	12	76738254	76742222	0.0705	rs17813975	  4.44	rs10862167	 0.015349	  4.52	 -1.49333	447	 1	top1	0.015	0.0017	-1.4933	1.35e-01
NA	/data/songy4/twas/output/weights_control//ENSG00000091039.wgt.RDat	ENSG00000091039	12	76745577	76953589	0.4071	rs17813975	  4.44	rs1512504	 0.305895	 13.34	 -1.61783	551	 3	lasso	0.31	1.2e-48	-1.5364	1.24e-01
NA	/data/songy4/twas/output/weights_control//ENSG00000186908.wgt.RDat	ENSG00000186908	12	77157368	77247476	0.3707	rs17813975	  4.44	rs1512504	 0.155707	  9.61	 -1.61783	502	44	enet	0.19	1.9e-28	-0.5938	5.53e-01
NA	/data/songy4/twas/output/weights_control//ENSG00000175183.wgt.RDat	ENSG00000175183	12	77252495	77272840	0.0498	rs17813975	  4.44	rs7299163	-0.001659	 -3.31	  0.14151	479	 6	lasso	0.00016	0.3	 0.6491	5.16e-01
NA	/data/songy4/twas/output/weights_control//ENSG00000067715.wgt.RDat	ENSG00000067715	12	79257773	79845788	0.1170	rs1514924	  2.39	rs10506806	 0.013876	 -4.91	 -1.44037	493	33	enet	0.06	1.6e-09	 0.0110	9.91e-01
NA	/data/songy4/twas/output/weights_control//ENSG00000111052.wgt.RDat	ENSG00000111052	12	81186299	81331704	0.4578	rs7968007	  2.66	rs4842368	 0.115346	-10.07	 -0.54054	487	13	lasso	0.24	3.3e-36	 0.2965	7.67e-01
NA	/data/songy4/twas/output/weights_control//ENSG00000111058.wgt.RDat	ENSG00000111058	12	81331594	81650533	0.4794	rs2400974	  2.85	rs2037407	 0.089087	 -9.22	  0.71693	523	17	lasso	0.22	1.3e-33	 0.0868	9.31e-01
NA	/data/songy4/twas/output/weights_control//ENSG00000127720.wgt.RDat	ENSG00000127720	12	82752276	82873015	0.0409	rs10862421	  3.42	rs4471506	 0.042205	 -5.27	 -1.10887	411	 1	top1	0.042	4e-07	 1.1089	2.67e-01
NA	/data/songy4/twas/output/weights_control//ENSG00000139324.wgt.RDat	ENSG00000139324	12	88536073	88593664	0.0798	rs11104940	  2.01	rs11104775	 0.042694	  5.10	  0.26303	299	 1	top1	0.043	3.5e-07	 0.2630	7.93e-01
NA	/data/songy4/twas/output/weights_control//ENSG00000139318.wgt.RDat	ENSG00000139318	12	89741009	89747048	0.0367	rs12579003	 -3.35	rs11105199	 0.023525	  5.15	 -0.40833	350	 5	enet	0.025	7.7e-05	-0.3287	7.42e-01
NA	/data/songy4/twas/output/weights_control//ENSG00000139323.wgt.RDat	ENSG00000139323	12	89813495	89919801	0.0615	rs12579003	 -3.35	rs11105298	 0.072819	 -6.79	  0.74107	381	 1	top1	0.073	2.8e-11	-0.7411	4.59e-01
NA	/data/songy4/twas/output/weights_control//ENSG00000133639.wgt.RDat	ENSG00000133639	12	92536286	92539673	0.0753	rs17837141	 -2.81	rs2099618	 0.010875	  4.36	  0.54955	511	 9	enet	0.022	0.00019	-1.4135	1.58e-01
NA	/data/songy4/twas/output/weights_control//ENSG00000205057.wgt.RDat	ENSG00000205057	12	92813870	92821924	0.2044	rs6538345	  3.14	rs12580153	 0.227269	 11.55	 -0.43269	495	 1	top1	0.23	3.5e-34	-0.4327	6.65e-01
NA	/data/songy4/twas/output/weights_control//ENSG00000187510.wgt.RDat	ENSG00000187510	12	93115281	93166231	0.0436	rs6538345	  3.16	rs6538357	 0.006640	 -4.20	 -0.46809	482	18	enet	0.016	0.0014	-0.2319	8.17e-01
NA	/data/songy4/twas/output/weights_control//ENSG00000102189.wgt.RDat	ENSG00000102189	12	93164413	93323107	0.1220	rs6538345	  3.14	rs1979803	 0.121002	  8.56	 -1.36082	520	 5	lasso	0.12	2.3e-18	-1.2430	2.14e-01
NA	/data/songy4/twas/output/weights_control//ENSG00000173598.wgt.RDat	ENSG00000173598	12	93771659	93797024	0.1427	rs11107146	  2.30	rs17790482	 0.063250	  7.20	 -0.55828	430	 5	lasso	0.14	3.7e-20	-0.6927	4.88e-01
NA	/data/songy4/twas/output/weights_control//ENSG00000198015.wgt.RDat	ENSG00000198015	12	93861264	93897545	0.2827	rs11107146	  2.30	rs4761518	 0.262993	-12.39	  1.94624	487	26	enet	0.27	2.5e-41	-1.6527	9.84e-02
NA	/data/songy4/twas/output/weights_control//ENSG00000120833.wgt.RDat	ENSG00000120833	12	93963590	93977263	0.0887	rs11107146	  2.30	rs10859571	 0.060057	 -6.36	 -0.22772	473	 1	top1	0.06	1.6e-09	 0.2277	8.20e-01
NA	/data/songy4/twas/output/weights_control//ENSG00000057704.wgt.RDat	ENSG00000057704	12	94960900	95044338	0.1234	rs7296742	 -3.26	rs2366632	 0.100937	 -7.72	  0.69027	690	 1	top1	0.1	3.6e-15	-0.6903	4.90e-01
NA	/data/songy4/twas/output/weights_control//ENSG00000184752.wgt.RDat	ENSG00000184752	12	95290831	95397546	0.1936	rs7296742	 -3.26	rs835044	 0.165967	 10.31	  1.87736	654	 5	lasso	0.19	1.1e-28	 1.5492	1.21e-01
NA	/data/songy4/twas/output/weights_control//ENSG00000180263.wgt.RDat	ENSG00000180263	12	95470525	95611258	0.1358	rs7296742	 -3.26	rs7487993	 0.147309	 -9.50	 -0.98473	691	 4	lasso	0.15	1.1e-22	 1.2929	1.96e-01
NA	/data/songy4/twas/output/weights_control//ENSG00000028203.wgt.RDat	ENSG00000028203	12	95611522	95696566	0.1037	rs7296742	 -3.26	rs6538624	 0.065248	  6.25	 -0.68992	651	 1	top1	0.065	3.1e-10	-0.6899	4.90e-01
NA	/data/songy4/twas/output/weights_control//ENSG00000136014.wgt.RDat	ENSG00000136014	12	95910336	95945266	0.3770	rs7308154	 -2.43	rs10777704	 0.160693	 -9.77	 -0.42958	624	 9	lasso	0.28	1.7e-42	 0.7818	4.34e-01
NA	/data/songy4/twas/output/weights_control//ENSG00000165972.wgt.RDat	ENSG00000165972	12	96260826	96336752	0.0757	rs7307248	 -2.70	rs7486703	 0.051650	 -5.96	  1.60000	609	 1	top1	0.052	2.1e-08	-1.6000	1.10e-01
NA	/data/songy4/twas/output/weights_control//ENSG00000139344.wgt.RDat	ENSG00000139344	12	96337071	96362370	0.4668	rs10777797	 -3.59	rs7486703	 0.556994	-17.93	  1.60000	552	 3	lasso	0.58	2.8e-111	-1.6357	1.02e-01
NA	/data/songy4/twas/output/weights_control//ENSG00000084110.wgt.RDat	ENSG00000084110	12	96366440	96390143	0.3562	rs10777797	 -3.59	rs2660900	 0.209844	 11.19	  0.42727	561	52	enet	0.33	2.9e-52	 0.4936	6.22e-01
NA	/data/songy4/twas/output/weights_control//ENSG00000111144.wgt.RDat	ENSG00000111144	12	96394606	96437298	0.5185	rs10777797	 -3.59	rs6538697	 0.280180	-13.03	 -0.47849	573	32	enet	0.46	1.4e-78	 1.4223	1.55e-01
NA	/data/songy4/twas/output/weights_control//ENSG00000139350.wgt.RDat	ENSG00000139350	12	97301001	97347129	0.1425	rs2098414	 -3.60	rs10777820	 0.219137	-11.35	 -0.76000	591	 1	top1	0.22	7.1e-33	 0.7600	4.47e-01
NA	/data/songy4/twas/output/weights_control//ENSG00000166130.wgt.RDat	ENSG00000166130	12	99007183	99038891	0.2108	rs201402	  2.77	rs7978134	 0.136048	  9.36	 -0.78358	457	 5	lasso	0.19	4e-28	-0.0998	9.21e-01
NA	/data/songy4/twas/output/weights_control//ENSG00000120868.wgt.RDat	ENSG00000120868	12	99038919	99129204	0.1356	rs201402	  2.77	rs2372394	 0.113782	  8.27	  0.57143	473	 1	top1	0.11	5.5e-17	 0.5714	5.68e-01
NA	/data/songy4/twas/output/weights_control//ENSG00000111647.wgt.RDat	ENSG00000111647	12	100422233	100536626	0.1818	rs9888314	  2.68	rs12368073	 0.146410	 -9.38	 -1.88710	400	24	enet	0.17	7.9e-26	 2.0807	3.75e-02
NA	/data/songy4/twas/output/weights_control//ENSG00000012504.wgt.RDat	ENSG00000012504	12	100867486	100958191	0.0644	rs10778092	  3.24	rs4764629	 0.008329	  3.92	  2.56140	486	 1	top1	0.0083	0.016	 2.5614	1.04e-02
NA	/data/songy4/twas/output/weights_control//ENSG00000111666.wgt.RDat	ENSG00000111666	12	102090725	102137918	0.4163	rs17032033	  5.13	rs2695284	 0.393610	-15.09	 -0.05882	505	12	lasso	0.45	7.7e-76	-0.2898	7.72e-01
NA	/data/songy4/twas/output/weights_control//ENSG00000111670.wgt.RDat	ENSG00000111670	12	102139275	102224716	0.0901	rs17032033	  5.13	rs10745937	 0.001274	  3.79	 -0.42105	493	34	enet	0.0032	0.093	 0.5804	5.62e-01
NA	/data/songy4/twas/output/weights_control//ENSG00000136048.wgt.RDat	ENSG00000136048	12	102271129	102405908	0.1992	rs17032033	  5.13	rs7965541	 0.139706	  9.96	 -0.92929	511	23	enet	0.23	4.6e-35	-0.4928	6.22e-01
NA	/data/songy4/twas/output/weights_control//ENSG00000120860.wgt.RDat	ENSG00000120860	12	102406705	102455927	0.1062	rs17032033	  5.13	rs4272832	 0.184315	-10.65	  0.10400	486	 6	lasso	0.19	9e-28	-0.3301	7.41e-01
NA	/data/songy4/twas/output/weights_control//ENSG00000111696.wgt.RDat	ENSG00000111696	12	104164231	104234975	0.5732	rs17034639	  2.76	rs10861110	 0.557258	 17.90	  0.23022	639	 6	lasso	0.6	3.5e-116	 0.3439	7.31e-01
NA	/data/songy4/twas/output/weights_control//ENSG00000166598.wgt.RDat	ENSG00000166598	12	104323885	104347423	0.0385	rs11112028	  3.33	rs1165679	 0.012554	  4.03	 -0.78621	639	 5	lasso	0.014	0.0023	-0.6585	5.10e-01
NA	/data/songy4/twas/output/weights_control//ENSG00000204954.wgt.RDat	ENSG00000204954	12	104343980	104359486	0.0499	rs11112028	  3.33	rs2629793	 0.015641	 -4.55	 -0.26230	640	 6	lasso	0.017	0.0012	-0.0522	9.58e-01
NA	/data/songy4/twas/output/weights_control//ENSG00000139372.wgt.RDat	ENSG00000139372	12	104359582	104382652	0.1144	rs11112028	  3.33	rs10861152	 0.068703	  6.63	  0.44898	649	15	enet	0.08	2.8e-12	 0.7082	4.79e-01
NA	/data/songy4/twas/output/weights_control//ENSG00000198431.wgt.RDat	ENSG00000198431	12	104609557	104744061	0.1649	rs11112028	  3.33	rs10861197	 0.156134	  9.58	 -0.56000	913	 1	top1	0.16	3.8e-23	-0.5600	5.75e-01
NA	/data/songy4/twas/output/weights_control//ENSG00000255150.wgt.RDat	ENSG00000255150	12	104697517	104698980	0.0697	rs11112028	  3.33	rs11111960	 0.006840	  4.60	 -0.69231	796	35	enet	0.015	0.002	-1.2640	2.06e-01
NA	/data/songy4/twas/output/weights_control//ENSG00000171310.wgt.RDat	ENSG00000171310	12	104849073	105155792	0.1095	rs1732384	 -3.93	rs6539161	 0.030402	 -5.66	  0.36607	879	 8	lasso	0.068	1.2e-10	 0.7865	4.32e-01
NA	/data/songy4/twas/output/weights_control//ENSG00000136052.wgt.RDat	ENSG00000136052	12	105196331	105352522	0.0809	rs1732384	 -3.93	rs10861313	 0.012282	 -4.73	  1.01429	851	 7	lasso	0.031	1.5e-05	 0.5227	6.01e-01
NA	/data/songy4/twas/output/weights_control//ENSG00000136044.wgt.RDat	ENSG00000136044	12	105567074	105630016	0.2111	rs1732384	 -3.93	rs1663563	 0.159159	 11.15	 -2.95000	638	12	lasso	0.26	1.3e-39	-3.9305	8.48e-05
NA	/data/songy4/twas/output/weights_control//ENSG00000235162.wgt.RDat	ENSG00000235162	12	105629068	105789875	0.3465	rs1732384	 -3.93	rs11112474	 0.003727	  4.37	  1.93069	652	87	enet	0.11	3.8e-16	 2.2869	2.22e-02
NA	/data/songy4/twas/output/weights_control//ENSG00000074590.wgt.RDat	ENSG00000074590	12	106457118	106533811	0.0798	rs17038460	  5.14	rs7955669	 0.030181	  5.21	 -1.74737	640	22	enet	0.04	7.4e-07	-2.8237	4.75e-03
NA	/data/songy4/twas/output/weights_control//ENSG00000013503.wgt.RDat	ENSG00000013503	12	106751436	106903976	0.0984	rs17038460	  5.14	rs17218950	 0.091800	  7.52	  0.12034	581	 1	top1	0.092	6.8e-14	 0.1203	9.04e-01
NA	/data/songy4/twas/output/weights_control//ENSG00000151135.wgt.RDat	ENSG00000151135	12	107349497	107372556	0.0830	rs12581936	  3.94	rs1348566	 0.111135	 -8.15	  0.49515	417	 1	top1	0.11	1.3e-16	-0.4951	6.20e-01
NA	/data/songy4/twas/output/weights_control//ENSG00000120832.wgt.RDat	ENSG00000120832	12	107371069	107380944	0.2490	rs1426460	  3.76	rs2374655	 0.006550	 -5.13	 -0.85106	411	61	enet	0.084	8.9e-13	 3.3727	7.44e-04
NA	/data/songy4/twas/output/weights_control//ENSG00000008405.wgt.RDat	ENSG00000008405	12	107385142	107487607	0.0910	rs1426460	  3.76	rs11829762	 0.012524	  4.33	 -0.39600	460	42	enet	0.022	0.00023	 0.2513	8.02e-01
NA	/data/songy4/twas/output/weights_control//ENSG00000151136.wgt.RDat	ENSG00000151136	12	107712190	108053419	0.2187	rs1426460	  3.76	rs1991310	 0.135793	 -9.13	  2.00990	581	23	enet	0.16	1.9e-23	-0.5077	6.12e-01
NA	/data/songy4/twas/output/weights_control//ENSG00000136045.wgt.RDat	ENSG00000136045	12	108079509	108106944	0.2038	rs1426460	  3.76	rs10861779	 0.191702	 10.62	  0.27132	463	25	enet	0.2	3.1e-30	 0.9543	3.40e-01
NA	/data/songy4/twas/output/weights_control//ENSG00000110851.wgt.RDat	ENSG00000110851	12	108126643	108155049	0.2006	rs1426460	  3.76	rs10861768	 0.202238	 11.04	  0.46774	476	23	enet	0.2	1.5e-30	 1.1555	2.48e-01
NA	/data/songy4/twas/output/weights_control//ENSG00000174600.wgt.RDat	ENSG00000174600	12	108681821	108733118	0.3015	rs10861896	  3.31	rs10778623	 0.167681	 10.04	 -1.31683	515	55	enet	0.19	6.4e-29	-2.0319	4.22e-02
NA	/data/songy4/twas/output/weights_control//ENSG00000136003.wgt.RDat	ENSG00000136003	12	108956358	108963160	0.0961	rs17041020	  3.76	rs12305310	 0.041845	  5.13	 -0.75342	465	12	enet	0.051	2.4e-08	 0.1189	9.05e-01
NA	/data/songy4/twas/output/weights_control//ENSG00000183160.wgt.RDat	ENSG00000183160	12	108983622	108992096	0.3992	rs17041020	  3.76	rs7302792	 0.268348	 12.44	  0.06349	456	35	enet	0.31	3.5e-48	 0.5972	5.50e-01
NA	/data/songy4/twas/output/weights_control//ENSG00000110880.wgt.RDat	ENSG00000110880	12	109038885	109125372	0.1889	rs17041020	  3.76	rs11114045	 0.194626	-10.71	 -0.56364	506	12	lasso	0.25	3.2e-38	 0.7087	4.78e-01
NA	/data/songy4/twas/output/weights_control//ENSG00000084112.wgt.RDat	ENSG00000084112	12	109176466	109251366	0.0940	rs17041020	  3.76	rs888531	 0.092845	  8.37	 -0.37500	495	 5	lasso	0.11	3.5e-16	-0.0316	9.75e-01
NA	/data/songy4/twas/output/weights_control//ENSG00000135093.wgt.RDat	ENSG00000135093	12	109460894	109525831	0.3462	rs10850060	 -4.55	rs16939904	 0.177168	-10.16	 -0.70175	465	 8	enet	0.23	3.8e-35	 0.3234	7.46e-01
NA	/data/songy4/twas/output/weights_control//ENSG00000076248.wgt.RDat	ENSG00000076248	12	109535379	109548797	0.1834	rs10850060	 -4.56	rs34263	 0.121343	 -8.57	 -0.43697	417	 1	top1	0.12	4.6e-18	 0.4370	6.62e-01
NA	/data/songy4/twas/output/weights_control//ENSG00000076555.wgt.RDat	ENSG00000076555	12	109554400	109706031	0.2818	rs10850503	  4.58	rs2268405	 0.205863	-11.43	  1.30435	475	11	lasso	0.28	1.5e-43	-0.4922	6.23e-01
NA	/data/songy4/twas/output/weights_control//ENSG00000110906.wgt.RDat	ENSG00000110906	12	109886461	109915349	0.3912	rs10850060	 -4.53	rs2241209	 0.198701	 10.98	  0.79592	425	 6	lasso	0.26	9.2e-40	 0.9052	3.65e-01
NA	/data/songy4/twas/output/weights_control//ENSG00000151148.wgt.RDat	ENSG00000151148	12	109915207	109974507	0.4662	rs10850060	 -4.53	rs2241209	 0.326041	 13.75	  0.79592	445	38	enet	0.37	2e-60	 2.0054	4.49e-02
NA	/data/songy4/twas/output/weights_control//ENSG00000139428.wgt.RDat	ENSG00000139428	12	109991542	110011679	0.1075	rs10850503	  4.61	rs2270374	 0.144801	 -9.80	 -2.73387	445	28	enet	0.16	1.3e-23	 3.3053	9.49e-04
NA	/data/songy4/twas/output/weights_control//ENSG00000139433.wgt.RDat	ENSG00000139433	12	110288748	110318293	0.0487	rs10850503	  4.53	rs768923	-0.001035	  3.04	  0.14000	358	 6	lasso	0.0013	0.19	 0.6238	5.33e-01
NA	/data/songy4/twas/output/weights_control//ENSG00000139437.wgt.RDat	ENSG00000139437	12	110338069	110421646	0.0752	rs10850503	  4.49	rs2111540	 0.037740	  4.86	 -0.82986	354	 5	lasso	0.04	8.7e-07	-0.9190	3.58e-01
NA	/data/songy4/twas/output/weights_control//ENSG00000174456.wgt.RDat	ENSG00000174456	12	110465872	110511491	0.0393	rs10850503	  4.49	rs7960775	-0.001044	  3.53	 -0.43258	316	 5	lasso	0.00035	0.27	-1.0483	2.95e-01
NA	/data/songy4/twas/output/weights_control//ENSG00000111229.wgt.RDat	ENSG00000111229	12	110872630	110888227	0.0349	rs7952822	  3.60	rs11829777	 0.023296	 -4.68	 -0.41270	240	 1	top1	0.023	0.00014	 0.4127	6.80e-01
NA	/data/songy4/twas/output/weights_control//ENSG00000111231.wgt.RDat	ENSG00000111231	12	110890289	110907073	0.2991	rs7952822	  3.60	rs4766497	 0.430632	-15.88	  0.67647	253	20	enet	0.44	3.8e-75	-0.7618	4.46e-01
NA	/data/songy4/twas/output/weights_control//ENSG00000204856.wgt.RDat	ENSG00000204856	12	110906169	110928190	0.1304	rs7952822	  3.60	rs7976889	 0.114617	 -9.37	  0.72115	250	 8	lasso	0.19	1.4e-27	-0.7751	4.38e-01
NA	/data/songy4/twas/output/weights_control//ENSG00000111237.wgt.RDat	ENSG00000111237	12	110928902	110939922	0.0557	rs7952822	  3.60	rs10082809	 0.064723	  6.31	  0.47500	246	 1	top1	0.065	3.6e-10	 0.4750	6.35e-01
NA	/data/songy4/twas/output/weights_control//ENSG00000151164.wgt.RDat	ENSG00000151164	12	110939460	110969891	0.1116	rs7952822	  3.60	rs9652060	 0.160275	  9.82	 -0.14400	240	25	enet	0.16	8.7e-24	-0.1164	9.07e-01
NA	/data/songy4/twas/output/weights_control//ENSG00000204852.wgt.RDat	ENSG00000204852	12	111051832	111087235	0.0657	rs7952822	  3.60	rs12371434	 0.001473	  4.60	  0.69903	219	 8	lasso	0.0054	0.043	 1.6618	9.66e-02
NA	/data/songy4/twas/output/weights_control//ENSG00000122986.wgt.RDat	ENSG00000122986	12	111065646	111142755	0.0468	rs7952822	  3.60	rs12371434	-0.001330	  3.78	  0.69903	229	 9	enet	0.00052	0.25	 1.2493	2.12e-01
NA	/data/songy4/twas/output/weights_control//ENSG00000186298.wgt.RDat	ENSG00000186298	12	111157485	111180744	0.1019	rs7952822	  3.60	rs10774604	 0.005698	  4.07	  1.46237	229	 4	lasso	0.0092	0.012	 1.3292	1.84e-01
NA	/data/songy4/twas/output/weights_control//ENSG00000198324.wgt.RDat	ENSG00000198324	12	111798455	111806925	0.0277	rs2879559	 -2.44	rs632650	 0.023489	  4.05	 -1.13534	233	 1	top1	0.023	0.00013	-1.1353	2.56e-01
NA	/data/songy4/twas/output/weights_control//ENSG00000204842.wgt.RDat	ENSG00000204842	12	111890018	112037480	0.0278	rs2879559	 -2.44	rs688812	 0.013531	  3.75	 -0.56557	259	 1	top1	0.014	0.003	-0.5656	5.72e-01
NA	/data/songy4/twas/output/weights_control//ENSG00000111275.wgt.RDat	ENSG00000111275	12	112204691	112247782	0.0892	rs2879559	 -2.44	rs2238151	 0.085005	  7.28	 -1.12745	223	 1	top1	0.085	6e-13	-1.1275	2.60e-01
NA	/data/songy4/twas/output/weights_control//ENSG00000089022.wgt.RDat	ENSG00000089022	12	112279782	112334343	0.1963	rs34245489	 -1.71	rs12423268	 0.116298	 -8.82	 -0.17877	209	 5	lasso	0.16	3.4e-24	-0.1064	9.15e-01
NA	/data/songy4/twas/output/weights_control//ENSG00000198270.wgt.RDat	ENSG00000198270	12	112369086	112450970	0.1052	rs34245489	 -1.71	rs7316563	 0.086023	  7.87	 -0.41463	208	17	enet	0.12	2.7e-17	-1.1170	2.64e-01
NA	/data/songy4/twas/output/weights_control//ENSG00000111300.wgt.RDat	ENSG00000111300	12	112464500	112546826	0.0427	rs233698	  1.99	rs1005902	 0.012586	  3.81	 -0.75238	216	 4	lasso	0.014	0.0024	-1.0733	2.83e-01
NA	/data/songy4/twas/output/weights_control//ENSG00000089169.wgt.RDat	ENSG00000089169	12	113008184	113336686	0.3048	rs11612340	  3.05	rs7966149	 0.357118	 14.65	 -0.63918	460	 7	lasso	0.36	4.9e-58	-0.5777	5.63e-01
NA	/data/songy4/twas/output/weights_control//ENSG00000089127.wgt.RDat	ENSG00000089127	12	113344582	113369990	0.1513	rs11612340	  3.05	rs10774671	 0.169504	  9.95	  2.13000	424	 5	lasso	0.17	7.2e-26	 1.9844	4.72e-02
NA	/data/songy4/twas/output/weights_control//ENSG00000111344.wgt.RDat	ENSG00000111344	12	113536624	113574044	0.0574	rs11612340	  3.05	rs3782881	 0.007433	  4.18	  0.57647	469	 6	lasso	0.012	0.0045	 0.8207	4.12e-01
NA	/data/songy4/twas/output/weights_control//ENSG00000139405.wgt.RDat	ENSG00000139405	12	113623331	113630173	0.0909	rs11612340	  3.05	rs2059767	 0.117737	 -8.49	  1.22581	493	 1	top1	0.12	1.5e-17	-1.2258	2.20e-01
NA	/data/songy4/twas/output/weights_control//ENSG00000089060.wgt.RDat	ENSG00000089060	12	113736564	113797298	0.0748	rs249053	  2.98	rs7967506	 0.008394	  3.27	 -0.11100	539	 1	top1	0.0084	0.016	-0.1110	9.12e-01
NA	/data/songy4/twas/output/weights_control//ENSG00000151176.wgt.RDat	ENSG00000151176	12	113796371	113827203	0.0465	rs249053	  2.98	rs7960943	 0.003493	 -3.98	  1.09158	521	 1	top1	0.0035	0.083	-1.0916	2.75e-01
NA	/data/songy4/twas/output/weights_control//ENSG00000135094.wgt.RDat	ENSG00000135094	12	113830250	113864106	0.0458	rs249053	  2.98	rs12832115	 0.036411	 -5.41	  1.07807	530	 1	top1	0.036	2.4e-06	-1.0781	2.81e-01
NA	/data/songy4/twas/output/weights_control//ENSG00000139410.wgt.RDat	ENSG00000139410	12	113860042	113876081	0.0899	rs249053	  2.98	rs12832115	 0.064332	  6.87	  1.07807	517	 1	top1	0.064	4.1e-10	 1.0781	2.81e-01
NA	/data/songy4/twas/output/weights_control//ENSG00000122965.wgt.RDat	ENSG00000122965	12	114254543	114404176	0.0610	rs2551394	  3.80	rs16943545	 0.039166	 -5.38	  1.12428	686	28	enet	0.042	4.8e-07	-0.8700	3.84e-01
NA	/data/songy4/twas/output/weights_control//ENSG00000111412.wgt.RDat	ENSG00000111412	12	117153593	117175875	0.0698	rs4767413	  3.43	rs7133290	 0.013938	  4.83	  1.20732	447	 8	lasso	0.046	1.3e-07	 0.3346	7.38e-01
NA	/data/songy4/twas/output/weights_control//ENSG00000135116.wgt.RDat	ENSG00000135116	12	117293949	117319246	0.3359	rs4767413	  3.43	rs7294919	 0.339391	 14.05	  1.06918	468	15	enet	0.35	5.3e-56	 1.6957	8.99e-02
NA	/data/songy4/twas/output/weights_control//ENSG00000174989.wgt.RDat	ENSG00000174989	12	117348761	117468953	0.5078	rs4767413	  3.43	rs7294919	 0.510918	 17.15	  1.06918	552	 6	lasso	0.56	4.3e-105	 1.5099	1.31e-01
NA	/data/songy4/twas/output/weights_control//ENSG00000088992.wgt.RDat	ENSG00000088992	12	117476728	117537284	0.0920	rs816183	 -3.73	rs11615600	 0.024512	  5.06	  1.89764	569	22	enet	0.029	2.5e-05	 1.3088	1.91e-01
NA	/data/songy4/twas/output/weights_control//ENSG00000176871.wgt.RDat	ENSG00000176871	12	118470712	118500235	0.3622	rs816183	 -3.73	rs4128858	 0.175233	-10.19	  0.37195	574	 7	lasso	0.19	7.5e-28	-0.7740	4.39e-01
NA	/data/songy4/twas/output/weights_control//ENSG00000176834.wgt.RDat	ENSG00000176834	12	118501398	118573831	0.6026	rs468574	  3.22	rs4128858	 0.285058	-12.88	  0.37195	579	10	lasso	0.41	4.2e-68	-0.3676	7.13e-01
NA	/data/songy4/twas/output/weights_control//ENSG00000111707.wgt.RDat	ENSG00000111707	12	118814185	118855840	0.0589	rs468574	  3.22	rs17441172	 0.053438	 -6.52	 -1.75556	467	30	enet	0.056	6e-09	 2.0717	3.83e-02
NA	/data/songy4/twas/output/weights_control//ENSG00000111725.wgt.RDat	ENSG00000111725	12	120105558	120119435	0.1788	rs17496224	  2.82	rs4213	 0.227266	-11.93	  0.01923	469	13	enet	0.24	5.1e-37	-0.1210	9.04e-01
NA	/data/songy4/twas/output/weights_control//ENSG00000135127.wgt.RDat	ENSG00000135127	12	120427673	120532298	0.0879	rs2292681	  3.00	rs11829349	 0.036869	  5.30	 -0.25595	423	 1	top1	0.037	2.1e-06	-0.2560	7.98e-01
NA	/data/songy4/twas/output/weights_control//ENSG00000089154.wgt.RDat	ENSG00000089154	12	120565007	120632513	0.0496	rs2292681	  3.00	rs10735071	 0.054665	 -6.43	  0.07627	399	 3	lasso	0.056	5.7e-09	-0.5285	5.97e-01
NA	/data/songy4/twas/output/weights_control//ENSG00000089163.wgt.RDat	ENSG00000089163	12	120740119	120751052	0.0858	rs2948150	 -3.07	rs12423303	 0.021186	  5.05	  1.20000	387	 1	top1	0.021	0.00027	 1.2000	2.30e-01
NA	/data/songy4/twas/output/weights_control//ENSG00000257218.wgt.RDat	ENSG00000257218	12	120884241	120899389	0.2116	rs2948150	 -3.07	rs542407	 0.082829	 -7.91	 -0.62136	395	 8	lasso	0.15	2.7e-22	 1.6433	1.00e-01
NA	/data/songy4/twas/output/weights_control//ENSG00000088986.wgt.RDat	ENSG00000088986	12	120907653	120936296	0.3859	rs2948150	 -3.07	rs7963543	 0.375681	 14.84	  2.03200	410	11	enet	0.38	2.1e-61	 1.9521	5.09e-02
NA	/data/songy4/twas/output/weights_control//ENSG00000110871.wgt.RDat	ENSG00000110871	12	120941077	120972237	0.2819	rs2948150	 -3.07	rs2235217	 0.272160	 12.58	 -2.21698	419	12	lasso	0.28	2.4e-43	-2.1542	3.12e-02
NA	/data/songy4/twas/output/weights_control//ENSG00000022840.wgt.RDat	ENSG00000022840	12	120971283	121015397	0.0370	rs11065406	  3.39	rs4767938	 0.000881	 -3.66	  0.14141	426	 1	top1	0.00088	0.22	-0.1414	8.88e-01
NA	/data/songy4/twas/output/weights_control//ENSG00000157782.wgt.RDat	ENSG00000157782	12	121078355	121105127	0.1437	rs11065406	  3.39	rs473121	 0.172936	 10.02	  0.68750	449	 1	top1	0.17	1.1e-25	 0.6875	4.92e-01
NA	/data/songy4/twas/output/weights_control//ENSG00000110917.wgt.RDat	ENSG00000110917	12	121124672	121139667	0.0851	rs11065406	  3.39	rs4767921	 0.012608	  5.02	 -0.87000	449	 9	lasso	0.018	0.00084	 0.3834	7.01e-01
NA	/data/songy4/twas/output/weights_control//ENSG00000175970.wgt.RDat	ENSG00000175970	12	121148238	121161443	0.1030	rs11065406	  3.39	rs2948150	 0.110110	 -8.09	 -3.06987	456	 3	lasso	0.12	2.5e-17	 3.0734	2.12e-03
NA	/data/songy4/twas/output/weights_control//ENSG00000122971.wgt.RDat	ENSG00000122971	12	121163538	121177811	0.2229	rs11065406	  3.39	rs2239760	 0.162382	 -9.72	 -1.16667	466	 8	lasso	0.17	1.2e-24	 1.3288	1.84e-01
NA	/data/songy4/twas/output/weights_control//ENSG00000157837.wgt.RDat	ENSG00000157837	12	121200313	121342174	0.0495	rs11065406	  3.39	rs11065279	-0.001121	  4.61	  0.15468	507	25	enet	0.0025	0.12	 1.4267	1.54e-01
NA	/data/songy4/twas/output/weights_control//ENSG00000157895.wgt.RDat	ENSG00000157895	12	121440225	121454305	0.0581	rs11065406	  3.39	rs7961178	 0.039936	  5.10	 -2.21290	468	 3	lasso	0.041	6.1e-07	-2.7219	6.49e-03
NA	/data/songy4/twas/output/weights_control//ENSG00000135114.wgt.RDat	ENSG00000135114	12	121458095	121477045	0.1434	rs11065406	  3.39	rs7961178	 0.062205	  6.31	 -2.21290	461	23	enet	0.063	6.1e-10	-0.1457	8.84e-01
NA	/data/songy4/twas/output/weights_control//ENSG00000089041.wgt.RDat	ENSG00000089041	12	121570622	121623876	0.0743	rs11065406	  3.39	rs7298521	 0.049042	 -5.75	 -1.40000	460	 1	top1	0.049	4.8e-08	 1.4000	1.62e-01
NA	/data/songy4/twas/output/weights_control//ENSG00000135124.wgt.RDat	ENSG00000135124	12	121647660	121671909	0.2226	rs11065406	  3.39	rs7298368	 0.020491	  5.70	 -0.60937	427	38	enet	0.1	1.2e-15	-0.6729	5.01e-01
NA	/data/songy4/twas/output/weights_control//ENSG00000110931.wgt.RDat	ENSG00000110931	12	121675497	121736111	0.2145	rs11065406	  3.39	rs28360477	 0.057999	 -5.99	 -0.65217	435	50	enet	0.068	1.3e-10	-1.2955	1.95e-01
NA	/data/songy4/twas/output/weights_control//ENSG00000170633.wgt.RDat	ENSG00000170633	12	121837844	121868389	0.0457	rs895951	  3.40	rs7311543	 0.048718	  5.49	  1.69325	408	 1	top1	0.049	5.3e-08	 1.6933	9.04e-02
NA	/data/songy4/twas/output/weights_control//ENSG00000139714.wgt.RDat	ENSG00000139714	12	122089024	122110537	0.3974	rs34395322	  3.54	rs2942368	 0.317936	 14.40	  0.16327	356	 7	lasso	0.46	3.3e-79	-0.8691	3.85e-01
NA	/data/songy4/twas/output/weights_control//ENSG00000139725.wgt.RDat	ENSG00000139725	12	122215664	122241309	0.0591	rs34395322	  3.54	rs15797	-0.001474	 -3.42	  1.59633	337	42	enet	0.0056	0.04	-1.8052	7.10e-02
NA	/data/songy4/twas/output/weights_control//ENSG00000158104.wgt.RDat	ENSG00000158104	12	122277433	122301502	0.2656	rs34395322	  3.54	rs2707070	 0.239399	-12.13	 -1.61702	337	 6	lasso	0.28	1.3e-42	 1.9090	5.63e-02
NA	/data/songy4/twas/output/weights_control//ENSG00000158023.wgt.RDat	ENSG00000158023	12	122355768	122441833	0.1005	rs4758695	 -4.13	rs1169081	 0.043463	  6.35	 -1.93137	356	 4	lasso	0.05	3.3e-08	-2.7626	5.73e-03
NA	/data/songy4/twas/output/weights_control//ENSG00000110987.wgt.RDat	ENSG00000110987	12	122457328	122499948	0.0687	rs4237789	  4.80	rs7954584	 0.060214	  6.19	 -3.35417	336	 1	top1	0.06	1.5e-09	-3.3542	7.96e-04
NA	/data/songy4/twas/output/weights_control//ENSG00000175727.wgt.RDat	ENSG00000175727	12	122516628	122631894	0.0990	rs11058868	  5.93	rs709284	 0.083157	 -7.09	  0.62500	361	18	lasso	0.086	3.7e-13	 0.1492	8.81e-01
NA	/data/songy4/twas/output/weights_control//ENSG00000139719.wgt.RDat	ENSG00000139719	12	122714111	122751068	0.0492	rs11058868	  5.93	rs4758670	 0.034805	  4.71	 -0.71287	334	 1	top1	0.035	4e-06	-0.7129	4.76e-01
NA	/data/songy4/twas/output/weights_control//ENSG00000255398.wgt.RDat	ENSG00000255398	12	123199303	123201439	0.0560	rs11060180	-10.55	rs6489237	 0.035372	  5.75	 -4.65347	305	 3	lasso	0.039	9.5e-07	-4.8773	1.08e-06
NA	/data/songy4/twas/output/weights_control//ENSG00000130787.wgt.RDat	ENSG00000130787	12	123319000	123347507	0.0369	rs11060180	-10.55	rs11060180	 0.034110	 -4.66	-10.55102	314	 1	top1	0.034	4.9e-06	10.5510	5.02e-26
NA	/data/songy4/twas/output/weights_control//ENSG00000139722.wgt.RDat	ENSG00000139722	12	123349882	123380991	0.0885	rs11060180	-10.55	rs7309225	 0.107466	  8.15	 -1.92258	319	 1	top1	0.11	4.3e-16	-1.9226	5.45e-02
NA	/data/songy4/twas/output/weights_control//ENSG00000111325.wgt.RDat	ENSG00000111325	12	123459127	123464590	0.0331	rs11060180	-10.55	rs12316131	 0.001047	 -3.96	 -1.94017	325	 1	top1	0.001	0.21	 1.9402	5.24e-02
NA	/data/songy4/twas/output/weights_control//ENSG00000051825.wgt.RDat	ENSG00000051825	12	123636867	123728561	0.0672	rs11060180	-10.55	rs4275659	 0.056378	  6.74	 -1.37864	371	24	enet	0.065	3.3e-10	-2.0588	3.95e-02
NA	/data/songy4/twas/output/weights_control//ENSG00000130921.wgt.RDat	ENSG00000130921	12	123717463	123742506	0.0400	rs11060180	-10.55	rs28533432	 0.014505	  4.55	 -1.27193	353	14	lasso	0.022	0.00024	-1.0482	2.95e-01
NA	/data/songy4/twas/output/weights_control//ENSG00000111328.wgt.RDat	ENSG00000111328	12	123745528	123756881	0.1258	rs11060180	-10.55	rs11057223	 0.138730	  9.09	  0.48824	351	12	lasso	0.15	1.1e-21	 0.7872	4.31e-01
NA	/data/songy4/twas/output/weights_control//ENSG00000183955.wgt.RDat	ENSG00000183955	12	123868320	123893905	0.0889	rs7953894	 -7.56	rs2270788	 0.047805	  6.11	  0.57317	365	13	enet	0.072	3.6e-11	 1.6579	9.73e-02
NA	/data/songy4/twas/output/weights_control//ENSG00000184209.wgt.RDat	ENSG00000184209	12	123942188	123957701	0.0440	rs2682427	  6.31	rs11057223	 0.001810	  3.28	  0.48824	372	 1	top1	0.0018	0.15	 0.4882	6.25e-01
NA	/data/songy4/twas/output/weights_control//ENSG00000188026.wgt.RDat	ENSG00000188026	12	123955925	124018265	0.2202	rs2682427	  6.31	rs28403439	 0.104917	  7.93	  0.30450	389	 1	top1	0.1	9.9e-16	 0.3045	7.61e-01
NA	/data/songy4/twas/output/weights_control//ENSG00000111364.wgt.RDat	ENSG00000111364	12	124086624	124105488	0.2296	rs2682427	  6.31	rs7971779	 0.164881	 -9.98	 -1.02143	387	 1	top1	0.16	1.9e-24	 1.0214	3.07e-01
NA	/data/songy4/twas/output/weights_control//ENSG00000168778.wgt.RDat	ENSG00000168778	12	124155660	124192948	0.2267	rs2682427	  6.31	rs7298287	 0.035415	 -5.35	 -0.01515	412	17	lasso	0.12	9.6e-18	 0.5950	5.52e-01
NA	/data/songy4/twas/output/weights_control//ENSG00000185344.wgt.RDat	ENSG00000185344	12	124196865	124246302	0.1073	rs28466887	  4.65	rs7958693	 0.121124	  8.84	  1.87629	429	29	enet	0.13	1e-19	 2.4657	1.37e-02
NA	/data/songy4/twas/output/weights_control//ENSG00000179195.wgt.RDat	ENSG00000179195	12	124456392	124499986	0.0790	rs7969937	  3.33	rs7975482	 0.047671	 -5.89	  1.62626	459	15	enet	0.074	2.2e-11	-0.5635	5.73e-01
NA	/data/songy4/twas/output/weights_control//ENSG00000073060.wgt.RDat	ENSG00000073060	12	125261402	125367214	0.1739	rs7961498	  3.21	rs10773111	 0.035955	  6.66	  0.69697	582	11	lasso	0.072	3.2e-11	 0.9848	3.25e-01
NA	/data/songy4/twas/output/weights_control//ENSG00000150990.wgt.RDat	ENSG00000150990	12	125431371	125473668	0.0849	rs7961498	  3.21	rs701100	-0.001733	  3.73	  0.73786	561	 1	enet	-0.0017	0.86	 0.7379	4.61e-01
NA	/data/songy4/twas/output/weights_control//ENSG00000184992.wgt.RDat	ENSG00000184992	12	125478246	125515777	0.0998	rs7961498	  3.21	rs10846807	 0.041347	 -5.58	 -0.64394	573	 4	lasso	0.044	2.2e-07	 0.3946	6.93e-01
NA	/data/songy4/twas/output/weights_control//ENSG00000081760.wgt.RDat	ENSG00000081760	12	125549925	125627873	0.1106	rs7961498	  3.21	rs7311951	-0.000987	 -4.71	  0.38953	593	31	enet	0.027	4e-05	-0.4309	6.67e-01
NA	/data/songy4/twas/output/weights_control//ENSG00000060709.wgt.RDat	ENSG00000060709	12	130880682	131200826	0.2069	rs11061008	 -4.21	rs10848114	 0.078094	  7.45	  1.13084	910	34	enet	0.15	1.1e-21	 0.8409	4.00e-01
NA	/data/songy4/twas/output/weights_control//ENSG00000111450.wgt.RDat	ENSG00000111450	12	131274145	131323811	0.6430	rs11061008	 -4.21	rs10773819	 0.763778	-21.03	 -1.42268	671	 6	lasso	0.77	1.9e-186	 1.4085	1.59e-01
NA	/data/songy4/twas/output/weights_control//ENSG00000111452.wgt.RDat	ENSG00000111452	12	131438452	131626014	0.2626	rs11061008	 -4.21	rs7307135	 0.072963	 -6.61	  1.91126	766	12	lasso	0.11	5.5e-17	-1.0579	2.90e-01
NA	/data/songy4/twas/output/weights_control//ENSG00000061936.wgt.RDat	ENSG00000061936	12	132195626	132284282	0.0782	rs4623986	  2.85	rs4964978	 0.043286	  5.22	 -0.58182	503	 1	top1	0.043	2.9e-07	-0.5818	5.61e-01
NA	/data/songy4/twas/output/weights_control//ENSG00000198598.wgt.RDat	ENSG00000198598	12	132312938	132336328	0.0834	rs4623986	  2.85	rs4965002	 0.035806	 -4.66	  0.78571	445	 1	top1	0.036	2.9e-06	-0.7857	4.32e-01
NA	/data/songy4/twas/output/weights_control//ENSG00000185163.wgt.RDat	ENSG00000185163	12	132621139	132628880	0.0943	rs1882297	  5.26	rs12423631	 0.088990	  7.45	  0.95556	277	 4	lasso	0.092	7.1e-14	 0.9458	3.44e-01
NA	/data/songy4/twas/output/weights_control//ENSG00000182870.wgt.RDat	ENSG00000182870	12	132680924	132905935	0.1614	rs1882297	  5.26	rs28623158	 0.086787	  7.56	  0.98125	372	 1	top1	0.087	3.4e-13	 0.9812	3.26e-01
NA	/data/songy4/twas/output/weights_control//ENSG00000176915.wgt.RDat	ENSG00000176915	12	133302254	133338474	0.1809	rs1882297	  5.26	rs12824438	 0.140098	 -9.04	 -1.77358	248	31	enet	0.2	4.5e-29	 0.9511	3.42e-01
NA	/data/songy4/twas/output/weights_control//ENSG00000090615.wgt.RDat	ENSG00000090615	12	133345495	133405444	0.2389	rs1882297	  5.26	rs11147141	 0.216396	 11.20	  1.37097	245	18	enet	0.23	3.9e-35	 0.9212	3.57e-01
NA	/data/songy4/twas/output/weights_control//ENSG00000072609.wgt.RDat	ENSG00000072609	12	133398773	133532890	0.1312	rs1882297	  5.26	rs2873193	 0.122256	 -8.95	 -1.94057	239	 3	lasso	0.13	9.3e-19	 1.9676	4.91e-02
NA	/data/songy4/twas/output/weights_control//ENSG00000196458.wgt.RDat	ENSG00000196458	12	133498019	133532892	0.5474	rs1882297	  5.26	rs1278603	 0.320609	-13.62	 -0.25773	228	51	enet	0.38	1.7e-61	 0.4899	6.24e-01
NA	/data/songy4/twas/output/weights_control//ENSG00000198393.wgt.RDat	ENSG00000198393	12	133562951	133589154	0.0574	rs1882297	  5.26	rs7298102	 0.030134	  4.72	  0.32353	198	 1	top1	0.03	1.7e-05	 0.3235	7.46e-01
NA	/data/songy4/twas/output/weights_control//ENSG00000198040.wgt.RDat	ENSG00000198040	12	133613878	133639885	0.2944	rs12821205	 -4.26	rs7972415	 0.149442	  9.35	  0.79048	191	31	enet	0.2	1.4e-30	 1.4994	1.34e-01
NA	/data/songy4/twas/output/weights_control//ENSG00000196387.wgt.RDat	ENSG00000196387	12	133656424	133684130	0.0764	rs5744897	 -3.12	rs7972415	 0.037794	  5.27	  0.79048	176	21	enet	0.053	1.4e-08	 0.4412	6.59e-01
NA	/data/songy4/twas/output/weights_control//ENSG00000214029.wgt.RDat	ENSG00000214029	12	133694740	133707059	0.0835	rs5744897	 -3.12	rs2292029	 0.049557	  6.58	 -0.38739	167	 1	top1	0.05	4.1e-08	-0.3874	6.98e-01
NA	/data/songy4/twas/output/weights_control//ENSG00000256223.wgt.RDat	ENSG00000256223	12	133707161	133736051	0.1343	rs5744897	 -3.12	rs905224	 0.052858	  6.67	 -0.14737	161	 5	lasso	0.084	9.1e-13	 0.3306	7.41e-01
