PANEL	FILE	ID	CHR	P0	P1	HSQ	BEST.GWAS.ID	BEST.GWAS.Z	EQTL.ID	EQTL.R2	EQTL.Z	EQTL.GWAS.Z	NSNP	NWGT	MODEL	MODELCV.R2	MODELCV.PV	TWAS.Z	TWAS.P
NA	/data/songy4/twas/output/weights_control//ENSG00000164366.wgt.RDat	ENSG00000164366	5	196986	218330	0.2962	rs768479	-3.18	rs9763161	 0.200815	 10.80	 0.38411	 283	 7	lasso	0.32	2e-50	 0.39283	6.94e-01
NA	/data/songy4/twas/output/weights_control//ENSG00000073578.wgt.RDat	ENSG00000073578	5	218356	256815	0.0834	rs768479	-3.18	rs28416084	 0.051915	 -5.87	-1.38037	 283	18	enet	0.069	8.3e-11	 1.76352	7.78e-02
NA	/data/songy4/twas/output/weights_control//ENSG00000249915.wgt.RDat	ENSG00000249915	5	271736	353971	0.0590	rs768479	-3.18	rs4957018	 0.065133	  6.50	 0.78846	 291	 1	top1	0.065	3.2e-10	 0.78846	4.30e-01
NA	/data/songy4/twas/output/weights_control//ENSG00000063438.wgt.RDat	ENSG00000063438	5	304291	438406	0.1296	rs768479	-3.18	rs2244029	 0.026101	  5.00	 0.46226	 307	 4	lasso	0.049	5.1e-08	 1.21261	2.25e-01
NA	/data/songy4/twas/output/weights_control//ENSG00000112877.wgt.RDat	ENSG00000112877	5	612387	667283	0.0820	rs768479	-3.18	rs16900955	 0.019081	 -4.59	 0.60294	 383	 5	lasso	0.04	7.5e-07	-0.52905	5.97e-01
NA	/data/songy4/twas/output/weights_control//ENSG00000188818.wgt.RDat	ENSG00000188818	5	710471	851101	0.0585	rs768479	-3.18	rs413666	 0.039982	  4.96	-0.34694	 407	 6	lasso	0.04	7.2e-07	-0.19906	8.42e-01
NA	/data/songy4/twas/output/weights_control//ENSG00000113504.wgt.RDat	ENSG00000113504	5	1050499	1112150	0.7923	rs6554658	 3.00	rs4535497	 0.678812	 19.74	 0.62500	 402	56	enet	0.73	4.7e-164	 0.87956	3.79e-01
NA	/data/songy4/twas/output/weights_control//ENSG00000174358.wgt.RDat	ENSG00000174358	5	1201710	1225232	0.1002	rs6554658	 3.00	rs4640842	 0.028936	 -4.37	 0.31579	 404	 1	top1	0.029	2.4e-05	-0.31579	7.52e-01
NA	/data/songy4/twas/output/weights_control//ENSG00000153395.wgt.RDat	ENSG00000153395	5	1456595	1524092	0.4500	rs4975765	-3.36	rs2550956	 0.446829	 16.04	 0.35652	 582	 4	lasso	0.45	1.4e-77	 0.45277	6.51e-01
NA	/data/songy4/twas/output/weights_control//ENSG00000171421.wgt.RDat	ENSG00000171421	5	1798500	1801480	0.1082	rs4975765	-3.36	rs11505118	 0.026972	  6.49	-0.24830	 609	 4	lasso	0.067	1.7e-10	-0.29062	7.71e-01
NA	/data/songy4/twas/output/weights_control//ENSG00000133398.wgt.RDat	ENSG00000133398	5	6371994	6378707	0.0494	rs487740	 2.55	rs271399	 0.036217	  5.13	 0.08000	 649	 1	top1	0.036	2.6e-06	 0.08000	9.36e-01
NA	/data/songy4/twas/output/weights_control//ENSG00000037474.wgt.RDat	ENSG00000037474	5	6599352	6633404	0.3602	rs487740	 2.55	rs720846	 0.501503	 17.19	-1.14815	 634	17	enet	0.52	1.6e-93	-1.05359	2.92e-01
NA	/data/songy4/twas/output/weights_control//ENSG00000145545.wgt.RDat	ENSG00000145545	5	6633456	6669675	0.2523	rs487740	 2.55	rs562461	 0.128901	  9.10	-0.10526	 650	68	enet	0.17	2.5e-25	 0.30878	7.57e-01
NA	/data/songy4/twas/output/weights_control//ENSG00000112941.wgt.RDat	ENSG00000112941	5	6714718	6757161	0.1232	rs487740	 2.55	rs200841	 0.033343	  5.40	-0.58654	 646	 5	lasso	0.037	2.3e-06	-0.98095	3.27e-01
NA	/data/songy4/twas/output/weights_control//ENSG00000124275.wgt.RDat	ENSG00000124275	5	7851299	7906138	0.0997	rs11741244	-3.07	rs1825192	 0.031700	  5.47	-1.01042	 628	 8	lasso	0.04	8.9e-07	-0.58046	5.62e-01
NA	/data/songy4/twas/output/weights_control//ENSG00000112902.wgt.RDat	ENSG00000112902	5	9035138	9546187	0.2466	rs3797954	 3.48	rs17329702	 0.106043	  8.45	 1.83893	 968	 4	lasso	0.15	1.9e-22	 0.83520	4.04e-01
NA	/data/songy4/twas/output/weights_control//ENSG00000150756.wgt.RDat	ENSG00000150756	5	10226442	10250009	0.1758	rs7711645	 3.23	rs2548554	 0.148841	  9.33	-1.00676	 613	13	enet	0.18	2.8e-26	-1.21376	2.25e-01
NA	/data/songy4/twas/output/weights_control//ENSG00000164237.wgt.RDat	ENSG00000164237	5	10275987	10308138	0.7871	rs7711645	 3.23	rs13180748	 0.588660	 18.40	-1.00000	 624	14	lasso	0.66	3.1e-136	-0.82937	4.07e-01
NA	/data/songy4/twas/output/weights_control//ENSG00000145495.wgt.RDat	ENSG00000145495	5	10353815	10440500	0.1057	rs7711645	 3.23	rs13180748	 0.057861	  6.48	-1.00000	 670	 1	top1	0.058	3.1e-09	-1.00000	3.17e-01
NA	/data/songy4/twas/output/weights_control//ENSG00000164236.wgt.RDat	ENSG00000164236	5	10564442	10650308	0.1028	rs7711645	 3.23	rs7712927	 0.060833	 -6.01	-1.06977	 681	 5	lasso	0.09	1.3e-13	 1.31684	1.88e-01
NA	/data/songy4/twas/output/weights_control//ENSG00000112977.wgt.RDat	ENSG00000112977	5	10679342	10761384	0.0761	rs7711645	 3.23	rs5745297	 0.092480	  7.46	-0.08377	 678	 2	lasso	0.097	1.1e-14	-0.14092	8.88e-01
NA	/data/songy4/twas/output/weights_control//ENSG00000154124.wgt.RDat	ENSG00000154124	5	14664773	14699820	0.1276	rs42550	-3.47	rs25986	 0.072839	  7.04	 1.13198	 467	 6	lasso	0.082	1.8e-12	 1.33817	1.81e-01
NA	/data/songy4/twas/output/weights_control//ENSG00000154122.wgt.RDat	ENSG00000154122	5	14704910	14871887	0.4965	rs42550	-3.47	rs3006069	 0.181295	-10.38	-0.08824	 476	 8	lasso	0.25	2.3e-38	 0.16483	8.69e-01
NA	/data/songy4/twas/output/weights_control//ENSG00000173545.wgt.RDat	ENSG00000173545	5	16451628	16465901	0.0434	rs686165	 3.57	rs334472	 0.046053	 -5.43	 0.52525	 505	 1	top1	0.046	1.2e-07	-0.52525	5.99e-01
NA	/data/songy4/twas/output/weights_control//ENSG00000154153.wgt.RDat	ENSG00000154153	5	16473147	16617167	0.0743	rs686165	 3.57	rs419470	 0.008910	  4.58	 1.18919	 546	 6	lasso	0.018	0.00066	 0.78169	4.34e-01
NA	/data/songy4/twas/output/weights_control//ENSG00000145555.wgt.RDat	ENSG00000145555	5	16665395	16936372	0.1737	rs686165	 3.57	rs2625177	 0.127319	 -8.64	-0.85294	 637	 5	lasso	0.13	4.4e-19	 0.98733	3.23e-01
NA	/data/songy4/twas/output/weights_control//ENSG00000176788.wgt.RDat	ENSG00000176788	5	17065707	17276943	0.0807	rs686165	 3.57	rs1105298	 0.057313	  6.16	 1.46226	 515	 1	top1	0.057	3.7e-09	 1.46226	1.44e-01
NA	/data/songy4/twas/output/weights_control//ENSG00000040731.wgt.RDat	ENSG00000040731	5	24487209	24645087	0.0442	rs9293162	 2.65	rs10461813	 0.024299	 -5.06	 0.87826	 394	 1	top1	0.024	1e-04	-0.87826	3.80e-01
NA	/data/songy4/twas/output/weights_control//ENSG00000113361.wgt.RDat	ENSG00000113361	5	31193857	31329253	0.0718	rs4867292	-2.97	rs1392446	 0.070129	 -6.57	 0.69903	 722	 1	top1	0.07	6.6e-11	-0.69903	4.85e-01
NA	/data/songy4/twas/output/weights_control//ENSG00000082213.wgt.RDat	ENSG00000082213	5	31532373	31555165	0.1522	rs16901440	 2.65	rs13169883	 0.079325	 -7.36	 1.83333	 687	33	enet	0.087	2.8e-13	-2.69750	6.99e-03
NA	/data/songy4/twas/output/weights_control//ENSG00000113407.wgt.RDat	ENSG00000113407	5	33440802	33469644	0.0866	rs1595558	 2.68	rs3777083	 0.045001	  5.62	 0.57692	 498	 7	lasso	0.066	2.3e-10	 0.98285	3.26e-01
NA	/data/songy4/twas/output/weights_control//ENSG00000151388.wgt.RDat	ENSG00000151388	5	33523640	33892297	0.0640	rs250413	 2.90	rs966855	 0.000683	  5.58	 1.23881	 551	 3	enet	0.012	0.0047	 0.63891	5.23e-01
NA	/data/songy4/twas/output/weights_control//ENSG00000164175.wgt.RDat	ENSG00000164175	5	33944721	33984835	0.2872	rs250413	 2.90	rs34677	 0.237952	 11.85	 0.93985	 425	 6	lasso	0.27	1.4e-41	 0.70432	4.81e-01
NA	/data/songy4/twas/output/weights_control//ENSG00000242110.wgt.RDat	ENSG00000242110	5	33986283	34008220	0.3377	rs250413	 2.90	rs34677	 0.320057	 13.65	 0.93985	 426	 9	lasso	0.35	4.8e-55	 0.78696	4.31e-01
NA	/data/songy4/twas/output/weights_control//ENSG00000039560.wgt.RDat	ENSG00000039560	5	34656342	34832732	0.1685	rs6451173	 2.56	rs903845	 0.051205	  5.87	-0.97887	 518	20	enet	0.098	9.5e-15	 0.66426	5.07e-01
NA	/data/songy4/twas/output/weights_control//ENSG00000205838.wgt.RDat	ENSG00000205838	5	34838938	34899561	0.0998	rs17510533	-2.90	rs17523495	 0.017480	  4.48	-1.04795	 528	 6	lasso	0.025	8e-05	-0.27230	7.85e-01
NA	/data/songy4/twas/output/weights_control//ENSG00000113456.wgt.RDat	ENSG00000113456	5	34905369	34919094	0.0673	rs17510533	-2.90	rs27162	 0.014066	 -4.70	-0.61905	 517	 1	top1	0.014	0.0025	 0.61905	5.36e-01
NA	/data/songy4/twas/output/weights_control//ENSG00000168724.wgt.RDat	ENSG00000168724	5	34929698	34959069	0.0636	rs17510533	-2.90	rs4703481	 0.025720	  4.65	 1.43448	 531	 1	top1	0.026	6.6e-05	 1.43448	1.51e-01
NA	/data/songy4/twas/output/weights_control//ENSG00000113494.wgt.RDat	ENSG00000113494	5	35048861	35230794	0.1539	rs17510533	-2.90	rs2047935	 0.140073	  9.05	 0.08824	 596	 7	lasso	0.14	3e-21	-0.18061	8.57e-01
NA	/data/songy4/twas/output/weights_control//ENSG00000168671.wgt.RDat	ENSG00000168671	5	36035119	36071460	0.1175	rs4869459	-3.02	rs267778	 0.077459	  7.13	 0.94891	 514	14	enet	0.084	7.8e-13	 0.54575	5.85e-01
NA	/data/songy4/twas/output/weights_control//ENSG00000164187.wgt.RDat	ENSG00000164187	5	36098514	36152063	0.1184	rs4869459	-3.02	rs267758	 0.083679	  7.01	-1.29000	 554	 1	top1	0.084	9.1e-13	-1.29000	1.97e-01
NA	/data/songy4/twas/output/weights_control//ENSG00000145604.wgt.RDat	ENSG00000145604	5	36152091	36184421	0.1617	rs4869459	-3.02	rs3804439	 0.140296	  9.13	-1.51923	 549	 1	top1	0.14	8.2e-21	-1.51923	1.29e-01
NA	/data/songy4/twas/output/weights_control//ENSG00000152620.wgt.RDat	ENSG00000152620	5	36192694	36242381	0.1684	rs4869459	-3.02	rs10075150	 0.152862	 -9.54	-1.52941	 567	 1	top1	0.15	1.2e-22	 1.52941	1.26e-01
NA	/data/songy4/twas/output/weights_control//ENSG00000197603.wgt.RDat	ENSG00000197603	5	37106330	37249530	0.0394	rs7729195	 2.04	rs292196	 0.018478	 -4.21	-0.10078	 294	 1	top1	0.018	0.00063	 0.10078	9.20e-01
NA	/data/songy4/twas/output/weights_control//ENSG00000145623.wgt.RDat	ENSG00000145623	5	38845960	38945698	0.7410	NA	   NA	NA	       NA	    NA	      NA	   0	 0	enet	0.0078	0.019	      NA	      NA
NA	/data/songy4/twas/output/weights_control//ENSG00000171522.wgt.RDat	ENSG00000171522	5	40679600	40693837	0.0960	rs3792826	 3.39	rs12518585	 0.052501	 -5.61	-0.28571	 445	35	enet	0.053	1.6e-08	 0.12851	8.98e-01
NA	/data/songy4/twas/output/weights_control//ENSG00000083720.wgt.RDat	ENSG00000083720	5	41730167	41870621	0.0683	rs319011	-2.85	rs1876654	 0.009976	  4.30	 0.66393	 364	 4	lasso	0.032	1e-05	 0.03906	9.69e-01
NA	/data/songy4/twas/output/weights_control//ENSG00000198865.wgt.RDat	ENSG00000198865	5	42756903	42802462	0.2145	rs16872962	 2.90	rs4866796	 0.213697	 11.32	-0.60194	 335	 9	lasso	0.22	1.1e-32	-0.65595	5.12e-01
NA	/data/songy4/twas/output/weights_control//ENSG00000250722.wgt.RDat	ENSG00000250722	5	42799982	42887494	0.0509	rs16872962	 2.90	rs2548373	 0.018634	  4.36	-0.29808	 346	26	enet	0.028	3.4e-05	 0.40683	6.84e-01
NA	/data/songy4/twas/output/weights_control//ENSG00000177721.wgt.RDat	ENSG00000177721	5	43039335	43043272	0.0411	rs16872962	 2.90	rs567884	 0.012240	 -4.56	 1.19091	 332	13	enet	0.025	7.3e-05	-0.25691	7.97e-01
NA	/data/songy4/twas/output/weights_control//ENSG00000177453.wgt.RDat	ENSG00000177453	5	43192173	43280952	0.0257	rs16872962	 2.90	rs3797306	 0.023395	  4.54	 1.60135	 344	 1	top1	0.023	0.00014	 1.60135	1.09e-01
NA	/data/songy4/twas/output/weights_control//ENSG00000151882.wgt.RDat	ENSG00000151882	5	43376747	43412493	0.0572	rs16872962	 2.90	rs3756416	 0.044658	 -5.23	-0.91176	 313	22	enet	0.047	9.3e-08	 1.23227	2.18e-01
NA	/data/songy4/twas/output/weights_control//ENSG00000172244.wgt.RDat	ENSG00000172244	5	43486803	43515247	0.0765	rs10074873	-2.21	rs6885679	 0.123191	  8.63	-1.16000	 271	 1	top1	0.12	2.5e-18	-1.16000	2.46e-01
NA	/data/songy4/twas/output/weights_control//ENSG00000112992.wgt.RDat	ENSG00000112992	5	43602794	43707507	0.1809	rs10074873	-2.21	rs12187908	 0.058101	 -6.96	 1.14151	 276	36	enet	0.12	2.3e-17	-1.43347	1.52e-01
NA	/data/songy4/twas/output/weights_control//ENSG00000170571.wgt.RDat	ENSG00000170571	5	49692026	49739082	0.1209	rs12188654	 1.98	rs13153162	 0.068479	  6.71	 0.43210	 185	13	lasso	0.073	2.7e-11	 0.75550	4.50e-01
NA	/data/songy4/twas/output/weights_control//ENSG00000151883.wgt.RDat	ENSG00000151883	5	49961733	50142356	0.1129	rs4482854	 2.15	rs6897477	 0.072521	  6.56	 0.56061	 315	25	enet	0.094	3.9e-14	-0.37649	7.07e-01
NA	/data/songy4/twas/output/weights_control//ENSG00000213949.wgt.RDat	ENSG00000213949	5	52083730	52255040	0.4234	rs6865723	-3.21	rs830884	 0.219127	 11.58	 0.43840	 650	13	lasso	0.32	2.5e-49	 0.72789	4.67e-01
NA	/data/songy4/twas/output/weights_control//ENSG00000152684.wgt.RDat	ENSG00000152684	5	52083774	52099880	0.3860	rs6865723	-3.21	rs6450090	 0.104312	 -7.86	 1.33613	 583	62	enet	0.16	3.1e-24	-0.64564	5.19e-01
NA	/data/songy4/twas/output/weights_control//ENSG00000164171.wgt.RDat	ENSG00000164171	5	52285156	52390609	0.2418	rs1275659	 2.67	rs246406	 0.248775	-12.07	-1.05660	 612	 1	top1	0.25	1e-37	 1.05660	2.91e-01
NA	/data/songy4/twas/output/weights_control//ENSG00000164172.wgt.RDat	ENSG00000164172	5	52391509	52405893	0.0929	rs1275659	 2.67	rs30098	 0.003382	 -4.82	-0.22018	 564	28	enet	0.046	1.4e-07	-0.04966	9.60e-01
NA	/data/songy4/twas/output/weights_control//ENSG00000134363.wgt.RDat	ENSG00000134363	5	52776239	52782964	0.2515	rs1504209	 2.84	rs10940321	 0.043013	  5.75	-0.61780	 452	63	enet	0.11	6e-16	 0.59526	5.52e-01
NA	/data/songy4/twas/output/weights_control//ENSG00000169271.wgt.RDat	ENSG00000169271	5	53751445	53752207	0.0600	rs9292042	 4.73	rs17441847	-0.000242	  3.70	 1.03774	 583	 1	top1	-0.00024	0.35	 1.03774	2.99e-01
NA	/data/songy4/twas/output/weights_control//ENSG00000178996.wgt.RDat	ENSG00000178996	5	53813589	53842415	0.1256	rs9292042	 4.73	rs2564989	 0.096625	  7.54	 0.65714	 606	 6	lasso	0.12	1.5e-18	 0.69651	4.86e-01
NA	/data/songy4/twas/output/weights_control//ENSG00000164283.wgt.RDat	ENSG00000164283	5	54273692	54318499	0.1443	rs11746274	 2.70	rs6891823	 0.077567	 -6.94	 1.78846	 536	 6	lasso	0.097	1.1e-14	-1.40189	1.61e-01
NA	/data/songy4/twas/output/weights_control//ENSG00000145649.wgt.RDat	ENSG00000145649	5	54398476	54406080	0.0555	rs11746274	 2.70	rs10471407	 0.003746	  3.61	 2.60472	 473	35	enet	0.01	0.0086	 1.85939	6.30e-02
NA	/data/songy4/twas/output/weights_control//ENSG00000067113.wgt.RDat	ENSG00000067113	5	54720682	54830878	0.0749	rs10471407	 2.60	rs10079783	 0.029471	  5.20	 0.37500	 407	39	enet	0.044	2e-07	-0.08170	9.35e-01
NA	/data/songy4/twas/output/weights_control//ENSG00000177058.wgt.RDat	ENSG00000177058	5	54921673	55069022	0.0887	rs161222	-1.97	rs3846502	 0.070909	 -6.71	-0.07071	 417	 1	top1	0.071	5.2e-11	 0.07071	9.44e-01
NA	/data/songy4/twas/output/weights_control//ENSG00000152670.wgt.RDat	ENSG00000152670	5	55033845	55112985	0.0461	rs4700239	 1.97	rs11738760	-0.001653	 -3.28	 0.34545	 392	21	enet	-0.00012	0.33	-1.00875	3.13e-01
NA	/data/songy4/twas/output/weights_control//ENSG00000164509.wgt.RDat	ENSG00000164509	5	55147207	55218678	0.1701	rs3846529	-2.38	rs7700525	 0.074959	  7.01	-0.07287	 411	 1	top1	0.075	1.4e-11	-0.07287	9.42e-01
NA	/data/songy4/twas/output/weights_control//ENSG00000164512.wgt.RDat	ENSG00000164512	5	55395507	55529186	0.2778	rs3846529	-2.38	rs6859219	 0.088739	 -8.44	 0.33913	 560	15	enet	0.2	1.4e-30	 0.61274	5.40e-01
NA	/data/songy4/twas/output/weights_control//ENSG00000225940.wgt.RDat	ENSG00000225940	5	55807394	55902059	0.1641	rs3846529	-2.38	rs1292144	 0.053013	 -6.47	-2.30000	 598	36	enet	0.063	5.5e-10	 1.94960	5.12e-02
NA	/data/songy4/twas/output/weights_control//ENSG00000095015.wgt.RDat	ENSG00000095015	5	56111401	56191979	0.1013	rs3846529	-2.38	rs287276	 0.055456	  5.90	 0.37736	 542	 1	top1	0.055	6.6e-09	 0.37736	7.06e-01
NA	/data/songy4/twas/output/weights_control//ENSG00000155542.wgt.RDat	ENSG00000155542	5	56205087	56221359	0.5327	rs1292144	-2.30	rs185220	 0.668389	-19.63	-0.58594	 500	 7	lasso	0.69	1.2e-146	 0.64021	5.22e-01
NA	/data/songy4/twas/output/weights_control//ENSG00000155545.wgt.RDat	ENSG00000155545	5	56215429	56267502	0.0448	rs1292144	-2.30	rs16886445	 0.004215	  4.00	 0.53052	 521	 3	lasso	0.0059	0.036	 0.06430	9.49e-01
NA	/data/songy4/twas/output/weights_control//ENSG00000062194.wgt.RDat	ENSG00000062194	5	56469775	56560506	0.0548	rs2161501	 2.36	rs1862174	 0.001570	  4.00	-1.27679	 498	17	enet	0.007	0.025	-1.38443	1.66e-01
NA	/data/songy4/twas/output/weights_control//ENSG00000145632.wgt.RDat	ENSG00000145632	5	57749809	57756087	0.0675	rs150271	 2.87	rs11957466	 0.026402	 -4.72	 0.11570	 517	 1	top1	0.026	5.4e-05	-0.11570	9.08e-01
NA	/data/songy4/twas/output/weights_control//ENSG00000175857.wgt.RDat	ENSG00000175857	5	57787262	57792917	0.1031	rs150271	 2.87	rs7704785	 0.111378	 -8.28	-1.47573	 521	13	enet	0.12	3e-17	 1.38564	1.66e-01
NA	/data/songy4/twas/output/weights_control//ENSG00000113448.wgt.RDat	ENSG00000113448	5	58264865	59817947	0.0775	rs976080	 9.68	rs4235479	 0.042214	 -5.44	-1.09804	1074	 1	top1	0.042	4e-07	 1.09804	2.72e-01
NA	/data/songy4/twas/output/weights_control//ENSG00000164181.wgt.RDat	ENSG00000164181	5	60047618	60140216	0.0314	rs976080	 9.68	rs10062839	 0.018552	 -4.51	-1.29412	 361	 5	lasso	0.02	0.00034	 0.92165	3.57e-01
NA	/data/songy4/twas/output/weights_control//ENSG00000049167.wgt.RDat	ENSG00000049167	5	60169658	60240900	0.0545	rs976080	 9.68	rs34616	 0.051866	  7.05	 4.12245	 334	23	enet	0.062	8.3e-10	 6.05161	1.43e-09
NA	/data/songy4/twas/output/weights_control//ENSG00000164182.wgt.RDat	ENSG00000164182	5	60240956	60448853	0.0293	rs976080	 9.68	rs11744756	 0.004304	  4.21	 9.52564	 407	13	enet	0.0055	0.041	 8.43935	3.19e-17
NA	/data/songy4/twas/output/weights_control//ENSG00000068796.wgt.RDat	ENSG00000068796	5	61601989	61833076	0.0342	rs6859556	 2.85	rs2344395	 0.031970	 -4.61	 0.64646	 461	 1	top1	0.032	9.5e-06	-0.64646	5.18e-01
NA	/data/songy4/twas/output/weights_control//ENSG00000086189.wgt.RDat	ENSG00000086189	5	61683081	61699766	0.0827	rs6859556	 2.85	rs7719851	 0.061538	  6.22	-0.47000	 388	 1	top1	0.062	9.8e-10	-0.47000	6.38e-01
NA	/data/songy4/twas/output/weights_control//ENSG00000086200.wgt.RDat	ENSG00000086200	5	61699799	61924409	0.0417	rs6859556	 2.85	rs247250	 0.010421	 -4.52	-0.64583	 455	18	enet	0.012	0.0058	 0.23140	8.17e-01
NA	/data/songy4/twas/output/weights_control//ENSG00000153006.wgt.RDat	ENSG00000153006	5	64013971	64064512	0.0708	rs10071190	 2.79	rs275830	 0.048482	 -5.50	-0.82927	 375	 1	top1	0.048	5.7e-08	 0.82927	4.07e-01
NA	/data/songy4/twas/output/weights_control//ENSG00000049192.wgt.RDat	ENSG00000049192	5	64444563	64777747	0.2125	rs1549192	 3.70	rs166329	 0.255668	 12.37	-2.02062	 548	29	enet	0.26	3e-40	-2.35183	1.87e-02
NA	/data/songy4/twas/output/weights_control//ENSG00000113593.wgt.RDat	ENSG00000113593	5	64859063	64883376	0.1527	rs1549192	 3.70	rs166329	 0.204470	 11.33	-2.02062	 420	 5	lasso	0.21	3.4e-32	-2.04360	4.10e-02
NA	/data/songy4/twas/output/weights_control//ENSG00000113597.wgt.RDat	ENSG00000113597	5	64920543	64962060	0.1236	rs1549192	 3.70	rs149514	 0.135988	  9.44	-2.85859	 413	10	lasso	0.15	3.6e-22	-2.66837	7.62e-03
NA	/data/songy4/twas/output/weights_control//ENSG00000253251.wgt.RDat	ENSG00000253251	5	64920592	64926718	0.0710	rs1549192	 3.70	rs28126	 0.009548	 -4.33	-2.04082	 395	55	enet	0.019	0.00055	-0.81971	4.12e-01
NA	/data/songy4/twas/output/weights_control//ENSG00000197860.wgt.RDat	ENSG00000197860	5	64961755	65018862	0.0856	rs1549192	 3.70	rs2254485	 0.018212	 -4.22	 2.43519	 407	 6	lasso	0.022	2e-04	-2.26636	2.34e-02
NA	/data/songy4/twas/output/weights_control//ENSG00000123213.wgt.RDat	ENSG00000123213	5	65018023	65167553	0.3103	rs1549192	 3.70	rs2561205	 0.344004	 14.16	-0.92562	 478	 1	top1	0.34	1.2e-54	-0.92562	3.55e-01
NA	/data/songy4/twas/output/weights_control//ENSG00000069020.wgt.RDat	ENSG00000069020	5	65892176	66465423	0.2057	rs12522064	-3.37	rs27204	 0.064778	 -7.19	-0.85315	 777	 6	lasso	0.12	3.2e-17	 1.64210	1.01e-01
NA	/data/songy4/twas/output/weights_control//ENSG00000134061.wgt.RDat	ENSG00000134061	5	66478103	66492627	0.0465	rs744288	 3.04	rs938050	 0.043143	 -5.40	-2.19608	 494	 1	top1	0.043	3e-07	 2.19608	2.81e-02
NA	/data/songy4/twas/output/weights_control//ENSG00000134057.wgt.RDat	ENSG00000134057	5	68462837	68474072	0.0324	rs6880864	 3.49	rs164390	 0.020963	 -4.33	-1.54369	 314	 1	top1	0.021	0.00029	 1.54369	1.23e-01
NA	/data/songy4/twas/output/weights_control//ENSG00000183323.wgt.RDat	ENSG00000183323	5	68576002	68628636	0.1457	rs6886492	 3.55	rs4421064	 0.104584	 -8.75	 0.84375	 254	 8	lasso	0.13	2.9e-19	-0.33547	7.37e-01
NA	/data/songy4/twas/output/weights_control//ENSG00000085231.wgt.RDat	ENSG00000085231	5	68646811	68665840	0.0271	rs6886492	 3.53	rs6450035	 0.001502	 -3.38	 2.20690	 229	12	enet	0.011	0.006	-3.02849	2.46e-03
NA	/data/songy4/twas/output/weights_control//ENSG00000197822.wgt.RDat	ENSG00000197822	5	68788119	68853931	0.5709	rs6886492	 3.47	rs1561756	 0.131398	  9.29	 0.86173	 184	51	enet	0.27	2.1e-41	-0.99465	3.20e-01
NA	/data/songy4/twas/output/weights_control//ENSG00000183474.wgt.RDat	ENSG00000183474	5	68856035	68890550	0.2946	rs6886492	 3.52	rs28633210	 0.090719	  7.42	 1.70667	 149	23	enet	0.13	5.6e-19	-1.30353	1.92e-01
NA	/data/songy4/twas/output/weights_control//ENSG00000205572.wgt.RDat	ENSG00000205572	5	69321074	69338940	0.0739	rs28562181	 1.64	rs28529133	 0.030286	  5.07	 0.54040	   4	 4	enet	0.075	1.6e-11	-0.32892	7.42e-01
NA	/data/songy4/twas/output/weights_control//ENSG00000172058.wgt.RDat	ENSG00000172058	5	70196492	70214357	0.6738	rs13168712	 1.79	rs4976210	 0.677686	 19.73	-0.32075	   8	 1	top1	0.68	3.2e-143	-0.32075	7.48e-01
NA	/data/songy4/twas/output/weights_control//ENSG00000172062.wgt.RDat	ENSG00000172062	5	70220768	70249769	0.0395	rs13168712	 1.79	rs4976210	 0.020363	  4.37	-0.32075	  14	 2	lasso	0.023	0.00014	 0.79051	4.29e-01
NA	/data/songy4/twas/output/weights_control//ENSG00000145736.wgt.RDat	ENSG00000145736	5	70330784	70363516	0.5402	rs13168712	 1.79	rs6453406	 0.310810	 13.43	 1.05109	  51	33	enet	0.33	1.6e-51	 0.92819	3.53e-01
NA	/data/songy4/twas/output/weights_control//ENSG00000131844.wgt.RDat	ENSG00000131844	5	70883115	70954531	0.0934	rs1217805	-2.99	rs12516456	 0.064543	 -6.94	 0.01250	 340	 5	lasso	0.1	2.6e-15	-0.43443	6.64e-01
NA	/data/songy4/twas/output/weights_control//ENSG00000083312.wgt.RDat	ENSG00000083312	5	72112139	72212560	0.0600	rs6452530	-1.89	rs2548331	 0.002536	  4.11	-1.70103	 396	45	enet	0.0073	0.023	-1.38089	1.67e-01
NA	/data/songy4/twas/output/weights_control//ENSG00000157107.wgt.RDat	ENSG00000157107	5	72251808	72386349	0.2825	rs6452530	-1.89	rs7713398	 0.347327	 14.35	 1.12371	 440	 8	lasso	0.38	7.8e-62	 0.95797	3.38e-01
NA	/data/songy4/twas/output/weights_control//ENSG00000157111.wgt.RDat	ENSG00000157111	5	72416119	72427644	0.2628	rs2081989	-1.87	rs9293528	 0.072834	 -6.94	 0.31293	 401	33	enet	0.12	3.4e-17	-0.67797	4.98e-01
NA	/data/songy4/twas/output/weights_control//ENSG00000145741.wgt.RDat	ENSG00000145741	5	72794233	72801460	0.0445	rs2081989	-1.87	rs865340	 0.037884	  5.13	 0.85616	 534	 1	top1	0.038	1.5e-06	 0.85616	3.92e-01
NA	/data/songy4/twas/output/weights_control//ENSG00000164331.wgt.RDat	ENSG00000164331	5	72848160	72861511	0.1966	rs2081989	-1.87	rs819591	 0.303100	-13.36	 0.21186	 550	 9	lasso	0.3	4.1e-47	-0.17712	8.59e-01
NA	/data/songy4/twas/output/weights_control//ENSG00000214944.wgt.RDat	ENSG00000214944	5	72921983	73237818	0.1010	rs10805887	 2.68	rs6861106	 0.044490	  5.59	 0.84314	 785	 1	top1	0.044	2e-07	 0.84314	3.99e-01
NA	/data/songy4/twas/output/weights_control//ENSG00000171617.wgt.RDat	ENSG00000171617	5	73923234	73937249	0.7693	rs7700965	 3.23	rs10075142	 0.814889	 21.74	-0.43137	 553	 4	lasso	0.83	1.3e-219	-0.49814	6.18e-01
NA	/data/songy4/twas/output/weights_control//ENSG00000049860.wgt.RDat	ENSG00000049860	5	73935848	74018472	0.1548	rs7700965	 3.23	rs820876	 0.033850	 -6.18	-0.82105	 567	 7	lasso	0.1	2.9e-15	-0.01228	9.90e-01
NA	/data/songy4/twas/output/weights_control//ENSG00000164347.wgt.RDat	ENSG00000164347	5	74017029	74063196	0.1947	rs7700965	 3.23	rs2218517	 0.165287	 -9.83	-0.31092	 518	 3	lasso	0.17	1.1e-24	 0.52693	5.98e-01
NA	/data/songy4/twas/output/weights_control//ENSG00000164346.wgt.RDat	ENSG00000164346	5	74062817	74072737	0.3746	rs7700965	 3.23	rs7713812	 0.338239	 14.16	 1.94928	 481	21	enet	0.38	2.9e-61	 1.96728	4.92e-02
NA	/data/songy4/twas/output/weights_control//ENSG00000198780.wgt.RDat	ENSG00000198780	5	74073399	74162776	0.0692	rs7700965	 3.23	rs12519932	 0.034440	 -4.73	-0.19820	 507	 1	top1	0.034	4.4e-06	 0.19820	8.43e-01
NA	/data/songy4/twas/output/weights_control//ENSG00000176928.wgt.RDat	ENSG00000176928	5	74323289	74326724	0.1179	rs7700965	 3.23	rs7718341	 0.036176	 -5.43	 2.81481	 379	 1	top1	0.036	2.6e-06	-2.81481	4.88e-03
NA	/data/songy4/twas/output/weights_control//ENSG00000145700.wgt.RDat	ENSG00000145700	5	74364100	74532703	0.0459	rs7700965	 3.23	rs4703656	 0.020583	  4.34	 0.41558	 427	 1	top1	0.021	0.00033	 0.41558	6.78e-01
NA	/data/songy4/twas/output/weights_control//ENSG00000122008.wgt.RDat	ENSG00000122008	5	74807581	74896969	0.0261	rs7700965	 3.23	rs9293656	 0.014406	  4.21	 1.51304	 382	 1	top1	0.014	0.0023	 1.51304	1.30e-01
NA	/data/songy4/twas/output/weights_control//ENSG00000189045.wgt.RDat	ENSG00000189045	5	74907284	74967671	0.3183	rs4703657	 3.22	rs6891560	 0.389900	 15.16	 0.71528	 393	20	enet	0.42	1.1e-70	 0.27339	7.85e-01
NA	/data/songy4/twas/output/weights_control//ENSG00000152359.wgt.RDat	ENSG00000152359	5	74969949	75013313	0.3766	rs6864324	 3.12	rs2291630	 0.326806	 13.79	-0.11966	 395	16	enet	0.35	1.7e-55	-0.22496	8.22e-01
NA	/data/songy4/twas/output/weights_control//ENSG00000145703.wgt.RDat	ENSG00000145703	5	75699074	76003957	0.3313	rs4352583	 4.17	rs11738470	 0.344017	-14.11	 1.39175	 733	 1	top1	0.34	1.2e-54	-1.39175	1.64e-01
NA	/data/songy4/twas/output/weights_control//ENSG00000181104.wgt.RDat	ENSG00000181104	5	76011868	76031606	0.0833	rs4352583	 4.17	rs153311	 0.062731	 -6.16	-1.67544	 586	 6	lasso	0.067	1.9e-10	 2.16621	3.03e-02
NA	/data/songy4/twas/output/weights_control//ENSG00000164251.wgt.RDat	ENSG00000164251	5	76114758	76131140	0.6516	rs2972853	 4.04	rs1529505	 0.595820	 18.57	-0.21429	 572	 8	lasso	0.68	5e-146	-0.62461	5.32e-01
NA	/data/songy4/twas/output/weights_control//ENSG00000164253.wgt.RDat	ENSG00000164253	5	76721795	76916436	0.3846	rs16874056	 3.46	rs4704424	 0.416369	-15.65	-1.97059	 626	 9	lasso	0.44	1.1e-73	 2.14664	3.18e-02
NA	/data/songy4/twas/output/weights_control//ENSG00000171530.wgt.RDat	ENSG00000171530	5	76986991	77164604	0.0901	rs16874989	 3.02	rs464749	 0.038591	  5.73	 0.00980	 547	27	enet	0.047	8.5e-08	 0.63535	5.25e-01
NA	/data/songy4/twas/output/weights_control//ENSG00000132842.wgt.RDat	ENSG00000132842	5	77296349	77590579	0.0843	rs16874989	 3.02	rs10073475	 0.076981	 -7.14	-1.96939	 572	 5	lasso	0.085	6.8e-13	 1.87317	6.10e-02
NA	/data/songy4/twas/output/weights_control//ENSG00000085365.wgt.RDat	ENSG00000085365	5	77656339	77776562	0.0805	rs16874989	 3.02	rs1159930	 0.064051	  6.61	-1.82569	 510	16	enet	0.068	1.5e-10	-1.15236	2.49e-01
NA	/data/songy4/twas/output/weights_control//ENSG00000145685.wgt.RDat	ENSG00000145685	5	77781038	78065844	0.0536	rs16874989	 3.02	rs16875540	 0.044654	 -5.46	-1.68269	 537	 1	top1	0.045	1.9e-07	 1.68269	9.24e-02
NA	/data/songy4/twas/output/weights_control//ENSG00000113273.wgt.RDat	ENSG00000113273	5	78073032	78281910	0.2541	rs4348192	-2.91	rs163125	 0.209946	-11.06	-0.69106	 526	11	lasso	0.21	1.8e-31	 0.73943	4.60e-01
NA	/data/songy4/twas/output/weights_control//ENSG00000132837.wgt.RDat	ENSG00000132837	5	78293438	78531861	0.1810	rs16876289	 2.55	rs2607144	 0.097493	  8.34	-0.41237	 542	13	lasso	0.17	1.4e-25	 0.85096	3.95e-01
NA	/data/songy4/twas/output/weights_control//ENSG00000152409.wgt.RDat	ENSG00000152409	5	78532012	78623038	0.1893	rs16876289	 2.55	rs2607145	 0.230734	 11.72	-0.97980	 487	 5	lasso	0.24	1.3e-35	-0.78606	4.32e-01
NA	/data/songy4/twas/output/weights_control//ENSG00000164309.wgt.RDat	ENSG00000164309	5	78985700	79096063	0.1566	rs4704655	-2.71	rs3829808	 0.037477	  5.71	 0.84756	 510	50	enet	0.066	2.3e-10	 0.12763	8.98e-01
NA	/data/songy4/twas/output/weights_control//ENSG00000177034.wgt.RDat	ENSG00000177034	5	79275584	79287082	0.0988	rs249023	-4.82	rs383122	 0.083911	 -7.06	-0.99324	 499	 1	top1	0.084	8.5e-13	 0.99324	3.21e-01
NA	/data/songy4/twas/output/weights_control//ENSG00000164300.wgt.RDat	ENSG00000164300	5	79407050	79551898	0.1206	rs10076737	-4.93	rs11950944	 0.062244	 -6.18	 2.18447	 585	 1	top1	0.062	7.9e-10	-2.18447	2.89e-02
NA	/data/songy4/twas/output/weights_control//ENSG00000152380.wgt.RDat	ENSG00000152380	5	79783788	79838382	0.1348	rs10076737	-4.93	rs836794	 0.174307	-10.39	 1.16038	 492	17	lasso	0.2	6.6e-30	-0.27818	7.81e-01
NA	/data/songy4/twas/output/weights_control//ENSG00000189127.wgt.RDat	ENSG00000189127	5	79852574	79866307	0.3485	rs10076737	-4.93	rs1222809	 0.554665	-17.98	 1.58879	 490	20	lasso	0.58	5e-111	-1.81834	6.90e-02
NA	/data/songy4/twas/output/weights_control//ENSG00000228716.wgt.RDat	ENSG00000228716	5	79922047	79950802	0.2218	rs10076737	-4.93	rs1643665	 0.136705	 10.02	-0.69608	 502	14	lasso	0.23	4.3e-35	-0.09285	9.26e-01
NA	/data/songy4/twas/output/weights_control//ENSG00000113318.wgt.RDat	ENSG00000113318	5	79950467	80172279	0.4830	rs10076737	-4.93	rs12517451	 0.410080	 15.44	-0.71560	 588	17	enet	0.47	6.9e-81	-1.43451	1.51e-01
NA	/data/songy4/twas/output/weights_control//ENSG00000113319.wgt.RDat	ENSG00000113319	5	80256491	80525975	0.0507	rs10076737	-4.93	rs2052482	 0.045025	  5.63	-1.11111	 566	 1	top1	0.045	1.7e-07	-1.11111	2.67e-01
NA	/data/songy4/twas/output/weights_control//ENSG00000172497.wgt.RDat	ENSG00000172497	5	80625824	80689998	0.1320	rs11740689	 3.64	rs3805726	 0.077119	  6.73	 0.53333	 492	 6	lasso	0.079	4.2e-12	 0.44042	6.60e-01
NA	/data/songy4/twas/output/weights_control//ENSG00000145687.wgt.RDat	ENSG00000145687	5	80708840	81047616	0.0563	rs11740689	 3.64	rs2062693	 0.005477	 -3.63	 0.36634	 579	 1	top1	0.0055	0.042	-0.36634	7.14e-01
NA	/data/songy4/twas/output/weights_control//ENSG00000152348.wgt.RDat	ENSG00000152348	5	81267844	81572676	0.2955	rs11740689	 3.64	rs7733122	 0.288655	 13.06	-1.09821	 550	 9	lasso	0.43	2e-72	-0.73078	4.65e-01
NA	/data/songy4/twas/output/weights_control//ENSG00000205464.wgt.RDat	ENSG00000205464	5	81575281	81682796	0.6027	rs10491242	 3.64	rs226202	 0.750522	 20.77	 0.27619	 482	 1	top1	0.75	4.1e-175	 0.27619	7.82e-01
NA	/data/songy4/twas/output/weights_control//ENSG00000174695.wgt.RDat	ENSG00000174695	5	82348665	82373682	0.0316	rs13176223	 3.05	rs27363	 0.038003	  5.05	 0.38384	 431	 1	top1	0.038	1.5e-06	 0.38384	7.01e-01
NA	/data/songy4/twas/output/weights_control//ENSG00000164176.wgt.RDat	ENSG00000164176	5	83236373	83680611	0.5570	rs7728979	 3.62	rs2269289	 0.482560	 16.69	-0.46154	 527	 1	top1	0.48	3e-84	-0.46154	6.44e-01
NA	/data/songy4/twas/output/weights_control//ENSG00000176055.wgt.RDat	ENSG00000176055	5	89754020	89770585	0.0742	rs6886668	 4.29	rs6889947	 0.069112	  6.40	-0.36190	 378	 1	top1	0.069	9.1e-11	-0.36190	7.17e-01
NA	/data/songy4/twas/output/weights_control//ENSG00000176018.wgt.RDat	ENSG00000176018	5	89811428	89825401	0.0284	rs6886668	 4.29	rs10942606	 0.018732	  4.54	-0.30000	 396	 1	top1	0.019	0.00058	-0.30000	7.64e-01
NA	/data/songy4/twas/output/weights_control//ENSG00000164199.wgt.RDat	ENSG00000164199	5	89825161	90460038	0.0524	rs6886668	 4.29	rs16869032	 0.014409	 -4.53	-0.84286	 593	 1	top1	0.014	0.0023	 0.84286	3.99e-01
NA	/data/songy4/twas/output/weights_control//ENSG00000185261.wgt.RDat	ENSG00000185261	5	93488671	93954309	0.1555	rs255332	-2.40	rs1031389	 0.173453	 10.08	-0.12903	 511	 1	top1	0.17	9.5e-26	-0.12903	8.97e-01
NA	/data/songy4/twas/output/weights_control//ENSG00000133302.wgt.RDat	ENSG00000133302	5	93954052	94075141	0.1231	rs255332	-2.40	rs10070258	 0.153942	  9.84	-0.18269	 416	 6	lasso	0.16	1e-23	-0.12151	9.03e-01
NA	/data/songy4/twas/output/weights_control//ENSG00000198677.wgt.RDat	ENSG00000198677	5	94799599	94890711	0.1963	rs3777173	 3.20	rs17084869	 0.228163	 11.56	-0.70667	 465	 5	lasso	0.24	5.2e-36	-0.46387	6.43e-01
NA	/data/songy4/twas/output/weights_control//ENSG00000175449.wgt.RDat	ENSG00000175449	5	94982458	95020477	0.2095	rs3777173	 3.20	rs213887	 0.175885	-10.24	 0.67961	 411	 1	top1	0.18	4.1e-26	-0.67961	4.97e-01
NA	/data/songy4/twas/output/weights_control//ENSG00000173221.wgt.RDat	ENSG00000173221	5	95087023	95158709	0.3233	rs3777173	 3.20	rs4561	 0.095049	 -8.44	-1.22330	 414	30	enet	0.18	4e-26	 1.92245	5.45e-02
NA	/data/songy4/twas/output/weights_control//ENSG00000118985.wgt.RDat	ENSG00000118985	5	95220802	95297775	0.1038	rs3777173	 3.20	rs4642392	 0.032128	 -5.33	 2.75238	 421	 2	lasso	0.037	1.9e-06	-2.13415	3.28e-02
NA	/data/songy4/twas/output/weights_control//ENSG00000153113.wgt.RDat	ENSG00000153113	5	95860971	96115299	0.4458	rs2927612	-3.69	rs152005	 0.381007	 15.00	 0.54962	 565	37	enet	0.41	1.2e-67	 0.57842	5.63e-01
NA	/data/songy4/twas/output/weights_control//ENSG00000164307.wgt.RDat	ENSG00000164307	5	96096521	96143803	0.4045	rs2927612	-3.69	rs27772	 0.145563	-10.55	-0.66019	 515	64	enet	0.38	4.8e-61	-0.67453	5.00e-01
NA	/data/songy4/twas/output/weights_control//ENSG00000113441.wgt.RDat	ENSG00000113441	5	96271098	96373219	0.1043	rs2927612	-3.69	rs27397	 0.001063	  5.28	 0.40426	 529	16	enet	0.018	0.00077	 0.10874	9.13e-01
NA	/data/songy4/twas/output/weights_control//ENSG00000174136.wgt.RDat	ENSG00000174136	5	98104354	98134347	0.0997	rs7706403	 2.61	rs4702974	 0.082190	  7.43	-0.90139	 353	14	lasso	0.092	6.8e-14	-1.08552	2.78e-01
NA	/data/songy4/twas/output/weights_control//ENSG00000174132.wgt.RDat	ENSG00000174132	5	99871009	99922445	0.2183	rs12187979	-3.14	rs4702982	 0.127355	 -8.73	-1.04430	 290	 1	top1	0.13	6.2e-19	 1.04430	2.96e-01
NA	/data/songy4/twas/output/weights_control//ENSG00000113532.wgt.RDat	ENSG00000113532	5	100142639	100238970	0.1308	rs10035976	-3.20	rs4702982	 0.095233	 -7.91	-1.04430	 327	 3	lasso	0.1	4.5e-15	 0.97287	3.31e-01
NA	/data/songy4/twas/output/weights_control//ENSG00000173930.wgt.RDat	ENSG00000173930	5	101569690	101632253	0.1544	rs2657442	-3.22	rs9327837	 0.089935	  7.84	 1.73659	 368	29	enet	0.18	3.9e-27	 0.65953	5.10e-01
NA	/data/songy4/twas/output/weights_control//ENSG00000145730.wgt.RDat	ENSG00000145730	5	102089685	102366809	0.7282	rs26434	-5.96	rs2431321	 0.767679	 21.00	-2.97115	 390	 1	top1	0.77	5.6e-184	-2.97115	2.97e-03
NA	/data/songy4/twas/output/weights_control//ENSG00000145723.wgt.RDat	ENSG00000145723	5	102421704	102455855	0.0292	rs26434	-5.96	rs1826673	 0.017070	 -4.05	-5.86408	 332	 1	top1	0.017	0.00099	 5.86408	4.52e-09
NA	/data/songy4/twas/output/weights_control//ENSG00000145725.wgt.RDat	ENSG00000145725	5	102455853	102548500	0.3582	rs26434	-5.96	rs1011454	 0.412978	-15.70	-5.57843	 365	81	enet	0.49	9.4e-86	 5.51742	3.44e-08
NA	/data/songy4/twas/output/weights_control//ENSG00000112874.wgt.RDat	ENSG00000112874	5	102884556	102898494	0.5881	rs34823	-5.85	rs7730302	 0.435959	-16.13	 0.64964	 384	11	lasso	0.51	6.6e-92	-0.04033	9.68e-01
NA	/data/songy4/twas/output/weights_control//ENSG00000145743.wgt.RDat	ENSG00000145743	5	107194736	107717799	0.0723	rs3906516	 3.20	rs6889461	 0.031737	 -5.30	 0.00741	 717	 1	top1	0.032	1e-05	-0.00741	9.94e-01
NA	/data/songy4/twas/output/weights_control//ENSG00000198961.wgt.RDat	ENSG00000198961	5	108670410	108745695	0.3237	rs1490778	 3.48	rs33729	 0.327521	 13.81	 1.04211	 403	26	enet	0.35	7e-55	 1.61807	1.06e-01
NA	/data/songy4/twas/output/weights_control//ENSG00000112893.wgt.RDat	ENSG00000112893	5	109025067	109205326	0.0353	rs1490778	 3.48	rs17162263	 0.026397	 -4.68	-0.73399	 493	 1	top1	0.026	5.4e-05	 0.73399	4.63e-01
NA	/data/songy4/twas/output/weights_control//ENSG00000186952.wgt.RDat	ENSG00000186952	5	109624934	110074657	0.1346	rs4635974	 2.89	rs151784	 0.203390	 11.07	 0.91057	 518	 7	lasso	0.21	8.5e-32	 0.84074	4.00e-01
NA	/data/songy4/twas/output/weights_control//ENSG00000164209.wgt.RDat	ENSG00000164209	5	110073837	110100857	0.1599	rs1304889	-2.70	rs3985087	 0.190115	-10.65	 2.35260	 349	 5	lasso	0.19	7.3e-29	-2.22095	2.64e-02
NA	/data/songy4/twas/output/weights_control//ENSG00000145777.wgt.RDat	ENSG00000145777	5	110405760	110413722	0.0375	rs11241123	 3.01	rs10051830	 0.019895	 -4.17	 0.11702	 380	 1	top1	0.02	0.00041	-0.11702	9.07e-01
NA	/data/songy4/twas/output/weights_control//ENSG00000152495.wgt.RDat	ENSG00000152495	5	110559351	110830584	0.0694	rs11241123	 3.01	rs2289276	 0.024829	 -5.69	-0.69608	 528	 4	lasso	0.027	4.5e-05	 0.32352	7.46e-01
NA	/data/songy4/twas/output/weights_control//ENSG00000164211.wgt.RDat	ENSG00000164211	5	110831731	110848288	0.2963	rs11241123	 3.01	rs251134	 0.185398	-10.83	-0.84828	 462	 6	lasso	0.21	4.3e-31	 1.09860	2.72e-01
NA	/data/songy4/twas/output/weights_control//ENSG00000129595.wgt.RDat	ENSG00000129595	5	111478138	111755013	0.2592	rs10477484	 3.36	rs6863537	 0.140695	  9.77	-1.23649	 542	28	enet	0.18	4.4e-26	-0.45435	6.50e-01
NA	/data/songy4/twas/output/weights_control//ENSG00000153037.wgt.RDat	ENSG00000153037	5	112196919	112205485	0.1868	rs10477484	 3.36	rs3317	 0.221283	 11.38	 1.74227	 464	28	enet	0.23	1.2e-34	 1.58659	1.13e-01
NA	/data/songy4/twas/output/weights_control//ENSG00000129625.wgt.RDat	ENSG00000129625	5	112212084	112258236	0.3252	rs10477484	 3.36	rs149190	 0.461541	 16.31	 1.01010	 494	 9	lasso	0.49	1.2e-86	 1.04071	2.98e-01
NA	/data/songy4/twas/output/weights_control//ENSG00000171444.wgt.RDat	ENSG00000171444	5	112357796	112824527	0.3608	rs10477484	 3.36	rs4705530	 0.351698	 14.47	 1.86792	 749	53	enet	0.42	2.8e-70	 1.53858	1.24e-01
NA	/data/songy4/twas/output/weights_control//ENSG00000047188.wgt.RDat	ENSG00000047188	5	112849380	112930982	0.1984	rs1158117	-2.79	rs6594721	 0.256656	 12.34	-0.04310	 602	14	lasso	0.26	1.4e-39	 0.34551	7.30e-01
NA	/data/songy4/twas/output/weights_control//ENSG00000152503.wgt.RDat	ENSG00000152503	5	114460459	114516243	0.1413	rs256989	 3.05	rs3805580	 0.132071	  8.96	-0.02941	 442	 1	top1	0.13	1.3e-19	-0.02941	9.77e-01
NA	/data/songy4/twas/output/weights_control//ENSG00000164219.wgt.RDat	ENSG00000164219	5	114546527	114598569	0.1446	rs256989	 3.05	rs267300	 0.092497	  7.50	 0.14925	 433	17	enet	0.1	5.2e-15	 0.60191	5.47e-01
NA	/data/songy4/twas/output/weights_control//ENSG00000145780.wgt.RDat	ENSG00000145780	5	114856608	114880591	0.2759	rs256989	 3.05	rs766454	 0.185209	-10.38	 2.28713	 516	21	enet	0.23	2.3e-34	-1.94035	5.23e-02
NA	/data/songy4/twas/output/weights_control//ENSG00000129596.wgt.RDat	ENSG00000129596	5	115140430	115152651	0.4971	rs256989	 3.05	rs258736	 0.335847	 13.91	-0.11486	 546	 7	lasso	0.34	5.8e-54	 0.19877	8.42e-01
NA	/data/songy4/twas/output/weights_control//ENSG00000145782.wgt.RDat	ENSG00000145782	5	115163893	115177555	0.2861	rs256989	 3.05	rs26538	 0.172234	 10.88	 0.92857	 548	29	enet	0.23	4.9e-34	 0.73177	4.64e-01
NA	/data/songy4/twas/output/weights_control//ENSG00000268223.wgt.RDat	ENSG00000268223	5	115387163	115395815	0.0904	rs256989	 3.05	rs2662447	 0.019481	 -4.26	-1.79208	 605	28	enet	0.024	1e-04	 0.86333	3.88e-01
NA	/data/songy4/twas/output/weights_control//ENSG00000169570.wgt.RDat	ENSG00000169570	5	118173017	118324240	0.1700	rs1396609	 2.99	rs6894997	 0.140321	 -9.14	-0.88119	 453	 8	lasso	0.16	6.3e-24	 0.88529	3.76e-01
NA	/data/songy4/twas/output/weights_control//ENSG00000172869.wgt.RDat	ENSG00000172869	5	118373467	118584833	0.0440	rs1597714	-3.01	rs1366981	 0.006746	  4.10	-1.05941	 488	 6	lasso	0.0081	0.017	-1.34633	1.78e-01
NA	/data/songy4/twas/output/weights_control//ENSG00000145779.wgt.RDat	ENSG00000145779	5	118604387	118735383	0.0767	rs1597714	-3.01	rs1045241	 0.069321	 -6.63	 1.99091	 405	 1	top1	0.069	8.6e-11	-1.99091	4.65e-02
NA	/data/songy4/twas/output/weights_control//ENSG00000133835.wgt.RDat	ENSG00000133835	5	118788138	118972894	0.1000	rs1597714	-3.01	rs17450512	 0.012288	  5.49	 0.26244	 412	11	enet	0.064	4.1e-10	-0.48178	6.30e-01
NA	/data/songy4/twas/output/weights_control//ENSG00000164334.wgt.RDat	ENSG00000164334	5	118965254	118971517	0.0658	rs1597714	-3.01	rs6898518	 0.029195	  5.04	 0.86131	 377	 5	lasso	0.029	2.2e-05	 1.57416	1.15e-01
NA	/data/songy4/twas/output/weights_control//ENSG00000113083.wgt.RDat	ENSG00000113083	5	121398890	121413980	0.1883	rs6896236	-2.51	rs10519694	 0.082133	 -7.98	-0.97918	 379	 3	lasso	0.13	7.7e-19	 0.49687	6.19e-01
NA	/data/songy4/twas/output/weights_control//ENSG00000064692.wgt.RDat	ENSG00000064692	5	121647049	121799914	0.0491	rs6896236	-2.51	rs2278461	 0.033420	  4.70	-0.86875	 400	 4	lasso	0.034	5.9e-06	-0.89718	3.70e-01
NA	/data/songy4/twas/output/weights_control//ENSG00000064652.wgt.RDat	ENSG00000064652	5	122179134	122365049	0.0533	rs13157599	 2.16	rs17149732	 0.033209	  5.09	-0.29193	 515	 1	top1	0.033	6.5e-06	-0.29193	7.70e-01
NA	/data/songy4/twas/output/weights_control//ENSG00000164904.wgt.RDat	ENSG00000164904	5	125877533	125931110	0.1946	rs17839705	 3.05	rs900641	 0.102172	  8.15	-0.77987	 441	31	enet	0.12	2e-17	-1.33624	1.81e-01
NA	/data/songy4/twas/output/weights_control//ENSG00000113368.wgt.RDat	ENSG00000113368	5	126112315	126172712	0.1438	rs17839705	 3.05	rs2271354	 0.074814	  6.91	 1.75676	 423	 1	top1	0.075	1.5e-11	 1.75676	7.90e-02
NA	/data/songy4/twas/output/weights_control//ENSG00000173926.wgt.RDat	ENSG00000173926	5	126203406	126366500	0.0468	rs17839705	 3.05	rs6883871	 0.054183	 -6.06	 0.07111	 441	 1	top1	0.054	9.8e-09	-0.07111	9.43e-01
NA	/data/songy4/twas/output/weights_control//ENSG00000164241.wgt.RDat	ENSG00000164241	5	126378250	126409184	0.1349	rs2408952	-3.14	rs6859369	 0.197412	 11.04	 0.26335	 373	22	enet	0.21	6.4e-31	 0.05790	9.54e-01
NA	/data/songy4/twas/output/weights_control//ENSG00000164244.wgt.RDat	ENSG00000164244	5	126853301	126890781	0.0464	rs2408952	-3.14	rs182844	 0.020656	  4.78	-1.08182	 386	 5	lasso	0.022	0.00024	-0.59600	5.51e-01
NA	/data/songy4/twas/output/weights_control//ENSG00000230561.wgt.RDat	ENSG00000230561	5	127039082	127277326	0.1374	rs2408952	-3.14	rs248707	 0.113810	  8.69	-0.88000	 469	 1	top1	0.11	5.4e-17	-0.88000	3.79e-01
NA	/data/songy4/twas/output/weights_control//ENSG00000064651.wgt.RDat	ENSG00000064651	5	127419458	127525380	0.1295	rs10491252	 2.82	rs13357268	 0.060261	  6.43	 0.81416	 423	 9	lasso	0.085	6.5e-13	 0.76880	4.42e-01
NA	/data/songy4/twas/output/weights_control//ENSG00000138829.wgt.RDat	ENSG00000138829	5	127593601	127994878	0.3723	rs10068756	 3.43	rs1363469	 0.413109	 15.50	 1.44048	 579	 8	lasso	0.43	3.7e-71	 1.91254	5.58e-02
NA	/data/songy4/twas/output/weights_control//ENSG00000066583.wgt.RDat	ENSG00000066583	5	128430444	128449721	0.3270	rs10068756	 3.43	rs2577472	 0.335205	-13.91	-0.77778	 428	 8	lasso	0.43	1.5e-71	 1.48582	1.37e-01
NA	/data/songy4/twas/output/weights_control//ENSG00000198108.wgt.RDat	ENSG00000198108	5	129240165	129522327	0.0856	rs30642	 3.09	rs10075696	 0.117451	 -8.62	 0.84314	 352	 1	top1	0.12	1.6e-17	-0.84314	3.99e-01
NA	/data/songy4/twas/output/weights_control//ENSG00000169567.wgt.RDat	ENSG00000169567	5	130494720	130507428	0.0528	rs17597896	-2.85	rs6894704	 0.011256	 -3.75	-0.16031	 267	 8	enet	0.013	0.0037	 0.21659	8.29e-01
NA	/data/songy4/twas/output/weights_control//ENSG00000158987.wgt.RDat	ENSG00000158987	5	130759614	130970929	0.0169	rs2526303	-2.61	rs3776027	 0.017921	  4.55	-0.66087	 332	 1	top1	0.018	0.00075	-0.66087	5.09e-01
NA	/data/songy4/twas/output/weights_control//ENSG00000164398.wgt.RDat	ENSG00000164398	5	131142683	131347936	0.0989	rs4646305	-3.64	rs17132324	 0.061861	  6.49	-0.89062	 441	 1	top1	0.062	8.9e-10	-0.89063	3.73e-01
NA	/data/songy4/twas/output/weights_control//ENSG00000239642.wgt.RDat	ENSG00000239642	5	131142816	131281391	0.0619	rs4646305	-3.64	rs804059	 0.097836	  7.70	-0.56303	 403	 1	top1	0.098	9.8e-15	-0.56303	5.73e-01
NA	/data/songy4/twas/output/weights_control//ENSG00000072682.wgt.RDat	ENSG00000072682	5	131527531	131631008	0.0325	rs4646305	-3.64	rs7721296	 0.010071	 -4.33	-2.44444	 433	20	enet	0.02	0.00043	 1.93195	5.34e-02
NA	/data/songy4/twas/output/weights_control//ENSG00000197208.wgt.RDat	ENSG00000197208	5	131630136	131679899	0.0475	rs4646305	-3.64	rs273912	 0.039855	  5.94	 1.31683	 425	 6	lasso	0.056	5e-09	 0.20179	8.40e-01
NA	/data/songy4/twas/output/weights_control//ENSG00000197375.wgt.RDat	ENSG00000197375	5	131705444	131731306	0.5811	rs4646305	-3.64	rs2631360	 0.632824	-19.09	 0.93767	 436	32	enet	0.66	2.2e-136	-1.46435	1.43e-01
NA	/data/songy4/twas/output/weights_control//ENSG00000125347.wgt.RDat	ENSG00000125347	5	131817301	131826490	0.1298	rs4646305	-3.64	rs17622656	 0.164352	  9.83	 0.97105	 424	 1	top1	0.16	2.2e-24	 0.97105	3.32e-01
NA	/data/songy4/twas/output/weights_control//ENSG00000131437.wgt.RDat	ENSG00000131437	5	132028320	132073330	0.0512	NA	   NA	NA	       NA	    NA	      NA	 434	 0	top1	0.036	3.1e-06	      NA	      NA
NA	/data/songy4/twas/output/weights_control//ENSG00000164402.wgt.RDat	ENSG00000164402	5	132086509	132142933	0.1154	rs4646305	-3.64	rs256871	 0.051778	 -5.65	 0.94945	 455	 1	top1	0.052	2.1e-08	-0.94945	3.42e-01
NA	/data/songy4/twas/output/weights_control//ENSG00000164403.wgt.RDat	ENSG00000164403	5	132157833	132166590	0.3538	rs4646305	-3.64	rs12517292	 0.214383	-11.33	-0.93846	 428	41	enet	0.23	2e-34	 0.99054	3.22e-01
NA	/data/songy4/twas/output/weights_control//ENSG00000164404.wgt.RDat	ENSG00000164404	5	132196873	132202576	0.0919	rs4646305	-3.64	rs30179	 0.047833	 -5.77	-0.75490	 412	 1	top1	0.048	7e-08	 0.75490	4.50e-01
NA	/data/songy4/twas/output/weights_control//ENSG00000072364.wgt.RDat	ENSG00000072364	5	132211071	132299326	0.0740	rs166112	-3.83	rs30178	 0.043009	  5.27	-0.40607	 454	 1	top1	0.043	3.1e-07	-0.40607	6.85e-01
NA	/data/songy4/twas/output/weights_control//ENSG00000170606.wgt.RDat	ENSG00000170606	5	132387654	132442141	0.1054	rs166112	-3.83	rs6874265	 0.083722	 -7.23	 1.04386	 452	 5	lasso	0.087	2.9e-13	-0.93120	3.52e-01
NA	/data/songy4/twas/output/weights_control//ENSG00000053108.wgt.RDat	ENSG00000053108	5	132532147	132948255	0.1632	rs166112	-3.83	rs256263	 0.116078	  8.29	 0.59829	 764	 4	lasso	0.15	9.3e-22	 0.38818	6.98e-01
NA	/data/songy4/twas/output/weights_control//ENSG00000081059.wgt.RDat	ENSG00000081059	5	133450402	133487556	0.0478	rs17167632	-5.60	rs254050	-0.001729	 -3.37	-1.68548	 507	 5	lasso	-0.0016	0.79	 1.01906	3.08e-01
NA	/data/songy4/twas/output/weights_control//ENSG00000113558.wgt.RDat	ENSG00000113558	5	133484633	133512729	0.1925	rs17167632	-5.60	rs13356194	 0.240951	 11.86	-0.14070	 480	 1	top1	0.24	2e-36	-0.14070	8.88e-01
NA	/data/songy4/twas/output/weights_control//ENSG00000119048.wgt.RDat	ENSG00000119048	5	133706870	133727683	0.0407	rs11950533	-5.80	rs756699	 0.025606	 -4.10	 1.28889	 315	 1	top1	0.026	6.9e-05	-1.28889	1.97e-01
NA	/data/songy4/twas/output/weights_control//ENSG00000237190.wgt.RDat	ENSG00000237190	5	133737778	133747589	0.0581	rs11950533	-5.80	rs5742913	 0.011371	  4.38	 1.43779	 302	25	enet	0.046	1.2e-07	 0.77880	4.36e-01
NA	/data/songy4/twas/output/weights_control//ENSG00000152700.wgt.RDat	ENSG00000152700	5	133936834	133984961	0.0348	rs11950533	-5.80	rs2108665	 0.008938	  4.43	-5.60897	 309	15	enet	0.016	0.0014	-4.09127	4.29e-05
NA	/data/songy4/twas/output/weights_control//ENSG00000113615.wgt.RDat	ENSG00000113615	5	133984479	134063513	0.0413	rs11950533	-5.80	rs877812	 0.003135	 -4.36	-2.54082	 320	 1	top1	0.0031	0.095	 2.54082	1.11e-02
NA	/data/songy4/twas/output/weights_control//ENSG00000164615.wgt.RDat	ENSG00000164615	5	134074191	134087847	0.0675	rs11950533	-5.80	rs17167632	 0.040250	  6.58	-5.60256	 318	 8	lasso	0.042	4.4e-07	-5.47747	4.31e-08
NA	/data/songy4/twas/output/weights_control//ENSG00000113621.wgt.RDat	ENSG00000113621	5	134209493	134237215	0.4495	rs11950533	-5.80	rs3733897	 0.502638	 17.03	-4.64336	 364	 1	top1	0.5	3.6e-89	-4.64336	3.43e-06
NA	/data/songy4/twas/output/weights_control//ENSG00000255833.wgt.RDat	ENSG00000255833	5	134779908	134788089	0.0836	rs12656013	-4.67	rs7734632	 0.050579	  5.83	-0.17857	 520	 1	top1	0.051	3e-08	-0.17857	8.58e-01
NA	/data/songy4/twas/output/weights_control//ENSG00000120708.wgt.RDat	ENSG00000120708	5	135364584	135399507	0.1138	rs17169348	-2.60	rs10074474	 0.064754	 -6.43	 1.37324	 493	 1	top1	0.065	3.6e-10	-1.37324	1.70e-01
NA	/data/songy4/twas/output/weights_control//ENSG00000113658.wgt.RDat	ENSG00000113658	5	135468534	135524435	0.1891	rs17169348	-2.60	rs4585442	 0.293680	 13.12	 1.37273	 484	 1	top1	0.29	2e-45	 1.37273	1.70e-01
NA	/data/songy4/twas/output/weights_control//ENSG00000146021.wgt.RDat	ENSG00000146021	5	136953189	137071779	0.1502	rs1016647	 3.75	rs17797119	 0.057909	  5.86	-1.33000	 440	26	enet	0.098	9.1e-15	-0.84609	3.98e-01
NA	/data/songy4/twas/output/weights_control//ENSG00000031003.wgt.RDat	ENSG00000031003	5	137273649	137387650	0.0513	rs3798153	 4.90	rs10440755	 0.031257	 -5.53	 0.31724	 359	14	enet	0.05	3.4e-08	 0.74932	4.54e-01
NA	/data/songy4/twas/output/weights_control//ENSG00000120733.wgt.RDat	ENSG00000120733	5	137688285	137772717	0.3932	rs3798153	 4.90	rs10055995	 0.504324	-17.04	 4.08333	 321	 1	top1	0.5	1.3e-89	-4.08333	4.44e-05
NA	/data/songy4/twas/output/weights_control//ENSG00000044115.wgt.RDat	ENSG00000044115	5	137946656	138270723	0.2334	rs3798153	 4.90	rs1095374	 0.421874	-15.66	 2.56075	 391	 1	top1	0.42	2e-70	-2.56075	1.04e-02
NA	/data/songy4/twas/output/weights_control//ENSG00000170464.wgt.RDat	ENSG00000170464	5	138744279	138780180	0.2288	rs6884009	-3.12	rs11242465	 0.283510	 12.82	-1.50943	 273	 1	top1	0.28	1.2e-43	-1.50943	1.31e-01
NA	/data/songy4/twas/output/weights_control//ENSG00000184584.wgt.RDat	ENSG00000184584	5	138855119	138862520	0.0593	rs6884009	-3.12	rs13153461	 0.042035	  6.22	-0.31776	 260	 4	lasso	0.055	7.1e-09	-0.83174	4.06e-01
NA	/data/songy4/twas/output/weights_control//ENSG00000113068.wgt.RDat	ENSG00000113068	5	139624624	139682706	0.0283	rs1623177	 3.41	rs171951	 0.010295	 -3.41	-0.28155	 330	 1	top1	0.01	0.0085	 0.28155	7.78e-01
NA	/data/songy4/twas/output/weights_control//ENSG00000113070.wgt.RDat	ENSG00000113070	5	139712428	139726216	0.0358	rs1623177	 3.41	rs270166	 0.022428	 -4.35	 1.07317	 324	 8	enet	0.033	7.2e-06	-1.41029	1.58e-01
NA	/data/songy4/twas/output/weights_control//ENSG00000254996.wgt.RDat	ENSG00000254996	5	139781493	139929154	0.0754	rs1623177	 3.41	rs249616	 0.009847	 -3.90	-1.46535	 387	18	enet	0.014	0.0029	 2.39128	1.68e-02
NA	/data/songy4/twas/output/weights_control//ENSG00000213523.wgt.RDat	ENSG00000213523	5	139916925	139937895	0.1510	rs1623177	 3.41	rs801458	 0.057293	  6.06	 1.86458	 333	 4	lasso	0.064	5e-10	 0.42173	6.73e-01
NA	/data/songy4/twas/output/weights_control//ENSG00000113108.wgt.RDat	ENSG00000113108	5	139937853	139973337	0.0597	rs1623177	 3.41	rs6871703	 0.062591	 -6.68	-0.79048	 334	11	lasso	0.07	6.7e-11	 1.48519	1.37e-01
NA	/data/songy4/twas/output/weights_control//ENSG00000170458.wgt.RDat	ENSG00000170458	5	140011313	140013286	0.1529	rs2436391	 3.03	rs6872579	 0.064816	  7.10	-1.56000	 342	 7	lasso	0.11	2.1e-16	-0.75392	4.51e-01
NA	/data/songy4/twas/output/weights_control//ENSG00000131495.wgt.RDat	ENSG00000131495	5	140018325	140027370	0.0948	rs2436391	 3.03	rs778594	 0.133683	 -8.95	-0.87368	 341	 1	top1	0.13	7.6e-20	 0.87368	3.82e-01
NA	/data/songy4/twas/output/weights_control//ENSG00000113141.wgt.RDat	ENSG00000113141	5	140026643	140042064	0.1104	rs2436391	 3.03	rs801399	 0.012005	  4.81	-1.12766	 347	25	enet	0.03	1.9e-05	-1.41527	1.57e-01
NA	/data/songy4/twas/output/weights_control//ENSG00000146007.wgt.RDat	ENSG00000146007	5	140078265	140086248	0.0547	rs17286891	-3.18	rs2337515	 0.032287	  5.47	-1.07018	 353	 5	lasso	0.043	3.3e-07	-1.88473	5.95e-02
NA	/data/songy4/twas/output/weights_control//ENSG00000204967.wgt.RDat	ENSG00000204967	5	140186659	140391929	0.0230	rs17286891	-3.18	rs251376	 0.001081	  3.90	-0.92632	 462	 7	lasso	0.0027	0.11	-1.23293	2.18e-01
NA	/data/songy4/twas/output/weights_control//ENSG00000204961.wgt.RDat	ENSG00000204961	5	140227048	140391929	0.0742	rs17286891	-3.18	rs1119032	 0.049826	 -5.56	-0.75373	 444	24	enet	0.05	3.6e-08	-0.10179	9.19e-01
NA	/data/songy4/twas/output/weights_control//ENSG00000250120.wgt.RDat	ENSG00000250120	5	140235595	140391929	0.0734	rs17286891	-3.18	rs17208327	 0.029793	 -4.45	-0.90299	 442	 1	top1	0.03	1.9e-05	 0.90299	3.67e-01
NA	/data/songy4/twas/output/weights_control//ENSG00000113212.wgt.RDat	ENSG00000113212	5	140552243	140555957	0.0335	rs17286891	-3.18	rs3822339	 0.009995	 -3.64	 0.96512	 432	 1	top1	0.01	0.0094	-0.96512	3.34e-01
NA	/data/songy4/twas/output/weights_control//ENSG00000120322.wgt.RDat	ENSG00000120322	5	140557371	140560081	0.0382	rs17286891	-3.18	rs629168	 0.040980	  5.06	 0.65625	 430	 1	top1	0.041	5.9e-07	 0.65625	5.12e-01
NA	/data/songy4/twas/output/weights_control//ENSG00000120329.wgt.RDat	ENSG00000120329	5	140682196	140683612	0.1148	rs17286891	-3.18	rs11547633	 0.075908	 -6.92	-0.69737	 462	 1	top1	0.076	1.1e-11	 0.69737	4.86e-01
NA	/data/songy4/twas/output/weights_control//ENSG00000253485.wgt.RDat	ENSG00000253485	5	140743898	140892546	0.0768	rs17286891	-3.18	rs6861047	 0.001680	 -3.73	-0.80000	 569	21	enet	0.011	0.0066	 0.23515	8.14e-01
NA	/data/songy4/twas/output/weights_control//ENSG00000253731.wgt.RDat	ENSG00000253731	5	140753651	140892546	0.0814	rs17286891	-3.18	rs10875595	 0.030812	 -4.96	-0.97619	 565	 1	top1	0.031	1.4e-05	 0.97619	3.29e-01
NA	/data/songy4/twas/output/weights_control//ENSG00000253767.wgt.RDat	ENSG00000253767	5	140772381	140892546	0.0885	rs17286891	-3.18	rs726684	 0.026183	 -4.91	-2.14516	 559	 9	lasso	0.03	2e-05	 1.36071	1.74e-01
NA	/data/songy4/twas/output/weights_control//ENSG00000261934.wgt.RDat	ENSG00000261934	5	140782520	140892546	0.0445	rs17286891	-3.18	rs13163163	 0.005260	 -3.65	-2.23636	 556	31	enet	0.025	9.4e-05	 1.75331	7.95e-02
NA	/data/songy4/twas/output/weights_control//ENSG00000253305.wgt.RDat	ENSG00000253305	5	140787770	140892546	0.0428	rs17286891	-3.18	rs248620	 0.001103	  3.41	-1.15672	 555	16	enet	0.011	0.0062	 0.36876	7.12e-01
NA	/data/songy4/twas/output/weights_control//ENSG00000253846.wgt.RDat	ENSG00000253846	5	140792743	140892546	0.0595	rs17286891	-3.18	rs4912762	 0.001875	 -3.82	-2.73404	 555	18	enet	0.025	8.8e-05	 0.86213	3.89e-01
NA	/data/songy4/twas/output/weights_control//ENSG00000254122.wgt.RDat	ENSG00000254122	5	140797427	140892546	0.0398	rs17286891	-3.18	rs4912762	 0.005860	 -3.98	-2.73404	 555	 4	lasso	0.015	0.0021	 2.03334	4.20e-02
NA	/data/songy4/twas/output/weights_control//ENSG00000253873.wgt.RDat	ENSG00000253873	5	140800762	140891835	0.0510	rs17286891	-3.18	rs4912762	 0.031671	 -4.41	-2.73404	 551	 1	top1	0.032	1e-05	 2.73404	6.26e-03
NA	/data/songy4/twas/output/weights_control//ENSG00000253159.wgt.RDat	ENSG00000253159	5	140810185	140892546	0.0473	rs17286891	-3.18	rs4912762	 0.009086	 -3.69	-2.73404	 542	15	enet	0.012	0.005	 1.65267	9.84e-02
NA	/data/songy4/twas/output/weights_control//ENSG00000164620.wgt.RDat	ENSG00000164620	5	141016517	141020644	0.0625	rs17286891	-3.18	rs7735993	 0.009458	  3.83	-0.52252	 512	11	enet	0.013	0.0034	 1.49940	1.34e-01
NA	/data/songy4/twas/output/weights_control//ENSG00000197948.wgt.RDat	ENSG00000197948	5	141018869	141030986	0.0472	rs17286891	-3.18	rs6580191	 0.001342	  3.58	-1.10000	 514	 1	top1	0.0013	0.18	-1.10000	2.71e-01
NA	/data/songy4/twas/output/weights_control//ENSG00000156453.wgt.RDat	ENSG00000156453	5	141232938	141258811	0.0794	rs108593	-2.98	rs4645358	 0.044234	 -6.25	-2.00000	 544	 7	enet	0.062	8e-10	 3.14117	1.68e-03
NA	/data/songy4/twas/output/weights_control//ENSG00000081791.wgt.RDat	ENSG00000081791	5	141303373	141321612	0.0571	rs108593	-2.98	rs164515	 0.030645	  4.50	 1.42157	 540	 1	top1	0.031	1.4e-05	 1.42157	1.55e-01
NA	/data/songy4/twas/output/weights_control//ENSG00000013561.wgt.RDat	ENSG00000013561	5	141337893	141369856	0.1092	rs108593	-2.98	rs164496	 0.095811	  7.70	-2.96117	 562	 2	lasso	0.096	1.7e-14	-3.09567	1.96e-03
NA	/data/songy4/twas/output/weights_control//ENSG00000131507.wgt.RDat	ENSG00000131507	5	141488070	141534005	0.1386	rs108593	-2.98	rs2339024	 0.056476	  6.24	 0.72316	 622	 1	top1	0.056	4.8e-09	 0.72316	4.70e-01
NA	/data/songy4/twas/output/weights_control//ENSG00000145817.wgt.RDat	ENSG00000145817	5	143537723	143550278	0.3953	rs9285658	-3.02	rs6864309	 0.415977	-15.47	-1.39535	 420	 7	lasso	0.42	4.9e-71	 1.48400	1.38e-01
NA	/data/songy4/twas/output/weights_control//ENSG00000173261.wgt.RDat	ENSG00000173261	5	145463949	145483932	0.0390	rs879943	 2.74	rs7728381	 0.022010	 -4.40	-0.19000	 416	 1	top1	0.022	0.00021	 0.19000	8.49e-01
NA	/data/songy4/twas/output/weights_control//ENSG00000133706.wgt.RDat	ENSG00000133706	5	145492601	145562223	0.1455	rs879943	 2.74	rs3763373	 0.226931	 11.52	-0.78095	 446	 1	top1	0.23	4e-34	-0.78095	4.35e-01
NA	/data/songy4/twas/output/weights_control//ENSG00000156475.wgt.RDat	ENSG00000156475	5	145967936	146464347	0.0546	rs879943	 2.74	rs1194995	-0.001555	 -3.48	-0.53364	 626	 6	lasso	-0.0013	0.6	 0.99010	3.22e-01
NA	/data/songy4/twas/output/weights_control//ENSG00000176049.wgt.RDat	ENSG00000176049	5	146967990	147162338	0.6022	rs6883792	-3.08	rs1016104	 0.302402	 13.26	 2.16981	 535	43	enet	0.4	3.7e-66	 0.97824	3.28e-01
NA	/data/songy4/twas/output/weights_control//ENSG00000164265.wgt.RDat	ENSG00000164265	5	147250245	147261754	0.4318	rs6883792	-3.08	rs3843496	 0.225710	-12.32	 0.01000	 426	40	enet	0.33	2.8e-52	 0.00622	9.95e-01
NA	/data/songy4/twas/output/weights_control//ENSG00000145868.wgt.RDat	ENSG00000145868	5	147763498	147822399	0.2095	rs17706942	 2.86	rs13179181	 0.240744	-12.09	-1.88000	 502	 8	lasso	0.25	3.3e-38	 1.76709	7.72e-02
NA	/data/songy4/twas/output/weights_control//ENSG00000169247.wgt.RDat	ENSG00000169247	5	148303202	148442726	0.1762	rs11740300	-3.20	rs11168086	 0.021745	  5.73	-0.24000	 572	21	enet	0.062	9.4e-10	-1.13893	2.55e-01
NA	/data/songy4/twas/output/weights_control//ENSG00000164284.wgt.RDat	ENSG00000164284	5	148724993	148734146	0.0602	rs17110463	 3.73	rs4321739	-0.001367	 -3.94	-2.41414	 582	26	enet	0.003	0.099	 1.15746	2.47e-01
NA	/data/songy4/twas/output/weights_control//ENSG00000145882.wgt.RDat	ENSG00000145882	5	148737570	148749216	0.2087	rs17110463	 3.73	rs352346	 0.129360	  9.01	-2.18000	 586	17	enet	0.15	1e-22	-2.05625	3.98e-02
NA	/data/songy4/twas/output/weights_control//ENSG00000183111.wgt.RDat	ENSG00000183111	5	148931510	149014531	0.0866	rs17110463	 3.73	rs1056993	 0.041431	  5.18	 1.47170	 633	 1	top1	0.041	5.1e-07	 1.47170	1.41e-01
NA	/data/songy4/twas/output/weights_control//ENSG00000164296.wgt.RDat	ENSG00000164296	5	149372681	149380730	0.2570	rs17110463	 3.73	rs4705407	 0.148408	 -9.34	 1.12500	 571	39	enet	0.23	1.5e-34	-1.23062	2.18e-01
NA	/data/songy4/twas/output/weights_control//ENSG00000113716.wgt.RDat	ENSG00000113716	5	149379884	149432386	0.1972	rs17110463	 3.73	rs4705407	 0.158555	-10.21	 1.12500	 593	30	enet	0.21	5.2e-31	-1.37012	1.71e-01
NA	/data/songy4/twas/output/weights_control//ENSG00000164587.wgt.RDat	ENSG00000164587	5	149822753	149829319	0.0627	rs11749903	 3.59	rs13184111	-0.000586	 -3.94	 1.05607	 490	25	enet	0.013	0.0035	-0.94976	3.42e-01
NA	/data/songy4/twas/output/weights_control//ENSG00000070614.wgt.RDat	ENSG00000070614	5	149865381	149937773	0.5623	rs11749903	 3.59	rs7716964	 0.478083	-16.78	 0.06667	 554	17	enet	0.49	4.5e-86	 0.07864	9.37e-01
NA	/data/songy4/twas/output/weights_control//ENSG00000237693.wgt.RDat	ENSG00000237693	5	150226085	150280298	0.0534	rs248426	 4.09	rs11747270	 0.038870	 -5.99	-0.04268	 554	 6	lasso	0.045	1.5e-07	-0.30462	7.61e-01
NA	/data/songy4/twas/output/weights_control//ENSG00000145901.wgt.RDat	ENSG00000145901	5	150409506	150473138	0.1026	rs248426	 4.09	rs12516176	 0.048559	 -5.56	 0.44954	 634	 1	top1	0.049	5.6e-08	-0.44954	6.53e-01
NA	/data/songy4/twas/output/weights_control//ENSG00000197043.wgt.RDat	ENSG00000197043	5	150480273	150537443	0.3092	rs248426	 4.09	rs2303038	 0.188156	 10.49	-1.52000	 642	31	enet	0.23	5.7e-35	-0.92464	3.55e-01
NA	/data/songy4/twas/output/weights_control//ENSG00000198624.wgt.RDat	ENSG00000198624	5	150560613	150603706	0.3635	rs248426	 4.09	rs1004736	 0.192642	-10.64	 1.61719	 641	28	enet	0.22	2e-33	-1.86795	6.18e-02
NA	/data/songy4/twas/output/weights_control//ENSG00000196743.wgt.RDat	ENSG00000196743	5	150591711	150650001	0.8374	rs248426	 4.09	rs1004736	 0.720478	 20.34	 1.61719	 645	49	enet	0.73	1.6e-166	 2.11712	3.42e-02
NA	/data/songy4/twas/output/weights_control//ENSG00000123643.wgt.RDat	ENSG00000123643	5	150816607	150871942	0.6401	rs248426	 4.09	rs357629	 0.303819	-13.28	 0.08163	 660	18	lasso	0.53	1.5e-97	 0.40858	6.83e-01
NA	/data/songy4/twas/output/weights_control//ENSG00000055147.wgt.RDat	ENSG00000055147	5	153369688	153418496	0.1484	rs515887	 2.58	rs478020	 0.122338	 -8.70	 0.44792	 577	 1	top1	0.12	3.3e-18	-0.44792	6.54e-01
NA	/data/songy4/twas/output/weights_control//ENSG00000164574.wgt.RDat	ENSG00000164574	5	153570290	153800544	0.3717	rs12522568	 2.11	rs890797	 0.047947	 -7.72	-0.33628	 562	71	enet	0.19	1.3e-27	-0.28502	7.76e-01
NA	/data/songy4/twas/output/weights_control//ENSG00000164576.wgt.RDat	ENSG00000164576	5	153825517	153840614	0.4172	rs12522568	 2.11	rs6884266	 0.313824	-13.50	-1.13198	 460	 7	lasso	0.32	2.7e-50	 0.96278	3.36e-01
NA	/data/songy4/twas/output/weights_control//ENSG00000155506.wgt.RDat	ENSG00000155506	5	154092462	154197167	0.0541	rs10515720	 2.67	rs11740589	 0.030094	 -5.88	 0.51515	 523	 7	enet	0.044	2.1e-07	-0.34002	7.34e-01
NA	/data/songy4/twas/output/weights_control//ENSG00000170271.wgt.RDat	ENSG00000170271	5	154198051	154238812	0.4592	rs10515720	 2.67	rs11167702	 0.292103	-13.26	-0.34694	 475	 5	lasso	0.45	2e-76	 1.17333	2.41e-01
NA	/data/songy4/twas/output/weights_control//ENSG00000170624.wgt.RDat	ENSG00000170624	5	155297354	156194799	0.2638	rs1553317	-3.59	rs11750316	 0.169193	 10.02	 0.20408	 788	15	lasso	0.23	2.2e-35	 0.11739	9.07e-01
NA	/data/songy4/twas/output/weights_control//ENSG00000145850.wgt.RDat	ENSG00000145850	5	156346293	156390266	0.1244	rs1553317	-3.59	rs6555820	 0.086584	 -7.13	 1.76596	 456	 1	top1	0.087	3.6e-13	-1.76596	7.74e-02
NA	/data/songy4/twas/output/weights_control//ENSG00000113249.wgt.RDat	ENSG00000113249	5	156456424	156486130	0.1191	rs1553317	-3.59	rs6555820	 0.037944	 -5.87	 1.76596	 484	 4	lasso	0.048	5.8e-08	-1.67170	9.46e-02
NA	/data/songy4/twas/output/weights_control//ENSG00000135074.wgt.RDat	ENSG00000135074	5	156822542	157002783	0.0795	rs1553317	-3.59	rs11466784	 0.016562	  4.48	-0.64286	 591	25	enet	0.02	0.00035	-0.02578	9.79e-01
NA	/data/songy4/twas/output/weights_control//ENSG00000172548.wgt.RDat	ENSG00000172548	5	156887027	156901725	0.0489	rs1553317	-3.59	rs6879450	 0.035250	 -4.71	 0.64423	 531	 1	top1	0.035	3.5e-06	-0.64423	5.19e-01
NA	/data/songy4/twas/output/weights_control//ENSG00000039600.wgt.RDat	ENSG00000039600	5	157052687	157098488	0.0692	rs11465283	-2.84	rs12514994	 0.002996	 -3.94	-0.65435	 589	13	enet	0.033	8e-06	-1.49219	1.36e-01
NA	/data/songy4/twas/output/weights_control//ENSG00000164332.wgt.RDat	ENSG00000164332	5	158690089	158713044	0.0481	rs7717259	-3.61	rs12520035	 0.015432	  4.41	 0.08553	 424	 4	lasso	0.018	0.00076	-0.05602	9.55e-01
NA	/data/songy4/twas/output/weights_control//ENSG00000164611.wgt.RDat	ENSG00000164611	5	159848829	159855748	0.0631	rs17472426	-2.60	rs1895321	 0.011127	  4.70	 0.13131	 472	17	enet	0.037	1.9e-06	 1.57868	1.14e-01
NA	/data/songy4/twas/output/weights_control//ENSG00000113328.wgt.RDat	ENSG00000113328	5	162864575	162873157	0.0490	rs299290	 3.03	rs6870488	 0.030867	  4.81	 2.78261	 464	 1	top1	0.031	1.3e-05	 2.78261	5.39e-03
NA	/data/songy4/twas/output/weights_control//ENSG00000113645.wgt.RDat	ENSG00000113645	5	167718656	167899308	0.2545	rs17733068	 2.81	rs2161300	 0.156059	  9.52	-1.71831	 692	32	enet	0.24	9.4e-36	-1.15130	2.50e-01
NA	/data/songy4/twas/output/weights_control//ENSG00000113643.wgt.RDat	ENSG00000113643	5	167913450	167946304	0.0679	rs17733068	 2.81	rs2305725	 0.058282	  6.30	 0.79032	 626	 1	top1	0.058	2.7e-09	 0.79032	4.29e-01
NA	/data/songy4/twas/output/weights_control//ENSG00000188573.wgt.RDat	ENSG00000188573	5	167956121	167957639	0.3693	rs17733068	 2.81	rs2305725	 0.535136	 17.55	 0.79032	 607	15	lasso	0.54	9.3e-98	 0.79846	4.25e-01
NA	/data/songy4/twas/output/weights_control//ENSG00000184347.wgt.RDat	ENSG00000184347	5	168088745	168728133	0.0892	rs10043015	-3.26	rs13170900	 0.074104	  6.98	 0.95960	 966	 2	lasso	0.078	4.8e-12	 0.99890	3.18e-01
NA	/data/songy4/twas/output/weights_control//ENSG00000040275.wgt.RDat	ENSG00000040275	5	169010638	169031782	0.4085	rs10043015	-3.26	rs17071366	 0.194962	-11.35	 0.63942	 645	 6	lasso	0.37	1.3e-60	-0.05940	9.53e-01
NA	/data/songy4/twas/output/weights_control//ENSG00000043462.wgt.RDat	ENSG00000043462	5	169673241	169725231	0.0571	rs572192	 2.77	rs10064808	-0.001507	 -3.45	-0.61326	 800	10	enet	-0.00094	0.5	 1.50811	1.32e-01
NA	/data/songy4/twas/output/weights_control//ENSG00000145936.wgt.RDat	ENSG00000145936	5	169801675	169816681	0.3595	rs572192	 2.77	rs314157	 0.224750	 11.46	 0.15888	 740	 9	lasso	0.25	3.8e-37	-0.06609	9.47e-01
NA	/data/songy4/twas/output/weights_control//ENSG00000204764.wgt.RDat	ENSG00000204764	5	170288874	170727019	0.0687	rs1382901	 3.04	rs7737600	 0.063463	 -6.50	 0.77778	 715	 1	top1	0.063	5.4e-10	-0.77778	4.37e-01
NA	/data/songy4/twas/output/weights_control//ENSG00000072786.wgt.RDat	ENSG00000072786	5	171469077	171615390	0.1193	rs13183447	 3.77	rs6555999	 0.008905	  4.22	 0.21154	 619	22	enet	0.028	3.6e-05	 0.88021	3.79e-01
NA	/data/songy4/twas/output/weights_control//ENSG00000168246.wgt.RDat	ENSG00000168246	5	171636644	171711075	0.0544	rs13183447	 3.77	rs6882054	-0.001342	  3.32	 2.21905	 575	36	enet	0.0037	0.078	-0.38985	6.97e-01
NA	/data/songy4/twas/output/weights_control//ENSG00000174705.wgt.RDat	ENSG00000174705	5	171752185	171881527	0.1461	rs13183447	 3.77	rs2731694	 0.096799	 -7.99	-1.80189	 607	41	enet	0.098	8.8e-15	 0.59457	5.52e-01
NA	/data/songy4/twas/output/weights_control//ENSG00000113719.wgt.RDat	ENSG00000113719	5	172261278	172379688	0.1015	rs13183447	 3.77	rs13185405	 0.049830	 -5.95	 0.39286	 623	 1	top1	0.05	3.8e-08	-0.39286	6.94e-01
NA	/data/songy4/twas/output/weights_control//ENSG00000113734.wgt.RDat	ENSG00000113734	5	172571445	172591390	0.0841	rs13183447	 3.77	rs1984833	 0.016783	  4.83	-1.57778	 577	 5	lasso	0.02	0.00041	-1.05803	2.90e-01
NA	/data/songy4/twas/output/weights_control//ENSG00000113742.wgt.RDat	ENSG00000113742	5	173315283	173388979	0.4845	rs17735046	-3.11	rs791357	 0.283455	 12.83	-0.30435	 678	49	enet	0.46	2.9e-79	-1.21879	2.23e-01
NA	/data/songy4/twas/output/weights_control//ENSG00000185056.wgt.RDat	ENSG00000185056	5	173400782	173433143	0.1713	rs6894685	-2.57	rs17695092	 0.106265	  8.06	 0.05202	 650	 4	lasso	0.11	1.2e-16	-0.31055	7.56e-01
NA	/data/songy4/twas/output/weights_control//ENSG00000170091.wgt.RDat	ENSG00000170091	5	173472607	173670504	0.0803	rs11738361	 3.30	rs17695092	 0.034590	  5.48	 0.00339	 754	 4	lasso	0.063	6e-10	-0.03292	9.74e-01
NA	/data/songy4/twas/output/weights_control//ENSG00000164466.wgt.RDat	ENSG00000164466	5	174904065	174956745	0.1128	rs10079211	-2.56	rs13180272	 0.048863	  6.36	-1.29260	 568	 7	lasso	0.092	7.3e-14	-1.90824	5.64e-02
NA	/data/songy4/twas/output/weights_control//ENSG00000182230.wgt.RDat	ENSG00000182230	5	175487692	175559261	0.1965	rs7442946	 2.77	rs6556241	 0.192112	 11.01	 2.05882	 357	17	enet	0.21	3.2e-31	 1.94253	5.21e-02
NA	/data/songy4/twas/output/weights_control//ENSG00000122203.wgt.RDat	ENSG00000122203	5	175773064	175788971	0.2802	rs7442946	 2.77	rs1030167	 0.291289	 13.13	-0.40187	 326	45	enet	0.34	1.4e-54	-1.45092	1.47e-01
NA	/data/songy4/twas/output/weights_control//ENSG00000175414.wgt.RDat	ENSG00000175414	5	175792471	175828866	0.2378	rs7442946	 2.77	rs3749802	 0.095285	 -7.52	-1.05435	 338	12	lasso	0.14	1.3e-20	 0.10149	9.19e-01
NA	/data/songy4/twas/output/weights_control//ENSG00000048162.wgt.RDat	ENSG00000048162	5	175810949	175815976	0.0743	rs7442946	 2.77	rs11134990	 0.003213	  4.18	 1.16814	 318	 8	lasso	0.015	0.0019	 0.99951	3.18e-01
NA	/data/songy4/twas/output/weights_control//ENSG00000146066.wgt.RDat	ENSG00000146066	5	175815748	175816772	0.2006	rs7442946	 2.77	rs6882450	 0.238514	-12.06	 0.32716	 314	 6	lasso	0.24	7.8e-37	-0.28135	7.78e-01
NA	/data/songy4/twas/output/weights_control//ENSG00000175416.wgt.RDat	ENSG00000175416	5	175819456	175843570	0.2679	rs7442946	 2.77	rs7443800	 0.248533	 12.02	-2.27184	 337	30	enet	0.28	8.3e-44	-1.13357	2.57e-01
NA	/data/songy4/twas/output/weights_control//ENSG00000113194.wgt.RDat	ENSG00000113194	5	175874629	175937075	0.0727	rs11027	-2.78	rs3756768	 0.032985	  5.41	 0.17874	 362	15	enet	0.038	1.6e-06	 1.32681	1.85e-01
NA	/data/songy4/twas/output/weights_control//ENSG00000146083.wgt.RDat	ENSG00000146083	5	175953698	175965026	0.0926	rs11027	-2.78	rs1366240	 0.107592	  7.97	 1.98182	 369	 1	top1	0.11	4.1e-16	 1.98182	4.75e-02
NA	/data/songy4/twas/output/weights_control//ENSG00000074276.wgt.RDat	ENSG00000074276	5	175969512	176022975	0.0844	rs7442946	 2.77	rs2963295	 0.025135	  5.17	 1.55330	 402	11	lasso	0.048	6.8e-08	 1.45655	1.45e-01
NA	/data/songy4/twas/output/weights_control//ENSG00000169258.wgt.RDat	ENSG00000169258	5	176022803	176037134	0.0786	rs7442946	 2.77	rs11747451	 0.055075	  6.38	-0.60000	 407	16	enet	0.062	8.1e-10	-1.22925	2.19e-01
NA	/data/songy4/twas/output/weights_control//ENSG00000175766.wgt.RDat	ENSG00000175766	5	176057683	176073642	0.0505	rs7442946	 2.77	rs10475626	-0.001237	 -3.72	 1.14423	 414	44	enet	0.0049	0.051	 0.40953	6.82e-01
NA	/data/songy4/twas/output/weights_control//ENSG00000113761.wgt.RDat	ENSG00000113761	5	176449697	176508190	0.0457	rs10463063	-3.38	rs2940521	 0.021379	 -4.09	 1.27000	 417	 1	top1	0.021	0.00026	-1.27000	2.04e-01
NA	/data/songy4/twas/output/weights_control//ENSG00000160867.wgt.RDat	ENSG00000160867	5	176513887	176525145	0.0698	rs10463063	-3.38	rs641101	 0.025244	  5.57	-0.46154	 389	 5	lasso	0.041	6.1e-07	-0.71099	4.77e-01
NA	/data/songy4/twas/output/weights_control//ENSG00000169228.wgt.RDat	ENSG00000169228	5	176728199	176730745	0.0645	rs10463063	-3.38	rs28684504	 0.021349	 -4.82	 2.06849	 316	16	enet	0.026	6.8e-05	-0.05446	9.57e-01
NA	/data/songy4/twas/output/weights_control//ENSG00000213347.wgt.RDat	ENSG00000213347	5	176728462	176739758	0.1360	rs10463063	-3.38	rs10051822	 0.126887	  8.62	-0.46341	 316	 1	top1	0.13	7.3e-19	-0.46341	6.43e-01
NA	/data/songy4/twas/output/weights_control//ENSG00000169230.wgt.RDat	ENSG00000169230	5	176730775	176733960	0.2366	rs10463063	-3.38	rs10051822	 0.233185	-11.63	-0.46341	 316	28	enet	0.27	3.9e-41	 0.60588	5.45e-01
NA	/data/songy4/twas/output/weights_control//ENSG00000113758.wgt.RDat	ENSG00000113758	5	176883609	176901402	0.0408	rs10463063	-3.38	rs335468	 0.035551	 -5.20	-0.28125	 259	 2	lasso	0.037	2.3e-06	 0.25563	7.98e-01
NA	/data/songy4/twas/output/weights_control//ENSG00000196923.wgt.RDat	ENSG00000196923	5	176910395	176924607	0.1196	rs10463063	-3.38	rs2544814	 0.053747	  6.09	 0.60833	 266	 1	top1	0.054	1.1e-08	 0.60833	5.43e-01
NA	/data/songy4/twas/output/weights_control//ENSG00000146094.wgt.RDat	ENSG00000146094	5	176928908	176938275	0.0774	rs10463063	-3.38	rs337388	 0.060264	  6.05	 1.64486	 267	 1	top1	0.06	1.5e-09	 1.64486	1.00e-01
NA	/data/songy4/twas/output/weights_control//ENSG00000146067.wgt.RDat	ENSG00000146067	5	176946789	176981542	0.1293	rs10463063	-3.38	rs335482	 0.133550	  8.92	-0.18254	 260	 5	enet	0.14	1.1e-20	-0.23030	8.18e-01
NA	/data/songy4/twas/output/weights_control//ENSG00000184840.wgt.RDat	ENSG00000184840	5	177019159	177023125	0.1282	rs10463063	-3.38	rs901380	 0.045839	  6.23	-2.14400	 244	10	lasso	0.094	2.9e-14	-0.82638	4.09e-01
NA	/data/songy4/twas/output/weights_control//ENSG00000027847.wgt.RDat	ENSG00000027847	5	177027101	177037348	0.0547	rs10463063	-3.38	rs2133716	 0.013036	 -4.60	 2.66116	 243	14	enet	0.024	0.00011	-2.44654	1.44e-02
NA	/data/songy4/twas/output/weights_control//ENSG00000170074.wgt.RDat	ENSG00000170074	5	177134982	177210399	0.5300	rs7732626	-2.97	rs6601075	 0.299319	 13.16	-1.72961	 322	63	enet	0.35	1.3e-56	-1.02915	3.03e-01
NA	/data/songy4/twas/output/weights_control//ENSG00000050767.wgt.RDat	ENSG00000050767	5	177664619	178017556	0.0945	rs7704963	 3.81	rs1106073	-0.001332	 -4.12	-1.82308	 624	30	enet	0.016	0.0016	 0.68443	4.94e-01
NA	/data/songy4/twas/output/weights_control//ENSG00000113240.wgt.RDat	ENSG00000113240	5	178029665	178057616	0.4721	rs7704963	 3.81	rs10516147	 0.425489	-15.73	-1.62810	 580	19	enet	0.45	1.5e-76	 1.35334	1.76e-01
NA	/data/songy4/twas/output/weights_control//ENSG00000169131.wgt.RDat	ENSG00000169131	5	178138593	178157703	0.4611	rs7704963	 3.81	rs4419608	 0.334156	-14.05	-1.76033	 603	 6	lasso	0.36	1.6e-58	 1.99741	4.58e-02
NA	/data/songy4/twas/output/weights_control//ENSG00000178338.wgt.RDat	ENSG00000178338	5	178286954	178315123	0.0918	rs7704963	 3.81	rs7445694	 0.107623	 -7.94	 0.41905	 587	 1	top1	0.11	4.1e-16	-0.41905	6.75e-01
NA	/data/songy4/twas/output/weights_control//ENSG00000234284.wgt.RDat	ENSG00000234284	5	178450753	178462065	0.3085	rs7704963	 3.81	rs2132671	 0.434847	 16.03	 3.40909	 560	10	enet	0.44	3.4e-75	 3.48435	4.93e-04
NA	/data/songy4/twas/output/weights_control//ENSG00000087116.wgt.RDat	ENSG00000087116	5	178537852	178772431	0.0614	rs7704963	 3.81	rs340419	 0.037093	 -5.47	-0.15351	 617	 3	lasso	0.043	3.2e-07	 0.42829	6.68e-01
NA	/data/songy4/twas/output/weights_control//ENSG00000176783.wgt.RDat	ENSG00000176783	5	178977559	179037027	0.1865	rs7711420	 3.67	rs4700810	 0.143546	 -9.31	-1.49020	 498	 1	top1	0.14	2.8e-21	 1.49020	1.36e-01
NA	/data/songy4/twas/output/weights_control//ENSG00000213316.wgt.RDat	ENSG00000213316	5	179220981	179223648	0.0876	rs163498	-3.43	rs6895902	 0.078985	  6.91	 0.84694	 433	 1	top1	0.079	4e-12	 0.84694	3.97e-01
NA	/data/songy4/twas/output/weights_control//ENSG00000161013.wgt.RDat	ENSG00000161013	5	179224597	179233952	0.2322	rs163498	-3.43	rs2291417	 0.109775	 -8.37	 1.26820	 447	18	enet	0.12	6.8e-18	-0.79085	4.29e-01
NA	/data/songy4/twas/output/weights_control//ENSG00000161011.wgt.RDat	ENSG00000161011	5	179233388	179265078	0.0585	rs163498	-3.43	rs10277	 0.006439	  4.32	-0.19355	 465	 1	top1	0.0064	0.03	-0.19355	8.47e-01
NA	/data/songy4/twas/output/weights_control//ENSG00000197226.wgt.RDat	ENSG00000197226	5	179289066	179334859	0.2626	rs4516815	 2.55	rs28011	 0.055336	 -6.44	-1.80702	 460	86	enet	0.22	2.8e-32	-0.80313	4.22e-01
NA	/data/songy4/twas/output/weights_control//ENSG00000113269.wgt.RDat	ENSG00000113269	5	179338651	179499118	0.0606	rs4516815	 2.55	rs10036834	 0.003933	 -4.12	-0.53435	 487	10	enet	0.017	0.001	 1.30121	1.93e-01
NA	/data/songy4/twas/output/weights_control//ENSG00000050748.wgt.RDat	ENSG00000050748	5	179660143	179719099	0.2463	rs10064443	 2.86	rs6601105	 0.120895	  9.56	-0.43434	 462	31	enet	0.22	1e-33	-0.71195	4.76e-01
NA	/data/songy4/twas/output/weights_control//ENSG00000113300.wgt.RDat	ENSG00000113300	5	179921412	180005405	0.2400	rs10064443	 2.86	rs10052782	 0.215378	 11.25	 0.17105	 440	 1	top1	0.22	2.9e-32	 0.17105	8.64e-01
NA	/data/songy4/twas/output/weights_control//ENSG00000161055.wgt.RDat	ENSG00000161055	5	180017103	180018540	0.5709	rs10064443	 2.86	rs10052782	 0.563319	 18.02	 0.17105	 408	 1	top1	0.56	2.2e-105	 0.17105	8.64e-01
NA	/data/songy4/twas/output/weights_control//ENSG00000037280.wgt.RDat	ENSG00000037280	5	180028506	180076624	0.3397	rs10064443	 2.86	rs10052782	 0.207484	 10.93	 0.17105	 425	23	enet	0.23	1.7e-34	-0.00514	9.96e-01
NA	/data/songy4/twas/output/weights_control//ENSG00000131446.wgt.RDat	ENSG00000131446	5	180217541	180242652	0.3109	rs10064443	 2.86	rs4700986	 0.114444	  8.69	-1.35659	 398	 4	lasso	0.17	1.1e-24	-1.01342	3.11e-01
NA	/data/songy4/twas/output/weights_control//ENSG00000196670.wgt.RDat	ENSG00000196670	5	180274611	180288286	0.2378	rs10064443	 2.86	rs249307	 0.179868	 10.36	 1.85470	 350	 1	top1	0.18	1e-26	 1.85470	6.36e-02
NA	/data/songy4/twas/output/weights_control//ENSG00000113303.wgt.RDat	ENSG00000113303	5	180326077	180377906	0.5436	rs10064443	 2.86	rs4700772	 0.459637	-16.30	-0.52137	 329	38	enet	0.54	2.2e-99	 0.15990	8.73e-01
NA	/data/songy4/twas/output/weights_control//ENSG00000168903.wgt.RDat	ENSG00000168903	5	180415845	180433727	0.7883	rs10064443	 2.86	rs4700772	 0.560584	 18.19	-0.52137	 298	95	enet	0.77	5.8e-186	 0.41792	6.76e-01
NA	/data/songy4/twas/output/weights_control//ENSG00000165810.wgt.RDat	ENSG00000165810	5	180467225	180488523	0.2912	rs10064443	 2.86	rs7709346	 0.268440	 12.64	 0.17021	 283	47	enet	0.34	2e-53	-0.18452	8.54e-01
