PANEL	FILE	ID	CHR	P0	P1	HSQ	BEST.GWAS.ID	BEST.GWAS.Z	EQTL.ID	EQTL.R2	EQTL.Z	EQTL.GWAS.Z	NSNP	NWGT	MODEL	MODELCV.R2	MODELCV.PV	TWAS.Z	TWAS.P
NA	/data/songy4/twas/output/weights_control//ENSG00000250312.wgt.RDat	ENSG00000250312	4	124386	157779	0.6049	rs35649145	 -2.73	rs11735742	 1.80e-01	 10.27	 -0.2593	 158	 24	enet	0.34	8.4e-55	  0.51775	6.05e-01
NA	/data/songy4/twas/output/weights_control//ENSG00000186777.wgt.RDat	ENSG00000186777	4	264464	299110	0.0255	rs17164972	 -5.37	rs11736321	 2.50e-03	  3.73	 -0.0541	 218	  1	top1	0.0025	0.12	 -0.05405	9.57e-01
NA	/data/songy4/twas/output/weights_control//ENSG00000131127.wgt.RDat	ENSG00000131127	4	331603	378653	0.2264	rs11248051	 10.93	rs7695915	 4.09e-02	 -6.34	 -0.9076	 263	 24	enet	0.1	1e-15	 -0.70074	4.83e-01
NA	/data/songy4/twas/output/weights_control//ENSG00000182903.wgt.RDat	ENSG00000182903	4	419604	492945	0.0794	rs4690326	 12.47	rs6838825	 1.59e-02	 -4.68	 -0.6250	 315	  1	top1	0.016	0.0014	  0.62500	5.32e-01
NA	/data/songy4/twas/output/weights_control//ENSG00000174227.wgt.RDat	ENSG00000174227	4	492989	533985	0.0958	rs4690326	 12.47	rs11947207	 2.09e-02	 -5.07	  0.2146	 335	 33	enet	0.027	4.2e-05	  1.46733	1.42e-01
NA	/data/songy4/twas/output/weights_control//ENSG00000133256.wgt.RDat	ENSG00000133256	4	619373	664571	0.0595	rs4690326	 12.47	rs28470912	 5.75e-02	  6.10	  0.1892	 391	  1	top1	0.058	3.4e-09	  0.18919	8.50e-01
NA	/data/songy4/twas/output/weights_control//ENSG00000215375.wgt.RDat	ENSG00000215375	4	667369	675822	0.0529	rs4690326	 12.47	rs17165034	 1.36e-02	 -4.20	 -3.4857	 388	 28	enet	0.015	0.0017	  6.86680	6.57e-12
NA	/data/songy4/twas/output/weights_control//ENSG00000169026.wgt.RDat	ENSG00000169026	4	675618	683230	0.3245	rs4690326	 12.47	rs4690187	 2.69e-01	-12.56	 -4.4660	 387	 30	enet	0.28	3.9e-43	  7.01653	2.27e-12
NA	/data/songy4/twas/output/weights_control//ENSG00000185619.wgt.RDat	ENSG00000185619	4	699537	764428	0.7291	rs4690326	 12.47	rs12510790	 3.59e-01	 14.41	 -0.5644	 413	 14	lasso	0.6	3.1e-117	 -1.59503	1.11e-01
NA	/data/songy4/twas/output/weights_control//ENSG00000145214.wgt.RDat	ENSG00000145214	4	952675	980683	0.6020	rs4690326	 12.47	rs11724804	 5.87e-01	 18.37	-10.8854	 407	 32	enet	0.61	5.9e-119	-10.60991	2.68e-26
NA	/data/songy4/twas/output/weights_control//ENSG00000127415.wgt.RDat	ENSG00000127415	4	980785	998316	0.1428	rs4690326	 12.47	rs873785	 5.43e-02	  6.88	-10.8485	 400	  6	lasso	0.081	1.8e-12	-10.83102	2.45e-27
NA	/data/songy4/twas/output/weights_control//ENSG00000127418.wgt.RDat	ENSG00000127418	4	1003724	1020685	0.2400	rs4690326	 12.47	rs6815946	 8.48e-02	  7.33	  2.4531	 399	 26	enet	0.13	1.8e-19	  1.40011	1.61e-01
NA	/data/songy4/twas/output/weights_control//ENSG00000178222.wgt.RDat	ENSG00000178222	4	1050038	1107350	0.1021	rs4690326	 12.47	rs2127908	 4.26e-02	 -5.16	 -2.1584	 389	 39	enet	0.049	4.5e-08	  2.62687	8.62e-03
NA	/data/songy4/twas/output/weights_control//ENSG00000159674.wgt.RDat	ENSG00000159674	4	1160720	1202750	0.0902	rs4690326	 12.47	rs10014245	 2.43e-02	  5.09	 -1.0000	 396	 25	enet	0.044	2.3e-07	  1.31854	1.87e-01
NA	/data/songy4/twas/output/weights_control//ENSG00000090316.wgt.RDat	ENSG00000090316	4	1283639	1333935	0.0782	rs4690326	 12.47	rs2293630	 4.39e-02	  6.05	 -0.7895	 401	  5	lasso	0.056	6.4e-09	 -0.00613	9.95e-01
NA	/data/songy4/twas/output/weights_control//ENSG00000163945.wgt.RDat	ENSG00000163945	4	1341054	1381837	0.6571	rs4690326	 12.47	rs1680032	 2.53e-01	 12.38	 -1.7628	 379	100	enet	0.53	2.5e-95	 -1.49476	1.35e-01
NA	/data/songy4/twas/output/weights_control//ENSG00000174137.wgt.RDat	ENSG00000174137	4	1619642	1686029	0.1884	rs17742599	 -4.72	rs798727	 1.91e-01	 10.90	 -1.2200	 299	  3	lasso	0.19	1.3e-28	 -0.97097	3.32e-01
NA	/data/songy4/twas/output/weights_control//ENSG00000163950.wgt.RDat	ENSG00000163950	4	1694527	1714282	0.1588	rs17742599	 -4.72	rs2854915	 1.21e-01	 -8.47	  0.1064	 277	 24	enet	0.12	2.8e-18	  0.71367	4.75e-01
NA	/data/songy4/twas/output/weights_control//ENSG00000168936.wgt.RDat	ENSG00000168936	4	1717679	1723085	0.1439	rs17742599	 -4.72	rs2403293	 1.47e-01	 -9.27	  0.1837	 273	  4	lasso	0.15	5.4e-22	  0.05888	9.53e-01
NA	/data/songy4/twas/output/weights_control//ENSG00000013810.wgt.RDat	ENSG00000013810	4	1723227	1746898	0.3605	rs17742599	 -4.72	rs798759	 3.70e-01	-14.70	  0.0638	 284	 16	enet	0.39	2.2e-63	  0.01157	9.91e-01
NA	/data/songy4/twas/output/weights_control//ENSG00000159733.wgt.RDat	ENSG00000159733	4	2271309	2420390	0.0910	rs16843452	 -5.18	rs12499021	 4.34e-02	  6.51	 -0.2136	 379	  5	lasso	0.064	4.9e-10	  0.00142	9.99e-01
NA	/data/songy4/twas/output/weights_control//ENSG00000063978.wgt.RDat	ENSG00000063978	4	2463947	2627047	0.1870	rs16843452	 -5.18	rs704353	 1.32e-01	  9.02	  0.9302	 437	 43	enet	0.15	7.6e-22	  0.60892	5.43e-01
NA	/data/songy4/twas/output/weights_control//ENSG00000168884.wgt.RDat	ENSG00000168884	4	2743375	2758103	0.2180	rs16843452	 -5.18	rs16843316	 1.06e-01	  8.38	  1.7668	 402	  6	lasso	0.12	7.1e-18	  1.24501	2.13e-01
NA	/data/songy4/twas/output/weights_control//ENSG00000087274.wgt.RDat	ENSG00000087274	4	2845584	2931803	0.0661	rs16843452	 -5.18	rs16843452	 2.17e-02	 -4.63	 -5.1825	 421	 23	enet	0.05	3.1e-08	  4.66931	3.02e-06
NA	/data/songy4/twas/output/weights_control//ENSG00000125388.wgt.RDat	ENSG00000125388	4	2965335	3042474	0.2217	rs16843452	 -5.18	rs3021146	 2.06e-01	-11.00	  2.5354	 438	  1	top1	0.21	7.7e-31	 -2.53535	1.12e-02
NA	/data/songy4/twas/output/weights_control//ENSG00000188981.wgt.RDat	ENSG00000188981	4	3246096	3273465	0.1073	rs16843452	 -5.18	rs3095081	 4.82e-02	  6.08	 -0.7253	 427	  4	lasso	0.064	4.5e-10	 -1.13370	2.57e-01
NA	/data/songy4/twas/output/weights_control//ENSG00000159788.wgt.RDat	ENSG00000159788	4	3294755	3441640	0.2668	rs16843452	 -5.18	rs3129308	 1.92e-01	 10.67	 -0.0714	 429	 11	lasso	0.27	3.3e-41	 -1.02139	3.07e-01
NA	/data/songy4/twas/output/weights_control//ENSG00000175920.wgt.RDat	ENSG00000175920	4	3465033	3503200	0.2053	rs2342295	  3.66	rs1881803	 2.19e-01	-11.32	  1.2147	 354	  1	top1	0.22	8.9e-33	 -1.21468	2.24e-01
NA	/data/songy4/twas/output/weights_control//ENSG00000163956.wgt.RDat	ENSG00000163956	4	3508103	3534286	0.1086	rs2342295	  3.66	rs1741556	 6.73e-02	  6.87	  0.9423	 341	 15	enet	0.078	6.4e-12	  0.97109	3.32e-01
NA	/data/songy4/twas/output/weights_control//ENSG00000132406.wgt.RDat	ENSG00000132406	4	4237269	4249950	0.1511	rs9291068	  2.76	rs2916468	 6.10e-02	 -6.24	 -0.1875	 379	 31	enet	0.09	1.1e-13	  0.50448	6.14e-01
NA	/data/songy4/twas/output/weights_control//ENSG00000145220.wgt.RDat	ENSG00000145220	4	4269428	4291896	0.0801	rs9291068	  2.76	rs10937831	 9.58e-02	  7.70	  0.5872	 382	  1	top1	0.096	1.9e-14	  0.58716	5.57e-01
NA	/data/songy4/twas/output/weights_control//ENSG00000168826.wgt.RDat	ENSG00000168826	4	4291924	4323513	0.1253	rs9291068	  2.76	rs17701611	 6.73e-02	  6.37	 -0.0833	 410	 26	enet	0.075	1.6e-11	 -0.28900	7.73e-01
NA	/data/songy4/twas/output/weights_control//ENSG00000168824.wgt.RDat	ENSG00000168824	4	4349867	4420785	0.6207	rs9291068	  2.76	rs6843595	 4.65e-01	-16.43	 -0.4034	 450	 26	enet	0.62	1.6e-123	  0.24011	8.10e-01
NA	/data/songy4/twas/output/weights_control//ENSG00000170891.wgt.RDat	ENSG00000170891	4	5016313	5021199	0.1975	rs12651560	  3.35	rs9998195	 1.38e-01	  9.07	 -0.6107	 611	  6	lasso	0.15	4.1e-22	 -0.45752	6.47e-01
NA	/data/songy4/twas/output/weights_control//ENSG00000173040.wgt.RDat	ENSG00000173040	4	5544499	5711275	0.2150	rs12651560	  3.35	rs2291157	 1.35e-01	  8.90	 -1.7545	 822	  4	lasso	0.14	4.3e-20	 -1.81789	6.91e-02
NA	/data/songy4/twas/output/weights_control//ENSG00000181215.wgt.RDat	ENSG00000181215	4	5958845	5991545	0.2947	rs13112194	  3.57	rs17773514	 1.48e-01	 10.35	  0.6094	 758	 20	enet	0.24	3.4e-36	  0.50831	6.11e-01
NA	/data/songy4/twas/output/weights_control//ENSG00000152969.wgt.RDat	ENSG00000152969	4	6027926	6202318	0.2955	rs13112194	  3.57	rs11727104	 1.52e-01	 10.15	  0.5347	 824	  4	lasso	0.2	5.1e-30	  0.63970	5.22e-01
NA	/data/songy4/twas/output/weights_control//ENSG00000013288.wgt.RDat	ENSG00000013288	4	6576902	6625089	0.2000	rs13112194	  3.57	rs4689487	 1.46e-01	 -9.60	  0.6452	 547	  3	lasso	0.16	3.9e-23	 -0.50517	6.13e-01
NA	/data/songy4/twas/output/weights_control//ENSG00000170846.wgt.RDat	ENSG00000170846	4	6675178	6677774	0.3589	rs13112194	  3.57	rs11946525	 8.49e-02	  8.76	 -1.3012	 552	  4	lasso	0.19	9.6e-28	 -0.82358	4.10e-01
NA	/data/songy4/twas/output/weights_control//ENSG00000163993.wgt.RDat	ENSG00000163993	4	6694796	6698897	0.7592	rs13112194	  3.57	rs3822262	 6.46e-01	-19.29	 -0.4706	 554	  5	lasso	0.65	1.4e-131	  0.43916	6.61e-01
NA	/data/songy4/twas/output/weights_control//ENSG00000132405.wgt.RDat	ENSG00000132405	4	6910969	7034845	0.2136	rs28401383	 -2.64	rs7668673	 2.59e-01	-12.31	  1.5089	 693	  1	top1	0.26	1.9e-39	 -1.50893	1.31e-01
NA	/data/songy4/twas/output/weights_control//ENSG00000196526.wgt.RDat	ENSG00000196526	4	7760441	7941653	0.5973	rs13139446	 -2.63	rs11930623	 5.71e-01	 18.14	 -0.0101	 868	 54	enet	0.66	5.2e-137	 -0.43546	6.63e-01
NA	/data/songy4/twas/output/weights_control//ENSG00000087008.wgt.RDat	ENSG00000087008	4	8368009	8442450	0.0559	rs13139446	 -2.63	rs7697154	 4.26e-03	  4.53	  0.3739	 526	  7	lasso	0.0084	0.016	  0.10136	9.19e-01
NA	/data/songy4/twas/output/weights_control//ENSG00000155275.wgt.RDat	ENSG00000155275	4	8437867	8495258	0.0476	rs13139446	 -2.63	rs13140128	-1.17e-03	  3.50	  0.4800	 498	 24	enet	0.0021	0.14	 -0.24969	8.03e-01
NA	/data/songy4/twas/output/weights_control//ENSG00000229924.wgt.RDat	ENSG00000229924	4	9172135	9178453	0.1501	rs7378503	  2.14	rs6854838	 1.10e-01	  8.15	  1.2872	  57	  1	top1	0.11	1.9e-16	  1.28723	1.98e-01
NA	/data/songy4/twas/output/weights_control//ENSG00000232399.wgt.RDat	ENSG00000232399	4	9212383	9228214	0.0173	rs13135404	  1.79	rs10010621	 1.66e-02	  3.93	 -0.1608	  54	  1	top1	0.017	0.0011	 -0.16077	8.72e-01
NA	/data/songy4/twas/output/weights_control//ENSG00000231396.wgt.RDat	ENSG00000231396	4	9212383	9213975	0.1199	rs13135404	  1.79	rs6854838	 1.03e-01	  7.79	  1.2872	  46	  1	top1	0.1	1.7e-15	  1.28723	1.98e-01
NA	/data/songy4/twas/output/weights_control//ENSG00000233136.wgt.RDat	ENSG00000233136	4	9217131	9218723	0.0419	rs13135404	  1.79	rs7375281	 4.82e-02	  6.89	 -0.1924	  48	  1	top1	0.048	6.2e-08	 -0.19243	8.47e-01
NA	/data/songy4/twas/output/weights_control//ENSG00000229579.wgt.RDat	ENSG00000229579	4	9336384	9337976	0.9407	rs6854838	  1.29	rs1809401	-1.66e-03	  4.70	  0.4690	  80	 19	lasso	-0.0013	0.62	  0.04559	9.64e-01
NA	/data/songy4/twas/output/weights_control//ENSG00000109667.wgt.RDat	ENSG00000109667	4	9772777	10056560	0.3961	rs12505366	  2.92	rs12506004	 3.75e-01	 14.69	  1.4706	 572	  8	lasso	0.39	3.7e-63	  1.30309	1.93e-01
NA	/data/songy4/twas/output/weights_control//ENSG00000071127.wgt.RDat	ENSG00000071127	4	10075963	10118573	0.2343	rs12505366	  2.92	rs9926	 2.75e-01	 12.66	  0.2768	 600	  5	lasso	0.28	3.1e-42	  0.36641	7.14e-01
NA	/data/songy4/twas/output/weights_control//ENSG00000178163.wgt.RDat	ENSG00000178163	4	10441498	10459034	0.0967	rs4697650	  3.28	rs4339203	 6.43e-02	 -6.83	 -1.5214	 651	  5	lasso	0.066	2.6e-10	  1.55762	1.19e-01
NA	/data/songy4/twas/output/weights_control//ENSG00000002587.wgt.RDat	ENSG00000002587	4	11394774	11431389	0.0529	rs12163794	 -3.28	rs425002	 3.06e-02	  5.03	 -0.7451	 625	 12	enet	0.031	1.5e-05	 -0.46993	6.38e-01
NA	/data/songy4/twas/output/weights_control//ENSG00000038219.wgt.RDat	ENSG00000038219	4	13570362	13629347	0.0841	rs17340021	  3.50	rs12506352	 9.81e-02	  7.66	 -1.0464	 503	  1	top1	0.098	8.8e-15	 -1.04636	2.95e-01
NA	/data/songy4/twas/output/weights_control//ENSG00000137449.wgt.RDat	ENSG00000137449	4	15004298	15071777	0.1469	rs12508186	  5.17	rs12646901	 7.88e-02	 -8.51	 -0.9072	 527	  3	lasso	0.11	2.9e-16	  0.84561	3.98e-01
NA	/data/songy4/twas/output/weights_control//ENSG00000118564.wgt.RDat	ENSG00000118564	4	15606162	15683302	0.1047	rs4698412	-11.01	rs872678	 8.36e-02	 -7.36	  3.3077	 597	 10	enet	0.086	4.4e-13	 -2.96030	3.07e-03
NA	/data/songy4/twas/output/weights_control//ENSG00000109743.wgt.RDat	ENSG00000109743	4	15704573	15739936	0.0847	rs4698412	-11.01	rs4326008	 5.53e-02	  5.76	 -1.5398	 567	  1	top1	0.055	7e-09	 -1.53982	1.24e-01
NA	/data/songy4/twas/output/weights_control//ENSG00000137441.wgt.RDat	ENSG00000137441	4	15961866	15970932	0.0544	rs4698412	-11.01	rs4698432	 3.81e-02	 -5.23	 -0.9020	 579	  1	top1	0.038	1.4e-06	  0.90196	3.67e-01
NA	/data/songy4/twas/output/weights_control//ENSG00000151552.wgt.RDat	ENSG00000151552	4	17461884	17513857	0.3857	rs16896128	 -6.28	rs7661303	 2.34e-01	-11.73	 -0.8559	 472	  1	top1	0.23	2.5e-35	  0.85593	3.92e-01
NA	/data/songy4/twas/output/weights_control//ENSG00000002549.wgt.RDat	ENSG00000002549	4	17578815	17609595	0.3973	rs16896128	 -6.28	rs3796812	 5.83e-01	 18.38	 -0.8367	 437	 10	lasso	0.58	2.6e-111	 -0.90610	3.65e-01
NA	/data/songy4/twas/output/weights_control//ENSG00000163257.wgt.RDat	ENSG00000163257	4	17802278	17812381	0.0762	rs16896128	 -6.28	rs2074974	 5.86e-02	  6.54	  1.2870	 386	  1	top1	0.059	2.5e-09	  1.28704	1.98e-01
NA	/data/songy4/twas/output/weights_control//ENSG00000145147.wgt.RDat	ENSG00000145147	4	20254883	20622184	0.0569	rs10032561	 -2.80	rs6846397	 4.08e-02	  5.57	  0.7477	 587	  6	lasso	0.042	3.9e-07	  0.54686	5.84e-01
NA	/data/songy4/twas/output/weights_control//ENSG00000185774.wgt.RDat	ENSG00000185774	4	20730239	21950422	0.1339	rs11944745	  3.62	rs4377576	 8.52e-03	  6.40	 -2.4200	1047	 11	lasso	0.057	3.5e-09	 -1.68489	9.20e-02
NA	/data/songy4/twas/output/weights_control//ENSG00000152990.wgt.RDat	ENSG00000152990	4	22346694	22517677	0.1041	rs4466029	 -3.19	rs7697959	 1.68e-02	 -4.37	  1.4257	 429	  7	lasso	0.026	5.5e-05	 -0.67146	5.02e-01
NA	/data/songy4/twas/output/weights_control//ENSG00000109819.wgt.RDat	ENSG00000109819	4	23756664	23905712	0.3844	rs10517029	 -3.14	rs17637318	 1.65e-01	  9.83	 -0.8108	 603	  8	lasso	0.21	1.5e-31	  0.27094	7.86e-01
NA	/data/songy4/twas/output/weights_control//ENSG00000181982.wgt.RDat	ENSG00000181982	4	24807739	24981826	0.0995	rs6826966	 -3.09	rs4697493	-1.53e-03	  4.21	 -0.9173	 590	 20	enet	0.013	0.0035	  0.10772	9.14e-01
NA	/data/songy4/twas/output/weights_control//ENSG00000109618.wgt.RDat	ENSG00000109618	4	25121627	25162204	0.1082	rs6826966	 -3.09	rs13106651	 2.18e-02	  5.68	 -0.3429	 564	 15	enet	0.065	3.6e-10	  0.66578	5.06e-01
NA	/data/songy4/twas/output/weights_control//ENSG00000038210.wgt.RDat	ENSG00000038210	4	25162263	25280714	0.0993	rs6826966	 -3.09	rs6838393	 5.86e-02	  6.57	 -0.8850	 614	  1	top1	0.059	2.4e-09	 -0.88496	3.76e-01
NA	/data/songy4/twas/output/weights_control//ENSG00000168228.wgt.RDat	ENSG00000168228	4	25314407	25372005	0.0757	rs6826966	 -3.09	rs7689775	 2.04e-02	  5.63	 -0.8783	 570	 19	enet	0.034	5.1e-06	 -0.55802	5.77e-01
NA	/data/songy4/twas/output/weights_control//ENSG00000053900.wgt.RDat	ENSG00000053900	4	25378835	25420120	0.1095	rs6826966	 -3.09	rs2012286	 1.53e-01	  9.92	 -1.6170	 562	 18	enet	0.16	8.9e-24	 -1.13250	2.57e-01
NA	/data/songy4/twas/output/weights_control//ENSG00000168214.wgt.RDat	ENSG00000168214	4	26165077	26436541	0.1835	rs6834960	  2.58	rs4558863	 1.98e-02	  5.65	 -0.2713	 491	 40	enet	0.096	1.5e-14	  0.28864	7.73e-01
NA	/data/songy4/twas/output/weights_control//ENSG00000109680.wgt.RDat	ENSG00000109680	4	26578059	26756973	0.0342	rs4270576	  2.47	rs4692549	 3.08e-02	 -4.67	  0.2330	 415	  1	top1	0.031	1.4e-05	 -0.23301	8.16e-01
NA	/data/songy4/twas/output/weights_control//ENSG00000109689.wgt.RDat	ENSG00000109689	4	26859300	27027003	0.0915	rs4692195	 -2.52	rs6822297	 7.13e-02	 -6.93	  0.1809	 440	  3	lasso	0.1	4.3e-15	  0.53736	5.91e-01
NA	/data/songy4/twas/output/weights_control//ENSG00000047365.wgt.RDat	ENSG00000047365	4	35949843	36246131	0.1172	rs6849048	  3.24	rs9306932	 5.52e-02	 -5.77	  0.5768	 590	 20	enet	0.069	1.1e-10	 -0.23939	8.11e-01
NA	/data/songy4/twas/output/weights_control//ENSG00000169299.wgt.RDat	ENSG00000169299	4	37828255	37864558	0.1898	rs17578057	  3.29	rs3775793	 2.00e-01	 10.82	  0.4216	 683	  3	lasso	0.2	6.1e-30	  0.46232	6.44e-01
NA	/data/songy4/twas/output/weights_control//ENSG00000065882.wgt.RDat	ENSG00000065882	4	37892708	38140796	0.2207	rs17578057	  3.29	rs17425534	 4.17e-02	  6.32	  1.2500	 809	 11	lasso	0.075	1.4e-11	  0.38952	6.97e-01
NA	/data/songy4/twas/output/weights_control//ENSG00000250254.wgt.RDat	ENSG00000250254	4	37962056	37962746	0.0584	rs17578057	  3.29	rs3775793	-6.97e-07	  3.70	  0.4216	 672	 18	enet	0.0038	0.075	  0.67971	4.97e-01
NA	/data/songy4/twas/output/weights_control//ENSG00000174125.wgt.RDat	ENSG00000174125	4	38792298	38858438	0.1195	rs12233656	 -3.01	rs5743593	 1.33e-01	 -9.06	 -0.6344	 547	  4	lasso	0.13	7.8e-20	  0.57171	5.68e-01
NA	/data/songy4/twas/output/weights_control//ENSG00000174130.wgt.RDat	ENSG00000174130	4	38825336	38858438	0.1121	rs12233656	 -3.01	rs5743593	 7.59e-02	 -7.61	 -0.5825	 524	  3	lasso	0.11	1.1e-16	  1.37992	1.68e-01
NA	/data/songy4/twas/output/weights_control//ENSG00000121895.wgt.RDat	ENSG00000121895	4	38968365	39034542	0.3788	rs12233656	 -3.01	rs2288633	 1.21e-01	 -8.42	  1.1016	 516	 58	enet	0.22	1.9e-32	 -1.71722	8.59e-02
NA	/data/songy4/twas/output/weights_control//ENSG00000109790.wgt.RDat	ENSG00000109790	4	39046659	39128477	0.2846	rs12233656	 -3.01	rs7686415	 2.49e-01	 12.30	  0.3878	 507	 31	enet	0.33	9.5e-53	 -0.53650	5.92e-01
NA	/data/songy4/twas/output/weights_control//ENSG00000157796.wgt.RDat	ENSG00000157796	4	39184024	39287430	0.0926	rs4388095	  3.18	rs12646251	 7.93e-02	 -8.12	  0.2632	 491	  8	lasso	0.09	1.3e-13	 -0.22950	8.18e-01
NA	/data/songy4/twas/output/weights_control//ENSG00000035928.wgt.RDat	ENSG00000035928	4	39289076	39367995	0.0656	rs4388095	  3.18	rs13123782	 6.48e-02	  6.39	  0.4796	 454	  1	top1	0.065	3.6e-10	  0.47959	6.32e-01
NA	/data/songy4/twas/output/weights_control//ENSG00000163682.wgt.RDat	ENSG00000163682	4	39455744	39460568	0.2628	rs4388095	  3.18	rs2249563	 1.79e-01	 10.26	  2.0000	 382	  5	lasso	0.18	5.8e-27	  2.09499	3.62e-02
NA	/data/songy4/twas/output/weights_control//ENSG00000121897.wgt.RDat	ENSG00000121897	4	39460620	39479273	0.0963	rs4388095	  3.18	rs16995300	 3.78e-02	 -5.73	  0.8431	 383	  4	lasso	0.071	4.4e-11	 -0.00156	9.99e-01
NA	/data/songy4/twas/output/weights_control//ENSG00000109814.wgt.RDat	ENSG00000109814	4	39500375	39529931	0.0673	rs4388095	  3.18	rs7658676	 1.13e-02	 -4.73	 -0.3302	 368	 24	enet	0.059	2e-09	 -0.46251	6.44e-01
NA	/data/songy4/twas/output/weights_control//ENSG00000078140.wgt.RDat	ENSG00000078140	4	39699664	39784412	0.0830	rs4388095	  3.18	rs10517530	 7.65e-02	 -6.79	 -1.3131	 409	  3	lasso	0.081	2.4e-12	  1.53861	1.24e-01
NA	/data/songy4/twas/output/weights_control//ENSG00000121892.wgt.RDat	ENSG00000121892	4	39824483	39979576	0.0414	rs4388095	  3.18	rs305835	 9.02e-03	  4.46	 -0.4634	 484	  9	lasso	0.012	0.0045	 -0.72237	4.70e-01
NA	/data/songy4/twas/output/weights_control//ENSG00000078177.wgt.RDat	ENSG00000078177	4	40058446	40159872	0.1541	rs4388095	  3.18	rs11097014	 1.14e-01	  9.32	  1.2793	 458	 19	enet	0.15	1.5e-21	  0.74343	4.57e-01
NA	/data/songy4/twas/output/weights_control//ENSG00000163694.wgt.RDat	ENSG00000163694	4	40425272	40632892	0.1221	rs4861333	  3.38	rs10012367	 6.78e-02	  6.65	 -0.6667	 543	 18	enet	0.099	6.6e-15	 -0.67720	4.98e-01
NA	/data/songy4/twas/output/weights_control//ENSG00000179299.wgt.RDat	ENSG00000179299	4	40751914	40812002	0.3094	rs4861333	  3.38	rs790142	 1.70e-01	 10.42	 -0.7714	 514	 13	enet	0.2	2.2e-29	 -0.69383	4.88e-01
NA	/data/songy4/twas/output/weights_control//ENSG00000163697.wgt.RDat	ENSG00000163697	4	40812044	41218731	0.4920	rs4861333	  3.38	rs11940114	 3.98e-01	 15.11	  0.4338	 664	 10	lasso	0.41	6.8e-68	  0.28729	7.74e-01
NA	/data/songy4/twas/output/weights_control//ENSG00000154277.wgt.RDat	ENSG00000154277	4	41258430	41270472	0.0508	rs4861333	  3.38	rs11940114	 1.93e-02	  4.63	  0.4338	 469	  1	top1	0.019	0.00048	  0.43382	6.64e-01
NA	/data/songy4/twas/output/weights_control//ENSG00000064042.wgt.RDat	ENSG00000064042	4	41361624	41702061	0.1723	rs11930133	 -4.11	rs6447061	 2.16e-02	  5.38	 -1.3429	 590	 26	enet	0.12	1.8e-17	 -0.28888	7.73e-01
NA	/data/songy4/twas/output/weights_control//ENSG00000182308.wgt.RDat	ENSG00000182308	4	41983713	41988476	0.0808	rs11930133	 -4.11	rs4861156	 4.17e-04	  4.19	 -1.6690	 420	 24	enet	0.019	0.00061	 -0.29086	7.71e-01
NA	/data/songy4/twas/output/weights_control//ENSG00000014824.wgt.RDat	ENSG00000014824	4	41992489	42092474	0.0991	rs11930133	 -4.11	rs4299622	-9.52e-04	 -3.96	 -1.1678	 457	 58	enet	0.025	8.5e-05	  1.67874	9.32e-02
NA	/data/songy4/twas/output/weights_control//ENSG00000188848.wgt.RDat	ENSG00000188848	4	42112955	42154895	0.0658	rs11930133	 -4.11	rs7672084	-1.40e-03	 -3.56	  0.9216	 457	 14	enet	0.026	5.8e-05	  1.89517	5.81e-02
NA	/data/songy4/twas/output/weights_control//ENSG00000124406.wgt.RDat	ENSG00000124406	4	42410390	42659122	0.1731	rs11930133	 -4.11	rs1460347	 1.20e-01	  8.74	 -0.7031	 585	 22	enet	0.15	1e-21	 -0.39027	6.96e-01
NA	/data/songy4/twas/output/weights_control//ENSG00000151806.wgt.RDat	ENSG00000151806	4	44680444	44702943	0.0650	rs12508467	 -3.03	rs2348351	 8.29e-02	  7.91	 -2.1000	 382	  7	enet	0.087	3.2e-13	 -2.22841	2.59e-02
NA	/data/songy4/twas/output/weights_control//ENSG00000163285.wgt.RDat	ENSG00000163285	4	46037786	46126098	0.2366	rs4293822	  3.03	rs1389040	 1.77e-02	  3.44	 -0.0957	 273	 60	enet	0.053	1.2e-08	 -0.60377	5.46e-01
NA	/data/songy4/twas/output/weights_control//ENSG00000145246.wgt.RDat	ENSG00000145246	4	47487305	47595503	0.0716	rs17539361	 -3.41	rs13106855	 5.15e-02	 -5.67	  0.0202	 438	  4	lasso	0.064	5.3e-10	 -0.34451	7.30e-01
NA	/data/songy4/twas/output/weights_control//ENSG00000145244.wgt.RDat	ENSG00000145244	4	47596015	47840123	0.5140	rs17609346	 -3.52	rs1371729	 6.19e-01	 18.86	 -0.3296	 525	  1	top1	0.62	1.8e-122	 -0.32956	7.42e-01
NA	/data/songy4/twas/output/weights_control//ENSG00000170448.wgt.RDat	ENSG00000170448	4	47849257	47916653	0.6284	rs17609346	 -3.52	rs6823698	 7.55e-01	 20.83	 -0.2855	 444	 12	lasso	0.76	1.7e-178	 -0.30155	7.63e-01
NA	/data/songy4/twas/output/weights_control//ENSG00000163293.wgt.RDat	ENSG00000163293	4	47916159	48042188	0.4436	rs17609346	 -3.52	rs1822030	 5.56e-01	 17.90	 -0.2812	 453	  9	lasso	0.56	1e-103	 -0.28077	7.79e-01
NA	/data/songy4/twas/output/weights_control//ENSG00000074966.wgt.RDat	ENSG00000074966	4	48068410	48136273	0.1014	rs17609346	 -3.52	rs4695345	 8.28e-02	  7.17	 -1.3077	 402	  3	lasso	0.084	8.7e-13	 -1.36636	1.72e-01
NA	/data/songy4/twas/output/weights_control//ENSG00000135605.wgt.RDat	ENSG00000135605	4	48137800	48271881	0.0993	rs17609346	 -3.52	rs17470892	 3.16e-02	 -5.13	  0.9792	 390	 21	enet	0.058	2.8e-09	 -0.59170	5.54e-01
NA	/data/songy4/twas/output/weights_control//ENSG00000163069.wgt.RDat	ENSG00000163069	4	52886872	52904648	0.0674	rs7440594	 -3.18	rs999634	 4.86e-02	 -6.13	 -0.7551	 200	  7	lasso	0.052	2.2e-08	  2.19659	2.80e-02
NA	/data/songy4/twas/output/weights_control//ENSG00000163071.wgt.RDat	ENSG00000163071	4	52917497	52963458	0.1537	rs7440594	 -3.18	rs999634	 1.58e-01	-10.13	 -0.7551	 218	  7	enet	0.17	1.8e-25	  0.64855	5.17e-01
NA	/data/songy4/twas/output/weights_control//ENSG00000128039.wgt.RDat	ENSG00000128039	4	56212276	56239263	0.7835	rs10050046	  2.79	rs13120134	 1.83e-01	 11.35	  0.2973	 409	142	enet	0.54	1.3e-99	  0.79211	4.28e-01
NA	/data/songy4/twas/output/weights_control//ENSG00000134852.wgt.RDat	ENSG00000134852	4	56294070	56413305	0.0932	rs10050046	  2.79	rs1047354	 1.18e-01	  8.80	 -1.0099	 454	 33	enet	0.13	4.9e-19	 -0.50350	6.15e-01
NA	/data/songy4/twas/output/weights_control//ENSG00000157426.wgt.RDat	ENSG00000157426	4	57204456	57253666	0.1963	rs12640906	  2.69	rs7693137	 2.36e-01	 11.67	 -0.3196	 457	  1	top1	0.24	1.2e-35	 -0.31959	7.49e-01
NA	/data/songy4/twas/output/weights_control//ENSG00000128059.wgt.RDat	ENSG00000128059	4	57259528	57301781	0.0978	rs12640906	  2.69	rs7696808	 5.78e-02	  6.09	 -1.0530	 457	  1	top1	0.058	3.2e-09	 -1.05298	2.92e-01
NA	/data/songy4/twas/output/weights_control//ENSG00000174780.wgt.RDat	ENSG00000174780	4	57333081	57369839	0.0806	rs12640906	  2.69	rs14211	 6.14e-02	 -6.19	  0.1138	 461	  1	top1	0.061	1e-09	 -0.11382	9.09e-01
NA	/data/songy4/twas/output/weights_control//ENSG00000249693.wgt.RDat	ENSG00000249693	4	57396775	57469673	0.1716	rs1713971	  2.86	rs10023933	 1.46e-01	  9.34	 -0.6471	 531	 17	enet	0.15	1.4e-22	 -0.55626	5.78e-01
NA	/data/songy4/twas/output/weights_control//ENSG00000128040.wgt.RDat	ENSG00000128040	4	57676026	57687908	0.1282	rs1713971	  2.86	rs2016218	 7.43e-02	  6.63	  0.1545	 509	 28	enet	0.089	1.8e-13	  0.58834	5.56e-01
NA	/data/songy4/twas/output/weights_control//ENSG00000084093.wgt.RDat	ENSG00000084093	4	57774075	57802010	0.0975	rs1713971	  2.86	rs1277306	 2.08e-02	 -4.81	 -0.1729	 549	 10	lasso	0.036	2.6e-06	 -1.00557	3.15e-01
NA	/data/songy4/twas/output/weights_control//ENSG00000163453.wgt.RDat	ENSG00000163453	4	57896939	57976551	0.0805	rs1713971	  2.86	rs2191576	 8.95e-03	 -4.53	  1.4100	 573	  1	top1	0.009	0.013	 -1.41000	1.59e-01
NA	/data/songy4/twas/output/weights_control//ENSG00000145241.wgt.RDat	ENSG00000145241	4	68337521	68411324	0.5683	rs2711158	 -4.11	rs1056787	 3.57e-01	-14.38	 -0.6220	 433	 40	enet	0.37	2.2e-60	  0.50912	6.11e-01
NA	/data/songy4/twas/output/weights_control//ENSG00000135220.wgt.RDat	ENSG00000135220	4	69794181	69817509	0.7487	rs28633960	 -1.69	rs4299663	 1.01e-01	  9.26	  1.1403	 111	 36	enet	0.38	4.6e-62	  0.29555	7.68e-01
NA	/data/songy4/twas/output/weights_control//ENSG00000213759.wgt.RDat	ENSG00000213759	4	70065669	70080449	0.0785	rs6832167	 -1.73	rs6830865	 6.48e-02	  6.37	  1.3333	 316	  1	top1	0.065	3.5e-10	  1.33333	1.82e-01
NA	/data/songy4/twas/output/weights_control//ENSG00000135226.wgt.RDat	ENSG00000135226	4	70146217	70160768	0.0930	rs4149417	  2.32	rs7693378	 8.88e-02	 -7.32	 -0.8303	 350	  1	top1	0.089	1.8e-13	  0.83032	4.06e-01
NA	/data/songy4/twas/output/weights_control//ENSG00000173597.wgt.RDat	ENSG00000173597	4	70586880	70653679	0.1005	rs1612460	 -3.13	rs2331758	 5.64e-02	 -6.73	 -0.6538	 504	 17	lasso	0.098	8.5e-15	  0.43393	6.64e-01
NA	/data/songy4/twas/output/weights_control//ENSG00000126545.wgt.RDat	ENSG00000126545	4	70796799	70812289	0.0701	rs1612460	 -3.13	rs3775774	 5.93e-02	  6.66	 -0.9259	 570	 22	enet	0.07	6.8e-11	 -1.00506	3.15e-01
NA	/data/songy4/twas/output/weights_control//ENSG00000018189.wgt.RDat	ENSG00000018189	4	71569921	71673032	0.0393	rs17660273	  2.74	rs10013800	 1.94e-02	  4.71	  0.8615	 432	 26	enet	0.021	0.00027	  0.39442	6.93e-01
NA	/data/songy4/twas/output/weights_control//ENSG00000156136.wgt.RDat	ENSG00000156136	4	71858255	71896631	0.0831	rs3733399	  2.15	rs6819580	 4.26e-03	  4.26	 -0.7757	 325	  9	lasso	0.012	0.0056	 -0.98794	3.23e-01
NA	/data/songy4/twas/output/weights_control//ENSG00000163631.wgt.RDat	ENSG00000163631	4	74262831	74287129	0.0293	rs960821	  1.72	rs10938085	 1.64e-02	  4.05	 -0.2736	 312	  1	top1	0.016	0.0012	 -0.27358	7.84e-01
NA	/data/songy4/twas/output/weights_control//ENSG00000169435.wgt.RDat	ENSG00000169435	4	74437267	74486348	0.1374	rs3806792	  2.17	rs6446943	 4.44e-02	  7.57	 -0.3787	 293	 16	enet	0.1	1.3e-15	 -0.34114	7.33e-01
NA	/data/songy4/twas/output/weights_control//ENSG00000169429.wgt.RDat	ENSG00000169429	4	74606223	74609433	0.1037	rs3806792	  2.18	rs1951703	 9.56e-02	 -7.47	 -0.4667	 292	  4	lasso	0.11	5e-17	  0.30961	7.57e-01
NA	/data/songy4/twas/output/weights_control//ENSG00000124875.wgt.RDat	ENSG00000124875	4	74702214	74714781	0.0340	rs10518121	  2.32	rs6851997	 2.22e-02	  4.10	 -0.2059	 322	  1	top1	0.022	2e-04	 -0.20588	8.37e-01
NA	/data/songy4/twas/output/weights_control//ENSG00000109272.wgt.RDat	ENSG00000109272	4	74718906	74719872	0.6286	rs10518121	  2.32	rs941758	 4.59e-01	 16.36	  0.7255	 325	  9	lasso	0.48	2.5e-84	  0.81969	4.12e-01
NA	/data/songy4/twas/output/weights_control//ENSG00000163739.wgt.RDat	ENSG00000163739	4	74735110	74736959	0.0562	rs10518121	  2.32	rs1951703	 3.04e-02	 -4.47	 -0.4667	 332	  1	top1	0.03	1.5e-05	  0.46667	6.41e-01
NA	/data/songy4/twas/output/weights_control//ENSG00000163735.wgt.RDat	ENSG00000163735	4	74861359	74864496	0.2449	rs10518121	  2.32	rs425535	 2.37e-01	 11.70	  0.1083	 340	  1	top1	0.24	9.1e-36	  0.10828	9.14e-01
NA	/data/songy4/twas/output/weights_control//ENSG00000163738.wgt.RDat	ENSG00000163738	4	74979891	75168816	0.1009	rs10518121	  2.32	rs538775	 5.77e-02	  6.82	 -0.5574	 360	  1	top1	0.058	3.2e-09	 -0.55745	5.77e-01
NA	/data/songy4/twas/output/weights_control//ENSG00000124882.wgt.RDat	ENSG00000124882	4	75230860	75254468	0.1082	rs16999874	  2.86	rs7663269	 7.84e-02	 -7.15	 -0.3871	 332	 20	enet	0.11	1.7e-16	  0.32928	7.42e-01
NA	/data/songy4/twas/output/weights_control//ENSG00000163743.wgt.RDat	ENSG00000163743	4	76404247	76439974	0.3685	rs2175766	 -3.15	rs11722278	 3.73e-01	 14.71	 -0.4237	 441	 22	enet	0.41	4.4e-68	  0.08114	9.35e-01
NA	/data/songy4/twas/output/weights_control//ENSG00000138757.wgt.RDat	ENSG00000138757	4	76567966	76649709	0.0381	rs4530661	  8.71	rs7679851	 2.02e-02	 -4.43	  1.7041	 483	  1	top1	0.02	0.00037	 -1.70408	8.84e-02
NA	/data/songy4/twas/output/weights_control//ENSG00000138768.wgt.RDat	ENSG00000138768	4	76649777	76735382	0.0498	rs6812193	 -9.38	rs6826858	 3.83e-02	 -4.89	 -2.2308	 523	  1	top1	0.038	1.3e-06	  2.23077	2.57e-02
NA	/data/songy4/twas/output/weights_control//ENSG00000156194.wgt.RDat	ENSG00000156194	4	76781020	76823724	0.0519	rs6812193	 -9.38	rs13125558	 3.36e-02	  5.61	 -0.9485	 473	  3	lasso	0.049	5.4e-08	 -0.12778	8.98e-01
NA	/data/songy4/twas/output/weights_control//ENSG00000138744.wgt.RDat	ENSG00000138744	4	76831809	76862204	0.6349	rs6812193	 -9.38	rs6826085	 4.31e-01	 15.87	 -0.0312	 461	 11	lasso	0.63	6.9e-127	  0.91104	3.62e-01
NA	/data/songy4/twas/output/weights_control//ENSG00000156219.wgt.RDat	ENSG00000156219	4	76932337	77033955	0.0740	rs6812193	 -9.38	rs4304003	 1.80e-02	  5.15	 -0.3854	 534	  8	enet	0.029	2.3e-05	  1.03390	3.01e-01
NA	/data/songy4/twas/output/weights_control//ENSG00000169245.wgt.RDat	ENSG00000169245	4	76942273	76944650	0.0219	rs6812193	 -9.38	rs10336	 3.45e-02	 -4.87	 -0.4362	 478	  1	top1	0.035	4.3e-06	  0.43617	6.63e-01
NA	/data/songy4/twas/output/weights_control//ENSG00000138750.wgt.RDat	ENSG00000138750	4	77035812	77069668	0.0546	rs6812193	 -9.38	rs13139234	 2.53e-02	  5.16	  1.7872	 499	 17	enet	0.034	4.8e-06	  2.45188	1.42e-02
NA	/data/songy4/twas/output/weights_control//ENSG00000138760.wgt.RDat	ENSG00000138760	4	77079890	77135046	0.1363	rs6812193	 -9.38	rs6532189	 3.35e-03	 -3.45	 -4.4623	 502	 89	enet	0.031	1.4e-05	  4.45386	8.43e-06
NA	/data/songy4/twas/output/weights_control//ENSG00000118804.wgt.RDat	ENSG00000118804	4	77172886	77232752	0.1339	rs6812193	 -9.38	rs1911737	 9.86e-02	 -7.89	 -3.1223	 521	  7	lasso	0.11	9e-16	  3.78539	1.53e-04
NA	/data/songy4/twas/output/weights_control//ENSG00000138771.wgt.RDat	ENSG00000138771	4	77356253	77704406	0.0890	rs6812193	 -9.38	rs10006043	 8.40e-02	 -7.17	 -3.2766	 715	  1	top1	0.084	8.2e-13	  3.27660	1.05e-03
NA	/data/songy4/twas/output/weights_control//ENSG00000138758.wgt.RDat	ENSG00000138758	4	77870856	77961537	0.1015	rs1511817	 -5.59	rs10213389	 5.75e-02	 -6.48	 -0.5588	 600	  1	top1	0.057	3.5e-09	  0.55882	5.76e-01
NA	/data/songy4/twas/output/weights_control//ENSG00000138772.wgt.RDat	ENSG00000138772	4	79472673	79531597	0.0671	rs4472163	  2.37	rs4975144	 6.31e-02	  6.76	  1.4587	 487	  2	lasso	0.067	2e-10	  1.47430	1.40e-01
NA	/data/songy4/twas/output/weights_control//ENSG00000138756.wgt.RDat	ENSG00000138756	4	79697496	79837526	0.0421	rs4472163	  2.37	rs6533821	 9.44e-03	  4.25	  0.8131	 447	 16	enet	0.011	0.0061	  1.17022	2.42e-01
NA	/data/songy4/twas/output/weights_control//ENSG00000152784.wgt.RDat	ENSG00000152784	4	81105033	81125483	0.0419	rs17004853	  3.69	rs2867695	-1.00e-03	 -3.66	  3.1329	 374	 25	enet	0.017	0.00098	 -3.02784	2.46e-03
NA	/data/songy4/twas/output/weights_control//ENSG00000138669.wgt.RDat	ENSG00000138669	4	82009837	82136218	0.3167	rs10488928	 -2.67	rs11736177	 3.50e-01	-14.41	  0.0403	 401	  9	lasso	0.35	5.1e-56	 -0.31309	7.54e-01
NA	/data/songy4/twas/output/weights_control//ENSG00000145284.wgt.RDat	ENSG00000145284	4	83550692	83720010	0.4228	rs4693026	  2.36	rs10026872	 6.46e-01	 19.27	  0.7805	 518	 29	enet	0.65	1.3e-132	  0.82038	4.12e-01
NA	/data/songy4/twas/output/weights_control//ENSG00000138674.wgt.RDat	ENSG00000138674	4	83739814	83822319	0.0425	rs4364254	 -3.31	rs1980360	-1.30e-04	 -3.24	  1.9478	 497	  1	top1	-0.00013	0.34	 -1.94783	5.14e-02
NA	/data/songy4/twas/output/weights_control//ENSG00000189308.wgt.RDat	ENSG00000189308	4	83831126	83934079	0.0737	rs4364254	 -3.31	rs7691339	 4.35e-02	 -6.55	  1.9758	 501	  3	lasso	0.066	2.2e-10	 -1.83064	6.72e-02
NA	/data/songy4/twas/output/weights_control//ENSG00000173083.wgt.RDat	ENSG00000173083	4	84213614	84256306	0.1716	rs4364254	 -3.31	rs11099588	 5.98e-02	 -5.97	 -0.0859	 396	 51	enet	0.086	5e-13	 -0.12032	9.04e-01
NA	/data/songy4/twas/output/weights_control//ENSG00000163319.wgt.RDat	ENSG00000163319	4	84377085	84390888	0.1203	rs4364254	 -3.31	rs13141136	 1.63e-01	  9.85	  0.8806	 407	 12	lasso	0.17	1.1e-24	  1.07298	2.83e-01
NA	/data/songy4/twas/output/weights_control//ENSG00000163322.wgt.RDat	ENSG00000163322	4	84382092	84444501	0.1171	rs4364254	 -3.31	rs1494961	 1.34e-01	 -8.87	  1.1170	 431	  5	lasso	0.14	4e-20	 -1.12250	2.62e-01
NA	/data/songy4/twas/output/weights_control//ENSG00000138678.wgt.RDat	ENSG00000138678	4	84457067	84527028	0.2566	rs4364254	 -3.31	rs1474250	 2.10e-01	 11.04	 -0.2857	 441	  6	lasso	0.28	8.1e-43	  0.02531	9.80e-01
NA	/data/songy4/twas/output/weights_control//ENSG00000163625.wgt.RDat	ENSG00000163625	4	85590704	85887544	0.0223	rs17367775	 -3.61	rs6829807	 6.42e-03	 -4.40	  2.4343	 449	  3	lasso	0.01	0.0093	 -2.00684	4.48e-02
NA	/data/songy4/twas/output/weights_control//ENSG00000138639.wgt.RDat	ENSG00000138639	4	86396267	86923823	0.1706	rs13118367	 -2.53	rs12504294	 1.48e-01	 -9.35	  0.3364	 621	 20	enet	0.15	1.9e-22	 -0.34220	7.32e-01
NA	/data/songy4/twas/output/weights_control//ENSG00000109339.wgt.RDat	ENSG00000109339	4	86936276	87515284	0.0532	rs10489044	 -2.99	rs2290882	 3.83e-03	  3.87	  0.1455	 590	 25	enet	0.0081	0.017	  1.41330	1.58e-01
NA	/data/songy4/twas/output/weights_control//ENSG00000172493.wgt.RDat	ENSG00000172493	4	87856154	88062206	0.0283	rs10489044	 -2.99	rs342435	-1.65e-03	 -3.74	  0.5417	 427	 32	enet	0.00075	0.23	 -0.34397	7.31e-01
NA	/data/songy4/twas/output/weights_control//ENSG00000170509.wgt.RDat	ENSG00000170509	4	88224941	88244058	0.4688	rs10489044	 -2.99	rs4693811	 1.17e-01	  9.06	  1.0000	 421	 51	enet	0.31	7.3e-48	  0.93645	3.49e-01
NA	/data/songy4/twas/output/weights_control//ENSG00000198189.wgt.RDat	ENSG00000198189	4	88257762	88312538	0.2365	rs10489044	 -2.99	rs6531983	 4.92e-02	 -6.48	  0.7909	 471	 51	enet	0.16	1.1e-23	 -1.87788	6.04e-02
NA	/data/songy4/twas/output/weights_control//ENSG00000170502.wgt.RDat	ENSG00000170502	4	88343734	88380606	0.1032	rs10489044	 -2.99	rs10008963	 5.43e-02	 -6.17	  1.1010	 478	  1	top1	0.054	9.4e-09	 -1.10096	2.71e-01
NA	/data/songy4/twas/output/weights_control//ENSG00000118785.wgt.RDat	ENSG00000118785	4	88896819	88904562	0.5812	rs4466013	 -2.76	rs6813526	 3.14e-01	-13.58	  0.5463	 514	 13	lasso	0.55	3e-101	  0.16100	8.72e-01
NA	/data/songy4/twas/output/weights_control//ENSG00000118762.wgt.RDat	ENSG00000118762	4	88928820	88998929	0.4855	rs4466013	 -2.76	rs6843032	 9.31e-02	  8.19	  2.3359	 528	 78	enet	0.23	2.7e-35	  1.65492	9.79e-02
NA	/data/songy4/twas/output/weights_control//ENSG00000118777.wgt.RDat	ENSG00000118777	4	89011416	89152474	0.3861	rs2924349	  3.42	rs36111742	 1.82e-01	 10.29	 -0.3714	 524	 52	enet	0.26	1.7e-39	 -0.41842	6.76e-01
NA	/data/songy4/twas/output/weights_control//ENSG00000163644.wgt.RDat	ENSG00000163644	4	89178772	89205921	0.0624	rs2924349	  3.42	rs10516805	 4.40e-02	  5.17	 -0.3772	 477	  1	top1	0.044	2.3e-07	 -0.37725	7.06e-01
NA	/data/songy4/twas/output/weights_control//ENSG00000138642.wgt.RDat	ENSG00000138642	4	89299891	89364263	0.0691	NA	    NA	NA	       NA	    NA	      NA	   0	  0	enet	0.0073	0.023	       NA	      NA
NA	/data/songy4/twas/output/weights_control//ENSG00000145337.wgt.RDat	ENSG00000145337	4	89442136	89444964	0.0733	rs2924349	  3.42	rs11722508	 4.08e-02	  5.12	  0.5064	 406	 23	enet	0.046	1.3e-07	 -1.19671	2.31e-01
NA	/data/songy4/twas/output/weights_control//ENSG00000138641.wgt.RDat	ENSG00000138641	4	89442199	89629693	0.0561	rs2924349	  3.42	rs3017895	 4.77e-02	 -5.56	  3.1733	 501	  1	top1	0.048	7.2e-08	 -3.17333	1.51e-03
NA	/data/songy4/twas/output/weights_control//ENSG00000138640.wgt.RDat	ENSG00000138640	4	89647106	90032549	0.1509	rs10516839	 11.88	rs2609260	 1.07e-01	  8.19	  0.2109	 594	 12	lasso	0.13	2e-19	 -1.02822	3.04e-01
NA	/data/songy4/twas/output/weights_control//ENSG00000180346.wgt.RDat	ENSG00000180346	4	90033968	90036050	0.1036	rs10516839	 11.88	rs7697683	 9.79e-02	 -7.80	 -0.2209	 464	 12	enet	0.11	5.7e-17	  0.35747	7.21e-01
NA	/data/songy4/twas/output/weights_control//ENSG00000145335.wgt.RDat	ENSG00000145335	4	90645250	90759466	0.1332	rs356200	 22.59	rs2245801	 1.05e-01	  8.36	-16.2101	 445	  1	top1	0.1	1e-15	-16.21008	4.28e-59
NA	/data/songy4/twas/output/weights_control//ENSG00000163104.wgt.RDat	ENSG00000163104	4	95128762	95212443	0.0400	rs17301372	  2.57	rs11932130	 1.46e-02	  4.71	 -1.0488	 418	 10	enet	0.021	0.00025	 -1.02126	3.07e-01
NA	/data/songy4/twas/output/weights_control//ENSG00000163110.wgt.RDat	ENSG00000163110	4	95373037	95589377	0.0367	rs13108149	  2.58	rs2618768	 1.96e-02	  4.47	  1.2475	 473	  1	top1	0.02	0.00045	  1.24752	2.12e-01
NA	/data/songy4/twas/output/weights_control//ENSG00000182168.wgt.RDat	ENSG00000182168	4	96083655	96470357	0.1131	rs10022467	  2.70	rs13134684	 1.65e-02	  5.56	 -0.6935	 754	  8	lasso	0.026	5.2e-05	 -1.30636	1.91e-01
NA	/data/songy4/twas/output/weights_control//ENSG00000163116.wgt.RDat	ENSG00000163116	4	98105244	99064391	0.0725	rs12644209	  3.21	rs11097592	 8.16e-02	 -7.15	 -0.8958	 599	  1	top1	0.082	1.7e-12	  0.89577	3.70e-01
NA	/data/songy4/twas/output/weights_control//ENSG00000151247.wgt.RDat	ENSG00000151247	4	99792835	99851788	0.2191	rs3805331	 -2.88	rs17583053	 2.27e-01	 11.56	  1.7105	 523	  1	top1	0.23	3.6e-34	  1.71053	8.72e-02
NA	/data/songy4/twas/output/weights_control//ENSG00000164024.wgt.RDat	ENSG00000164024	4	99916771	99983964	0.0415	rs3805331	 -2.88	rs1020624	 3.39e-02	 -5.03	  1.2593	 536	  1	top1	0.034	5.3e-06	 -1.25926	2.08e-01
NA	/data/songy4/twas/output/weights_control//ENSG00000197894.wgt.RDat	ENSG00000197894	4	99992132	100009952	0.2177	rs3805331	 -2.88	rs7669660	 2.33e-01	 12.09	  0.7847	 513	 10	lasso	0.28	9.7e-43	  1.16538	2.44e-01
NA	/data/songy4/twas/output/weights_control//ENSG00000145331.wgt.RDat	ENSG00000145331	4	100467866	100485189	0.0790	rs3805331	 -2.88	rs12640855	 4.03e-02	  5.15	 -1.3155	 516	  1	top1	0.04	7.3e-07	 -1.31548	1.88e-01
NA	/data/songy4/twas/output/weights_control//ENSG00000070190.wgt.RDat	ENSG00000070190	4	100737990	100791311	0.2147	rs3805331	 -2.88	rs7686428	 1.82e-01	-10.82	 -0.5865	 476	 13	lasso	0.22	2.2e-32	 -0.12193	9.03e-01
NA	/data/songy4/twas/output/weights_control//ENSG00000109270.wgt.RDat	ENSG00000109270	4	100799493	100815647	0.0273	rs3805331	 -2.88	rs6848337	 1.08e-02	 -3.79	 -0.5238	 438	 12	enet	0.016	0.0013	  1.80905	7.04e-02
NA	/data/songy4/twas/output/weights_control//ENSG00000164032.wgt.RDat	ENSG00000164032	4	100869243	100871545	0.0286	rs10516451	  2.82	rs6848666	 5.13e-04	 -3.85	 -1.2689	 419	 12	enet	0.0033	0.089	  1.96763	4.91e-02
NA	/data/songy4/twas/output/weights_control//ENSG00000138814.wgt.RDat	ENSG00000138814	4	101944566	102269435	0.0769	rs2866431	  2.98	rs2850329	 4.56e-02	 -5.90	  0.2546	 496	  6	lasso	0.049	4.4e-08	 -0.33299	7.39e-01
NA	/data/songy4/twas/output/weights_control//ENSG00000138821.wgt.RDat	ENSG00000138821	4	103172198	103352415	0.0656	rs13107325	 -5.33	rs964504	 4.55e-03	  4.63	  1.0259	 446	 16	enet	0.0089	0.014	 -0.25971	7.95e-01
NA	/data/songy4/twas/output/weights_control//ENSG00000109320.wgt.RDat	ENSG00000109320	4	103422486	103538459	0.0961	rs13107325	 -5.33	rs17032705	 4.83e-02	  6.20	 -0.5982	 410	  9	enet	0.07	7.4e-11	 -0.76459	4.45e-01
NA	/data/songy4/twas/output/weights_control//ENSG00000164038.wgt.RDat	ENSG00000164038	4	103941025	104006986	0.0510	rs13130741	 -2.82	rs7666067	 2.38e-02	 -5.13	 -0.3600	 361	  7	enet	0.035	3.9e-06	  0.33194	7.40e-01
NA	/data/songy4/twas/output/weights_control//ENSG00000164039.wgt.RDat	ENSG00000164039	4	104000592	104021040	0.2942	rs13130741	 -2.82	rs2623064	 4.43e-01	 16.01	 -0.7526	 337	  7	lasso	0.45	2.7e-77	 -0.88756	3.75e-01
NA	/data/songy4/twas/output/weights_control//ENSG00000168772.wgt.RDat	ENSG00000168772	4	105389469	105416058	0.0787	rs17306518	 -2.34	rs9307296	 2.87e-04	 -3.71	 -0.3028	 326	 30	enet	0.029	2.2e-05	  0.52291	6.01e-01
NA	/data/songy4/twas/output/weights_control//ENSG00000168769.wgt.RDat	ENSG00000168769	4	106067032	106200973	0.1297	rs2725758	 -2.22	rs1498126	 9.18e-02	 -7.44	 -1.1724	 434	  1	top1	0.092	6.9e-14	  1.17241	2.41e-01
NA	/data/songy4/twas/output/weights_control//ENSG00000138777.wgt.RDat	ENSG00000138777	4	106290234	106395238	0.1444	rs13144832	 -2.21	rs17036093	 1.06e-02	 -4.70	 -0.3815	 438	 43	enet	0.061	1.3e-09	  0.87690	3.81e-01
NA	/data/songy4/twas/output/weights_control//ENSG00000138785.wgt.RDat	ENSG00000138785	4	106603784	106817143	0.0485	rs13144832	 -2.21	rs2553440	 1.42e-02	 -4.55	 -0.3310	 485	 23	enet	0.032	1.1e-05	 -0.65453	5.13e-01
NA	/data/songy4/twas/output/weights_control//ENSG00000138780.wgt.RDat	ENSG00000138780	4	106629935	106768885	0.1340	rs13144832	 -2.21	rs17262764	 1.53e-01	  9.46	  0.0262	 453	  8	lasso	0.17	9.1e-25	  0.80537	4.21e-01
NA	/data/songy4/twas/output/weights_control//ENSG00000145348.wgt.RDat	ENSG00000145348	4	106962756	107242652	0.1792	rs2686293	 -2.24	rs10516532	 2.81e-01	-12.94	 -0.5280	 449	  1	top1	0.28	2.8e-43	  0.52800	5.97e-01
NA	/data/songy4/twas/output/weights_control//ENSG00000164022.wgt.RDat	ENSG00000164022	4	107236701	107270383	0.0865	rs2686293	 -2.24	rs7697673	 1.22e-01	 -8.85	 -0.1920	 324	  1	top1	0.12	3.2e-18	  0.19200	8.48e-01
NA	/data/songy4/twas/output/weights_control//ENSG00000155011.wgt.RDat	ENSG00000155011	4	107842959	108204963	0.0652	rs11731399	  2.91	rs376293	 3.35e-02	  5.21	 -0.4286	 449	  1	top1	0.033	6e-06	 -0.42857	6.68e-01
NA	/data/songy4/twas/output/weights_control//ENSG00000138801.wgt.RDat	ENSG00000138801	4	108511433	108641608	0.6409	rs11731399	  2.91	rs4956126	 6.47e-01	 19.27	  0.0943	 395	 28	enet	0.66	1.1e-135	  0.05886	9.53e-01
NA	/data/songy4/twas/output/weights_control//ENSG00000155016.wgt.RDat	ENSG00000155016	4	108852525	108874613	0.1208	rs1493130	  2.19	rs1493132	 5.76e-02	  6.23	  1.0291	 395	 30	enet	0.085	5.4e-13	  1.61335	1.07e-01
NA	/data/songy4/twas/output/weights_control//ENSG00000198856.wgt.RDat	ENSG00000198856	4	109571740	109588976	0.0700	rs17039589	  2.94	rs10026586	 2.43e-03	  3.75	 -0.4752	 440	  7	lasso	0.014	0.003	 -0.94114	3.47e-01
NA	/data/songy4/twas/output/weights_control//ENSG00000005059.wgt.RDat	ENSG00000005059	4	110481361	110609874	0.1351	rs3796946	 -2.92	rs6533444	 7.40e-02	 -6.87	  0.5500	 449	 46	enet	0.081	2.3e-12	 -1.76656	7.73e-02
NA	/data/songy4/twas/output/weights_control//ENSG00000123739.wgt.RDat	ENSG00000123739	4	110631145	110651233	0.0509	rs3796946	 -2.92	rs11728699	 4.16e-02	 -5.25	  0.6495	 408	  1	top1	0.042	4.8e-07	 -0.64948	5.16e-01
NA	/data/songy4/twas/output/weights_control//ENSG00000180245.wgt.RDat	ENSG00000180245	4	110749150	110765760	0.1181	rs3796946	 -2.92	rs13141065	 1.17e-01	 -8.52	  1.1387	 411	  6	lasso	0.12	4.4e-18	 -0.56328	5.73e-01
NA	/data/songy4/twas/output/weights_control//ENSG00000183423.wgt.RDat	ENSG00000183423	4	110769358	110793471	0.1327	rs3796946	 -2.92	rs4610335	 1.12e-01	 -8.17	  1.1241	 420	  2	lasso	0.14	3.7e-20	 -0.26515	7.91e-01
NA	/data/songy4/twas/output/weights_control//ENSG00000170522.wgt.RDat	ENSG00000170522	4	110967002	111120355	0.1489	rs3796946	 -2.92	rs7694475	 9.03e-03	 -4.37	  0.2845	 474	 39	enet	0.055	7.1e-09	 -0.08325	9.34e-01
NA	/data/songy4/twas/output/weights_control//ENSG00000174749.wgt.RDat	ENSG00000174749	4	113066553	113116412	0.1848	rs17044338	  3.21	rs28599866	 2.24e-01	-11.84	 -0.0943	 408	 22	enet	0.26	2.4e-39	 -0.66516	5.06e-01
NA	/data/songy4/twas/output/weights_control//ENSG00000145365.wgt.RDat	ENSG00000145365	4	113195698	113207059	0.2480	rs17044338	  3.21	rs701759	 1.02e-01	  7.91	 -1.3673	 404	  1	top1	0.1	2.9e-15	 -1.36735	1.72e-01
NA	/data/songy4/twas/output/weights_control//ENSG00000073331.wgt.RDat	ENSG00000073331	4	113206665	113363776	0.1550	rs17044338	  3.21	rs9994166	 1.23e-01	  8.98	  0.9796	 454	 34	enet	0.16	2.7e-24	  0.45059	6.52e-01
NA	/data/songy4/twas/output/weights_control//ENSG00000138658.wgt.RDat	ENSG00000138658	4	113460492	113558151	0.2654	rs10015915	  3.49	rs1486865	 2.91e-01	 13.06	 -0.9158	 517	  5	lasso	0.33	8.4e-52	 -0.12212	9.03e-01
NA	/data/songy4/twas/output/weights_control//ENSG00000145349.wgt.RDat	ENSG00000145349	4	114372188	114683083	0.1649	rs940634	  6.89	rs9654198	 5.22e-02	 -7.23	 -1.4000	 617	 25	enet	0.15	3.9e-22	  0.76725	4.43e-01
NA	/data/songy4/twas/output/weights_control//ENSG00000174607.wgt.RDat	ENSG00000174607	4	115519611	115599380	0.0739	rs11098270	  2.38	rs33914856	 5.62e-02	  5.94	  1.1233	 372	  7	lasso	0.057	3.9e-09	  0.86063	3.89e-01
NA	/data/songy4/twas/output/weights_control//ENSG00000172403.wgt.RDat	ENSG00000172403	4	119809996	119982402	0.4833	rs1903109	 -2.62	rs11730732	 4.00e-01	 15.19	  0.6100	 443	  8	lasso	0.43	2e-72	  0.81775	4.14e-01
NA	/data/songy4/twas/output/weights_control//ENSG00000145390.wgt.RDat	ENSG00000145390	4	120133742	120216672	0.8526	rs1903109	 -2.62	rs13113462	 6.13e-01	 18.78	 -1.8732	 488	 65	enet	0.79	1.1e-196	 -1.96565	4.93e-02
NA	/data/songy4/twas/output/weights_control//ENSG00000164096.wgt.RDat	ENSG00000164096	4	120218207	120225600	0.0519	rs1903109	 -2.62	rs7673476	 5.17e-02	  6.73	  0.0594	 449	 15	enet	0.068	1.4e-10	 -0.69921	4.84e-01
NA	/data/songy4/twas/output/weights_control//ENSG00000145384.wgt.RDat	ENSG00000145384	4	120238405	120243545	0.2059	rs1903109	 -2.62	rs11935130	 2.05e-01	 11.10	 -1.4554	 447	  1	top1	0.2	1.4e-30	 -1.45536	1.46e-01
NA	/data/songy4/twas/output/weights_control//ENSG00000164109.wgt.RDat	ENSG00000164109	4	120976763	120988229	0.0547	rs17339852	 -2.97	rs10030698	 3.21e-03	 -3.76	  1.0000	 371	  1	top1	0.0032	0.092	 -1.00000	3.17e-01
NA	/data/songy4/twas/output/weights_control//ENSG00000138738.wgt.RDat	ENSG00000138738	4	121606074	121844025	0.4464	rs17339852	 -2.97	rs907298	 2.52e-01	-12.66	  2.0556	 540	 69	enet	0.46	6.1e-80	 -1.43384	1.52e-01
NA	/data/songy4/twas/output/weights_control//ENSG00000164111.wgt.RDat	ENSG00000164111	4	122589110	122618268	0.5277	rs7683274	 -3.26	rs6857766	 3.03e-01	 13.44	 -0.3810	 457	 27	enet	0.36	8.8e-57	 -0.11810	9.06e-01
NA	/data/songy4/twas/output/weights_control//ENSG00000123737.wgt.RDat	ENSG00000123737	4	122722472	122738176	0.0798	rs7683274	 -3.26	rs6838153	 3.34e-02	  5.76	 -0.2475	 422	  5	lasso	0.052	2.1e-08	 -0.22809	8.20e-01
NA	/data/songy4/twas/output/weights_control//ENSG00000145386.wgt.RDat	ENSG00000145386	4	122737599	122745087	0.0841	rs7683274	 -3.26	rs13145213	 2.33e-02	 -5.17	 -1.3030	 416	  1	top1	0.023	0.00014	  1.30303	1.93e-01
NA	/data/songy4/twas/output/weights_control//ENSG00000138741.wgt.RDat	ENSG00000138741	4	122800182	122872909	0.6406	rs7683274	 -3.26	rs6838639	 4.21e-01	 15.59	 -1.0339	 407	 12	lasso	0.45	5.7e-76	 -1.05679	2.91e-01
NA	/data/songy4/twas/output/weights_control//ENSG00000138688.wgt.RDat	ENSG00000138688	4	123073488	123283913	0.0577	rs7683274	 -3.26	rs4833824	 3.10e-03	  3.85	 -1.7707	 397	  6	lasso	0.02	0.00045	 -1.65061	9.88e-02
NA	/data/songy4/twas/output/weights_control//ENSG00000181004.wgt.RDat	ENSG00000181004	4	123653857	123666098	0.1067	rs12501008	 -2.65	rs13138349	 7.69e-02	  6.75	 -0.1391	 297	  1	top1	0.077	7.9e-12	 -0.13913	8.89e-01
NA	/data/songy4/twas/output/weights_control//ENSG00000138685.wgt.RDat	ENSG00000138685	4	123747863	123819391	0.1573	rs12501008	 -2.65	rs309355	 6.83e-02	 -7.65	  0.6574	 345	 27	enet	0.11	3.3e-16	 -0.37215	7.10e-01
NA	/data/songy4/twas/output/weights_control//ENSG00000170917.wgt.RDat	ENSG00000170917	4	123809852	123844123	0.1841	rs12501008	 -2.65	rs17408557	 2.39e-01	 12.02	 -0.2374	 350	  3	lasso	0.24	1.2e-36	 -0.10813	9.14e-01
NA	/data/songy4/twas/output/weights_control//ENSG00000145375.wgt.RDat	ENSG00000145375	4	123844229	124240605	0.0565	rs12501008	 -2.65	rs11946896	 3.95e-02	  5.71	  0.3741	 498	  8	enet	0.042	4e-07	 -0.42227	6.73e-01
NA	/data/songy4/twas/output/weights_control//ENSG00000151458.wgt.RDat	ENSG00000151458	4	125585207	125633887	0.0748	rs1543936	 -2.90	rs2242378	 5.56e-02	 -5.91	  0.4710	 395	  1	top1	0.056	6.3e-09	 -0.47101	6.38e-01
NA	/data/songy4/twas/output/weights_control//ENSG00000138709.wgt.RDat	ENSG00000138709	4	128982423	129144086	0.0279	rs6534659	 -4.53	rs6534623	-9.14e-04	  3.08	  2.1000	 326	  1	top1	-0.00091	0.49	  2.10000	3.57e-02
NA	/data/songy4/twas/output/weights_control//ENSG00000077684.wgt.RDat	ENSG00000077684	4	129730779	129796379	0.0669	rs17346077	 -3.22	rs318562	 3.75e-02	  6.04	 -0.2617	 376	 17	enet	0.072	3.9e-11	  0.96726	3.33e-01
NA	/data/songy4/twas/output/weights_control//ENSG00000151466.wgt.RDat	ENSG00000151466	4	129786076	130014764	0.1252	rs17346077	 -3.22	rs1900397	 1.28e-01	 -8.73	 -0.9712	 460	  1	top1	0.13	5.3e-19	  0.97115	3.31e-01
NA	/data/songy4/twas/output/weights_control//ENSG00000151470.wgt.RDat	ENSG00000151470	4	130014472	130037795	0.1025	rs17346077	 -3.22	rs2044523	 8.32e-02	 -7.12	 -1.0388	 387	  8	lasso	0.09	1.2e-13	 -0.07315	9.42e-01
NA	/data/songy4/twas/output/weights_control//ENSG00000151012.wgt.RDat	ENSG00000151012	4	139085251	139163503	0.0643	rs7679163	 -3.15	rs6850624	 1.99e-02	  5.36	 -1.8378	 507	  6	lasso	0.035	4.4e-06	 -1.64603	9.98e-02
NA	/data/songy4/twas/output/weights_control//ENSG00000109381.wgt.RDat	ENSG00000109381	4	139949266	140098372	0.1113	rs2592970	  3.86	rs7689973	 1.06e-01	 -8.12	 -0.6395	 469	 27	enet	0.11	3.5e-16	  0.77106	4.41e-01
NA	/data/songy4/twas/output/weights_control//ENSG00000109390.wgt.RDat	ENSG00000109390	4	140188034	140223705	0.0606	rs2592970	  3.86	rs13147688	 5.37e-02	  6.10	  1.6614	 428	  1	top1	0.054	1.1e-08	  1.66142	9.66e-02
NA	/data/songy4/twas/output/weights_control//ENSG00000164134.wgt.RDat	ENSG00000164134	4	140222609	140341187	0.0724	rs2592970	  3.86	rs7690553	 5.70e-02	  6.03	  0.6238	 484	  1	top1	0.057	4e-09	  0.62376	5.33e-01
NA	/data/songy4/twas/output/weights_control//ENSG00000172007.wgt.RDat	ENSG00000172007	4	140374386	140397763	0.0796	rs2592970	  3.86	rs7656660	 9.62e-02	 -7.56	  1.7679	 443	  1	top1	0.096	1.6e-14	 -1.76786	7.71e-02
NA	/data/songy4/twas/output/weights_control//ENSG00000085871.wgt.RDat	ENSG00000085871	4	140586922	140661899	0.3878	rs2592970	  3.86	rs3822044	 1.40e-01	  9.64	 -1.4306	 471	 39	enet	0.26	6.1e-39	 -1.48015	1.39e-01
NA	/data/songy4/twas/output/weights_control//ENSG00000196782.wgt.RDat	ENSG00000196782	4	140637907	141075338	0.1293	rs2592970	  3.86	rs11721536	 4.60e-02	 -6.15	  0.0485	 630	 34	enet	0.058	3.2e-09	 -0.10514	9.16e-01
NA	/data/songy4/twas/output/weights_control//ENSG00000153130.wgt.RDat	ENSG00000153130	4	141178440	141306880	0.2437	rs3097594	  2.45	rs2668585	 1.14e-01	  8.63	 -0.1643	 486	 75	enet	0.16	4.9e-23	 -0.81400	4.16e-01
NA	/data/songy4/twas/output/weights_control//ENSG00000179387.wgt.RDat	ENSG00000179387	4	141445312	141474924	0.0514	rs2292205	  3.35	rs10857384	 1.79e-02	 -4.00	  0.2750	 429	  1	top1	0.018	0.00076	 -0.27500	7.83e-01
NA	/data/songy4/twas/output/weights_control//ENSG00000109436.wgt.RDat	ENSG00000109436	4	141541919	141677274	0.1300	rs2292205	  3.35	rs6823888	 6.21e-02	 -6.80	  1.0270	 488	  6	lasso	0.067	1.6e-10	 -1.16486	2.44e-01
NA	/data/songy4/twas/output/weights_control//ENSG00000170153.wgt.RDat	ENSG00000170153	4	141780961	142134031	0.8716	rs2292205	  3.35	rs10033922	 7.63e-01	 20.94	 -1.4721	 535	  1	top1	0.76	2.8e-181	 -1.47208	1.41e-01
NA	/data/songy4/twas/output/weights_control//ENSG00000109445.wgt.RDat	ENSG00000109445	4	142142041	142155851	0.0544	rs2292205	  3.35	rs3756106	 3.76e-02	 -4.98	  1.1963	 375	  1	top1	0.038	1.7e-06	 -1.19626	2.32e-01
NA	/data/songy4/twas/output/weights_control//ENSG00000164136.wgt.RDat	ENSG00000164136	4	142557752	142655140	0.1739	rs10519631	  2.21	rs6818727	 1.58e-02	 -4.99	 -1.2830	 409	 28	enet	0.048	6.2e-08	  1.78703	7.39e-02
NA	/data/songy4/twas/output/weights_control//ENSG00000109452.wgt.RDat	ENSG00000109452	4	142944313	143768585	0.1764	rs300942	 -2.59	rs1373036	 1.40e-01	 -9.16	 -0.4261	 620	  1	top1	0.14	9e-21	  0.42609	6.70e-01
NA	/data/songy4/twas/output/weights_control//ENSG00000170185.wgt.RDat	ENSG00000170185	4	144106070	144144983	0.1131	rs1995931	  2.60	rs11100771	 1.23e-01	 -8.76	  0.7053	 307	 16	enet	0.13	4.9e-19	 -0.65793	5.11e-01
NA	/data/songy4/twas/output/weights_control//ENSG00000183090.wgt.RDat	ENSG00000183090	4	144498455	144621828	0.2164	rs1995931	  2.60	rs17747275	 1.35e-01	  8.90	 -0.7333	 288	 20	enet	0.16	3.2e-23	 -0.37726	7.06e-01
NA	/data/songy4/twas/output/weights_control//ENSG00000197465.wgt.RDat	ENSG00000197465	4	144792020	144826716	0.1660	rs1995931	  2.60	rs1849136	 3.37e-01	 14.50	 -0.6019	 268	 10	lasso	0.35	9.1e-56	 -0.20626	8.37e-01
NA	/data/songy4/twas/output/weights_control//ENSG00000250361.wgt.RDat	ENSG00000250361	4	144917257	145061844	0.2343	rs13125844	  3.21	rs1822842	 1.28e-01	 -8.75	 -0.5259	 297	  5	lasso	0.16	3.6e-24	  0.33385	7.38e-01
NA	/data/songy4/twas/output/weights_control//ENSG00000164167.wgt.RDat	ENSG00000164167	4	147096837	147121152	0.1879	rs723794	 -4.00	rs6537402	 2.01e-01	 11.22	 -0.0283	 371	 16	enet	0.21	5e-31	  0.06993	9.44e-01
NA	/data/songy4/twas/output/weights_control//ENSG00000250673.wgt.RDat	ENSG00000250673	4	147145709	147150208	0.4333	rs723794	 -4.00	rs9308199	 6.13e-01	 18.82	 -0.7500	 356	  7	lasso	0.61	1.8e-120	 -0.39985	6.89e-01
NA	/data/songy4/twas/output/weights_control//ENSG00000170390.wgt.RDat	ENSG00000170390	4	150999426	151178609	0.3297	rs6832401	  2.53	rs13435543	 3.68e-01	 14.61	  0.5641	 456	  1	top1	0.37	2.4e-59	  0.56410	5.73e-01
NA	/data/songy4/twas/output/weights_control//ENSG00000145425.wgt.RDat	ENSG00000145425	4	152020725	152025804	0.0225	rs11099805	  2.48	rs4696652	 7.70e-03	 -4.36	  0.0180	 265	  1	top1	0.0077	0.02	 -0.01796	9.86e-01
NA	/data/songy4/twas/output/weights_control//ENSG00000109686.wgt.RDat	ENSG00000109686	4	152023903	152246784	0.0935	rs4696282	  2.64	rs4696097	 1.04e-02	 -4.65	  1.4272	 353	  8	lasso	0.027	4.4e-05	 -1.33896	1.81e-01
NA	/data/songy4/twas/output/weights_control//ENSG00000164142.wgt.RDat	ENSG00000164142	4	152330368	152584784	0.2142	rs6847152	  2.70	rs4235219	 3.36e-01	 13.92	 -0.2340	 432	 15	lasso	0.34	1.7e-53	 -0.26997	7.87e-01
NA	/data/songy4/twas/output/weights_control//ENSG00000059691.wgt.RDat	ENSG00000059691	4	152591656	152682175	0.0931	rs6847152	  2.70	rs11556167	 9.14e-02	  7.55	 -0.4527	 410	 25	enet	0.099	6.8e-15	 -0.67438	5.00e-01
NA	/data/songy4/twas/output/weights_control//ENSG00000164144.wgt.RDat	ENSG00000164144	4	153701089	153839615	0.3691	rs908526	  3.77	rs4619875	 5.45e-01	 17.74	  0.3367	 440	  3	lasso	0.55	1.4e-100	  0.38070	7.03e-01
NA	/data/songy4/twas/output/weights_control//ENSG00000137460.wgt.RDat	ENSG00000137460	4	153857504	153900848	0.1089	rs908526	  3.77	rs4619875	 6.77e-02	  6.62	  0.3367	 427	  4	lasso	0.079	4.4e-12	  0.24757	8.04e-01
NA	/data/songy4/twas/output/weights_control//ENSG00000121210.wgt.RDat	ENSG00000121210	4	154387498	154557863	0.0724	rs908526	  3.77	rs10517571	 2.55e-03	  4.00	  1.3462	 569	 23	enet	0.023	0.00014	  1.92771	5.39e-02
NA	/data/songy4/twas/output/weights_control//ENSG00000145428.wgt.RDat	ENSG00000145428	4	154631277	154681387	0.0994	rs7689143	  2.67	rs6857680	 1.66e-01	 -9.81	 -0.8040	 455	  1	top1	0.17	1.4e-24	  0.80403	4.21e-01
NA	/data/songy4/twas/output/weights_control//ENSG00000145423.wgt.RDat	ENSG00000145423	4	154701744	154710272	0.1074	rs1878452	  2.59	rs6841173	 8.86e-02	  7.87	 -0.0283	 439	 10	lasso	0.11	7.6e-16	  0.16990	8.65e-01
NA	/data/songy4/twas/output/weights_control//ENSG00000197410.wgt.RDat	ENSG00000197410	4	155153399	155412930	0.0801	rs1878452	  2.59	rs1873367	 2.99e-02	  5.26	 -0.1322	 559	  9	enet	0.044	2e-07	 -0.45595	6.48e-01
NA	/data/songy4/twas/output/weights_control//ENSG00000164114.wgt.RDat	ENSG00000164114	4	156263810	156298122	0.1031	rs6813207	 -3.62	rs1052505	 5.11e-02	  5.54	 -0.1748	 480	  1	top1	0.051	2.6e-08	 -0.17476	8.61e-01
NA	/data/songy4/twas/output/weights_control//ENSG00000256043.wgt.RDat	ENSG00000256043	4	156845270	156875069	0.0643	rs6813207	 -3.62	rs6826142	 1.12e-02	 -4.29	  0.4967	 481	  1	top1	0.011	0.0064	 -0.49669	6.19e-01
NA	/data/songy4/twas/output/weights_control//ENSG00000145431.wgt.RDat	ENSG00000145431	4	157681606	157892546	0.0549	rs17244157	  2.61	rs6855363	 2.42e-02	 -5.16	  0.5500	 462	  1	top1	0.024	0.00011	 -0.55000	5.82e-01
NA	/data/songy4/twas/output/weights_control//ENSG00000164125.wgt.RDat	ENSG00000164125	4	159045626	159094470	0.1868	rs13127526	 -2.84	rs10461245	 2.16e-01	 11.50	  1.6940	 335	 10	lasso	0.27	2.8e-41	  1.30088	1.93e-01
NA	/data/songy4/twas/output/weights_control//ENSG00000164124.wgt.RDat	ENSG00000164124	4	159122756	159176563	0.2645	rs13127526	 -2.84	rs2881373	 2.22e-01	-11.40	  1.6429	 306	  9	lasso	0.23	2.3e-35	 -1.72559	8.44e-02
NA	/data/songy4/twas/output/weights_control//ENSG00000171503.wgt.RDat	ENSG00000171503	4	159593277	159630775	0.1000	rs13127526	 -2.84	rs9995331	 7.52e-02	 -7.33	  0.0942	 283	 16	enet	0.083	1.1e-12	  0.00687	9.95e-01
NA	/data/songy4/twas/output/weights_control//ENSG00000052795.wgt.RDat	ENSG00000052795	4	159690290	159829201	0.1381	rs7659528	 -2.71	rs4131480	 1.14e-01	 -8.46	  1.7723	 309	 25	enet	0.13	1.3e-18	 -1.87442	6.09e-02
NA	/data/songy4/twas/output/weights_control//ENSG00000164123.wgt.RDat	ENSG00000164123	4	159814286	159959912	0.5633	rs7659528	 -2.71	rs12331691	 3.80e-01	 14.79	  0.3217	 334	  1	top1	0.38	1.2e-61	  0.32168	7.48e-01
NA	/data/songy4/twas/output/weights_control//ENSG00000109756.wgt.RDat	ENSG00000109756	4	160025330	160281321	0.2443	rs7659528	 -2.71	rs11100203	 2.16e-01	-11.29	 -1.7700	 387	 31	enet	0.23	4.5e-34	  1.68317	9.23e-02
NA	/data/songy4/twas/output/weights_control//ENSG00000145414.wgt.RDat	ENSG00000145414	4	164031225	164088073	0.2139	rs4691874	  2.51	rs1055263	 1.76e-01	 10.15	 -1.1849	 389	  5	lasso	0.18	3.3e-26	 -1.14362	2.53e-01
NA	/data/songy4/twas/output/weights_control//ENSG00000198498.wgt.RDat	ENSG00000198498	4	164415594	164441691	0.2074	rs11100532	  3.43	rs7689631	 2.78e-01	 12.70	  0.2268	 402	  1	top1	0.28	1.3e-42	  0.22680	8.21e-01
NA	/data/songy4/twas/output/weights_control//ENSG00000183439.wgt.RDat	ENSG00000183439	4	165875598	165898820	0.1661	rs7674056	 -3.16	rs6834073	 6.33e-02	  6.21	 -0.3981	 462	  1	top1	0.063	5.7e-10	 -0.39815	6.91e-01
NA	/data/songy4/twas/output/weights_control//ENSG00000250486.wgt.RDat	ENSG00000250486	4	165878100	165880273	0.0729	rs7674056	 -3.16	rs6834073	 2.06e-02	  5.03	 -0.3981	 452	  3	lasso	0.039	1.1e-06	 -0.33789	7.35e-01
NA	/data/songy4/twas/output/weights_control//ENSG00000052802.wgt.RDat	ENSG00000052802	4	166248775	166264312	0.0999	rs13146344	 -2.73	rs17686529	 5.79e-02	  6.23	  0.1826	 453	  1	top1	0.058	3.1e-09	  0.18261	8.55e-01
NA	/data/songy4/twas/output/weights_control//ENSG00000109472.wgt.RDat	ENSG00000109472	4	166282346	166419472	0.1092	rs13146344	 -2.73	rs10517849	 4.30e-02	  5.99	  0.1359	 485	 12	lasso	0.058	3.1e-09	  0.54445	5.86e-01
NA	/data/songy4/twas/output/weights_control//ENSG00000196104.wgt.RDat	ENSG00000196104	4	167654535	168155947	0.0871	rs11944508	 -2.43	rs13143783	 1.12e-03	 -5.27	 -0.3964	 507	 16	enet	0.029	2.2e-05	 -0.62220	5.34e-01
NA	/data/songy4/twas/output/weights_control//ENSG00000181381.wgt.RDat	ENSG00000181381	4	169277886	169458937	0.2415	rs10012902	  3.20	rs13119187	 1.59e-01	  9.61	 -0.5429	 573	 27	enet	0.17	2.6e-25	 -0.58277	5.60e-01
NA	/data/songy4/twas/output/weights_control//ENSG00000145439.wgt.RDat	ENSG00000145439	4	169784921	169931426	0.1895	rs6835759	 -5.02	rs3762914	 6.10e-02	  7.74	 -0.2313	 573	 11	lasso	0.13	2.1e-19	  0.26853	7.88e-01
NA	/data/songy4/twas/output/weights_control//ENSG00000154447.wgt.RDat	ENSG00000154447	4	170015407	170192256	0.1967	rs6857404	 -6.11	rs992939	 1.85e-01	-10.61	  2.0000	 488	 44	enet	0.19	6.5e-29	 -2.48824	1.28e-02
NA	/data/songy4/twas/output/weights_control//ENSG00000137601.wgt.RDat	ENSG00000137601	4	170314426	170533780	0.1396	rs6857404	 -6.11	rs10520157	 1.74e-01	 10.20	  1.6241	 434	  1	top1	0.17	8.3e-26	  1.62411	1.04e-01
NA	/data/songy4/twas/output/weights_control//ENSG00000109586.wgt.RDat	ENSG00000109586	4	174089904	174245118	0.0617	rs11932721	  1.96	rs6822683	 3.35e-02	  5.65	 -0.3883	 379	 13	enet	0.039	1.1e-06	 -0.15296	8.78e-01
NA	/data/songy4/twas/output/weights_control//ENSG00000164118.wgt.RDat	ENSG00000164118	4	175204828	175254531	0.1218	rs10002586	 -2.78	rs4695918	 8.11e-02	  7.50	  0.0323	 463	 32	enet	0.1	4.6e-15	  0.48391	6.28e-01
NA	/data/songy4/twas/output/weights_control//ENSG00000164120.wgt.RDat	ENSG00000164120	4	175411328	175444305	0.2599	rs10002586	 -2.78	rs8752	 1.51e-01	  9.49	  0.1373	 469	 12	lasso	0.25	1.1e-38	  0.12360	9.02e-01
NA	/data/songy4/twas/output/weights_control//ENSG00000150625.wgt.RDat	ENSG00000150625	4	176554085	176923815	0.2033	rs6844913	 -2.91	rs1564880	 2.11e-01	-11.15	 -2.8963	 547	  6	lasso	0.22	8.2e-34	  3.14239	1.68e-03
NA	/data/songy4/twas/output/weights_control//ENSG00000150627.wgt.RDat	ENSG00000150627	4	176986985	177103978	0.1214	rs6844913	 -2.91	rs7657735	 1.66e-02	 -4.54	  2.2595	 556	  7	lasso	0.026	6.8e-05	 -1.83935	6.59e-02
NA	/data/songy4/twas/output/weights_control//ENSG00000109674.wgt.RDat	ENSG00000109674	4	178230990	178284097	0.0861	rs3828486	 -2.76	rs13140743	 4.55e-02	  5.27	  0.2069	 454	  1	top1	0.046	1.4e-07	  0.20690	8.36e-01
NA	/data/songy4/twas/output/weights_control//ENSG00000038002.wgt.RDat	ENSG00000038002	4	178351924	178363657	0.7357	rs3828486	 -2.76	rs4690522	 6.25e-01	-18.95	  1.1081	 440	  5	lasso	0.69	1.5e-146	 -0.74903	4.54e-01
NA	/data/songy4/twas/output/weights_control//ENSG00000151718.wgt.RDat	ENSG00000151718	4	184020446	184241930	0.1292	rs10018951	  3.44	rs2714545	 7.40e-02	 -6.93	  0.0677	 567	 21	enet	0.11	2.2e-16	  0.31205	7.55e-01
NA	/data/songy4/twas/output/weights_control//ENSG00000177300.wgt.RDat	ENSG00000177300	4	184239220	184241927	0.1545	rs10018951	  3.44	rs2063492	 2.32e-02	 -5.43	 -0.3167	 432	  8	lasso	0.074	2.2e-11	  1.01935	3.08e-01
NA	/data/songy4/twas/output/weights_control//ENSG00000185758.wgt.RDat	ENSG00000185758	4	184242917	184243579	0.1933	rs10018951	  3.44	rs1473070	 2.78e-02	 -5.46	  0.2685	 430	 55	enet	0.082	1.8e-12	  1.48935	1.36e-01
NA	/data/songy4/twas/output/weights_control//ENSG00000164305.wgt.RDat	ENSG00000164305	4	185548850	185570663	0.1121	rs6825587	 -3.03	rs1405939	 7.04e-02	 -7.39	  0.3901	 589	 27	enet	0.081	2.1e-12	 -0.10820	9.14e-01
NA	/data/songy4/twas/output/weights_control//ENSG00000164306.wgt.RDat	ENSG00000164306	4	185570767	185616117	0.0691	rs7682828	  2.72	rs4647601	 1.29e-02	 -4.50	 -1.1393	 586	  1	top1	0.013	0.0037	  1.13934	2.55e-01
NA	/data/songy4/twas/output/weights_control//ENSG00000151725.wgt.RDat	ENSG00000151725	4	185615772	185655287	0.1160	rs7682828	  2.72	rs4610379	 1.54e-01	 -9.52	  0.4706	 560	  1	top1	0.15	6.8e-23	 -0.47059	6.38e-01
NA	/data/songy4/twas/output/weights_control//ENSG00000151729.wgt.RDat	ENSG00000151729	4	186064395	186071536	0.0829	rs7682828	  2.72	rs6838700	 1.01e-02	 -4.58	  0.6000	 509	 37	enet	0.025	9.6e-05	 -0.71425	4.75e-01
NA	/data/songy4/twas/output/weights_control//ENSG00000164323.wgt.RDat	ENSG00000164323	4	186080819	186130658	0.1019	rs7682828	  2.72	rs3112911	 3.10e-02	 -5.31	 -0.5894	 545	 17	enet	0.054	1.1e-08	 -0.57840	5.63e-01
NA	/data/songy4/twas/output/weights_control//ENSG00000109762.wgt.RDat	ENSG00000109762	4	186125391	186291339	0.2586	rs7682828	  2.72	rs3112863	 2.91e-01	 13.07	 -1.7755	 639	  1	top1	0.29	7.3e-45	 -1.77551	7.58e-02
NA	/data/songy4/twas/output/weights_control//ENSG00000109775.wgt.RDat	ENSG00000109775	4	186320694	186347139	0.1266	rs13140248	  3.28	rs3733645	 9.34e-02	 -7.75	  1.0093	 561	  1	top1	0.093	4e-14	 -1.00935	3.13e-01
NA	/data/songy4/twas/output/weights_control//ENSG00000164342.wgt.RDat	ENSG00000164342	4	186990306	187009223	0.1680	rs13140248	  3.28	rs10866290	 4.61e-02	 -5.86	 -1.3273	 606	  6	lasso	0.1	3.1e-15	  0.62827	5.30e-01
NA	/data/songy4/twas/output/weights_control//ENSG00000109794.wgt.RDat	ENSG00000109794	4	187025573	187093821	0.3919	rs13140248	  3.28	rs10866290	 1.52e-01	 -9.43	 -1.3273	 636	 68	enet	0.29	5.4e-44	  0.83901	4.01e-01
NA	/data/songy4/twas/output/weights_control//ENSG00000145476.wgt.RDat	ENSG00000145476	4	187112674	187134610	0.5594	rs13140248	  3.28	rs3736455	 3.70e-01	 14.99	  0.2347	 595	 59	enet	0.56	9.4e-104	  0.59901	5.49e-01
NA	/data/songy4/twas/output/weights_control//ENSG00000164344.wgt.RDat	ENSG00000164344	4	187130133	187179625	0.4374	rs13140248	  3.28	rs4253239	 2.85e-01	 12.87	  0.1855	 591	 61	enet	0.39	7.1e-63	  0.01986	9.84e-01
NA	/data/songy4/twas/output/weights_control//ENSG00000088926.wgt.RDat	ENSG00000088926	4	187187099	187210835	0.1597	rs13140248	  3.28	rs2292428	 7.21e-02	  7.34	 -0.0306	 566	  5	lasso	0.1	1.7e-15	 -0.20107	8.41e-01
NA	/data/songy4/twas/output/weights_control//ENSG00000109536.wgt.RDat	ENSG00000109536	4	190861943	190884359	0.0944	rs7688549	 -2.20	rs2037947	 1.34e-01	 -9.15	  1.1439	  99	  1	top1	0.13	7.8e-20	 -1.14394	2.53e-01
