PANEL	FILE	ID	CHR	P0	P1	HSQ	BEST.GWAS.ID	BEST.GWAS.Z	EQTL.ID	EQTL.R2	EQTL.Z	EQTL.GWAS.Z	NSNP	NWGT	MODEL	MODELCV.R2	MODELCV.PV	TWAS.Z	TWAS.P
NA	/data/songy4/twas/output/weights_control//ENSG00000134121.wgt.RDat	ENSG00000134121	3	238279	451090	0.0536	rs2729145	 -3.31	rs7640724	 0.009200	 -4.47	-0.03883	 434	  5	lasso	0.017	0.001	 0.3033	7.62e-01
NA	/data/songy4/twas/output/weights_control//ENSG00000144455.wgt.RDat	ENSG00000144455	3	3742498	4508965	0.2099	rs769787	  3.67	rs901870	 0.185917	-10.57	-0.09615	1186	 37	enet	0.22	3.2e-32	-0.5119	6.09e-01
NA	/data/songy4/twas/output/weights_control//ENSG00000175928.wgt.RDat	ENSG00000175928	3	3841121	3889387	0.1526	rs769787	  3.67	rs1110797	 0.059378	 -7.33	 1.42857	 687	 39	enet	0.14	7.8e-21	-1.0562	2.91e-01
NA	/data/songy4/twas/output/weights_control//ENSG00000150995.wgt.RDat	ENSG00000150995	3	4535032	4889524	0.0897	rs4499578	  4.03	rs10510293	 0.034252	 -6.22	-1.23784	 805	 10	enet	0.064	4.6e-10	 0.6361	5.25e-01
NA	/data/songy4/twas/output/weights_control//ENSG00000071282.wgt.RDat	ENSG00000071282	3	8543393	8609805	0.1483	rs237895	 -4.62	rs2324625	 0.053977	 -6.26	-0.24242	 736	 71	enet	0.066	2.3e-10	 0.8960	3.70e-01
NA	/data/songy4/twas/output/weights_control//ENSG00000180914.wgt.RDat	ENSG00000180914	3	8792094	8811314	0.0622	rs237895	 -4.62	rs435936	 0.030635	  4.80	 1.15238	 747	  1	top1	0.031	1.4e-05	 1.1524	2.49e-01
NA	/data/songy4/twas/output/weights_control//ENSG00000070950.wgt.RDat	ENSG00000070950	3	8817088	9005457	0.0469	rs237895	 -4.62	rs6800043	 0.033705	  5.32	 0.64029	 819	  1	top1	0.034	5.6e-06	 0.6403	5.22e-01
NA	/data/songy4/twas/output/weights_control//ENSG00000134077.wgt.RDat	ENSG00000134077	3	9404526	9428475	0.2814	rs2279440	 -3.10	rs2728945	 0.200725	 10.84	-0.37589	 558	  4	lasso	0.2	1.5e-30	 0.1541	8.78e-01
NA	/data/songy4/twas/output/weights_control//ENSG00000114026.wgt.RDat	ENSG00000114026	3	9791628	9829903	0.0462	rs2279440	 -3.10	rs125701	 0.006019	  4.22	 0.23913	 453	  1	top1	0.006	0.035	 0.2391	8.11e-01
NA	/data/songy4/twas/output/weights_control//ENSG00000134072.wgt.RDat	ENSG00000134072	3	9799026	9811676	0.0559	rs2279440	 -3.10	rs8883	-0.001705	 -3.41	 0.65957	 436	 17	enet	7e-04	0.24	 0.4216	6.73e-01
NA	/data/songy4/twas/output/weights_control//ENSG00000171148.wgt.RDat	ENSG00000171148	3	9821544	9834695	0.1702	rs2279440	 -3.10	rs293784	 0.163452	  9.94	 0.05385	 439	 17	enet	0.19	7.1e-28	 0.1612	8.72e-01
NA	/data/songy4/twas/output/weights_control//ENSG00000214021.wgt.RDat	ENSG00000214021	3	9849770	9896822	0.0778	rs2279440	 -3.10	rs3732527	 0.048067	 -5.73	 0.47059	 466	  1	top1	0.048	6.5e-08	-0.4706	6.38e-01
NA	/data/songy4/twas/output/weights_control//ENSG00000171135.wgt.RDat	ENSG00000171135	3	9932238	9936033	0.1046	rs2279440	 -3.10	rs279543	 0.080083	  7.18	 0.89691	 455	  1	top1	0.08	2.9e-12	 0.8969	3.70e-01
NA	/data/songy4/twas/output/weights_control//ENSG00000163702.wgt.RDat	ENSG00000163702	3	9958758	9975314	0.0927	rs2279440	 -3.10	rs708567	 0.066350	 -6.53	 0.61702	 494	  1	top1	0.066	2.2e-10	-0.6170	5.37e-01
NA	/data/songy4/twas/output/weights_control//ENSG00000163703.wgt.RDat	ENSG00000163703	3	9975506	9987097	0.0450	rs2279440	 -3.10	rs442373	 0.040349	 -6.26	 1.62319	 498	 10	enet	0.061	1.3e-09	-1.1884	2.35e-01
NA	/data/songy4/twas/output/weights_control//ENSG00000144554.wgt.RDat	ENSG00000144554	3	10068098	10143614	0.1428	rs11914694	  3.27	rs2075310	 0.134971	 -9.31	-0.63248	 580	  3	lasso	0.15	8.2e-23	 1.2886	1.98e-01
NA	/data/songy4/twas/output/weights_control//ENSG00000254999.wgt.RDat	ENSG00000254999	3	10157276	10168874	0.0583	rs11914694	  3.27	rs3843008	 0.051421	 -5.76	-1.55556	 580	  1	top1	0.051	2.3e-08	 1.5556	1.20e-01
NA	/data/songy4/twas/output/weights_control//ENSG00000134086.wgt.RDat	ENSG00000134086	3	10182692	10193904	0.0583	rs11914694	  3.27	rs17032295	 0.037389	 -5.19	-0.05926	 601	 15	enet	0.039	9.5e-07	-0.3429	7.32e-01
NA	/data/songy4/twas/output/weights_control//ENSG00000157014.wgt.RDat	ENSG00000157014	3	10289707	10322902	0.3100	rs11914694	  3.27	rs514658	 0.294784	 13.06	 2.19266	 630	  8	lasso	0.32	8.3e-51	 1.5575	1.19e-01
NA	/data/songy4/twas/output/weights_control//ENSG00000196639.wgt.RDat	ENSG00000196639	3	11178779	11305243	0.1503	rs4684787	  2.78	rs11128551	 0.063860	  6.25	-0.61290	 581	 74	enet	0.065	3.3e-10	 0.0886	9.29e-01
NA	/data/songy4/twas/output/weights_control//ENSG00000197548.wgt.RDat	ENSG00000197548	3	11313995	11599139	0.1955	rs389780	  3.51	rs6442241	 0.142815	-10.53	-0.20290	 674	  6	lasso	0.24	5e-37	 1.0898	2.76e-01
NA	/data/songy4/twas/output/weights_control//ENSG00000144560.wgt.RDat	ENSG00000144560	3	11597544	11762220	0.0471	rs389780	  3.51	rs346087	 0.033470	  4.75	-1.96226	 511	  3	lasso	0.043	3.4e-07	-1.3311	1.83e-01
NA	/data/songy4/twas/output/weights_control//ENSG00000144559.wgt.RDat	ENSG00000144559	3	11831916	11888393	0.2457	rs389780	  3.51	rs9876026	 0.141689	 -9.58	-0.77451	 502	 19	enet	0.22	3.6e-33	 0.5580	5.77e-01
NA	/data/songy4/twas/output/weights_control//ENSG00000132170.wgt.RDat	ENSG00000132170	3	12328867	12475855	0.1326	rs389780	  3.51	rs709162	 0.105737	  8.35	-0.27000	 557	 30	enet	0.11	9e-17	-0.7130	4.76e-01
NA	/data/songy4/twas/output/weights_control//ENSG00000154743.wgt.RDat	ENSG00000154743	3	12525931	12581122	0.1733	rs360745	 -3.16	rs3806663	 0.136553	  8.92	 0.57653	 485	 14	lasso	0.14	2.7e-20	-0.1090	9.13e-01
NA	/data/songy4/twas/output/weights_control//ENSG00000132155.wgt.RDat	ENSG00000132155	3	12625100	12705725	0.0549	rs360745	 -3.16	rs904464	 0.029256	  5.30	-0.44000	 541	 22	enet	0.033	7e-06	-0.1765	8.60e-01
NA	/data/songy4/twas/output/weights_control//ENSG00000144712.wgt.RDat	ENSG00000144712	3	12837971	12913415	0.3127	rs360745	 -3.16	rs6806919	 0.119706	  8.60	 0.90110	 577	 44	enet	0.15	4.9e-22	-0.1021	9.19e-01
NA	/data/songy4/twas/output/weights_control//ENSG00000132182.wgt.RDat	ENSG00000132182	3	13357737	13461809	0.0513	rs360745	 -3.16	rs2597519	 0.041079	  5.76	 0.09278	 617	  1	top1	0.041	5.7e-07	 0.0928	9.26e-01
NA	/data/songy4/twas/output/weights_control//ENSG00000163517.wgt.RDat	ENSG00000163517	3	13521224	13547916	0.0480	rs360745	 -3.16	rs2655216	 0.004319	 -4.35	-0.63636	 548	 10	enet	0.012	0.0055	-0.0227	9.82e-01
NA	/data/songy4/twas/output/weights_control//ENSG00000154764.wgt.RDat	ENSG00000154764	3	13857755	13921618	0.0603	rs6808244	  2.93	rs9872360	 0.022630	 -4.86	 0.93458	 555	 21	enet	0.051	2.4e-08	 0.2666	7.90e-01
NA	/data/songy4/twas/output/weights_control//ENSG00000170876.wgt.RDat	ENSG00000170876	3	14166440	14185179	0.0632	rs7645232	 -2.83	rs2340917	 0.040524	 -5.47	 1.92157	 584	  3	lasso	0.044	2.5e-07	-1.7886	7.37e-02
NA	/data/songy4/twas/output/weights_control//ENSG00000131389.wgt.RDat	ENSG00000131389	3	14444076	14530857	0.2325	rs744892	  3.34	rs3773165	 0.138640	  9.29	 0.34043	 624	  6	lasso	0.18	4e-26	 0.3873	6.98e-01
NA	/data/songy4/twas/output/weights_control//ENSG00000154781.wgt.RDat	ENSG00000154781	3	14693271	14714166	0.1499	rs744892	  3.34	rs9310457	 0.079865	 -7.70	 1.75758	 644	  7	lasso	0.12	3.2e-18	-1.2460	2.13e-01
NA	/data/songy4/twas/output/weights_control//ENSG00000131379.wgt.RDat	ENSG00000131379	3	14716606	14814541	0.4642	rs744892	  3.34	rs1901	 0.437147	-15.87	 0.38000	 661	  6	lasso	0.46	2e-79	-0.2435	8.08e-01
NA	/data/songy4/twas/output/weights_control//ENSG00000177463.wgt.RDat	ENSG00000177463	3	14989091	15095107	0.0605	rs744892	  3.34	rs6805619	 0.029906	  4.49	 0.82927	 594	  1	top1	0.03	1.8e-05	 0.8293	4.07e-01
NA	/data/songy4/twas/output/weights_control//ENSG00000131368.wgt.RDat	ENSG00000131368	3	15083967	15106842	0.0495	rs744892	  3.34	rs7629011	 0.005258	 -4.13	 0.33750	 513	  1	top1	0.0053	0.045	-0.3375	7.36e-01
NA	/data/songy4/twas/output/weights_control//ENSG00000131375.wgt.RDat	ENSG00000131375	3	15247659	15294425	0.1055	rs744892	  3.34	rs9819645	 0.061861	  6.06	 0.99254	 463	  5	lasso	0.079	3.8e-12	 0.2382	8.12e-01
NA	/data/songy4/twas/output/weights_control//ENSG00000131370.wgt.RDat	ENSG00000131370	3	15296360	15382875	0.1037	rs744892	  3.34	rs9831807	 0.041624	  5.49	 0.70588	 472	  6	lasso	0.09	1.1e-13	 0.9145	3.60e-01
NA	/data/songy4/twas/output/weights_control//ENSG00000206562.wgt.RDat	ENSG00000206562	3	15422782	15482073	0.1452	rs17040499	  2.91	rs9853193	 0.033591	 -5.94	 1.50382	 419	  3	lasso	0.071	5.4e-11	-1.5878	1.12e-01
NA	/data/songy4/twas/output/weights_control//ENSG00000144597.wgt.RDat	ENSG00000144597	3	15468862	15484120	0.0398	rs9663	 -2.77	rs2654652	 0.005130	 -4.22	-0.23077	 382	  5	lasso	0.011	0.0067	 0.0701	9.44e-01
NA	/data/songy4/twas/output/weights_control//ENSG00000206561.wgt.RDat	ENSG00000206561	3	15491640	15563258	0.1106	rs6774992	 -2.63	rs6777812	 0.063613	  6.52	 0.50442	 403	  1	top1	0.064	5.1e-10	 0.5044	6.14e-01
NA	/data/songy4/twas/output/weights_control//ENSG00000206560.wgt.RDat	ENSG00000206560	3	15708743	15901278	0.1665	rs4685308	  2.86	rs11917845	 0.165835	  9.86	-1.12429	 535	 14	lasso	0.17	1.2e-25	-0.4626	6.44e-01
NA	/data/songy4/twas/output/weights_control//ENSG00000131386.wgt.RDat	ENSG00000131386	3	16216156	16273499	0.0673	rs4685308	  2.86	rs1847730	 0.007235	 -4.76	 0.80583	 554	 12	enet	0.042	5e-07	-0.8826	3.77e-01
NA	/data/songy4/twas/output/weights_control//ENSG00000154813.wgt.RDat	ENSG00000154813	3	16299485	16306479	0.1618	rs4685308	  2.86	rs2292614	 0.100574	 -8.06	-0.91667	 542	  1	top1	0.1	4e-15	 0.9167	3.59e-01
NA	/data/songy4/twas/output/weights_control//ENSG00000131378.wgt.RDat	ENSG00000131378	3	16355081	16555533	0.1186	rs4685308	  2.86	rs842283	 0.032391	 -5.01	 1.61224	 608	 32	enet	0.036	2.9e-06	-1.3022	1.93e-01
NA	/data/songy4/twas/output/weights_control//ENSG00000092345.wgt.RDat	ENSG00000092345	3	16628299	16711813	0.0858	rs4685308	  2.86	rs10510460	 0.047484	 -5.48	 0.51969	 556	  1	top1	0.047	7.8e-08	-0.5197	6.03e-01
NA	/data/songy4/twas/output/weights_control//ENSG00000154822.wgt.RDat	ENSG00000154822	3	16844159	17132086	0.1073	rs938337	  2.66	rs2014490	 0.071789	  7.33	-1.02970	 501	  6	lasso	0.085	5.4e-13	-1.1884	2.35e-01
NA	/data/songy4/twas/output/weights_control//ENSG00000163576.wgt.RDat	ENSG00000163576	3	19920964	19988517	0.5916	rs2306774	 -2.92	rs1133328	 0.649255	 19.30	-1.55446	 422	  5	lasso	0.65	4.9e-133	-1.5688	1.17e-01
NA	/data/songy4/twas/output/weights_control//ENSG00000144566.wgt.RDat	ENSG00000144566	3	19988571	20026667	0.1858	rs2306774	 -2.92	rs12486167	 0.143502	  9.16	 1.77193	 418	  9	lasso	0.18	5.7e-27	 1.0097	3.13e-01
NA	/data/songy4/twas/output/weights_control//ENSG00000114166.wgt.RDat	ENSG00000114166	3	20081515	20195896	0.2169	rs2306774	 -2.92	rs12636078	 0.193966	 10.65	 1.12963	 462	  8	lasso	0.19	5.4e-29	 1.2767	2.02e-01
NA	/data/songy4/twas/output/weights_control//ENSG00000151789.wgt.RDat	ENSG00000151789	3	21459915	22414812	0.0855	rs2731938	  3.76	rs13095534	-0.001451	 -3.80	 1.05310	1192	 40	enet	0.017	0.0011	 0.0621	9.50e-01
NA	/data/songy4/twas/output/weights_control//ENSG00000182247.wgt.RDat	ENSG00000182247	3	23244511	23633284	0.0633	rs13325754	  3.23	rs778486	 0.049281	  5.92	-0.33010	 519	  3	lasso	0.051	2.7e-08	-0.3459	7.29e-01
NA	/data/songy4/twas/output/weights_control//ENSG00000174738.wgt.RDat	ENSG00000174738	3	23986751	24022109	0.0353	rs6779573	  3.30	rs6550829	 0.030459	 -4.59	 0.31933	 517	  1	top1	0.03	1.5e-05	-0.3193	7.49e-01
NA	/data/songy4/twas/output/weights_control//ENSG00000163491.wgt.RDat	ENSG00000163491	3	27151576	27410951	0.0704	rs4973848	  3.79	rs1445112	 0.055167	 -6.42	 0.75472	 500	  4	lasso	0.059	1.9e-09	-0.8001	4.24e-01
NA	/data/songy4/twas/output/weights_control//ENSG00000163508.wgt.RDat	ENSG00000163508	3	27757440	27764206	0.0526	rs7629240	 -2.95	rs11129295	 0.045021	  5.43	-0.73958	 415	  1	top1	0.045	1.7e-07	-0.7396	4.60e-01
NA	/data/songy4/twas/output/weights_control//ENSG00000187118.wgt.RDat	ENSG00000187118	3	28283075	28366633	0.1034	rs7644788	  4.89	rs6805617	 0.026593	  5.38	 0.43158	 464	 37	enet	0.046	1.1e-07	-0.0975	9.22e-01
NA	/data/songy4/twas/output/weights_control//ENSG00000163512.wgt.RDat	ENSG00000163512	3	28356494	28390618	0.0918	rs7644788	  4.89	rs6771057	 0.086633	  7.65	-1.33000	 448	  1	top1	0.087	3.6e-13	-1.3300	1.84e-01
NA	/data/songy4/twas/output/weights_control//ENSG00000144642.wgt.RDat	ENSG00000144642	3	29322473	30051886	0.0585	rs4465907	 -4.01	rs7651268	 0.021261	 -4.61	-1.45872	 937	  3	lasso	0.037	1.8e-06	 0.0305	9.76e-01
NA	/data/songy4/twas/output/weights_control//ENSG00000163513.wgt.RDat	ENSG00000163513	3	30647994	30735634	0.1674	rs7619284	 -3.03	rs891595	 0.139329	  8.98	-2.15894	 585	  1	top1	0.14	1.1e-20	-2.1589	3.09e-02
NA	/data/songy4/twas/output/weights_control//ENSG00000163527.wgt.RDat	ENSG00000163527	3	31574130	31679112	0.0820	rs3749405	 -2.66	rs9879046	 0.033431	 -6.52	-1.57895	 523	 11	lasso	0.047	1e-07	 1.2411	2.15e-01
NA	/data/songy4/twas/output/weights_control//ENSG00000152642.wgt.RDat	ENSG00000152642	3	32147181	32210205	0.3738	rs4132830	 -2.97	rs11707121	 0.272053	-12.80	-1.20050	 538	  6	lasso	0.34	1.5e-54	 1.0407	2.98e-01
NA	/data/songy4/twas/output/weights_control//ENSG00000170293.wgt.RDat	ENSG00000170293	3	32280171	32411817	0.3589	rs4132830	 -2.97	rs6550109	 0.095270	  7.63	-0.12745	 533	 80	enet	0.27	6.8e-42	 0.3296	7.42e-01
NA	/data/songy4/twas/output/weights_control//ENSG00000153551.wgt.RDat	ENSG00000153551	3	32433163	32524559	0.1642	rs4132830	 -2.97	rs17029445	 0.004546	 -5.20	-0.47354	 484	  8	lasso	0.011	0.0058	 0.7539	4.51e-01
NA	/data/songy4/twas/output/weights_control//ENSG00000091317.wgt.RDat	ENSG00000091317	3	32522804	32544900	0.0641	rs4132830	 -2.97	rs164220	 0.006323	 -4.80	 1.63107	 447	  6	lasso	0.015	0.0018	-0.8539	3.93e-01
NA	/data/songy4/twas/output/weights_control//ENSG00000144635.wgt.RDat	ENSG00000144635	3	32567463	32612366	0.4315	rs4132830	 -2.97	rs3853720	 0.385172	 14.93	-0.21154	 461	  6	lasso	0.4	6.8e-65	-0.2939	7.69e-01
NA	/data/songy4/twas/output/weights_control//ENSG00000206557.wgt.RDat	ENSG00000206557	3	32859510	32939318	0.1294	rs6785628	  3.16	rs9832822	 0.024883	  5.45	-1.94068	 439	 10	lasso	0.049	4.6e-08	-1.7600	7.84e-02
NA	/data/songy4/twas/output/weights_control//ENSG00000183813.wgt.RDat	ENSG00000183813	3	32993066	32997841	0.0582	rs6785628	  3.16	rs7629880	 0.053868	  5.73	-1.18966	 362	  1	top1	0.054	1.1e-08	-1.1897	2.34e-01
NA	/data/songy4/twas/output/weights_control//ENSG00000170266.wgt.RDat	ENSG00000170266	3	33038100	33138722	0.0874	rs10764	  3.84	rs4074708	 0.015400	 -4.82	 0.36842	 391	 19	enet	0.063	6.3e-10	 0.1221	9.03e-01
NA	/data/songy4/twas/output/weights_control//ENSG00000153560.wgt.RDat	ENSG00000153560	3	33429828	33482863	0.0703	rs6766294	  3.86	rs4678951	 0.019197	  4.16	 2.91667	 371	 19	enet	0.034	4.8e-06	 2.0749	3.80e-02
NA	/data/songy4/twas/output/weights_control//ENSG00000170248.wgt.RDat	ENSG00000170248	3	33839844	33911194	0.2301	rs6766294	  3.86	rs7649799	 0.281509	-12.88	 1.60377	 363	  9	lasso	0.28	1.6e-43	-1.6138	1.07e-01
NA	/data/songy4/twas/output/weights_control//ENSG00000172995.wgt.RDat	ENSG00000172995	3	35680437	35835988	0.0539	rs9810198	 -2.58	rs7621646	 0.005189	 -4.74	-0.64356	 471	 26	enet	0.013	0.0032	 0.5925	5.53e-01
NA	/data/songy4/twas/output/weights_control//ENSG00000144681.wgt.RDat	ENSG00000144681	3	36421836	36589499	0.0764	rs12489060	 -2.50	rs2361037	-0.001429	  4.63	 0.51724	 520	 48	enet	0.0095	0.011	 0.2556	7.98e-01
NA	/data/songy4/twas/output/weights_control//ENSG00000168016.wgt.RDat	ENSG00000168016	3	36868311	36986548	0.2173	rs10446459	 -2.39	rs11708164	 0.185763	-11.06	 1.96396	 439	 12	enet	0.19	2e-28	-1.9373	5.27e-02
NA	/data/songy4/twas/output/weights_control//ENSG00000178567.wgt.RDat	ENSG00000178567	3	37027357	37034795	0.1798	rs10446459	 -2.39	rs1800734	 0.073107	  7.01	 0.73913	 409	 28	enet	0.089	1.6e-13	 0.7332	4.63e-01
NA	/data/songy4/twas/output/weights_control//ENSG00000076242.wgt.RDat	ENSG00000076242	3	37034823	37107380	0.2618	rs10446459	 -2.39	rs1800734	 0.225599	 11.45	 0.73913	 460	  1	top1	0.23	6.5e-34	 0.7391	4.60e-01
NA	/data/songy4/twas/output/weights_control//ENSG00000093167.wgt.RDat	ENSG00000093167	3	37094117	37225180	0.1518	rs2070481	  2.70	rs6796088	 0.243860	-11.91	 0.45745	 486	  1	top1	0.24	6.7e-37	-0.4574	6.47e-01
NA	/data/songy4/twas/output/weights_control//ENSG00000144668.wgt.RDat	ENSG00000144668	3	37493606	37865005	0.1291	rs2070481	  2.70	rs559715	 0.095445	  8.65	-0.75789	 539	  4	lasso	0.17	1.4e-25	-0.8917	3.73e-01
NA	/data/songy4/twas/output/weights_control//ENSG00000187091.wgt.RDat	ENSG00000187091	3	38048987	38071253	0.1074	rs2070481	  2.70	rs11719578	 0.047700	  6.13	 0.71200	 435	  1	top1	0.048	7.3e-08	 0.7120	4.76e-01
NA	/data/songy4/twas/output/weights_control//ENSG00000093217.wgt.RDat	ENSG00000093217	3	38388251	38462839	0.3635	rs6768135	 -2.74	rs6599203	 0.471553	 16.48	-0.03922	 472	  1	top1	0.47	1.3e-81	-0.0392	9.69e-01
NA	/data/songy4/twas/output/weights_control//ENSG00000114739.wgt.RDat	ENSG00000114739	3	38495342	38534633	0.4191	rs6768135	 -2.74	rs6599203	 0.463486	 16.34	-0.03922	 464	  8	lasso	0.47	2.7e-82	 0.0193	9.85e-01
NA	/data/songy4/twas/output/weights_control//ENSG00000168026.wgt.RDat	ENSG00000168026	3	39149152	39180394	0.1100	rs3732378	  3.49	rs12635796	 0.081480	  7.31	 0.45333	 486	  7	lasso	0.085	5.1e-13	-0.3415	7.33e-01
NA	/data/songy4/twas/output/weights_control//ENSG00000168329.wgt.RDat	ENSG00000168329	3	39304985	39323226	0.0519	rs3732378	  3.49	rs4676487	 0.033204	  4.61	 0.27660	 424	  1	top1	0.033	6.5e-06	 0.2766	7.82e-01
NA	/data/songy4/twas/output/weights_control//ENSG00000144659.wgt.RDat	ENSG00000144659	3	39424839	39438842	0.3313	rs3732378	  3.49	rs11129823	 0.301780	-13.18	 0.69903	 431	  1	top1	0.3	7.4e-47	-0.6990	4.85e-01
NA	/data/songy4/twas/output/weights_control//ENSG00000168028.wgt.RDat	ENSG00000168028	3	39448180	39454033	0.3776	rs3732378	  3.49	rs3772143	 0.391613	-15.06	-0.30208	 428	  1	top1	0.39	4.7e-64	 0.3021	7.63e-01
NA	/data/songy4/twas/output/weights_control//ENSG00000114784.wgt.RDat	ENSG00000114784	3	40351175	40353915	0.0560	rs7432524	  2.47	rs2371176	 0.021152	  5.42	-0.22703	 379	 21	enet	0.028	3.5e-05	-0.6012	5.48e-01
NA	/data/songy4/twas/output/weights_control//ENSG00000168038.wgt.RDat	ENSG00000168038	3	41288090	42003922	0.2895	rs9813198	  3.28	rs3934103	 0.440282	 16.01	 1.47154	 658	  7	lasso	0.44	1.7e-74	 1.4873	1.37e-01
NA	/data/songy4/twas/output/weights_control//ENSG00000114812.wgt.RDat	ENSG00000114812	3	42530791	42579059	0.1891	rs704903	  2.44	rs437876	 0.085437	  8.09	-0.47664	 478	  9	lasso	0.16	2.4e-24	-0.5242	6.00e-01
NA	/data/songy4/twas/output/weights_control//ENSG00000114857.wgt.RDat	ENSG00000114857	3	42642106	42690227	0.1826	rs7625703	  3.08	rs168138	 0.210560	-11.11	-1.64706	 484	  4	lasso	0.22	3.1e-33	 1.6424	1.01e-01
NA	/data/songy4/twas/output/weights_control//ENSG00000114853.wgt.RDat	ENSG00000114853	3	42695176	42709072	0.1535	rs6769697	 -3.62	rs6788548	 0.144427	 -9.17	 0.32624	 477	 17	lasso	0.16	3.6e-23	 0.0914	9.27e-01
NA	/data/songy4/twas/output/weights_control//ENSG00000244607.wgt.RDat	ENSG00000244607	3	42734155	42814745	0.1227	rs17075283	 -4.14	rs13061576	 0.103534	  7.95	 0.72650	 504	  1	top1	0.1	1.5e-15	 0.7265	4.68e-01
NA	/data/songy4/twas/output/weights_control//ENSG00000144648.wgt.RDat	ENSG00000144648	3	42846244	42929466	0.0610	rs17075283	 -4.14	rs4682685	-0.000546	  3.74	 1.07480	 461	 24	enet	0.0091	0.013	-0.2740	7.84e-01
NA	/data/songy4/twas/output/weights_control//ENSG00000160746.wgt.RDat	ENSG00000160746	3	43396351	43733086	0.0359	rs17075283	 -4.14	rs6793877	 0.028621	 -5.43	-3.11111	 488	  3	enet	0.029	2.2e-05	 2.8129	4.91e-03
NA	/data/songy4/twas/output/weights_control//ENSG00000011198.wgt.RDat	ENSG00000011198	3	43731605	43775863	0.0794	rs17473118	 -3.66	rs3733156	 0.017141	 -4.66	-2.48182	 374	 17	enet	0.052	1.8e-08	 0.9450	3.45e-01
NA	/data/songy4/twas/output/weights_control//ENSG00000179152.wgt.RDat	ENSG00000179152	3	44379611	44450943	0.0432	rs11713435	 -3.18	rs13086084	 0.005026	 -4.42	 1.72477	 344	 12	enet	0.019	0.00048	-1.8794	6.02e-02
NA	/data/songy4/twas/output/weights_control//ENSG00000178917.wgt.RDat	ENSG00000178917	3	44540462	44552128	0.1000	rs11130040	  2.82	rs11707506	 0.004258	 -5.04	 0.83036	 321	 15	enet	0.022	0.00021	-0.5337	5.94e-01
NA	/data/songy4/twas/output/weights_control//ENSG00000196345.wgt.RDat	ENSG00000196345	3	44596685	44624975	0.4059	rs11130040	  2.82	rs10514710	 0.173732	 10.14	-0.57759	 327	 18	lasso	0.26	1.7e-39	-1.5208	1.28e-01
NA	/data/songy4/twas/output/weights_control//ENSG00000144792.wgt.RDat	ENSG00000144792	3	44619715	44641186	0.1109	rs11130040	  2.82	rs10510742	 0.002727	 -4.57	 2.13816	 339	 20	enet	0.022	0.00019	-1.6946	9.02e-02
NA	/data/songy4/twas/output/weights_control//ENSG00000186448.wgt.RDat	ENSG00000186448	3	44626380	44689963	0.3074	rs11130040	  2.82	rs10514710	 0.211724	 11.48	-0.57759	 364	 35	enet	0.33	6.4e-53	-0.9209	3.57e-01
NA	/data/songy4/twas/output/weights_control//ENSG00000169981.wgt.RDat	ENSG00000169981	3	44690219	44702283	0.2674	rs11130040	  2.82	rs10514710	 0.146123	  9.24	-0.57759	 351	 18	enet	0.15	4.2e-22	-1.0845	2.78e-01
NA	/data/songy4/twas/output/weights_control//ENSG00000196653.wgt.RDat	ENSG00000196653	3	44754135	44765323	0.8084	rs11130040	  2.82	rs10514710	 0.612646	 18.77	-0.57759	 373	 10	lasso	0.65	1.9e-133	-0.5356	5.92e-01
NA	/data/songy4/twas/output/weights_control//ENSG00000186446.wgt.RDat	ENSG00000186446	3	44771088	44778575	0.4311	rs11130040	  2.82	rs10514710	 0.329942	 13.81	-0.57759	 377	  1	top1	0.33	5.3e-52	-0.5776	5.64e-01
NA	/data/songy4/twas/output/weights_control//ENSG00000163807.wgt.RDat	ENSG00000163807	3	44779153	44803154	0.1231	rs11130040	  2.82	rs3762636	 0.098888	  7.97	-0.52083	 395	 12	lasso	0.11	1.5e-16	-0.5022	6.16e-01
NA	/data/songy4/twas/output/weights_control//ENSG00000169964.wgt.RDat	ENSG00000169964	3	44903361	44907162	0.1559	rs11130040	  2.82	rs7640654	 0.177851	 10.23	-0.49462	 408	  4	lasso	0.18	4.5e-27	-0.5177	6.05e-01
NA	/data/songy4/twas/output/weights_control//ENSG00000163812.wgt.RDat	ENSG00000163812	3	44956749	45017677	0.0877	rs11130040	  2.82	rs1007	 0.049378	  6.41	 2.73118	 431	 18	enet	0.073	3e-11	 2.4854	1.29e-02
NA	/data/songy4/twas/output/weights_control//ENSG00000163814.wgt.RDat	ENSG00000163814	3	45123770	45187914	0.0819	rs11130040	  2.82	rs2037358	 0.004831	  4.45	 1.08163	 462	 19	enet	0.029	2.6e-05	-0.1626	8.71e-01
NA	/data/songy4/twas/output/weights_control//ENSG00000249992.wgt.RDat	ENSG00000249992	3	45265958	45267770	0.2039	rs7634013	  2.83	rs33751	 0.059720	 -7.80	 1.05036	 472	 26	enet	0.13	1.1e-19	 0.1837	8.54e-01
NA	/data/songy4/twas/output/weights_control//ENSG00000011376.wgt.RDat	ENSG00000011376	3	45429998	45590913	0.1153	rs1488369	 -3.61	rs11549809	 0.029103	 -5.81	 0.82857	 582	 21	enet	0.06	1.5e-09	-1.4650	1.43e-01
NA	/data/songy4/twas/output/weights_control//ENSG00000144791.wgt.RDat	ENSG00000144791	3	45596886	45727830	0.1046	rs9879257	  3.89	rs1318992	 0.058212	  6.98	 1.27273	 573	 16	enet	0.08	2.5e-12	 2.4885	1.28e-02
NA	/data/songy4/twas/output/weights_control//ENSG00000211456.wgt.RDat	ENSG00000211456	3	45730548	45786916	0.4119	rs9879257	  3.89	rs2742424	 0.434253	 15.87	 0.23232	 495	 42	enet	0.51	4.5e-90	 0.2658	7.90e-01
NA	/data/songy4/twas/output/weights_control//ENSG00000163818.wgt.RDat	ENSG00000163818	3	45864808	45957534	0.2034	rs9879257	  3.89	rs2531756	 0.124648	  8.86	-0.84756	 483	  9	lasso	0.13	2.2e-19	-1.1181	2.64e-01
NA	/data/songy4/twas/output/weights_control//ENSG00000173585.wgt.RDat	ENSG00000173585	3	45927996	45944667	0.0538	rs9879257	  3.89	rs13065964	 0.034171	  4.90	-3.43299	 449	  1	top1	0.034	4.8e-06	-3.4330	5.97e-04
NA	/data/songy4/twas/output/weights_control//ENSG00000172215.wgt.RDat	ENSG00000172215	3	45982425	45989845	0.0653	rs9879257	  3.89	rs7623476	 0.023826	  5.32	-0.73276	 441	 19	enet	0.033	6.9e-06	-1.0451	2.96e-01
NA	/data/songy4/twas/output/weights_control//ENSG00000183625.wgt.RDat	ENSG00000183625	3	46205096	46308197	0.3566	rs9879257	  3.89	rs7616215	 0.209524	-11.18	-0.74000	 516	 17	lasso	0.32	3.1e-50	 0.4196	6.75e-01
NA	/data/songy4/twas/output/weights_control//ENSG00000163823.wgt.RDat	ENSG00000163823	3	46243200	46249887	0.5946	rs9879257	  3.89	rs3181077	 0.256492	 12.20	-1.36697	 469	 46	enet	0.39	4e-63	-1.3106	1.90e-01
NA	/data/songy4/twas/output/weights_control//ENSG00000121807.wgt.RDat	ENSG00000121807	3	46395225	46402419	0.0688	rs11130092	 -3.94	rs7616215	 0.019964	 -5.17	-0.74000	 433	  8	lasso	0.035	3.4e-06	 2.0924	3.64e-02
NA	/data/songy4/twas/output/weights_control//ENSG00000160791.wgt.RDat	ENSG00000160791	3	46411633	46417697	0.0810	rs11130092	 -3.90	rs7645716	 0.010438	 -4.23	 0.86239	 433	  1	top1	0.01	0.0081	-0.8624	3.88e-01
NA	/data/songy4/twas/output/weights_control//ENSG00000121797.wgt.RDat	ENSG00000121797	3	46448654	46454488	0.0676	rs11130092	 -3.95	rs7616215	 0.034076	 -4.67	-0.74000	 428	  1	top1	0.034	5e-06	 0.7400	4.59e-01
NA	/data/songy4/twas/output/weights_control//ENSG00000163827.wgt.RDat	ENSG00000163827	3	46556913	46621589	0.1262	rs1982510	 -4.06	rs7430431	 0.005270	  4.56	-3.90781	 404	 48	enet	0.037	2.3e-06	-3.1432	1.67e-03
NA	/data/songy4/twas/output/weights_control//ENSG00000178038.wgt.RDat	ENSG00000178038	3	46710487	46735194	0.0863	rs1982510	 -4.06	rs3747519	 0.024532	  4.96	 0.24490	 353	  6	lasso	0.034	5.4e-06	 1.1619	2.45e-01
NA	/data/songy4/twas/output/weights_control//ENSG00000181585.wgt.RDat	ENSG00000181585	3	46742823	46752376	0.0553	rs1982510	 -4.06	rs6442020	 0.026598	  4.46	 0.65714	 349	 21	enet	0.032	1.1e-05	 2.0255	4.28e-02
NA	/data/songy4/twas/output/weights_control//ENSG00000160799.wgt.RDat	ENSG00000160799	3	46963216	47023500	0.0485	rs1982510	 -4.06	rs17783959	 0.008817	 -4.19	 1.75000	 326	 36	enet	0.015	0.0019	-0.5191	6.04e-01
NA	/data/songy4/twas/output/weights_control//ENSG00000114650.wgt.RDat	ENSG00000114650	3	47455203	47518616	0.2029	rs1982510	 -4.06	rs2101247	 0.088683	 -7.45	-2.19792	 162	 42	enet	0.1	5.2e-15	 1.6714	9.47e-02
NA	/data/songy4/twas/output/weights_control//ENSG00000163832.wgt.RDat	ENSG00000163832	3	47537130	47555251	0.0259	rs1982510	 -4.06	rs11130137	 0.003907	 -3.34	-1.93000	 156	  1	top1	0.0039	0.072	 1.9300	5.36e-02
NA	/data/songy4/twas/output/weights_control//ENSG00000047849.wgt.RDat	ENSG00000047849	3	47892182	48130769	0.0670	rs2889854	 -5.79	rs1550914	 0.088051	 -7.84	 2.18182	 214	  1	top1	0.088	2.3e-13	-2.1818	2.91e-02
NA	/data/songy4/twas/output/weights_control//ENSG00000164048.wgt.RDat	ENSG00000164048	3	48282590	48340743	0.3994	rs12497850	 -6.42	rs6787500	 0.526419	 17.41	 4.33816	 235	  1	top1	0.53	2.8e-95	 4.3382	1.44e-05
NA	/data/songy4/twas/output/weights_control//ENSG00000172113.wgt.RDat	ENSG00000172113	3	48334754	48343175	0.3302	rs12497850	 -6.42	rs11718350	 0.400151	-15.28	 4.27723	 233	 25	enet	0.41	7.3e-68	-4.1460	3.38e-05
NA	/data/songy4/twas/output/weights_control//ENSG00000229453.wgt.RDat	ENSG00000229453	3	48348336	48369831	0.0365	rs12497850	 -6.42	rs7619865	 0.014482	  4.21	 4.22135	 238	  3	lasso	0.015	0.0019	 4.3713	1.24e-05
NA	/data/songy4/twas/output/weights_control//ENSG00000225697.wgt.RDat	ENSG00000225697	3	48663156	48672926	0.0333	rs12497850	 -6.42	rs9812200	 0.003645	  3.96	-2.31034	 235	 19	enet	0.0086	0.015	-1.7401	8.18e-02
NA	/data/songy4/twas/output/weights_control//ENSG00000213672.wgt.RDat	ENSG00000213672	3	48701364	48723797	0.0438	rs12497850	 -6.42	rs4858828	 0.028354	 -4.82	-6.18182	 244	 14	enet	0.043	2.7e-07	 3.3967	6.82e-04
NA	/data/songy4/twas/output/weights_control//ENSG00000068745.wgt.RDat	ENSG00000068745	3	48725436	48777786	0.2206	rs12497850	 -6.42	rs12496747	 0.065294	  6.31	 2.77083	 258	  1	top1	0.065	3e-10	 2.7708	5.59e-03
NA	/data/songy4/twas/output/weights_control//ENSG00000177479.wgt.RDat	ENSG00000177479	3	48956254	49023815	0.0360	rs12497850	 -6.42	rs1134591	 0.031506	 -5.09	-5.91919	 267	  1	top1	0.032	1.1e-05	 5.9192	3.24e-09
NA	/data/songy4/twas/output/weights_control//ENSG00000178467.wgt.RDat	ENSG00000178467	3	49027319	49044587	0.0206	rs12497850	 -6.42	rs12497850	 0.002600	 -3.71	-6.42424	 267	  1	top1	0.0026	0.11	 6.4242	1.33e-10
NA	/data/songy4/twas/output/weights_control//ENSG00000178252.wgt.RDat	ENSG00000178252	3	49044495	49053386	0.1664	rs12497850	 -6.42	rs6446205	 0.279086	 12.88	-5.82828	 267	  6	lasso	0.28	3e-43	-5.4809	4.23e-08
NA	/data/songy4/twas/output/weights_control//ENSG00000178149.wgt.RDat	ENSG00000178149	3	49052921	49059726	0.0532	rs12497850	 -6.42	rs3774800	 0.003973	 -3.88	-3.06122	 269	 11	lasso	0.0087	0.014	 3.6785	2.35e-04
NA	/data/songy4/twas/output/weights_control//ENSG00000198218.wgt.RDat	ENSG00000198218	3	49067140	49131796	0.0277	rs12497850	 -6.42	rs7100	 0.009828	  4.03	-4.22124	 280	 13	enet	0.017	0.0012	-5.1613	2.45e-07
NA	/data/songy4/twas/output/weights_control//ENSG00000185909.wgt.RDat	ENSG00000185909	3	49209044	49213917	0.0226	rs12497850	 -6.42	rs9990153	-0.001681	  3.30	-2.96053	 267	 21	enet	-0.00054	0.41	-4.4240	9.69e-06
NA	/data/songy4/twas/output/weights_control//ENSG00000188315.wgt.RDat	ENSG00000188315	3	49306035	49315342	0.0209	rs9311433	 -5.96	rs1982861	 0.004540	 -4.04	-1.15741	 277	  8	enet	0.0085	0.015	 1.6011	1.09e-01
NA	/data/songy4/twas/output/weights_control//ENSG00000233276.wgt.RDat	ENSG00000233276	3	49394609	49396033	0.0317	rs7431857	 -5.92	rs17080528	 0.003781	 -4.03	 0.55882	 277	 18	enet	0.026	6.8e-05	 0.2407	8.10e-01
NA	/data/songy4/twas/output/weights_control//ENSG00000164062.wgt.RDat	ENSG00000164062	3	49711435	49721396	0.0302	rs11920251	 -3.83	rs17650792	 0.007554	 -3.71	 0.46875	 318	  1	top1	0.0076	0.021	-0.4687	6.39e-01
NA	/data/songy4/twas/output/weights_control//ENSG00000164068.wgt.RDat	ENSG00000164068	3	49726932	49758962	0.0353	rs11920251	 -3.83	rs2271960	 0.001004	  3.61	 0.62766	 328	  9	enet	0.017	0.001	-0.3486	7.27e-01
NA	/data/songy4/twas/output/weights_control//ENSG00000173540.wgt.RDat	ENSG00000173540	3	49754277	49761384	0.0905	rs11920251	 -3.83	rs11130208	 0.068504	  6.67	 0.90698	 318	 16	enet	0.069	1e-10	 1.6038	1.09e-01
NA	/data/songy4/twas/output/weights_control//ENSG00000182179.wgt.RDat	ENSG00000182179	3	49842640	49851379	0.1273	rs11920251	 -3.83	rs6775384	 0.164910	-10.10	 0.72340	 329	  1	top1	0.16	1.9e-24	-0.7234	4.69e-01
NA	/data/songy4/twas/output/weights_control//ENSG00000164078.wgt.RDat	ENSG00000164078	3	49924435	49941299	0.0319	rs4688759	 -3.64	rs1060970	 0.009711	  3.59	-1.27869	 337	  1	top1	0.0097	0.01	-1.2787	2.01e-01
NA	/data/songy4/twas/output/weights_control//ENSG00000004534.wgt.RDat	ENSG00000004534	3	49977440	50137478	0.2637	rs4688759	 -3.64	rs6772095	 0.328033	 13.90	-1.25806	 392	 64	enet	0.33	3.9e-52	-1.7731	7.62e-02
NA	/data/songy4/twas/output/weights_control//ENSG00000186792.wgt.RDat	ENSG00000186792	3	50330262	50336899	0.2610	rs4688759	 -3.64	rs13100173	 0.142679	 -9.18	-0.76842	 332	  6	lasso	0.16	4.2e-23	-0.0647	9.48e-01
NA	/data/songy4/twas/output/weights_control//ENSG00000114735.wgt.RDat	ENSG00000114735	3	50606583	50622366	0.1371	rs17729979	 -3.61	rs7637429	 0.038033	 -5.15	 0.85915	 326	  1	top1	0.038	1.5e-06	-0.8592	3.90e-01
NA	/data/songy4/twas/output/weights_control//ENSG00000114738.wgt.RDat	ENSG00000114738	3	50648951	50686720	0.1064	rs17729979	 -3.61	rs6791880	 0.168309	 -9.88	-0.41216	 333	  8	lasso	0.18	2.4e-26	 0.1960	8.45e-01
NA	/data/songy4/twas/output/weights_control//ENSG00000088538.wgt.RDat	ENSG00000088538	3	50712672	51421629	0.0182	rs11716295	 -3.20	rs13093289	 0.011224	  3.74	-0.32653	 481	  1	top1	0.011	0.0063	-0.3265	7.44e-01
NA	/data/songy4/twas/output/weights_control//ENSG00000164087.wgt.RDat	ENSG00000164087	3	52109269	52188706	0.0830	rs13083798	 -5.22	rs9860982	 0.068913	  6.55	-0.04737	 311	  1	top1	0.069	9.7e-11	-0.0474	9.62e-01
NA	/data/songy4/twas/output/weights_control//ENSG00000164088.wgt.RDat	ENSG00000164088	3	52279841	52284613	0.0465	rs13083798	 -5.22	rs610060	 0.014698	  4.33	-3.81915	 329	  1	top1	0.015	0.0021	-3.8191	1.34e-04
NA	/data/songy4/twas/output/weights_control//ENSG00000168237.wgt.RDat	ENSG00000168237	3	52321105	52329272	0.0459	rs13083798	 -5.22	rs352166	 0.030449	  5.17	-2.58947	 351	  1	top1	0.03	1.5e-05	-2.5895	9.61e-03
NA	/data/songy4/twas/output/weights_control//ENSG00000114854.wgt.RDat	ENSG00000114854	3	52485118	52488086	0.0362	rs13083798	 -5.22	rs3774409	 0.022110	  4.19	 3.76733	 365	  1	top1	0.022	2e-04	 3.7673	1.65e-04
NA	/data/songy4/twas/output/weights_control//ENSG00000010327.wgt.RDat	ENSG00000010327	3	52529354	52558511	0.1475	rs13083798	 -5.22	rs758800	 0.174519	-10.63	 3.86070	 375	 16	lasso	0.18	4.9e-26	-4.0731	4.64e-05
NA	/data/songy4/twas/output/weights_control//ENSG00000168268.wgt.RDat	ENSG00000168268	3	52558386	52569070	0.3580	rs13083798	 -5.22	rs4475032	 0.269425	-12.54	 1.20213	 377	  8	lasso	0.32	9.7e-51	-0.6471	5.18e-01
NA	/data/songy4/twas/output/weights_control//ENSG00000168273.wgt.RDat	ENSG00000168273	3	52568029	52613253	0.0248	rs13083798	 -5.22	rs4475032	 0.014246	 -4.28	 1.20213	 392	  4	lasso	0.015	0.0016	-0.1536	8.78e-01
NA	/data/songy4/twas/output/weights_control//ENSG00000163938.wgt.RDat	ENSG00000163938	3	52715172	52728508	0.0216	rs13083798	 -5.22	rs7638808	 0.016225	 -4.50	 2.07527	 393	  9	enet	0.018	0.00064	-3.4032	6.66e-04
NA	/data/songy4/twas/output/weights_control//ENSG00000016864.wgt.RDat	ENSG00000016864	3	52728505	52740048	0.0275	rs13083798	 -5.22	rs1014969	 0.032705	 -5.24	 3.27083	 392	  1	top1	0.033	7.6e-06	-3.2708	1.07e-03
NA	/data/songy4/twas/output/weights_control//ENSG00000055955.wgt.RDat	ENSG00000055955	3	52846991	52865495	0.0770	rs13083798	 -5.22	rs9876403	 0.070633	  6.69	 1.66055	 398	  1	top1	0.071	5.7e-11	 1.6606	9.68e-02
NA	/data/songy4/twas/output/weights_control//ENSG00000248592.wgt.RDat	ENSG00000248592	3	52867137	52931578	0.1173	rs13083798	 -5.22	rs1139106	 0.053483	 -6.65	 2.61240	 402	  7	lasso	0.073	2.7e-11	-0.5729	5.67e-01
NA	/data/songy4/twas/output/weights_control//ENSG00000163933.wgt.RDat	ENSG00000163933	3	53122499	53164478	0.1430	rs13083798	 -5.22	rs2253675	 0.159174	 -9.89	 0.94059	 383	  1	top1	0.16	1.3e-23	-0.9406	3.47e-01
NA	/data/songy4/twas/output/weights_control//ENSG00000163931.wgt.RDat	ENSG00000163931	3	53258723	53290068	0.2881	rs2710323	 -4.82	rs10510763	 0.232918	-11.59	 2.15873	 411	  5	lasso	0.25	3.2e-37	-2.5567	1.06e-02
NA	/data/songy4/twas/output/weights_control//ENSG00000157388.wgt.RDat	ENSG00000157388	3	53528683	53847760	0.0778	rs2581777	 -4.62	rs9830632	 0.036153	 -5.52	 2.04545	 623	  4	lasso	0.056	6.2e-09	-1.4143	1.57e-01
NA	/data/songy4/twas/output/weights_control//ENSG00000113812.wgt.RDat	ENSG00000113812	3	53901093	53916229	0.3241	rs10452033	  3.79	rs1982171	 0.399694	-15.30	 0.24074	 509	 10	lasso	0.41	2.4e-68	-0.1672	8.67e-01
NA	/data/songy4/twas/output/weights_control//ENSG00000113811.wgt.RDat	ENSG00000113811	3	53918437	53926015	0.2083	rs10452033	  3.79	rs2083127	 0.235586	-11.76	-0.02000	 514	  1	top1	0.24	1.5e-35	 0.0200	9.84e-01
NA	/data/songy4/twas/output/weights_control//ENSG00000180376.wgt.RDat	ENSG00000180376	3	56591189	56655846	0.2051	rs4974206	  2.67	rs1388256	 0.163455	 10.01	 0.75974	 473	  9	lasso	0.21	5.1e-31	 0.6849	4.93e-01
NA	/data/songy4/twas/output/weights_control//ENSG00000163946.wgt.RDat	ENSG00000163946	3	56654161	56717265	0.0417	rs4974206	  2.67	rs9862490	 0.031446	 -4.82	 0.01887	 466	  1	top1	0.031	1.1e-05	-0.0189	9.85e-01
NA	/data/songy4/twas/output/weights_control//ENSG00000163947.wgt.RDat	ENSG00000163947	3	56761446	57113357	0.0631	rs4974206	  2.67	rs9822876	-0.001678	  4.02	 0.42342	 545	 22	enet	0.013	0.0033	 0.3600	7.19e-01
NA	/data/songy4/twas/output/weights_control//ENSG00000174844.wgt.RDat	ENSG00000174844	3	57327727	57530071	0.0391	rs17289035	  2.57	rs11916437	 0.033912	  5.19	 1.56842	 464	  4	lasso	0.042	4.1e-07	 1.7741	7.60e-02
NA	/data/songy4/twas/output/weights_control//ENSG00000174840.wgt.RDat	ENSG00000174840	3	57542003	57552571	0.0328	rs17289035	  2.57	rs1658356	 0.020613	 -4.19	-1.03846	 363	  1	top1	0.021	0.00032	 1.0385	2.99e-01
NA	/data/songy4/twas/output/weights_control//ENSG00000168374.wgt.RDat	ENSG00000168374	3	57557090	57583947	0.0452	rs17289035	  2.57	rs9837192	 0.030393	 -5.65	-1.70992	 368	  6	lasso	0.041	6.4e-07	 1.6325	1.03e-01
NA	/data/songy4/twas/output/weights_control//ENSG00000174839.wgt.RDat	ENSG00000174839	3	57611184	57678816	0.1419	rs12488642	 -3.07	rs17744471	 0.131451	  9.14	 0.12500	 393	  9	lasso	0.14	2.2e-20	 0.0363	9.71e-01
NA	/data/songy4/twas/output/weights_control//ENSG00000136068.wgt.RDat	ENSG00000136068	3	57994127	58157982	0.1171	rs4387990	  4.79	rs1675385	 0.047420	 -5.52	 0.29992	 507	 36	enet	0.093	4.6e-14	-0.2237	8.23e-01
NA	/data/songy4/twas/output/weights_control//ENSG00000163687.wgt.RDat	ENSG00000163687	3	58177984	58200424	0.0849	rs4387990	  4.76	rs13098114	 0.052222	 -6.16	 0.54369	 455	  6	lasso	0.058	3e-09	 0.2601	7.95e-01
NA	/data/songy4/twas/output/weights_control//ENSG00000163684.wgt.RDat	ENSG00000163684	3	58291974	58310422	0.0990	rs4387990	  4.66	rs3773007	 0.044580	 -6.21	-1.25253	 462	 17	enet	0.067	2e-10	 1.7458	8.08e-02
NA	/data/songy4/twas/output/weights_control//ENSG00000168297.wgt.RDat	ENSG00000168297	3	58318607	58411748	0.1614	rs4387990	  4.67	rs2037124	 0.103085	  7.80	-1.60825	 475	 15	lasso	0.12	3.4e-18	-1.6839	9.22e-02
NA	/data/songy4/twas/output/weights_control//ENSG00000168291.wgt.RDat	ENSG00000168291	3	58413357	58419584	0.1055	rs4387990	  4.71	rs7633553	 0.099179	 -7.60	-1.75000	 437	 15	enet	0.1	2.7e-15	 1.4265	1.54e-01
NA	/data/songy4/twas/output/weights_control//ENSG00000198643.wgt.RDat	ENSG00000198643	3	58619673	58652575	0.3340	rs4387990	  4.69	rs12489751	 0.166995	-10.09	-0.54783	 385	  9	lasso	0.21	2.6e-31	 0.1289	8.97e-01
NA	/data/songy4/twas/output/weights_control//ENSG00000163689.wgt.RDat	ENSG00000163689	3	58703092	59035810	0.0871	rs4387990	  4.35	rs9822992	 0.064128	  6.10	 1.19792	 555	  9	lasso	0.07	6.4e-11	 0.3493	7.27e-01
NA	/data/songy4/twas/output/weights_control//ENSG00000114405.wgt.RDat	ENSG00000114405	3	62304648	62321888	0.1999	rs1355543	  2.85	rs1491963	 0.126194	 -8.82	 0.08955	 659	  6	lasso	0.16	1.1e-23	-0.1765	8.60e-01
NA	/data/songy4/twas/output/weights_control//ENSG00000163618.wgt.RDat	ENSG00000163618	3	62384022	62861054	0.0726	rs1355543	  2.85	rs11925875	-0.001731	 -3.88	 0.93069	 872	  8	enet	-0.00018	0.34	-0.8826	3.77e-01
NA	/data/songy4/twas/output/weights_control//ENSG00000163634.wgt.RDat	ENSG00000163634	3	63819546	63849579	0.1302	rs3774709	 -3.27	rs832187	 0.002220	  4.32	-0.96117	 621	 36	enet	0.012	0.0052	-0.3931	6.94e-01
NA	/data/songy4/twas/output/weights_control//ENSG00000163637.wgt.RDat	ENSG00000163637	3	64079543	64431152	0.0471	rs4422297	 -3.56	rs829522	-0.000808	  4.13	-0.93548	 802	  1	lasso	0.00047	0.26	-0.9355	3.50e-01
NA	/data/songy4/twas/output/weights_control//ENSG00000144741.wgt.RDat	ENSG00000144741	3	66119285	66438540	0.0450	rs10510941	  3.24	rs1680401	 0.041917	 -5.10	 0.41296	 580	  1	top1	0.042	4.4e-07	-0.4130	6.80e-01
NA	/data/songy4/twas/output/weights_control//ENSG00000144749.wgt.RDat	ENSG00000144749	3	66429221	66551687	0.0847	rs6783763	 -2.94	rs1046844	 0.033596	 -5.12	 0.74783	 447	  1	top1	0.034	5.8e-06	-0.7478	4.55e-01
NA	/data/songy4/twas/output/weights_control//ENSG00000172340.wgt.RDat	ENSG00000172340	3	67410884	67705038	0.2090	rs6548722	 -2.26	rs6766403	 0.060486	 -7.07	-0.70000	 526	 57	enet	0.17	3.1e-25	 0.7427	4.58e-01
NA	/data/songy4/twas/output/weights_control//ENSG00000183662.wgt.RDat	ENSG00000183662	3	68053359	68594776	0.4019	rs872114	  3.53	rs9868432	 0.290147	 13.09	 0.75510	 650	 17	enet	0.3	1.1e-46	 0.5817	5.61e-01
NA	/data/songy4/twas/output/weights_control//ENSG00000163378.wgt.RDat	ENSG00000163378	3	69024365	69063112	0.0617	rs872114	  3.53	rs4635707	 0.023243	  5.00	-0.52846	 488	  3	lasso	0.048	6.5e-08	-0.5030	6.15e-01
NA	/data/songy4/twas/output/weights_control//ENSG00000144744.wgt.RDat	ENSG00000144744	3	69103881	69129559	0.0333	rs4314173	  3.17	rs1818289	 0.009267	 -4.35	 0.09709	 463	  1	top1	0.0093	0.012	-0.0971	9.23e-01
NA	/data/songy4/twas/output/weights_control//ENSG00000114541.wgt.RDat	ENSG00000114541	3	69219141	69591734	0.1179	rs4314173	  3.17	rs4317105	 0.003113	  4.38	-0.71569	 586	 31	enet	0.033	7.4e-06	-0.8436	3.99e-01
NA	/data/songy4/twas/output/weights_control//ENSG00000163412.wgt.RDat	ENSG00000163412	3	71724567	71803924	0.2070	rs1288697	  3.02	rs6804667	 0.090627	 -7.82	-1.95192	 597	 15	enet	0.11	1e-16	 1.9841	4.72e-02
NA	/data/songy4/twas/output/weights_control//ENSG00000170837.wgt.RDat	ENSG00000170837	3	71803201	71805647	0.1502	rs1288697	  2.90	rs7634474	 0.099206	  7.62	 0.75735	 560	 29	enet	0.1	4.2e-15	 0.3486	7.27e-01
NA	/data/songy4/twas/output/weights_control//ENSG00000163421.wgt.RDat	ENSG00000163421	3	71820807	71834357	0.0871	rs1288697	  2.89	rs7634474	 0.017581	  4.65	 0.75735	 571	  5	lasso	0.036	3.1e-06	 0.4368	6.62e-01
NA	/data/songy4/twas/output/weights_control//ENSG00000163602.wgt.RDat	ENSG00000163602	3	72420976	72496069	0.1244	rs7628338	 -2.61	rs2118592	 0.102051	  7.88	-1.68317	 537	  1	top1	0.1	2.5e-15	-1.6832	9.23e-02
NA	/data/songy4/twas/output/weights_control//ENSG00000255423.wgt.RDat	ENSG00000255423	3	73110810	73112488	0.0968	rs1872957	  2.92	rs1060584	 0.085926	 -7.24	-0.83871	 463	  1	top1	0.086	4.4e-13	 0.8387	4.02e-01
NA	/data/songy4/twas/output/weights_control//ENSG00000121440.wgt.RDat	ENSG00000121440	3	73431584	73674091	0.0880	rs1872957	  2.92	rs3901920	-0.000467	 -3.15	-0.68627	 697	  1	top1	-0.00047	0.39	 0.6863	4.93e-01
NA	/data/songy4/twas/output/weights_control//ENSG00000227124.wgt.RDat	ENSG00000227124	3	75758794	75834734	0.1136	rs6801219	 -2.45	rs2203217	 0.013684	  4.19	-0.69811	 178	 45	enet	0.068	1.3e-10	 1.6145	1.06e-01
NA	/data/songy4/twas/output/weights_control//ENSG00000114480.wgt.RDat	ENSG00000114480	3	81538850	81811312	0.0536	rs9871153	 -4.58	rs6792696	 0.055521	 -6.16	 1.98039	 399	  3	lasso	0.059	2.5e-09	-2.0537	4.00e-02
NA	/data/songy4/twas/output/weights_control//ENSG00000175161.wgt.RDat	ENSG00000175161	3	85008132	86123579	0.1299	rs4856601	 -3.50	rs7652808	 0.185634	 10.54	 1.73000	 648	  1	top1	0.19	1.3e-27	 1.7300	8.36e-02
NA	/data/songy4/twas/output/weights_control//ENSG00000163320.wgt.RDat	ENSG00000163320	3	88101094	88199035	0.3252	rs9851482	  2.92	rs12629581	 0.237027	 11.70	-0.59709	 333	  1	top1	0.24	9e-36	-0.5971	5.50e-01
NA	/data/songy4/twas/output/weights_control//ENSG00000044524.wgt.RDat	ENSG00000044524	3	89156674	89531284	0.0384	rs9871271	 -2.94	rs7652836	-0.001717	  3.09	 0.69531	 338	 23	enet	-0.00012	0.33	 1.2276	2.20e-01
NA	/data/songy4/twas/output/weights_control//ENSG00000184500.wgt.RDat	ENSG00000184500	3	93591881	93692910	0.0512	rs1598219	  3.46	rs9289536	 0.016256	 -4.87	-1.64539	 171	 19	enet	0.03	1.7e-05	 2.4855	1.29e-02
NA	/data/songy4/twas/output/weights_control//ENSG00000178750.wgt.RDat	ENSG00000178750	3	93733213	93747454	0.2245	rs1598219	  3.46	rs8178607	 0.259672	 12.53	-1.11207	 190	  4	lasso	0.27	1.5e-40	-1.1211	2.62e-01
NA	/data/songy4/twas/output/weights_control//ENSG00000178700.wgt.RDat	ENSG00000178700	3	93766680	93782233	0.0939	rs1598219	  3.46	rs8178591	 0.099574	  7.82	-0.87395	 203	  2	lasso	0.1	4.9e-15	-1.0979	2.72e-01
NA	/data/songy4/twas/output/weights_control//ENSG00000080200.wgt.RDat	ENSG00000080200	3	97595819	97663810	0.1418	rs11711963	 -2.82	rs2279897	 0.152551	  9.52	 0.92043	 381	  1	top1	0.15	1.3e-22	 0.9204	3.57e-01
NA	/data/songy4/twas/output/weights_control//ENSG00000170854.wgt.RDat	ENSG00000170854	3	97660662	97691301	0.0448	rs11711963	 -2.82	rs3907775	 0.026832	 -4.51	-0.67769	 386	  1	top1	0.027	4.7e-05	 0.6777	4.98e-01
NA	/data/songy4/twas/output/weights_control//ENSG00000080822.wgt.RDat	ENSG00000080822	3	98216756	98241910	0.2357	rs1461158	 -3.31	rs3762660	 0.174026	 10.05	 0.94969	 446	  5	lasso	0.18	5.3e-26	 1.0036	3.16e-01
NA	/data/songy4/twas/output/weights_control//ENSG00000080819.wgt.RDat	ENSG00000080819	3	98239976	98312567	0.0641	rs1461158	 -3.31	rs3821358	 0.001978	 -4.11	 1.56522	 465	 18	enet	0.011	0.0079	-2.9174	3.53e-03
NA	/data/songy4/twas/output/weights_control//ENSG00000057019.wgt.RDat	ENSG00000057019	3	98514785	98620533	0.2732	rs1461158	 -3.31	rs13068317	 0.247578	 11.95	 0.12245	 442	  5	lasso	0.27	1.8e-40	 0.5736	5.66e-01
NA	/data/songy4/twas/output/weights_control//ENSG00000184220.wgt.RDat	ENSG00000184220	3	99536678	99897447	0.1410	rs6441300	  3.22	rs4244712	 0.125772	 -8.62	-1.78571	 533	  1	top1	0.13	1.1e-18	 1.7857	7.41e-02
NA	/data/songy4/twas/output/weights_control//ENSG00000114021.wgt.RDat	ENSG00000114021	3	100053545	100075710	0.0539	rs905604	 -3.55	rs2316701	 0.020455	 -4.39	-1.03846	 385	 13	enet	0.034	5.6e-06	-0.3137	7.54e-01
NA	/data/songy4/twas/output/weights_control//ENSG00000181458.wgt.RDat	ENSG00000181458	3	100211463	100296288	0.0895	rs4928106	  4.11	rs7619507	 0.064776	  6.76	 3.08176	 451	 10	lasso	0.08	3.1e-12	 2.4964	1.25e-02
NA	/data/songy4/twas/output/weights_control//ENSG00000144820.wgt.RDat	ENSG00000144820	3	100328433	100414323	0.6791	rs4928106	  4.11	rs7615467	 0.094087	  7.71	-0.62069	 467	114	enet	0.32	2.4e-50	-1.6478	9.94e-02
NA	/data/songy4/twas/output/weights_control//ENSG00000114354.wgt.RDat	ENSG00000114354	3	100428205	100467810	0.2952	rs4928106	  4.11	rs591728	 0.384992	 14.89	-0.56190	 450	  1	top1	0.38	1.1e-62	-0.5619	5.74e-01
NA	/data/songy4/twas/output/weights_control//ENSG00000081148.wgt.RDat	ENSG00000081148	3	100941390	101039404	0.0957	rs4928106	  4.11	rs6441620	 0.046710	  6.41	 1.18947	 442	 12	enet	0.091	8.2e-14	 1.8996	5.75e-02
NA	/data/songy4/twas/output/weights_control//ENSG00000138468.wgt.RDat	ENSG00000138468	3	101043049	101232085	0.2226	rs4928106	  4.11	rs6772703	 0.284640	 12.95	 1.95918	 475	 33	enet	0.32	5.7e-51	 1.4020	1.61e-01
NA	/data/songy4/twas/output/weights_control//ENSG00000182504.wgt.RDat	ENSG00000182504	3	101442769	101489406	0.1051	rs475521	 -2.64	rs35117343	 0.043643	  5.97	 0.18812	 345	  9	lasso	0.092	6.2e-14	-0.3852	7.00e-01
NA	/data/songy4/twas/output/weights_control//ENSG00000144815.wgt.RDat	ENSG00000144815	3	101498046	101547073	0.5961	rs475521	 -2.64	rs2288273	 0.355776	-14.33	-0.03810	 342	 36	enet	0.37	3.1e-60	-0.1240	9.01e-01
NA	/data/songy4/twas/output/weights_control//ENSG00000144802.wgt.RDat	ENSG00000144802	3	101546835	101579866	0.0749	rs4553955	 -2.35	rs683403	 0.018710	 -4.51	 0.35135	 330	 18	enet	0.033	6.2e-06	 0.0892	9.29e-01
NA	/data/songy4/twas/output/weights_control//ENSG00000170017.wgt.RDat	ENSG00000170017	3	105085753	105295744	0.4157	rs9880693	  3.06	rs2399047	 0.257835	-12.24	-0.14286	 517	 27	enet	0.36	2.4e-57	-0.1092	9.13e-01
NA	/data/songy4/twas/output/weights_control//ENSG00000114439.wgt.RDat	ENSG00000114439	3	107241783	107530171	0.0652	rs10511260	 -3.07	rs595176	 0.036056	 -5.22	 1.35484	 509	  1	top1	0.036	2.7e-06	-1.3548	1.75e-01
NA	/data/songy4/twas/output/weights_control//ENSG00000196776.wgt.RDat	ENSG00000196776	3	107762145	107809872	0.1021	rs17232226	 -2.93	rs326341	 0.052124	  6.55	 1.49485	 439	 15	lasso	0.082	1.4e-12	 0.6702	5.03e-01
NA	/data/songy4/twas/output/weights_control//ENSG00000114446.wgt.RDat	ENSG00000114446	3	107879659	107941417	0.0836	rs17232226	 -2.93	rs6769732	 0.013117	  4.75	 1.46392	 428	 34	enet	0.059	2.1e-09	 0.3070	7.59e-01
NA	/data/songy4/twas/output/weights_control//ENSG00000144821.wgt.RDat	ENSG00000144821	3	108099216	108248169	0.0252	rs17232226	 -2.93	rs768342	 0.018978	 -4.55	 0.86598	 510	  2	lasso	0.021	3e-04	-0.7069	4.80e-01
NA	/data/songy4/twas/output/weights_control//ENSG00000163507.wgt.RDat	ENSG00000163507	3	108268716	108308491	0.5061	rs17232226	 -2.93	rs11709183	 0.479380	 16.78	-0.63704	 449	  9	lasso	0.49	5.4e-87	-0.7028	4.82e-01
NA	/data/songy4/twas/output/weights_control//ENSG00000198919.wgt.RDat	ENSG00000198919	3	108308529	108413693	0.4290	rs17232226	 -2.93	rs13059124	 0.345728	 14.10	 1.17476	 478	  7	lasso	0.43	3.3e-73	 1.1055	2.69e-01
NA	/data/songy4/twas/output/weights_control//ENSG00000163519.wgt.RDat	ENSG00000163519	3	108541545	108573852	0.0299	rs6787790	  2.64	rs17289265	 0.006745	 -3.77	 0.37500	 445	  1	top1	0.0067	0.027	-0.3750	7.08e-01
NA	/data/songy4/twas/output/weights_control//ENSG00000177707.wgt.RDat	ENSG00000177707	3	110788918	110994410	0.0570	rs7629508	  3.27	rs4682248	 0.004508	 -3.95	 3.10000	 421	 33	enet	0.0055	0.042	-3.2983	9.73e-04
NA	/data/songy4/twas/output/weights_control//ENSG00000144824.wgt.RDat	ENSG00000144824	3	111451344	111695364	0.1044	rs7629508	  3.27	rs3925081	 0.034554	 -5.21	 1.70476	 653	  9	lasso	0.041	6.8e-07	-1.5575	1.19e-01
NA	/data/songy4/twas/output/weights_control//ENSG00000144827.wgt.RDat	ENSG00000144827	3	111697857	111712210	0.1969	rs774855	 -3.02	rs3804763	 0.163450	 -9.77	-0.31092	 542	  1	top1	0.16	3.1e-24	 0.3109	7.56e-01
NA	/data/songy4/twas/output/weights_control//ENSG00000114529.wgt.RDat	ENSG00000114529	3	111805182	111849851	0.1014	rs774855	 -3.02	rs9811691	 0.067364	 -7.43	-1.10400	 563	 15	enet	0.076	9.5e-12	 1.3499	1.77e-01
NA	/data/songy4/twas/output/weights_control//ENSG00000174500.wgt.RDat	ENSG00000174500	3	111839688	111852152	0.0887	rs774855	 -3.02	rs9847052	 0.022293	 -4.90	 1.51154	 554	  8	lasso	0.041	6.8e-07	-1.9260	5.41e-02
NA	/data/songy4/twas/output/weights_control//ENSG00000172139.wgt.RDat	ENSG00000172139	3	111859734	112013105	0.2260	rs774855	 -3.02	rs12491414	 0.055780	 -7.17	 1.17365	 611	 22	lasso	0.13	8.2e-19	-1.2208	2.22e-01
NA	/data/songy4/twas/output/weights_control//ENSG00000206531.wgt.RDat	ENSG00000206531	3	112534556	112565703	0.1094	rs9845240	 -2.88	rs4234417	 0.061680	 -7.09	-0.73958	 496	 15	enet	0.1	1.1e-15	 0.6007	5.48e-01
NA	/data/songy4/twas/output/weights_control//ENSG00000163606.wgt.RDat	ENSG00000163606	3	112640056	112693969	0.1632	rs9845240	 -2.88	rs7432373	 0.135270	  9.06	-0.38679	 481	  1	top1	0.14	4.5e-20	-0.3868	6.99e-01
NA	/data/songy4/twas/output/weights_control//ENSG00000163607.wgt.RDat	ENSG00000163607	3	112709765	112733907	0.1272	rs9845240	 -2.88	rs10934211	 0.013118	 -4.16	-0.90741	 468	 35	enet	0.036	2.9e-06	 1.4985	1.34e-01
NA	/data/songy4/twas/output/weights_control//ENSG00000163608.wgt.RDat	ENSG00000163608	3	112721287	112738708	0.2445	rs9845240	 -2.88	rs3872610	 0.109980	 -8.12	-0.26050	 467	  9	lasso	0.16	7.9e-24	 0.0638	9.49e-01
NA	/data/songy4/twas/output/weights_control//ENSG00000206530.wgt.RDat	ENSG00000206530	3	113005777	113160457	0.1445	rs16860709	 -2.05	rs9869141	 0.159416	 -9.88	-0.24211	 507	 20	lasso	0.2	4.5e-29	 0.6340	5.26e-01
NA	/data/songy4/twas/output/weights_control//ENSG00000163611.wgt.RDat	ENSG00000163611	3	113161565	113234034	0.0682	rs16860709	 -2.05	rs2254267	 0.020770	 -5.26	-0.73077	 460	 24	enet	0.04	6.9e-07	 0.2200	8.26e-01
NA	/data/songy4/twas/output/weights_control//ENSG00000072858.wgt.RDat	ENSG00000072858	3	113251143	113348425	0.5309	rs16860709	 -2.05	rs35350834	 0.318292	-13.54	-0.88889	 481	  1	top1	0.32	7.5e-50	 0.8889	3.74e-01
NA	/data/songy4/twas/output/weights_control//ENSG00000178075.wgt.RDat	ENSG00000178075	3	113547029	113666021	0.2472	rs12695305	 -2.27	rs7646203	 0.212627	-11.09	 0.07018	 442	  6	lasso	0.22	7.8e-33	-0.2696	7.87e-01
NA	/data/songy4/twas/output/weights_control//ENSG00000151576.wgt.RDat	ENSG00000151576	3	113724680	113807269	0.0852	rs2669902	 -3.24	rs7631864	 0.085759	 -7.13	 1.13208	 420	  1	top1	0.086	4.7e-13	-1.1321	2.58e-01
NA	/data/songy4/twas/output/weights_control//ENSG00000151577.wgt.RDat	ENSG00000151577	3	113847499	113918254	0.0492	rs2669902	 -3.24	rs905569	-0.001677	  3.42	-0.42857	 400	 14	enet	0.019	0.00057	 0.0286	9.77e-01
NA	/data/songy4/twas/output/weights_control//ENSG00000174255.wgt.RDat	ENSG00000174255	3	113953483	113956425	0.2111	rs2669902	 -3.24	rs2279827	 0.115962	 -8.29	-0.00971	 391	  3	lasso	0.14	4.8e-20	 0.4331	6.65e-01
NA	/data/songy4/twas/output/weights_control//ENSG00000181847.wgt.RDat	ENSG00000181847	3	113995760	114029135	0.1433	rs2669902	 -3.24	rs2654758	 0.066163	  6.46	 0.96364	 401	  5	lasso	0.071	4.7e-11	 0.1969	8.44e-01
NA	/data/songy4/twas/output/weights_control//ENSG00000181722.wgt.RDat	ENSG00000181722	3	114056941	114866118	0.0890	rs2669902	 -3.24	rs12639377	 0.019471	  4.91	 2.53049	 654	  6	lasso	0.023	0.00013	 2.2119	2.70e-02
NA	/data/songy4/twas/output/weights_control//ENSG00000144847.wgt.RDat	ENSG00000144847	3	118619404	118864915	0.5449	rs16830076	  3.15	rs16829569	 0.431230	 16.00	 0.15164	 583	  1	top1	0.43	1.9e-72	 0.1516	8.79e-01
NA	/data/songy4/twas/output/weights_control//ENSG00000121578.wgt.RDat	ENSG00000121578	3	118930579	118959950	0.4445	rs16830076	  3.15	rs9869645	 0.304984	 13.90	 2.31746	 510	  9	lasso	0.39	1.4e-64	 1.5301	1.26e-01
NA	/data/songy4/twas/output/weights_control//ENSG00000031081.wgt.RDat	ENSG00000031081	3	119013220	119139561	0.0740	rs16830076	  3.15	rs12493383	 0.037659	 -5.31	 0.67826	 574	 15	enet	0.038	1.4e-06	-1.6042	1.09e-01
NA	/data/songy4/twas/output/weights_control//ENSG00000163389.wgt.RDat	ENSG00000163389	3	119187785	119213555	0.5713	rs16830076	  3.15	rs17203139	 0.429695	 16.00	 0.58549	 517	  7	enet	0.48	7.8e-84	 0.9212	3.57e-01
NA	/data/songy4/twas/output/weights_control//ENSG00000113845.wgt.RDat	ENSG00000113845	3	119217379	119243937	0.1268	rs16830076	  3.15	rs11539377	 0.054767	 -6.14	-0.90064	 509	  1	top1	0.055	8.1e-09	 0.9006	3.68e-01
NA	/data/songy4/twas/output/weights_control//ENSG00000144843.wgt.RDat	ENSG00000144843	3	119298115	119308792	0.1313	rs16830076	  3.15	rs538136	 0.022171	 -4.84	 0.43902	 513	 41	enet	0.074	2.2e-11	 1.6764	9.37e-02
NA	/data/songy4/twas/output/weights_control//ENSG00000121577.wgt.RDat	ENSG00000121577	3	119355304	119384171	0.0645	rs16830076	  3.15	rs11712308	 0.038770	  5.35	 0.64583	 532	  1	top1	0.039	1.2e-06	 0.6458	5.18e-01
NA	/data/songy4/twas/output/weights_control//ENSG00000138495.wgt.RDat	ENSG00000138495	3	119373360	119396301	0.0485	rs16830076	  3.15	rs657079	 0.049022	  5.53	-0.10909	 528	  1	top1	0.049	4.9e-08	-0.1091	9.13e-01
NA	/data/songy4/twas/output/weights_control//ENSG00000183833.wgt.RDat	ENSG00000183833	3	119421869	119485949	0.1714	rs16830076	  3.15	rs7617287	 0.175752	 10.17	-0.15972	 532	  1	top1	0.18	4.3e-26	-0.1597	8.73e-01
NA	/data/songy4/twas/output/weights_control//ENSG00000082701.wgt.RDat	ENSG00000082701	3	119540170	119813264	0.1138	rs16830076	  3.15	rs1488763	 0.076537	  7.84	 0.79817	 621	  5	lasso	0.097	1.4e-14	 0.0691	9.45e-01
NA	/data/songy4/twas/output/weights_control//ENSG00000175697.wgt.RDat	ENSG00000175697	3	119883492	120003941	0.0523	rs7638261	  2.70	rs1259328	 0.000359	 -3.08	 0.33673	 456	  1	top1	0.00036	0.27	-0.3367	7.36e-01
NA	/data/songy4/twas/output/weights_control//ENSG00000163430.wgt.RDat	ENSG00000163430	3	120111140	120170100	0.1263	rs874479	  2.38	rs9631455	 0.106883	  8.07	 2.20883	 401	 27	enet	0.11	4.2e-16	 2.0872	3.69e-02
NA	/data/songy4/twas/output/weights_control//ENSG00000163833.wgt.RDat	ENSG00000163833	3	121311966	121349139	0.0587	rs4413346	 -3.96	rs11714812	 0.042495	  5.76	-0.86916	 357	  3	lasso	0.043	3e-07	-0.8165	4.14e-01
NA	/data/songy4/twas/output/weights_control//ENSG00000173226.wgt.RDat	ENSG00000173226	3	121488610	121553926	0.4715	rs17265703	  4.94	rs4676752	 0.410972	-15.46	 3.75000	 434	  7	lasso	0.48	8.8e-85	-4.1275	3.67e-05
NA	/data/songy4/twas/output/weights_control//ENSG00000145088.wgt.RDat	ENSG00000145088	3	121554030	121605373	0.0686	rs17265703	  4.94	rs4676744	 0.052185	  6.38	 3.76042	 442	 12	lasso	0.062	8.8e-10	 2.6349	8.42e-03
NA	/data/songy4/twas/output/weights_control//ENSG00000163406.wgt.RDat	ENSG00000163406	3	121612936	121662949	0.0943	rs17201246	  6.61	rs4676744	 0.089149	  7.42	 3.76042	 461	 13	lasso	0.09	1.3e-13	 2.8268	4.70e-03
NA	/data/songy4/twas/output/weights_control//ENSG00000145103.wgt.RDat	ENSG00000145103	3	121706170	121741051	0.0418	rs17201246	  6.61	rs12489988	-0.001264	  3.91	 0.84516	 451	 16	enet	0.0058	0.038	-3.1391	1.69e-03
NA	/data/songy4/twas/output/weights_control//ENSG00000114013.wgt.RDat	ENSG00000114013	3	121774213	121839983	0.0537	rs17201246	  6.61	rs12489988	 0.001345	  3.66	 0.84516	 478	  7	lasso	0.0028	0.11	-0.4640	6.43e-01
NA	/data/songy4/twas/output/weights_control//ENSG00000196981.wgt.RDat	ENSG00000196981	3	122130715	122134882	0.2294	rs17201246	  6.61	rs6780909	 0.237641	 11.80	-1.56481	 468	 15	enet	0.25	1.4e-38	-0.4576	6.47e-01
NA	/data/songy4/twas/output/weights_control//ENSG00000114030.wgt.RDat	ENSG00000114030	3	122140796	122233792	0.1134	rs17201246	  6.61	rs17266816	 0.102683	  7.80	 5.04795	 538	  1	top1	0.1	2e-15	 5.0479	4.47e-07
NA	/data/songy4/twas/output/weights_control//ENSG00000138496.wgt.RDat	ENSG00000138496	3	122246771	122283424	0.0748	rs17201246	  6.61	rs13095172	 0.003492	  4.04	 1.12871	 514	  5	lasso	0.0064	0.031	 1.6763	9.37e-02
NA	/data/songy4/twas/output/weights_control//ENSG00000173200.wgt.RDat	ENSG00000173200	3	122296449	122357894	0.3503	rs17201246	  6.61	rs2332240	 0.157763	 10.28	-1.76042	 551	 33	enet	0.23	1e-34	-0.6395	5.22e-01
NA	/data/songy4/twas/output/weights_control//ENSG00000173193.wgt.RDat	ENSG00000173193	3	122399465	122449687	0.2243	rs17201246	  6.61	rs16833512	 0.144265	-10.17	-0.68391	 572	  9	lasso	0.17	5e-25	 0.4479	6.54e-01
NA	/data/songy4/twas/output/weights_control//ENSG00000169087.wgt.RDat	ENSG00000169087	3	122458846	122512671	0.4369	rs17201246	  6.61	rs17270831	 0.292100	-13.30	 0.93258	 559	 32	enet	0.44	5.9e-74	 0.9697	3.32e-01
NA	/data/songy4/twas/output/weights_control//ENSG00000138463.wgt.RDat	ENSG00000138463	3	122513642	122599986	0.3136	rs17201246	  6.61	rs7618995	 0.271191	-12.62	 0.97159	 536	 25	enet	0.29	2.2e-45	-1.1400	2.54e-01
NA	/data/songy4/twas/output/weights_control//ENSG00000121542.wgt.RDat	ENSG00000121542	3	122920774	122992977	0.1042	rs7650313	  4.01	rs6781842	 0.080074	  7.31	-0.82524	 447	 15	enet	0.097	1.1e-14	-0.6807	4.96e-01
NA	/data/songy4/twas/output/weights_control//ENSG00000206527.wgt.RDat	ENSG00000206527	3	123209667	123304032	0.1169	rs4677889	 -3.08	rs1254398	 0.097019	 -7.66	-1.21344	 420	  3	lasso	0.11	3.2e-16	 0.7700	4.41e-01
NA	/data/songy4/twas/output/weights_control//ENSG00000160145.wgt.RDat	ENSG00000160145	3	123798870	124445172	0.2109	rs333278	  2.77	rs10804562	 0.155937	 -9.89	 1.77119	 846	 40	enet	0.2	1.3e-30	-1.3863	1.66e-01
NA	/data/songy4/twas/output/weights_control//ENSG00000114491.wgt.RDat	ENSG00000114491	3	124449213	124464040	0.3067	rs333278	  2.77	rs1139538	 0.279126	-12.75	-0.05102	 648	 10	lasso	0.36	1.2e-58	 0.2557	7.98e-01
NA	/data/songy4/twas/output/weights_control//ENSG00000173706.wgt.RDat	ENSG00000173706	3	124684554	124774802	0.1098	rs333278	  2.77	rs4368548	 0.030934	  5.79	-0.79381	 619	  5	lasso	0.064	4.5e-10	-0.6149	5.39e-01
NA	/data/songy4/twas/output/weights_control//ENSG00000221955.wgt.RDat	ENSG00000221955	3	124801480	124998021	0.0389	rs333278	  2.77	rs946244	 0.008888	 -4.25	-2.01562	 619	  1	top1	0.0089	0.013	 2.0156	4.38e-02
NA	/data/songy4/twas/output/weights_control//ENSG00000144909.wgt.RDat	ENSG00000144909	3	125247702	125313934	0.0998	rs1806651	 -2.36	rs9855951	 0.042874	  6.42	-0.66667	 397	  7	lasso	0.071	5.6e-11	-0.7997	4.24e-01
NA	/data/songy4/twas/output/weights_control//ENSG00000189366.wgt.RDat	ENSG00000189366	3	125648118	125655882	0.2764	rs11923997	 -2.54	rs1112001	 0.287060	 13.11	 1.74000	 428	 35	enet	0.4	1.2e-65	 1.1335	2.57e-01
NA	/data/songy4/twas/output/weights_control//ENSG00000114544.wgt.RDat	ENSG00000114544	3	125725198	125820404	0.4632	rs11923997	 -2.54	rs1806651	 0.361353	-14.69	-2.35922	 495	 10	lasso	0.44	1.8e-75	 2.4602	1.39e-02
NA	/data/songy4/twas/output/weights_control//ENSG00000070476.wgt.RDat	ENSG00000070476	3	126156444	126194762	0.2360	rs11923997	 -2.54	rs813556	 0.237396	-11.73	 0.55963	 543	  1	top1	0.24	7.8e-36	-0.5596	5.76e-01
NA	/data/songy4/twas/output/weights_control//ENSG00000180767.wgt.RDat	ENSG00000180767	3	126243126	126262134	0.4125	rs9826526	 -2.93	rs11718493	 0.467221	-16.42	 1.00000	 542	  3	lasso	0.48	5.9e-83	-1.1522	2.49e-01
NA	/data/songy4/twas/output/weights_control//ENSG00000180697.wgt.RDat	ENSG00000180697	3	126245842	126277808	0.0738	rs9826526	 -2.93	rs11718493	 0.055382	 -6.26	 1.00000	 543	  2	lasso	0.059	2.3e-09	-1.0574	2.90e-01
NA	/data/songy4/twas/output/weights_control//ENSG00000197763.wgt.RDat	ENSG00000197763	3	126290622	126373998	0.1290	rs9826526	 -2.93	rs3103564	 0.071152	 -6.71	-0.63054	 599	 51	enet	0.082	1.8e-12	 0.2916	7.71e-01
NA	/data/songy4/twas/output/weights_control//ENSG00000163870.wgt.RDat	ENSG00000163870	3	127291912	127317094	0.0297	rs2304551	  2.98	rs920233	 0.023076	 -5.06	 1.65289	 478	  7	enet	0.024	1e-04	-1.0980	2.72e-01
NA	/data/songy4/twas/output/weights_control//ENSG00000114631.wgt.RDat	ENSG00000114631	3	127348024	127391652	0.2226	rs2304551	  2.98	rs6801421	 0.099227	  7.94	-1.23577	 449	  6	lasso	0.14	2.2e-20	-0.8794	3.79e-01
NA	/data/songy4/twas/output/weights_control//ENSG00000114626.wgt.RDat	ENSG00000114626	3	127391778	127399768	0.1318	rs2304551	  2.98	rs6801421	 0.018240	  5.11	-1.23577	 418	 34	enet	0.06	1.5e-09	-1.9301	5.36e-02
NA	/data/songy4/twas/output/weights_control//ENSG00000132394.wgt.RDat	ENSG00000132394	3	127872297	128127485	0.0416	rs2304551	  2.98	rs2687729	 0.039565	 -5.16	-0.21296	 503	  1	top1	0.04	9.1e-07	 0.2130	8.31e-01
NA	/data/songy4/twas/output/weights_control//ENSG00000163902.wgt.RDat	ENSG00000163902	3	128338817	128399918	0.0443	rs11919523	  2.81	rs17255991	 0.007699	  3.66	-0.98810	 367	 32	enet	0.037	2.1e-06	 0.4060	6.85e-01
NA	/data/songy4/twas/output/weights_control//ENSG00000114656.wgt.RDat	ENSG00000114656	3	128628709	128721533	0.0613	rs7612530	 -2.92	rs11916893	 0.042289	 -5.15	-0.30612	 374	 20	enet	0.048	7e-08	-0.6786	4.97e-01
NA	/data/songy4/twas/output/weights_control//ENSG00000183624.wgt.RDat	ENSG00000183624	3	128997671	129025029	0.0613	rs11920368	 -3.07	rs6767119	 0.034944	 -4.77	 0.40268	 305	  1	top1	0.035	3.8e-06	-0.4027	6.87e-01
NA	/data/songy4/twas/output/weights_control//ENSG00000172771.wgt.RDat	ENSG00000172771	3	129120164	129147494	0.0506	rs11920368	 -3.07	rs4128191	 0.015392	  4.34	-1.78431	 288	 20	enet	0.041	5.1e-07	-1.3028	1.93e-01
NA	/data/songy4/twas/output/weights_control//ENSG00000251287.wgt.RDat	ENSG00000251287	3	129800674	129832070	0.7946	rs4688813	  2.63	rs9757129	 0.416593	-15.51	-0.09302	 338	 58	enet	0.56	3e-103	-0.2897	7.72e-01
NA	/data/songy4/twas/output/weights_control//ENSG00000034533.wgt.RDat	ENSG00000034533	3	130732719	130746493	0.0548	rs13073793	  2.79	rs3965152	 0.009127	  4.12	-0.05426	 342	 22	enet	0.016	0.0014	 0.5717	5.68e-01
NA	/data/songy4/twas/output/weights_control//ENSG00000114670.wgt.RDat	ENSG00000114670	3	130745694	131069309	0.1664	rs13073793	  2.79	rs13093185	 0.241133	 12.50	 0.38017	 514	 29	enet	0.27	1e-40	-0.1693	8.66e-01
NA	/data/songy4/twas/output/weights_control//ENSG00000198585.wgt.RDat	ENSG00000198585	3	131100515	131107674	0.0327	rs13073793	  2.79	rs10512807	 0.004296	  3.82	 0.50643	 431	  1	top1	0.0043	0.063	 0.5064	6.13e-01
NA	/data/songy4/twas/output/weights_control//ENSG00000196353.wgt.RDat	ENSG00000196353	3	131252399	132004254	0.0659	rs13073793	  2.79	rs10934996	 0.030669	  4.92	-1.66667	 797	 22	enet	0.049	4.2e-08	-1.2804	2.00e-01
NA	/data/songy4/twas/output/weights_control//ENSG00000014257.wgt.RDat	ENSG00000014257	3	132036211	132087142	0.2810	rs1569282	  2.60	rs6766469	 0.214134	-11.13	 0.21769	 501	 11	lasso	0.27	1.7e-41	 0.2160	8.29e-01
NA	/data/songy4/twas/output/weights_control//ENSG00000113971.wgt.RDat	ENSG00000113971	3	132276986	132441303	0.5572	rs6439381	  2.60	rs7622700	 0.385267	-15.35	-1.75304	 511	 10	lasso	0.49	1.1e-85	 1.4291	1.53e-01
NA	/data/songy4/twas/output/weights_control//ENSG00000091527.wgt.RDat	ENSG00000091527	3	133292574	133309105	0.0848	rs11717365	 -3.26	rs2887747	 0.020050	 -4.95	-1.26812	 511	 24	enet	0.029	2.5e-05	 0.6295	5.29e-01
NA	/data/songy4/twas/output/weights_control//ENSG00000144867.wgt.RDat	ENSG00000144867	3	133502877	133544616	0.0582	rs11717365	 -3.26	rs2589267	 0.013805	  4.36	-0.05556	 508	 37	enet	0.019	0.00048	-1.1508	2.50e-01
NA	/data/songy4/twas/output/weights_control//ENSG00000154917.wgt.RDat	ENSG00000154917	3	133543083	133614680	0.1385	rs11706381	 -3.13	rs1949881	 0.110112	 -8.08	 0.34862	 527	  5	lasso	0.14	2.5e-21	-0.2522	8.01e-01
NA	/data/songy4/twas/output/weights_control//ENSG00000163785.wgt.RDat	ENSG00000163785	3	133784147	133969689	0.0603	rs7632691	 -2.56	rs13071253	 0.012591	  4.20	-0.07339	 548	 27	enet	0.035	4.2e-06	 0.5121	6.09e-01
NA	/data/songy4/twas/output/weights_control//ENSG00000129055.wgt.RDat	ENSG00000129055	3	134196548	134205558	0.1626	rs17282355	  2.64	rs1874883	 0.226137	-11.83	 0.54000	 474	  4	lasso	0.23	6.2e-35	-0.4598	6.46e-01
NA	/data/songy4/twas/output/weights_control//ENSG00000182923.wgt.RDat	ENSG00000182923	3	134204585	134293859	0.1518	rs17282355	  2.64	rs1874883	 0.264790	-12.46	 0.54000	 500	  1	top1	0.26	2.1e-40	-0.5400	5.89e-01
NA	/data/songy4/twas/output/weights_control//ENSG00000154928.wgt.RDat	ENSG00000154928	3	134316643	134979309	0.1663	rs12695621	  2.72	rs4074521	 0.185537	-10.55	 0.64646	 775	  1	top1	0.19	1.4e-27	-0.6465	5.18e-01
NA	/data/songy4/twas/output/weights_control//ENSG00000073711.wgt.RDat	ENSG00000073711	3	135684515	135866733	0.1321	rs11717954	  3.06	rs9843725	 0.078737	  7.76	-2.65000	 361	 15	enet	0.088	2e-13	-2.8180	4.83e-03
NA	/data/songy4/twas/output/weights_control//ENSG00000174579.wgt.RDat	ENSG00000174579	3	135867764	135916083	0.0217	rs11717954	  3.06	rs6805316	 0.013943	  4.19	-0.32110	 296	  1	top1	0.014	0.0026	-0.3211	7.48e-01
NA	/data/songy4/twas/output/weights_control//ENSG00000114054.wgt.RDat	ENSG00000114054	3	135969148	136056738	0.0822	rs11717954	  3.06	rs699165	 0.004244	 -4.82	-0.94926	 311	 22	enet	0.019	0.00055	 1.1286	2.59e-01
NA	/data/songy4/twas/output/weights_control//ENSG00000158092.wgt.RDat	ENSG00000158092	3	136581050	136668665	0.0295	rs7643406	 -4.35	rs9883916	 0.004712	 -3.78	-1.31304	 358	  4	lasso	0.017	0.00097	-0.2206	8.25e-01
NA	/data/songy4/twas/output/weights_control//ENSG00000158163.wgt.RDat	ENSG00000158163	3	137780832	137834660	0.0624	rs201675	  2.66	rs7622521	 0.062140	 -6.04	 0.45763	 378	  1	top1	0.062	8.1e-10	-0.4576	6.47e-01
NA	/data/songy4/twas/output/weights_control//ENSG00000118017.wgt.RDat	ENSG00000118017	3	137842560	137851229	0.0350	rs201675	  2.66	rs4678403	 0.006554	 -3.54	 0.36800	 366	 23	enet	0.0071	0.024	-0.8593	3.90e-01
NA	/data/songy4/twas/output/weights_control//ENSG00000158186.wgt.RDat	ENSG00000158186	3	138066539	138124375	0.0364	rs3755753	 -2.58	rs2054468	 0.009247	  3.98	-0.22000	 323	  6	lasso	0.0098	0.0099	 0.0220	9.82e-01
NA	/data/songy4/twas/output/weights_control//ENSG00000158234.wgt.RDat	ENSG00000158234	3	138327448	138352218	0.0371	rs12106771	 -2.66	rs629884	 0.044068	 -5.41	-0.08511	 296	  1	top1	0.044	2.3e-07	 0.0851	9.32e-01
NA	/data/songy4/twas/output/weights_control//ENSG00000051382.wgt.RDat	ENSG00000051382	3	138372860	138553780	0.0248	rs12106771	 -2.66	rs9647337	 0.012438	  4.20	-0.05602	 348	  1	top1	0.012	0.0043	-0.0560	9.55e-01
NA	/data/songy4/twas/output/weights_control//ENSG00000175110.wgt.RDat	ENSG00000175110	3	138724648	139076065	0.0619	rs446241	  2.98	rs7833	 0.046265	  5.54	-0.51485	 512	  1	top1	0.046	1.1e-07	-0.5149	6.07e-01
NA	/data/songy4/twas/output/weights_control//ENSG00000163864.wgt.RDat	ENSG00000163864	3	139279022	139396859	0.3532	rs446241	  2.98	rs9822952	 0.238012	 11.74	 0.22034	 572	  8	lasso	0.26	2.9e-40	 0.1055	9.16e-01
NA	/data/songy4/twas/output/weights_control//ENSG00000155893.wgt.RDat	ENSG00000155893	3	140947568	141013748	0.2749	rs17195442	 -3.09	rs1026716	 0.234480	 12.73	-1.05000	 429	  9	lasso	0.37	4e-59	-0.4555	6.49e-01
NA	/data/songy4/twas/output/weights_control//ENSG00000177311.wgt.RDat	ENSG00000177311	3	141043055	141168634	0.1907	rs9942	  3.12	rs2871960	 0.185534	 10.48	 0.20000	 453	  1	top1	0.19	1.4e-27	 0.2000	8.41e-01
NA	/data/songy4/twas/output/weights_control//ENSG00000069849.wgt.RDat	ENSG00000069849	3	141594966	141645356	0.0653	rs11569216	  3.20	rs6773662	-0.001275	 -3.85	-1.46018	 377	 31	enet	0.0097	0.01	 0.8289	4.07e-01
NA	/data/songy4/twas/output/weights_control//ENSG00000114126.wgt.RDat	ENSG00000114126	3	141663277	141868386	0.0441	rs11569216	  3.20	rs11706728	-0.001716	  3.28	-1.81421	 425	 29	enet	0.0041	0.067	-1.5113	1.31e-01
NA	/data/songy4/twas/output/weights_control//ENSG00000175066.wgt.RDat	ENSG00000175066	3	141882414	141944449	0.0322	rs11569216	  3.20	rs9871394	 0.011068	 -4.00	-1.43537	 364	  7	lasso	0.018	0.00071	 1.2479	2.12e-01
NA	/data/songy4/twas/output/weights_control//ENSG00000120756.wgt.RDat	ENSG00000120756	3	142315229	142432506	0.0512	rs2608069	 -2.61	rs7627347	 0.013061	  4.74	 0.25510	 421	 11	enet	0.027	4.8e-05	 0.4696	6.39e-01
NA	/data/songy4/twas/output/weights_control//ENSG00000144935.wgt.RDat	ENSG00000144935	3	142442916	142526730	0.0497	rs2608069	 -2.61	rs1533939	 0.017234	 -4.65	-1.93182	 451	  1	top1	0.017	0.00094	 1.9318	5.34e-02
NA	/data/songy4/twas/output/weights_control//ENSG00000163714.wgt.RDat	ENSG00000163714	3	142683339	142779567	0.1293	rs2608069	 -2.61	rs13094293	 0.124553	  8.85	 1.63107	 555	  1	top1	0.12	1.6e-18	 1.6311	1.03e-01
NA	/data/songy4/twas/output/weights_control//ENSG00000181804.wgt.RDat	ENSG00000181804	3	142984064	143567373	0.0343	rs11720499	 -3.23	rs1504600	 0.034267	  4.94	 1.12871	 803	  1	top1	0.034	4.7e-06	 1.1287	2.59e-01
NA	/data/songy4/twas/output/weights_control//ENSG00000181744.wgt.RDat	ENSG00000181744	3	143690640	143767561	0.0729	rs11720499	 -3.23	rs1504600	 0.068704	  7.03	 1.12871	 477	 28	enet	0.074	1.8e-11	 0.4552	6.49e-01
NA	/data/songy4/twas/output/weights_control//ENSG00000163746.wgt.RDat	ENSG00000163746	3	146109208	146213778	0.2828	rs13079829	 -2.43	rs1822536	 0.201641	 10.83	-0.04598	 469	 16	lasso	0.24	8.3e-37	-0.1825	8.55e-01
NA	/data/songy4/twas/output/weights_control//ENSG00000188313.wgt.RDat	ENSG00000188313	3	146232967	146262651	0.1446	rs342899	  2.22	rs9850802	 0.112209	 -8.23	-0.67626	 420	  1	top1	0.11	9.2e-17	 0.6763	4.99e-01
NA	/data/songy4/twas/output/weights_control//ENSG00000071794.wgt.RDat	ENSG00000071794	3	148747914	148804341	0.1175	rs10513355	 -2.78	rs3772573	 0.053291	 -5.93	-0.31776	 589	 23	enet	0.058	3.2e-09	 0.9313	3.52e-01
NA	/data/songy4/twas/output/weights_control//ENSG00000163755.wgt.RDat	ENSG00000163755	3	148847371	148891519	0.2103	rs10513355	 -2.78	rs2681092	 0.052668	  6.16	-0.67961	 573	 43	enet	0.12	1.1e-17	-0.6095	5.42e-01
NA	/data/songy4/twas/output/weights_control//ENSG00000169908.wgt.RDat	ENSG00000169908	3	149086809	149095652	0.0698	rs10513355	 -2.78	rs6781013	 0.036229	 -5.01	 0.16514	 486	  1	top1	0.036	2.6e-06	-0.1651	8.69e-01
NA	/data/songy4/twas/output/weights_control//ENSG00000018408.wgt.RDat	ENSG00000018408	3	149235022	149454501	0.0642	rs10513355	 -2.78	rs701743	-0.001744	  3.61	 0.40179	 579	 40	enet	0.008	0.018	 0.5089	6.11e-01
NA	/data/songy4/twas/output/weights_control//ENSG00000114744.wgt.RDat	ENSG00000114744	3	149456257	149470286	0.0393	rs10513355	 -2.78	rs9843784	 0.040444	  4.97	-0.04255	 487	  1	top1	0.04	6.9e-07	-0.0426	9.66e-01
NA	/data/songy4/twas/output/weights_control//ENSG00000082996.wgt.RDat	ENSG00000082996	3	149530495	149679926	0.2457	rs9834687	 -3.36	rs12494028	 0.318009	 13.56	 0.85470	 532	  1	top1	0.32	8.5e-50	 0.8547	3.93e-01
NA	/data/songy4/twas/output/weights_control//ENSG00000070087.wgt.RDat	ENSG00000070087	3	149682691	149768575	0.2602	rs9834687	 -3.36	rs9637407	 0.234978	 11.78	 0.51485	 486	 28	enet	0.29	1.8e-44	 0.1850	8.53e-01
NA	/data/songy4/twas/output/weights_control//ENSG00000144895.wgt.RDat	ENSG00000144895	3	150264465	150302029	0.1465	rs9834687	 -3.36	rs1568585	 0.040698	  6.13	 1.51852	 442	 34	enet	0.11	1.6e-16	 1.5933	1.11e-01
NA	/data/songy4/twas/output/weights_control//ENSG00000198843.wgt.RDat	ENSG00000198843	3	150320662	150348222	0.0605	rs9834687	 -3.36	rs13064363	 0.038654	 -5.03	 1.42017	 434	  1	top1	0.039	1.2e-06	-1.4202	1.56e-01
NA	/data/songy4/twas/output/weights_control//ENSG00000144893.wgt.RDat	ENSG00000144893	3	150803484	151154860	0.0596	rs10935841	 -6.44	rs7615865	 0.003125	  4.26	 0.79000	 614	 17	enet	0.02	0.00038	 1.0389	2.99e-01
NA	/data/songy4/twas/output/weights_control//ENSG00000174946.wgt.RDat	ENSG00000174946	3	150915619	150920988	0.0736	rs10935841	 -6.44	rs1048408	 0.019997	 -4.68	 2.27273	 471	 29	enet	0.022	2e-04	 0.9849	3.25e-01
NA	/data/songy4/twas/output/weights_control//ENSG00000174944.wgt.RDat	ENSG00000174944	3	150929905	150996255	0.1360	rs10935841	 -6.44	rs9814936	 0.139198	 -9.13	 3.85600	 496	  9	lasso	0.15	6.1e-22	-3.5387	4.02e-04
NA	/data/songy4/twas/output/weights_control//ENSG00000181631.wgt.RDat	ENSG00000181631	3	151044100	151047336	0.0633	rs10935841	 -6.44	rs3971191	 0.042351	  6.44	-3.26400	 498	  8	lasso	0.042	3.7e-07	-3.1101	1.87e-03
NA	/data/songy4/twas/output/weights_control//ENSG00000169313.wgt.RDat	ENSG00000169313	3	151055168	151102600	0.0592	rs10935841	 -6.44	rs3116549	 0.025500	 -4.86	-0.89167	 515	  1	top1	0.025	7.1e-05	 0.8917	3.73e-01
NA	/data/songy4/twas/output/weights_control//ENSG00000152580.wgt.RDat	ENSG00000152580	3	151143172	151176497	0.3304	rs10935841	 -6.44	rs9289849	 0.284771	-12.95	 0.05941	 499	 37	enet	0.35	1.1e-56	 0.0264	9.79e-01
NA	/data/songy4/twas/output/weights_control//ENSG00000198829.wgt.RDat	ENSG00000198829	3	151591431	151602405	0.0345	rs10935841	 -6.44	rs2898579	 0.000401	 -3.64	-2.72277	 408	  1	top1	4e-04	0.27	 2.7228	6.47e-03
NA	/data/songy4/twas/output/weights_control//ENSG00000114790.wgt.RDat	ENSG00000114790	3	153838792	153975616	0.0767	rs2314042	 -2.50	rs95506	 0.064688	  6.29	 0.22772	 415	  1	top1	0.065	3.7e-10	 0.2277	8.20e-01
NA	/data/songy4/twas/output/weights_control//ENSG00000114805.wgt.RDat	ENSG00000114805	3	155093369	155462856	0.0868	rs2222275	 -4.44	rs359549	 0.069300	  7.17	-0.83178	 469	  1	top1	0.069	8.6e-11	-0.8318	4.06e-01
NA	/data/songy4/twas/output/weights_control//ENSG00000174928.wgt.RDat	ENSG00000174928	3	155480401	155524140	0.0549	rs2222275	 -4.44	rs168587	 0.009376	  4.07	 0.12712	 366	 23	enet	0.016	0.0013	-0.1908	8.49e-01
NA	/data/songy4/twas/output/weights_control//ENSG00000169359.wgt.RDat	ENSG00000169359	3	155538813	155572218	0.0912	rs2222275	 -4.44	rs17415195	 0.093635	 -7.57	-1.07432	 361	  1	top1	0.094	3.8e-14	 1.0743	2.83e-01
NA	/data/songy4/twas/output/weights_control//ENSG00000163655.wgt.RDat	ENSG00000163655	3	155588325	155661815	0.0582	rs2222275	 -4.44	rs12489430	 0.054165	 -5.71	-1.80645	 371	  1	top1	0.054	9.8e-09	 1.8065	7.08e-02
NA	/data/songy4/twas/output/weights_control//ENSG00000114850.wgt.RDat	ENSG00000114850	3	156257929	156272973	0.1626	rs13322318	 -3.47	rs1518962	 0.020948	 -6.09	-0.20667	 405	 25	enet	0.077	8.6e-12	-0.1021	9.19e-01
NA	/data/songy4/twas/output/weights_control//ENSG00000197980.wgt.RDat	ENSG00000197980	3	156543270	156763918	0.3878	rs13322318	 -3.47	rs344076	 0.347069	-14.14	-2.53846	 557	  5	lasso	0.37	4.2e-59	 2.1263	3.35e-02
NA	/data/songy4/twas/output/weights_control//ENSG00000163660.wgt.RDat	ENSG00000163660	3	156864297	156878549	0.1039	rs13322318	 -3.47	rs7638194	 0.130133	  8.81	-2.25253	 434	  1	top1	0.13	2.5e-19	-2.2525	2.43e-02
NA	/data/songy4/twas/output/weights_control//ENSG00000197415.wgt.RDat	ENSG00000197415	3	156977531	157251408	0.0643	rs13322318	 -3.47	rs12498099	 0.011343	  4.67	-0.94987	 518	  6	lasso	0.022	0.00021	-1.0018	3.16e-01
NA	/data/songy4/twas/output/weights_control//ENSG00000168779.wgt.RDat	ENSG00000168779	3	157814948	157824292	0.0737	rs1515476	  2.02	rs17681602	 0.061986	 -6.17	-1.49660	 327	  1	top1	0.062	8.5e-10	 1.4966	1.34e-01
NA	/data/songy4/twas/output/weights_control//ENSG00000174891.wgt.RDat	ENSG00000174891	3	157823644	158263519	0.1881	rs992089	 -2.12	rs6777853	 0.075575	 -8.14	-1.20408	 537	 64	enet	0.18	4.2e-26	 1.6601	9.69e-02
NA	/data/songy4/twas/output/weights_control//ENSG00000178053.wgt.RDat	ENSG00000178053	3	158288952	158325041	0.1130	rs992089	 -2.12	rs16829122	 0.050546	  5.77	-0.34848	 397	 10	lasso	0.052	1.9e-08	-0.0210	9.83e-01
NA	/data/songy4/twas/output/weights_control//ENSG00000168827.wgt.RDat	ENSG00000168827	3	158362067	158410364	0.1184	rs992089	 -2.12	rs2303909	 0.110933	  8.13	 0.50000	 404	 37	enet	0.11	6.4e-17	 0.7060	4.80e-01
NA	/data/songy4/twas/output/weights_control//ENSG00000079257.wgt.RDat	ENSG00000079257	3	158363611	158390482	0.2559	rs992089	 -2.12	rs17700122	 0.078031	  7.46	-0.19130	 396	 31	enet	0.14	3.9e-21	-0.4717	6.37e-01
NA	/data/songy4/twas/output/weights_control//ENSG00000118855.wgt.RDat	ENSG00000118855	3	158449987	158547508	0.0410	rs992089	 -2.12	rs9846998	 0.052481	  5.75	 1.18947	 436	  1	top1	0.052	1.7e-08	 1.1895	2.34e-01
NA	/data/songy4/twas/output/weights_control//ENSG00000113810.wgt.RDat	ENSG00000113810	3	160117062	160152750	0.0457	rs1345156	  4.17	rs2178452	 0.006514	 -4.23	-0.13725	 391	  4	lasso	0.0068	0.027	 1.0059	3.14e-01
NA	/data/songy4/twas/output/weights_control//ENSG00000213186.wgt.RDat	ENSG00000213186	3	160150233	160203561	0.1244	rs1562464	  4.45	rs4680585	 0.088091	 -7.69	 0.55135	 394	 13	lasso	0.12	3.4e-18	 0.7814	4.35e-01
NA	/data/songy4/twas/output/weights_control//ENSG00000186432.wgt.RDat	ENSG00000186432	3	160212783	160283376	0.0419	rs9876142	  4.72	rs6441320	 0.045847	  6.30	 0.62067	 388	  1	top1	0.046	1.3e-07	 0.6207	5.35e-01
NA	/data/songy4/twas/output/weights_control//ENSG00000163590.wgt.RDat	ENSG00000163590	3	160473390	160796695	0.0963	rs1450522	  6.22	rs4390979	 0.048454	 -5.83	-0.65833	 461	  1	top1	0.048	5.8e-08	 0.6583	5.10e-01
NA	/data/songy4/twas/output/weights_control//ENSG00000169255.wgt.RDat	ENSG00000169255	3	160801671	160823172	0.1845	rs1450522	  6.22	rs13256	 0.157003	 -9.82	 4.85437	 364	 13	enet	0.16	2.6e-23	-4.3273	1.51e-05
NA	/data/songy4/twas/output/weights_control//ENSG00000169251.wgt.RDat	ENSG00000169251	3	160822484	160971320	0.0485	rs1450522	  6.22	rs6774725	 0.000954	  3.54	 4.00000	 416	  1	top1	0.00095	0.21	 4.0000	6.33e-05
NA	/data/songy4/twas/output/weights_control//ENSG00000173905.wgt.RDat	ENSG00000173905	3	167726465	167813763	0.0541	rs720958	  3.97	rs6444553	 0.001685	 -3.76	-1.40708	 361	 30	enet	0.0088	0.014	 1.1627	2.45e-01
NA	/data/songy4/twas/output/weights_control//ENSG00000085276.wgt.RDat	ENSG00000085276	3	168801287	169381406	0.0588	rs6804761	  3.19	rs6444842	 0.004512	  4.81	-0.96133	 647	  8	enet	0.0065	0.029	-0.7006	4.84e-01
NA	/data/songy4/twas/output/weights_control//ENSG00000171757.wgt.RDat	ENSG00000171757	3	169511216	169530774	0.1070	rs6804761	  3.19	rs16854445	 0.026787	 -5.08	 1.90698	 422	 30	enet	0.057	3.8e-09	-1.5773	1.15e-01
NA	/data/songy4/twas/output/weights_control//ENSG00000188306.wgt.RDat	ENSG00000188306	3	169539710	169555563	0.0459	rs6804761	  3.19	rs12489230	 0.018908	  4.69	 0.09009	 413	  1	top1	0.019	0.00055	 0.0901	9.28e-01
NA	/data/songy4/twas/output/weights_control//ENSG00000173890.wgt.RDat	ENSG00000173890	3	169755717	169803191	0.3261	rs6804761	  3.19	rs2287483	 0.347767	 14.28	-0.45638	 399	 10	lasso	0.39	3.8e-64	-0.7421	4.58e-01
NA	/data/songy4/twas/output/weights_control//ENSG00000173889.wgt.RDat	ENSG00000173889	3	169804520	169899537	0.0625	NA	    NA	NA	       NA	    NA	      NA	   0	  0	enet	0.00087	0.22	     NA	      NA
NA	/data/songy4/twas/output/weights_control//ENSG00000163584.wgt.RDat	ENSG00000163584	3	170582664	170588272	0.3080	rs11918099	 -2.40	rs3821747	 0.395980	 15.11	-0.92241	 395	  1	top1	0.4	6e-65	-0.9224	3.56e-01
NA	/data/songy4/twas/output/weights_control//ENSG00000075651.wgt.RDat	ENSG00000075651	3	171318195	171528740	0.0513	rs9830035	  3.31	rs6788037	 0.024214	  5.09	 1.19469	 553	  7	enet	0.024	1e-04	 0.8329	4.05e-01
NA	/data/songy4/twas/output/weights_control//ENSG00000172667.wgt.RDat	ENSG00000172667	3	178735011	178790067	0.1317	rs6806917	  5.13	rs4256180	 0.110430	 -8.11	-1.41176	 404	  1	top1	0.11	1.6e-16	 1.4118	1.58e-01
NA	/data/songy4/twas/output/weights_control//ENSG00000171121.wgt.RDat	ENSG00000171121	3	178957530	178984790	0.0587	rs6806917	  5.13	rs3729692	 0.073700	 -6.72	 2.70813	 374	  1	top1	0.074	2.2e-11	-2.7081	6.77e-03
NA	/data/songy4/twas/output/weights_control//ENSG00000121864.wgt.RDat	ENSG00000121864	3	179040779	179053323	0.0782	rs6806917	  5.13	rs3806685	 0.020724	  4.92	 1.36364	 366	  1	top1	0.021	0.00031	 1.3636	1.73e-01
NA	/data/songy4/twas/output/weights_control//ENSG00000171109.wgt.RDat	ENSG00000171109	3	179065480	179112719	0.4241	rs6806917	  5.13	rs2032700	 0.221622	 11.41	 0.22388	 371	 54	enet	0.3	6.2e-46	 0.9021	3.67e-01
NA	/data/songy4/twas/output/weights_control//ENSG00000114450.wgt.RDat	ENSG00000114450	3	179116990	179169378	0.0900	rs6806917	  5.13	rs7612445	 0.018891	 -4.35	 1.09144	 381	  6	lasso	0.03	1.9e-05	-1.9308	5.35e-02
NA	/data/songy4/twas/output/weights_control//ENSG00000136521.wgt.RDat	ENSG00000136521	3	179322478	179345435	0.0512	rs6806917	  5.13	rs6790272	 0.003015	  4.40	 0.41905	 388	 20	enet	0.0046	0.057	 0.9412	3.47e-01
NA	/data/songy4/twas/output/weights_control//ENSG00000163728.wgt.RDat	ENSG00000163728	3	180319918	180335616	0.1190	rs12635178	  3.32	rs9290705	 0.111971	  8.17	-0.46108	 244	  1	top1	0.11	9.9e-17	-0.4611	6.45e-01
NA	/data/songy4/twas/output/weights_control//ENSG00000058063.wgt.RDat	ENSG00000058063	3	182511288	182639423	0.0510	rs10513789	-12.27	rs4859137	 0.044900	 -6.04	-0.01754	 411	  1	top1	0.045	1.7e-07	 0.0175	9.86e-01
NA	/data/songy4/twas/output/weights_control//ENSG00000078070.wgt.RDat	ENSG00000078070	3	182733006	182833863	0.0775	rs10513789	-12.27	rs4859156	 0.029830	 -4.94	-4.68367	 446	  1	top1	0.03	1.9e-05	 4.6837	2.82e-06
NA	/data/songy4/twas/output/weights_control//ENSG00000053524.wgt.RDat	ENSG00000053524	3	182895831	183146566	0.2245	rs10513789	-12.27	rs4859188	 0.190254	-10.58	-0.86735	 510	  6	lasso	0.2	9.7e-30	 0.8882	3.74e-01
NA	/data/songy4/twas/output/weights_control//ENSG00000176597.wgt.RDat	ENSG00000176597	3	182971032	183016292	0.1775	rs10513789	-12.27	rs7618830	 0.025606	  4.92	 2.51020	 391	 24	enet	0.1	3.7e-15	 2.4173	1.56e-02
NA	/data/songy4/twas/output/weights_control//ENSG00000172578.wgt.RDat	ENSG00000172578	3	183205319	183273477	0.1298	rs10513789	-12.27	rs2056324	 0.074853	 -7.02	-0.36893	 487	  5	lasso	0.082	1.8e-12	-0.2464	8.05e-01
NA	/data/songy4/twas/output/weights_control//ENSG00000114796.wgt.RDat	ENSG00000114796	3	183353356	183402265	0.0324	rs1393586	 -8.73	rs2293031	 0.032601	 -4.87	 2.70476	 496	  1	top1	0.033	7.9e-06	-2.7048	6.84e-03
NA	/data/songy4/twas/output/weights_control//ENSG00000114770.wgt.RDat	ENSG00000114770	3	183637722	183735803	0.2954	rs843351	 -4.17	rs939335	 0.454855	-16.22	-1.09574	 540	 23	enet	0.48	1.5e-84	 0.7950	4.27e-01
NA	/data/songy4/twas/output/weights_control//ENSG00000161203.wgt.RDat	ENSG00000161203	3	183892477	183901879	0.1122	rs843351	 -4.17	rs2231224	 0.059497	 -6.55	-0.13386	 491	 23	enet	0.064	4.1e-10	-0.9032	3.66e-01
NA	/data/songy4/twas/output/weights_control//ENSG00000175166.wgt.RDat	ENSG00000175166	3	184016497	184026842	0.0877	rs843351	 -4.17	rs6443958	 0.037360	  6.08	 0.75000	 534	  4	lasso	0.038	1.4e-06	 0.2541	7.99e-01
NA	/data/songy4/twas/output/weights_control//ENSG00000182580.wgt.RDat	ENSG00000182580	3	184279572	184300197	0.1097	rs843351	 -4.17	rs7646910	 0.080800	 -7.16	-0.03636	 454	 10	enet	0.083	1.2e-12	 0.3650	7.15e-01
NA	/data/songy4/twas/output/weights_control//ENSG00000177383.wgt.RDat	ENSG00000177383	3	184428156	184429836	0.2481	rs843351	 -4.17	rs10937187	 0.131374	  8.94	 0.03810	 448	 17	enet	0.2	1.5e-29	 0.3366	7.36e-01
NA	/data/songy4/twas/output/weights_control//ENSG00000156931.wgt.RDat	ENSG00000156931	3	184529931	184770402	0.1148	rs10937194	 -3.71	rs9830734	 0.088767	  7.29	 0.93204	 515	  1	top1	0.089	1.8e-13	 0.9320	3.51e-01
NA	/data/songy4/twas/output/weights_control//ENSG00000113790.wgt.RDat	ENSG00000113790	3	184908412	184999778	0.1379	rs10937194	 -3.71	rs7429119	 0.122083	 -8.61	 1.25000	 400	 19	enet	0.13	6.4e-19	-0.7469	4.55e-01
NA	/data/songy4/twas/output/weights_control//ENSG00000073803.wgt.RDat	ENSG00000073803	3	185000729	185206885	0.0872	rs10937194	 -3.71	rs7429119	 0.092621	 -7.47	 1.25000	 433	  1	top1	0.093	5.2e-14	-1.2500	2.11e-01
NA	/data/songy4/twas/output/weights_control//ENSG00000163898.wgt.RDat	ENSG00000163898	3	185224050	185270401	0.0967	rs1540390	 -3.24	rs10804901	 0.070319	 -6.75	 0.96656	 385	  1	top1	0.07	6.2e-11	-0.9666	3.34e-01
NA	/data/songy4/twas/output/weights_control//ENSG00000213139.wgt.RDat	ENSG00000213139	3	186256230	186264491	0.0901	rs881454	 -3.92	rs9854418	 0.031563	  4.94	 0.60825	 547	  1	top1	0.032	1.1e-05	 0.6082	5.43e-01
NA	/data/songy4/twas/output/weights_control//ENSG00000113838.wgt.RDat	ENSG00000113838	3	186263862	186288332	0.0838	rs881454	 -3.92	rs1374808	 0.004291	  3.99	 0.61856	 554	 12	lasso	0.015	0.0017	 0.2740	7.84e-01
NA	/data/songy4/twas/output/weights_control//ENSG00000090520.wgt.RDat	ENSG00000090520	3	186285192	186315061	0.0616	rs881454	 -3.92	rs3846211	 0.017604	  4.82	-0.35922	 565	  1	top1	0.018	0.00083	-0.3592	7.19e-01
NA	/data/songy4/twas/output/weights_control//ENSG00000145192.wgt.RDat	ENSG00000145192	3	186330712	186339107	0.0620	NA	    NA	NA	       NA	    NA	      NA	   0	  0	enet	0.0021	0.14	     NA	      NA
NA	/data/songy4/twas/output/weights_control//ENSG00000073849.wgt.RDat	ENSG00000073849	3	186648274	186796341	0.0770	rs9824398	 -2.96	rs9814673	 0.041679	  5.33	 0.21930	 674	  1	top1	0.042	4.7e-07	 0.2193	8.26e-01
NA	/data/songy4/twas/output/weights_control//ENSG00000163923.wgt.RDat	ENSG00000163923	3	186838736	186898696	0.0702	rs9824398	 -2.96	rs270144	 0.021835	  4.51	-1.33151	 640	  1	top1	0.022	0.00022	-1.3315	1.83e-01
NA	/data/songy4/twas/output/weights_control//ENSG00000136514.wgt.RDat	ENSG00000136514	3	187086120	187089864	0.0807	rs11924583	  2.64	rs1003995	 0.040406	  5.28	 1.80612	 575	  1	top1	0.04	7e-07	 1.8061	7.09e-02
NA	/data/songy4/twas/output/weights_control//ENSG00000145012.wgt.RDat	ENSG00000145012	3	187871072	188608460	0.2429	rs4449306	 -3.10	rs9867814	 0.069618	  6.49	-0.73585	 861	 13	lasso	0.13	1.4e-19	-0.6489	5.16e-01
NA	/data/songy4/twas/output/weights_control//ENSG00000196083.wgt.RDat	ENSG00000196083	3	190231840	190375843	0.0846	rs2944385	 -3.33	rs12152223	 0.094692	  7.57	 1.39086	 619	  1	top1	0.095	2.7e-14	 1.3909	1.64e-01
NA	/data/songy4/twas/output/weights_control//ENSG00000188958.wgt.RDat	ENSG00000188958	3	190984957	191048325	0.1303	rs16866350	 -2.96	rs1520203	 0.014840	  5.56	 0.60000	 523	 38	enet	0.11	4.2e-16	 1.7645	7.76e-02
NA	/data/songy4/twas/output/weights_control//ENSG00000152492.wgt.RDat	ENSG00000152492	3	191046866	191116459	0.0956	rs16866350	 -2.96	rs440266	 0.041382	  5.77	 0.60870	 485	 21	enet	0.051	2.6e-08	 0.2993	7.65e-01
NA	/data/songy4/twas/output/weights_control//ENSG00000180611.wgt.RDat	ENSG00000180611	3	192514604	192635950	0.0620	rs7641260	 -2.85	rs4687367	 0.034440	  5.34	 1.39423	 472	  1	top1	0.034	4.4e-06	 1.3942	1.63e-01
NA	/data/songy4/twas/output/weights_control//ENSG00000127252.wgt.RDat	ENSG00000127252	3	192958914	192995527	0.0327	rs100774	  2.96	rs6764269	 0.006849	  3.60	-0.21212	 426	  1	top1	0.0068	0.026	-0.2121	8.32e-01
NA	/data/songy4/twas/output/weights_control//ENSG00000187527.wgt.RDat	ENSG00000187527	3	192992579	193096632	0.0395	rs100774	  2.96	rs9851685	 0.034914	 -5.32	 0.40426	 473	  1	top1	0.035	3.8e-06	-0.4043	6.86e-01
NA	/data/songy4/twas/output/weights_control//ENSG00000127249.wgt.RDat	ENSG00000127249	3	193119866	193310900	0.4227	rs4417818	 -3.12	rs7628243	 0.697697	-20.03	 0.54255	 528	 65	enet	0.7	3.5e-154	-0.5371	5.91e-01
NA	/data/songy4/twas/output/weights_control//ENSG00000198836.wgt.RDat	ENSG00000198836	3	193310933	193415612	0.0511	rs4417818	 -3.12	rs9851685	 0.044441	 -5.23	 0.40426	 525	  1	top1	0.044	2e-07	-0.4043	6.86e-01
NA	/data/songy4/twas/output/weights_control//ENSG00000133657.wgt.RDat	ENSG00000133657	3	194123401	194219093	0.1391	rs7624901	 -3.29	rs4493370	 0.045036	 -6.17	 0.89055	 564	 17	enet	0.072	3.8e-11	-0.7160	4.74e-01
NA	/data/songy4/twas/output/weights_control//ENSG00000145014.wgt.RDat	ENSG00000145014	3	194308402	194354418	0.0778	rs7624901	 -3.29	rs6437394	 0.111751	 -8.11	 0.92157	 565	  1	top1	0.11	1.1e-16	-0.9216	3.57e-01
NA	/data/songy4/twas/output/weights_control//ENSG00000041802.wgt.RDat	ENSG00000041802	3	194361517	194393206	0.7280	rs7624901	 -3.29	rs3821402	 0.725658	 20.44	 0.52709	 558	  1	top1	0.73	2.8e-163	 0.5271	5.98e-01
NA	/data/songy4/twas/output/weights_control//ENSG00000185112.wgt.RDat	ENSG00000185112	3	194406622	194409762	0.2686	rs7624901	 -3.29	rs789862	 0.245854	-11.99	-1.19192	 537	  1	top1	0.25	3.1e-37	 1.1919	2.33e-01
NA	/data/songy4/twas/output/weights_control//ENSG00000173950.wgt.RDat	ENSG00000173950	3	194789008	194991896	0.0426	rs9856486	 -2.68	rs823301	-0.001682	 -3.91	 0.46392	 477	 21	enet	0.00034	0.27	-0.5893	5.56e-01
NA	/data/songy4/twas/output/weights_control//ENSG00000176945.wgt.RDat	ENSG00000176945	3	195447753	195467994	0.4500	rs9812036	  2.70	rs7627129	 0.197742	 10.82	-2.60959	 293	 46	enet	0.33	1.2e-52	-0.9023	3.67e-01
NA	/data/songy4/twas/output/weights_control//ENSG00000061938.wgt.RDat	ENSG00000061938	3	195590235	195638816	0.0586	rs9812036	  2.70	rs34468408	 0.018444	  4.44	 0.83246	 283	 17	enet	0.022	0.00021	-1.0264	3.05e-01
NA	/data/songy4/twas/output/weights_control//ENSG00000072274.wgt.RDat	ENSG00000072274	3	195754054	195809060	0.1937	rs9812036	  2.70	rs17788379	 0.095227	  7.95	-1.82424	 298	 14	lasso	0.15	8.4e-22	-1.0508	2.93e-01
NA	/data/songy4/twas/output/weights_control//ENSG00000163958.wgt.RDat	ENSG00000163958	3	195924320	195938308	0.0533	rs2129240	  2.88	rs2342309	 0.021795	  4.61	-1.15179	 354	  1	top1	0.022	0.00022	-1.1518	2.49e-01
NA	/data/songy4/twas/output/weights_control//ENSG00000161217.wgt.RDat	ENSG00000161217	3	195941093	196014828	0.1556	rs2129240	  2.88	rs12637288	 0.084888	  8.38	 0.89583	 398	 10	enet	0.09	1.3e-13	 1.0221	3.07e-01
NA	/data/songy4/twas/output/weights_control//ENSG00000213123.wgt.RDat	ENSG00000213123	3	196018090	196045170	0.0787	rs2129240	  2.88	rs2293160	 0.074018	  7.08	-1.20000	 384	  1	top1	0.074	1.9e-11	-1.2000	2.30e-01
NA	/data/songy4/twas/output/weights_control//ENSG00000145107.wgt.RDat	ENSG00000145107	3	196046213	196065374	0.1027	rs2129240	  2.88	rs4916484	 0.075602	  6.70	-0.55455	 377	  1	top1	0.076	1.2e-11	-0.5545	5.79e-01
NA	/data/songy4/twas/output/weights_control//ENSG00000163960.wgt.RDat	ENSG00000163960	3	196074533	196159345	0.0490	rs2129240	  2.88	rs6764533	 0.035618	  5.45	-1.40196	 402	  1	top1	0.036	3.1e-06	-1.4020	1.61e-01
NA	/data/songy4/twas/output/weights_control//ENSG00000163961.wgt.RDat	ENSG00000163961	3	196195654	196230639	0.2083	rs2129240	  2.88	rs6778889	 0.094238	 -7.48	 0.36697	 410	 49	enet	0.11	3.1e-16	 0.3520	7.25e-01
NA	/data/songy4/twas/output/weights_control//ENSG00000174004.wgt.RDat	ENSG00000174004	3	196366557	196388875	0.0633	rs2129240	  2.88	rs1684446	 0.009982	 -4.45	 0.12230	 418	  7	enet	0.018	0.00079	 1.7237	8.48e-02
NA	/data/songy4/twas/output/weights_control//ENSG00000163964.wgt.RDat	ENSG00000163964	3	196366646	196462878	0.2170	rs2129240	  2.88	rs2049233	 0.059174	  7.48	-1.16000	 458	 44	enet	0.14	2.5e-21	-0.8479	3.96e-01
NA	/data/songy4/twas/output/weights_control//ENSG00000174007.wgt.RDat	ENSG00000174007	3	196433148	196439164	0.3731	rs2129240	  2.88	rs7628991	 0.201320	-11.70	 0.85859	 410	  5	lasso	0.33	1.4e-52	-0.7960	4.26e-01
NA	/data/songy4/twas/output/weights_control//ENSG00000114503.wgt.RDat	ENSG00000114503	3	196662273	196669468	0.0859	rs2129240	  2.88	rs11185460	 0.031465	  5.26	 0.88889	 455	  1	top1	0.031	1.1e-05	 0.8889	3.74e-01
NA	/data/songy4/twas/output/weights_control//ENSG00000119227.wgt.RDat	ENSG00000119227	3	196673214	196695931	0.1005	rs2129240	  2.88	rs1147240	 0.028416	  5.11	 1.13158	 466	  8	lasso	0.034	4.7e-06	 0.9367	3.49e-01
NA	/data/songy4/twas/output/weights_control//ENSG00000163975.wgt.RDat	ENSG00000163975	3	196715492	196756687	0.1049	rs2129240	  2.88	rs11928645	 0.021411	 -4.96	 0.26897	 484	  9	lasso	0.027	4.5e-05	-0.2838	7.77e-01
NA	/data/songy4/twas/output/weights_control//ENSG00000161267.wgt.RDat	ENSG00000161267	3	197236654	197300194	0.0961	rs7374500	 -2.59	rs2686107	 0.029925	  5.10	-0.41121	 403	  1	top1	0.03	1.8e-05	-0.4112	6.81e-01
NA	/data/songy4/twas/output/weights_control//ENSG00000145016.wgt.RDat	ENSG00000145016	3	197398264	197476598	0.1320	rs7374500	 -2.59	rs6775958	 0.068673	  6.58	 0.54971	 350	  1	top1	0.069	1e-10	 0.5497	5.83e-01
