PANEL	FILE	ID	CHR	P0	P1	HSQ	BEST.GWAS.ID	BEST.GWAS.Z	EQTL.ID	EQTL.R2	EQTL.Z	EQTL.GWAS.Z	NSNP	NWGT	MODEL	MODELCV.R2	MODELCV.PV	TWAS.Z	TWAS.P
NA	/data/songy4/twas/output/weights_control//ENSG00000196476.wgt.RDat	ENSG00000196476	20	251504	271390	0.1356	rs4387876	 3.58	rs3827153	 0.104644	 -7.89	 0.7500	 419	  1	top1	0.1	1.1e-15	-0.7500	4.53e-01
NA	/data/songy4/twas/output/weights_control//ENSG00000101255.wgt.RDat	ENSG00000101255	20	361261	378203	0.3375	rs4387876	 3.58	rs6051550	 0.187897	 10.43	-0.7593	 502	  8	lasso	0.19	1.2e-28	-0.6846	4.94e-01
NA	/data/songy4/twas/output/weights_control//ENSG00000271303.wgt.RDat	ENSG00000271303	20	627259	634014	0.4421	rs4387876	 3.58	rs6116961	 0.309226	-13.40	 0.2952	 681	  6	lasso	0.37	7.2e-59	-0.5081	6.11e-01
NA	/data/songy4/twas/output/weights_control//ENSG00000125898.wgt.RDat	ENSG00000125898	20	814358	838106	0.2319	rs479848	 4.17	rs6140308	 0.171376	 10.38	 0.6496	 683	  4	lasso	0.21	9.1e-31	 0.8327	4.05e-01
NA	/data/songy4/twas/output/weights_control//ENSG00000101282.wgt.RDat	ENSG00000101282	20	939095	982907	0.0926	rs479848	 4.02	rs926823	 0.042212	  5.13	 0.7381	 721	  1	top1	0.042	4e-07	 0.7381	4.60e-01
NA	/data/songy4/twas/output/weights_control//ENSG00000244588.wgt.RDat	ENSG00000244588	20	1206700	1277065	0.1388	rs479848	 4.13	rs397020	 0.077804	 -6.79	-0.1753	 754	  1	top1	0.078	5.9e-12	 0.1753	8.61e-01
NA	/data/songy4/twas/output/weights_control//ENSG00000101298.wgt.RDat	ENSG00000101298	20	1246960	1289972	0.1738	rs479848	 3.97	rs6033330	 0.136111	 -8.94	 0.2290	 715	 14	enet	0.15	4.4e-22	 0.3207	7.48e-01
NA	/data/songy4/twas/output/weights_control//ENSG00000125775.wgt.RDat	ENSG00000125775	20	1290619	1309883	0.1682	rs479848	 4.14	rs6104959	 0.062090	  7.11	-1.6449	 700	 21	enet	0.12	3.4e-17	-2.0788	3.76e-02
NA	/data/songy4/twas/output/weights_control//ENSG00000088832.wgt.RDat	ENSG00000088832	20	1349622	1373806	0.1320	rs479848	 4.05	rs6104959	 0.039871	  5.66	-1.6449	 685	  1	top1	0.04	8.3e-07	-1.6449	1.00e-01
NA	/data/songy4/twas/output/weights_control//ENSG00000088833.wgt.RDat	ENSG00000088833	20	1422807	1454487	0.4376	rs479848	 3.85	rs1543423	 0.316401	-13.90	-1.2049	 691	 38	enet	0.42	8.5e-71	 1.2945	1.95e-01
NA	/data/songy4/twas/output/weights_control//ENSG00000196209.wgt.RDat	ENSG00000196209	20	1451386	1472233	0.5610	rs11905792	-3.72	rs6135095	 0.499699	-16.98	-1.4577	 664	 42	enet	0.6	3.2e-116	 1.6989	8.93e-02
NA	/data/songy4/twas/output/weights_control//ENSG00000125900.wgt.RDat	ENSG00000125900	20	1514897	1539489	0.0875	rs11905792	-3.72	rs2249832	 0.052775	  6.29	 0.8723	 658	 12	lasso	0.064	4e-10	 0.5916	5.54e-01
NA	/data/songy4/twas/output/weights_control//ENSG00000260861.wgt.RDat	ENSG00000260861	20	1520790	1600655	0.0749	rs11905792	-3.72	rs16979691	-0.000867	 -3.96	 0.1538	 683	  6	lasso	-0.00076	0.45	 0.2288	8.19e-01
NA	/data/songy4/twas/output/weights_control//ENSG00000101307.wgt.RDat	ENSG00000101307	20	1544167	1600707	0.5371	rs11905792	-3.72	rs2253427	 0.486539	 16.73	-0.6930	 666	  6	lasso	0.55	2.7e-100	-0.5439	5.86e-01
NA	/data/songy4/twas/output/weights_control//ENSG00000089012.wgt.RDat	ENSG00000089012	20	1609798	1638425	0.1247	rs11905792	-3.72	rs4814413	 0.109520	 -7.99	-0.4587	 665	  3	lasso	0.11	1.5e-16	 0.3995	6.89e-01
NA	/data/songy4/twas/output/weights_control//ENSG00000125834.wgt.RDat	ENSG00000125834	20	2082257	2157684	0.0541	rs2422824	 3.17	rs6137005	 0.015165	  4.75	 1.0495	 755	  1	top1	0.015	0.0018	 1.0495	2.94e-01
NA	/data/songy4/twas/output/weights_control//ENSG00000125780.wgt.RDat	ENSG00000125780	20	2276647	2321724	0.0972	rs2422824	 3.17	rs214796	 0.108813	 -8.05	 0.7812	 706	  3	lasso	0.11	1.9e-16	-0.6775	4.98e-01
NA	/data/songy4/twas/output/weights_control//ENSG00000088876.wgt.RDat	ENSG00000088876	20	2462463	2505348	0.2037	rs2422824	 3.17	rs6036759	 0.095808	  7.77	-1.2673	 623	 25	enet	0.12	2e-17	-0.8471	3.97e-01
NA	/data/songy4/twas/output/weights_control//ENSG00000149488.wgt.RDat	ENSG00000149488	20	2517253	2622430	0.1225	rs2422824	 3.17	rs2422819	 0.124162	  8.75	-2.0345	 646	  1	top1	0.12	1.8e-18	-2.0345	4.19e-02
NA	/data/songy4/twas/output/weights_control//ENSG00000101361.wgt.RDat	ENSG00000101361	20	2632791	2639039	0.2847	rs2422824	 3.17	rs6132905	 0.202866	 10.93	 2.8607	 580	 27	enet	0.25	2.2e-37	 2.6324	8.48e-03
NA	/data/songy4/twas/output/weights_control//ENSG00000088881.wgt.RDat	ENSG00000088881	20	2673524	2740753	0.1583	rs2295545	-6.48	rs6076426	 0.085852	 -7.39	 0.5697	 593	 22	enet	0.091	9.2e-14	-0.2977	7.66e-01
NA	/data/songy4/twas/output/weights_control//ENSG00000215305.wgt.RDat	ENSG00000215305	20	2821349	2847378	0.0989	rs2295545	-6.48	rs11699077	 0.099706	 -7.83	-2.0657	 544	  1	top1	0.1	5.3e-15	 2.0657	3.89e-02
NA	/data/songy4/twas/output/weights_control//ENSG00000185019.wgt.RDat	ENSG00000185019	20	3088219	3140842	0.1667	rs2295545	-6.48	rs2422859	 0.116627	  8.44	 0.9061	 485	  1	top1	0.12	2.2e-17	 0.9061	3.65e-01
NA	/data/songy4/twas/output/weights_control//ENSG00000198171.wgt.RDat	ENSG00000198171	20	3170996	3185331	0.1933	rs2295545	-6.48	rs4815574	 0.078387	 -7.40	-6.1856	 443	  5	lasso	0.11	5.3e-16	 5.3727	7.75e-08
NA	/data/songy4/twas/output/weights_control//ENSG00000125877.wgt.RDat	ENSG00000125877	20	3189514	3204516	0.3663	rs2295545	-6.48	rs7270101	 0.189456	-10.70	 1.8483	 445	 12	enet	0.27	1.1e-41	-3.5407	3.99e-04
NA	/data/songy4/twas/output/weights_control//ENSG00000088854.wgt.RDat	ENSG00000088854	20	3229951	3388272	0.0389	rs2295545	-6.48	rs2236103	 0.017510	 -3.76	-0.4561	 516	  1	top1	0.018	0.00086	 0.4561	6.48e-01
NA	/data/songy4/twas/output/weights_control//ENSG00000101220.wgt.RDat	ENSG00000101220	20	3734155	3749034	0.3872	rs487377	-2.92	rs6116026	 0.184646	 10.38	 1.0543	 520	 48	enet	0.22	1.1e-32	 0.9472	3.44e-01
NA	/data/songy4/twas/output/weights_control//ENSG00000125817.wgt.RDat	ENSG00000125817	20	3764498	3767337	0.0794	rs487377	-2.92	rs11569986	 0.014640	  4.17	 0.2216	 518	  1	top1	0.015	0.0021	 0.2216	8.25e-01
NA	/data/songy4/twas/output/weights_control//ENSG00000101224.wgt.RDat	ENSG00000101224	20	3767578	3786762	0.1231	rs487377	-2.92	rs4815610	 0.075363	 -7.29	-1.7857	 531	 19	enet	0.094	3.8e-14	 1.8355	6.64e-02
NA	/data/songy4/twas/output/weights_control//ENSG00000125779.wgt.RDat	ENSG00000125779	20	3869486	3907605	0.1121	rs487377	-2.92	rs2095638	 0.009986	 -5.41	 0.9420	 598	 19	enet	0.07	6.5e-11	 0.1397	8.89e-01
NA	/data/songy4/twas/output/weights_control//ENSG00000101236.wgt.RDat	ENSG00000101236	20	3907956	3996229	0.1115	rs487377	-2.92	rs41398349	 0.022673	 -5.36	-1.1884	 642	  7	lasso	0.05	3.5e-08	 1.0901	2.76e-01
NA	/data/songy4/twas/output/weights_control//ENSG00000088826.wgt.RDat	ENSG00000088826	20	4101627	4168394	0.1196	rs725557	 4.29	rs8118315	 0.090509	 -7.49	 1.7619	 666	  1	top1	0.091	1e-13	-1.7619	7.81e-02
NA	/data/songy4/twas/output/weights_control//ENSG00000101265.wgt.RDat	ENSG00000101265	20	4760669	4804291	0.2465	rs725557	 4.29	rs3827125	 0.179521	 10.33	 0.6410	 680	 37	enet	0.21	9.6e-31	 0.7732	4.39e-01
NA	/data/songy4/twas/output/weights_control//ENSG00000089057.wgt.RDat	ENSG00000089057	20	4833002	4990939	0.0817	rs725557	 4.29	rs2064842	 0.009817	 -4.78	-0.7226	 752	 14	enet	0.048	6.9e-08	 1.1902	2.34e-01
NA	/data/songy4/twas/output/weights_control//ENSG00000089063.wgt.RDat	ENSG00000089063	20	5080486	5093749	0.1876	rs725557	 4.29	rs2326588	 0.179645	-10.25	-0.1327	 614	 14	enet	0.2	6.1e-30	 0.3092	7.57e-01
NA	/data/songy4/twas/output/weights_control//ENSG00000101290.wgt.RDat	ENSG00000101290	20	5107432	5178533	0.4756	rs725557	 4.29	rs6038077	 0.561269	-17.98	 0.9604	 641	 28	enet	0.57	1.9e-107	-0.9246	3.55e-01
NA	/data/songy4/twas/output/weights_control//ENSG00000101292.wgt.RDat	ENSG00000101292	20	5282317	5297378	0.2005	rs12329577	-3.96	rs6053286	 0.111096	  8.13	 1.6518	 547	 46	enet	0.15	6.2e-22	 2.1768	2.95e-02
NA	/data/songy4/twas/output/weights_control//ENSG00000125772.wgt.RDat	ENSG00000125772	20	5525085	5591672	0.3085	rs6076910	 5.67	rs6053566	 0.075359	  6.72	 1.0082	 645	  9	lasso	0.15	8.6e-23	 0.6647	5.06e-01
NA	/data/songy4/twas/output/weights_control//ENSG00000171984.wgt.RDat	ENSG00000171984	20	5731039	5844558	0.2882	rs6076910	 5.67	rs237417	 0.128240	  8.73	-0.4787	 698	 51	enet	0.13	5.1e-20	-0.4709	6.38e-01
NA	/data/songy4/twas/output/weights_control//ENSG00000089199.wgt.RDat	ENSG00000089199	20	5892076	5906007	0.4058	rs6076910	 5.67	rs415023	 0.287445	 12.87	-0.2650	 606	  1	top1	0.29	2.5e-44	-0.2650	7.91e-01
NA	/data/songy4/twas/output/weights_control//ENSG00000125885.wgt.RDat	ENSG00000125885	20	5931298	5975852	0.3041	rs6076910	 5.67	rs16991630	 0.100289	 -9.20	-1.6114	 637	 28	enet	0.16	2.2e-24	 1.9964	4.59e-02
NA	/data/songy4/twas/output/weights_control//ENSG00000101311.wgt.RDat	ENSG00000101311	20	6055492	6104191	0.1380	rs6076910	 5.67	rs11908294	 0.100903	  7.96	-1.8429	 615	  1	top1	0.1	3.6e-15	-1.8429	6.53e-02
NA	/data/songy4/twas/output/weights_control//ENSG00000125827.wgt.RDat	ENSG00000125827	20	7957995	8000476	0.1332	rs6055853	 2.53	rs2327003	 0.068323	  6.55	-0.6828	 559	 11	lasso	0.1	1.4e-15	-0.2935	7.69e-01
NA	/data/songy4/twas/output/weights_control//ENSG00000182621.wgt.RDat	ENSG00000182621	20	8112824	8949003	0.3073	rs6140833	 2.59	rs2719795	 0.301951	-13.24	-1.9009	1041	  1	top1	0.3	6.9e-47	 1.9009	5.73e-02
NA	/data/songy4/twas/output/weights_control//ENSG00000125869.wgt.RDat	ENSG00000125869	20	9495005	9511171	0.0820	rs6108352	 3.22	rs2299684	 0.044507	 -5.15	 0.4737	 591	 26	enet	0.057	3.7e-09	-1.2700	2.04e-01
NA	/data/songy4/twas/output/weights_control//ENSG00000132623.wgt.RDat	ENSG00000132623	20	9966774	10037410	0.4803	rs4813918	 3.93	rs6039663	 0.387899	-14.98	 0.7333	 724	  8	lasso	0.41	1.2e-68	-0.1462	8.84e-01
NA	/data/songy4/twas/output/weights_control//ENSG00000125863.wgt.RDat	ENSG00000125863	20	10381657	10414870	0.2682	rs4813918	 3.93	rs6039932	 0.197333	 11.02	-2.5146	 595	 24	enet	0.27	5.3e-41	-1.6412	1.01e-01
NA	/data/songy4/twas/output/weights_control//ENSG00000149346.wgt.RDat	ENSG00000149346	20	10415951	10617477	0.2007	rs4813918	 3.93	rs4813935	 0.140889	  9.11	-3.5000	 725	  1	top1	0.14	6.8e-21	-3.5000	4.65e-04
NA	/data/songy4/twas/output/weights_control//ENSG00000101384.wgt.RDat	ENSG00000101384	20	10618332	10654694	0.0593	rs4813918	 3.93	rs1234797	 0.009517	  4.56	 0.8750	 609	 18	enet	0.028	2.8e-05	-0.3091	7.57e-01
NA	/data/songy4/twas/output/weights_control//ENSG00000132640.wgt.RDat	ENSG00000132640	20	11871371	11907257	0.1264	rs6040994	 3.30	rs6078265	 0.030349	  5.56	-0.6931	 518	 36	enet	0.052	1.9e-08	-0.3835	7.01e-01
NA	/data/songy4/twas/output/weights_control//ENSG00000172296.wgt.RDat	ENSG00000172296	20	12989627	13147411	0.2419	rs4814143	-3.64	rs6041723	 0.077149	 -6.88	 0.9700	 681	 57	enet	0.13	1.4e-19	-0.1176	9.06e-01
NA	/data/songy4/twas/output/weights_control//ENSG00000101230.wgt.RDat	ENSG00000101230	20	13202418	13281298	0.2673	rs7263538	-2.81	rs6134825	 0.160570	 -9.93	 0.6333	 598	  6	lasso	0.2	2e-29	-0.6524	5.14e-01
NA	/data/songy4/twas/output/weights_control//ENSG00000089048.wgt.RDat	ENSG00000089048	20	13694969	13765532	0.0474	rs7263538	-2.81	rs4813147	 0.007820	 -3.91	 1.0097	 439	  1	top1	0.0078	0.019	-1.0097	3.13e-01
NA	/data/songy4/twas/output/weights_control//ENSG00000101247.wgt.RDat	ENSG00000101247	20	13765596	13799067	0.3730	rs7263538	-2.81	rs6079161	 0.251590	 12.13	-2.4326	 393	  7	lasso	0.28	1.3e-43	-3.0166	2.56e-03
NA	/data/songy4/twas/output/weights_control//ENSG00000172264.wgt.RDat	ENSG00000172264	20	13976015	16033842	0.1136	rs1040740	 4.49	rs6080102	 0.016555	  4.67	-0.2913	1872	 28	enet	0.05	3.5e-08	 0.2186	8.27e-01
NA	/data/songy4/twas/output/weights_control//ENSG00000089177.wgt.RDat	ENSG00000089177	20	16252749	16554078	0.7409	rs16998225	-2.51	rs13044683	 0.572099	-18.22	 0.2517	 995	 35	enet	0.77	1.9e-187	 0.1072	9.15e-01
NA	/data/songy4/twas/output/weights_control//ENSG00000125870.wgt.RDat	ENSG00000125870	20	16710606	16722421	0.0605	rs16998225	-2.51	rs2295115	-0.000523	 -3.71	-0.3333	 719	 51	enet	0.0031	0.095	 1.1211	2.62e-01
NA	/data/songy4/twas/output/weights_control//ENSG00000125879.wgt.RDat	ENSG00000125879	20	16729003	16750707	0.0596	rs16998225	-2.51	rs1578405	 0.004568	  4.21	-1.3235	 720	 34	enet	0.02	0.00042	-1.6887	9.13e-02
NA	/data/songy4/twas/output/weights_control//ENSG00000125864.wgt.RDat	ENSG00000125864	20	17474550	17549865	0.1171	rs11907325	 2.65	rs6080717	 0.045469	  5.86	-1.7048	 698	 29	enet	0.05	3.1e-08	 0.1544	8.77e-01
NA	/data/songy4/twas/output/weights_control//ENSG00000125868.wgt.RDat	ENSG00000125868	20	17550508	17590564	0.1272	rs11907325	 2.65	rs3790316	 0.097905	  7.95	 0.1980	 668	 13	enet	0.1	1.6e-15	-0.0932	9.26e-01
NA	/data/songy4/twas/output/weights_control//ENSG00000089006.wgt.RDat	ENSG00000089006	20	17922241	17949623	0.0693	rs11907325	 2.65	rs6045109	 0.018131	  4.71	 1.3069	 590	 12	enet	0.034	5e-06	 1.3938	1.63e-01
NA	/data/songy4/twas/output/weights_control//ENSG00000125871.wgt.RDat	ENSG00000125871	20	17949556	17971765	0.5266	rs11907325	 2.65	rs6080927	 0.322135	 14.49	 0.2617	 575	 10	lasso	0.53	9.1e-97	 1.3104	1.90e-01
NA	/data/songy4/twas/output/weights_control//ENSG00000149474.wgt.RDat	ENSG00000149474	20	18118762	18169031	0.1400	rs6075358	 2.67	rs6132034	 0.016988	  5.25	 0.0606	 544	 42	enet	0.033	6.6e-06	-0.4053	6.85e-01
NA	/data/songy4/twas/output/weights_control//ENSG00000089050.wgt.RDat	ENSG00000089050	20	18467184	18477887	0.0445	rs16979870	 2.87	rs4813327	 0.014443	  4.06	-1.8844	 478	  1	top1	0.014	0.0023	-1.8844	5.95e-02
NA	/data/songy4/twas/output/weights_control//ENSG00000101310.wgt.RDat	ENSG00000101310	20	18488137	18542059	0.0988	rs16979870	 2.87	rs6045426	 0.059675	 -7.22	-1.5887	 502	  7	lasso	0.098	1e-14	 0.7198	4.72e-01
NA	/data/songy4/twas/output/weights_control//ENSG00000232388.wgt.RDat	ENSG00000232388	20	18548064	18550207	0.0522	rs16979870	 2.87	rs911114	 0.032047	 -5.14	-1.4722	 475	  1	top1	0.032	9.3e-06	 1.4722	1.41e-01
NA	/data/songy4/twas/output/weights_control//ENSG00000125821.wgt.RDat	ENSG00000125821	20	18568537	18744561	0.1142	rs16979870	 2.87	rs6045689	 0.035341	  5.58	 0.7635	 576	 19	enet	0.064	4.7e-10	 1.6709	9.47e-02
NA	/data/songy4/twas/output/weights_control//ENSG00000185052.wgt.RDat	ENSG00000185052	20	19193290	19703581	0.0507	rs4814894	-3.40	rs6081576	 0.012531	 -4.38	 0.1287	1022	  5	lasso	0.013	0.0036	-0.0287	9.77e-01
NA	/data/songy4/twas/output/weights_control//ENSG00000088970.wgt.RDat	ENSG00000088970	20	21106624	21227260	0.0667	rs4813428	-2.79	rs6047258	 0.071686	  6.82	-1.0784	 428	 15	enet	0.073	2.9e-11	-1.0896	2.76e-01
NA	/data/songy4/twas/output/weights_control//ENSG00000088930.wgt.RDat	ENSG00000088930	20	21283942	21370463	0.0542	rs4813428	-2.79	rs910805	 0.014315	 -4.47	-0.6250	 425	  5	lasso	0.015	0.0022	 0.5923	5.54e-01
NA	/data/songy4/twas/output/weights_control//ENSG00000178726.wgt.RDat	ENSG00000178726	20	23026270	23030378	0.5003	rs6113957	-2.96	rs844885	 0.504942	-17.10	-0.7771	 572	  1	top1	0.5	9.4e-90	 0.7771	4.37e-01
NA	/data/songy4/twas/output/weights_control//ENSG00000125810.wgt.RDat	ENSG00000125810	20	23059986	23066977	0.4734	rs6113957	-2.90	rs844885	 0.439749	-16.03	-0.7771	 579	 35	enet	0.45	1.6e-76	 1.1087	2.68e-01
NA	/data/songy4/twas/output/weights_control//ENSG00000125812.wgt.RDat	ENSG00000125812	20	23342787	23353700	0.0672	rs4547593	-2.97	rs6048743	 0.018790	 -4.01	 0.0629	 573	  1	top1	0.019	0.00057	-0.0629	9.50e-01
NA	/data/songy4/twas/output/weights_control//ENSG00000125814.wgt.RDat	ENSG00000125814	20	23355159	23402125	0.2903	rs4547593	-2.97	rs6137945	 0.230064	 11.67	 0.0234	 586	 16	lasso	0.33	5.8e-52	 0.2732	7.85e-01
NA	/data/songy4/twas/output/weights_control//ENSG00000101439.wgt.RDat	ENSG00000101439	20	23608534	23619110	0.2759	rs4547593	-2.97	rs2424582	 0.347801	-14.43	-1.0165	 559	  8	lasso	0.36	1.9e-58	 1.0219	3.07e-01
NA	/data/songy4/twas/output/weights_control//ENSG00000077984.wgt.RDat	ENSG00000077984	20	24929866	24940564	0.1895	rs2500406	-3.97	rs6050122	 0.049813	  7.05	 0.6078	 494	 24	enet	0.13	2e-19	 1.0253	3.05e-01
NA	/data/songy4/twas/output/weights_control//ENSG00000101474.wgt.RDat	ENSG00000101474	20	24943561	24973615	0.1601	rs2500406	-3.97	rs914314	 0.067754	 -7.19	-0.6338	 499	  5	lasso	0.11	2.2e-16	 0.5772	5.64e-01
NA	/data/songy4/twas/output/weights_control//ENSG00000154930.wgt.RDat	ENSG00000154930	20	24986868	25039616	0.3375	rs2500406	-3.97	rs1555157	 0.144158	  9.16	-0.4506	 509	 43	enet	0.28	2.4e-42	-2.3030	2.13e-02
NA	/data/songy4/twas/output/weights_control//ENSG00000100994.wgt.RDat	ENSG00000100994	20	25228705	25278650	0.2950	rs2500406	-3.97	rs8184820	 0.391756	 15.08	-2.1170	 432	 30	enet	0.42	4.3e-70	-2.5012	1.24e-02
NA	/data/songy4/twas/output/weights_control//ENSG00000100997.wgt.RDat	ENSG00000100997	20	25275379	25371619	0.1192	rs2500406	-3.97	rs6115214	 0.122811	  8.60	-2.2062	 410	  6	lasso	0.12	1.7e-18	-1.6456	9.98e-02
NA	/data/songy4/twas/output/weights_control//ENSG00000101004.wgt.RDat	ENSG00000101004	20	25433341	25566153	0.2474	rs2500406	-3.97	rs12481037	 0.190520	 10.51	-1.7868	 342	  7	lasso	0.19	1.1e-28	-1.3922	1.64e-01
NA	/data/songy4/twas/output/weights_control//ENSG00000170191.wgt.RDat	ENSG00000170191	20	25593571	25604811	0.0185	rs2500406	-3.97	rs6115218	 0.003577	 -3.72	-0.8131	 268	  4	enet	0.0092	0.012	 2.1009	3.57e-02
NA	/data/songy4/twas/output/weights_control//ENSG00000130684.wgt.RDat	ENSG00000130684	20	25654851	25677477	0.1651	rs2500406	-3.97	rs6037128	 0.115146	 -9.07	 2.6083	 255	 39	enet	0.15	1.7e-22	-3.5385	4.02e-04
NA	/data/songy4/twas/output/weights_control//ENSG00000101294.wgt.RDat	ENSG00000101294	20	30102231	30157370	0.0687	rs6060627	-5.28	rs6088462	 0.090513	  7.83	-4.1143	 257	  3	lasso	0.1	4.3e-15	-3.9798	6.90e-05
NA	/data/songy4/twas/output/weights_control//ENSG00000101337.wgt.RDat	ENSG00000101337	20	30697309	30755061	0.0638	rs6060627	-5.28	rs4911087	 0.051538	  6.43	-0.9697	 326	  5	lasso	0.055	8.3e-09	-1.3342	1.82e-01
NA	/data/songy4/twas/output/weights_control//ENSG00000101346.wgt.RDat	ENSG00000101346	20	30795683	30826470	0.0336	rs4453755	-5.23	rs14316	 0.006879	 -3.70	 1.5258	 321	  1	top1	0.0069	0.026	-1.5258	1.27e-01
NA	/data/songy4/twas/output/weights_control//ENSG00000197183.wgt.RDat	ENSG00000197183	20	31030862	31172876	0.0686	rs2235760	-4.39	rs4911093	 0.024074	  4.39	-0.8990	 433	  1	top1	0.024	0.00011	-0.8990	3.69e-01
NA	/data/songy4/twas/output/weights_control//ENSG00000198547.wgt.RDat	ENSG00000198547	20	31219428	31261743	0.0478	rs2235760	-4.39	rs10485499	 0.039479	  5.05	-0.2679	 418	  1	top1	0.039	9.3e-07	-0.2679	7.89e-01
NA	/data/songy4/twas/output/weights_control//ENSG00000149600.wgt.RDat	ENSG00000149600	20	31290493	31331803	0.0744	rs2235760	-4.39	rs6058847	 0.068000	 -6.52	 2.9407	 420	  5	lasso	0.072	3.2e-11	-3.3274	8.76e-04
NA	/data/songy4/twas/output/weights_control//ENSG00000088305.wgt.RDat	ENSG00000088305	20	31350191	31397162	0.0401	rs2235760	-4.39	rs6058847	 0.030544	 -4.63	 2.9407	 434	  1	top1	0.031	1.5e-05	-2.9407	3.27e-03
NA	/data/songy4/twas/output/weights_control//ENSG00000101367.wgt.RDat	ENSG00000101367	20	31407699	31438211	0.1180	rs2235760	-4.39	rs242528	 0.078792	 -7.96	 2.4706	 439	 23	enet	0.11	2.1e-16	-2.5433	1.10e-02
NA	/data/songy4/twas/output/weights_control//ENSG00000215529.wgt.RDat	ENSG00000215529	20	31446729	31549006	0.1222	rs2235760	-4.39	rs2235760	 0.043993	 -6.30	-4.3885	 452	 23	enet	0.096	2e-14	 2.9173	3.53e-03
NA	/data/songy4/twas/output/weights_control//ENSG00000182584.wgt.RDat	ENSG00000182584	20	32254304	32256331	0.0777	rs372769	-4.31	rs6120328	 0.069305	  7.07	-1.3158	 271	  4	lasso	0.085	6.3e-13	-2.3026	2.13e-02
NA	/data/songy4/twas/output/weights_control//ENSG00000101417.wgt.RDat	ENSG00000101417	20	32294512	32308125	0.0447	rs372769	-4.31	rs3213150	 0.027401	 -4.51	-3.3396	 273	  1	top1	0.027	3.9e-05	 3.3396	8.39e-04
NA	/data/songy4/twas/output/weights_control//ENSG00000101421.wgt.RDat	ENSG00000101421	20	32399110	32442172	0.2467	rs372769	-4.31	rs736953	 0.236123	 11.69	-1.0297	 255	 17	enet	0.24	9.3e-36	-1.4118	1.58e-01
NA	/data/songy4/twas/output/weights_control//ENSG00000125970.wgt.RDat	ENSG00000125970	20	32581452	32696114	0.0328	rs2424994	-4.56	rs6579167	 0.013595	 -3.74	 3.1545	 290	  1	top1	0.014	0.003	-3.1545	1.61e-03
NA	/data/songy4/twas/output/weights_control//ENSG00000078747.wgt.RDat	ENSG00000078747	20	32951041	33099198	0.0675	rs6060025	-4.64	rs3746455	 0.091893	  7.57	 3.2234	 353	 26	enet	0.095	2.8e-14	 3.0497	2.29e-03
NA	/data/songy4/twas/output/weights_control//ENSG00000101460.wgt.RDat	ENSG00000101460	20	33134658	33148149	0.1613	rs6060025	-4.64	rs6060047	 0.149914	 -9.54	-4.6107	 309	  1	top1	0.15	3.2e-22	 4.6107	4.01e-06
NA	/data/songy4/twas/output/weights_control//ENSG00000101464.wgt.RDat	ENSG00000101464	20	33148346	33264910	0.0168	rs6060025	-4.64	rs6088466	 0.016424	  3.89	-1.4717	 346	  1	top1	0.016	0.0012	-1.4717	1.41e-01
NA	/data/songy4/twas/output/weights_control//ENSG00000131067.wgt.RDat	ENSG00000131067	20	33432523	33460663	0.0813	rs6060025	-4.64	rs17122844	 0.056838	 -6.08	-3.9823	 353	 17	enet	0.062	9.5e-10	 3.0683	2.15e-03
NA	/data/songy4/twas/output/weights_control//ENSG00000131069.wgt.RDat	ENSG00000131069	20	33459949	33515769	0.0236	rs6060025	-4.64	rs6060140	 0.018965	  4.46	 1.0526	 364	  1	top1	0.019	0.00054	 1.0526	2.93e-01
NA	/data/songy4/twas/output/weights_control//ENSG00000100991.wgt.RDat	ENSG00000100991	20	33590207	33680674	0.1177	rs6060025	-4.64	rs6142324	 0.090039	  7.73	 0.4894	 359	 17	enet	0.1	5.4e-15	 0.0722	9.42e-01
NA	/data/songy4/twas/output/weights_control//ENSG00000088298.wgt.RDat	ENSG00000088298	20	33703167	33865928	0.1119	rs6060025	-4.64	rs6060278	 0.055667	 -6.58	 1.6182	 379	 10	enet	0.078	5.3e-12	-2.4722	1.34e-02
NA	/data/songy4/twas/output/weights_control//ENSG00000101000.wgt.RDat	ENSG00000101000	20	33759876	33765165	0.1035	rs6060025	-4.64	rs6060278	-0.001056	 -3.91	 1.6182	 333	 25	enet	0.024	0.00013	-0.7636	4.45e-01
NA	/data/songy4/twas/output/weights_control//ENSG00000126005.wgt.RDat	ENSG00000126005	20	33804265	33865934	0.1434	rs6060025	-4.64	rs2425046	 0.073458	 -6.62	-0.8356	 351	 17	enet	0.099	6.1e-15	 1.0278	3.04e-01
NA	/data/songy4/twas/output/weights_control//ENSG00000242372.wgt.RDat	ENSG00000242372	20	33866714	33872788	0.3457	rs6060047	-4.61	rs2275274	 0.157318	  9.75	 0.8834	 323	  1	top1	0.16	2.5e-23	 0.8834	3.77e-01
NA	/data/songy4/twas/output/weights_control//ENSG00000101019.wgt.RDat	ENSG00000101019	20	33890369	33999944	0.0919	rs17092148	-4.56	rs6060402	 0.009951	 -4.37	 0.6354	 341	 17	enet	0.023	0.00017	 0.4669	6.41e-01
NA	/data/songy4/twas/output/weights_control//ENSG00000204183.wgt.RDat	ENSG00000204183	20	34020827	34023248	0.2280	rs7265992	-4.38	rs3764732	 0.131224	  8.88	-1.5888	 312	  1	top1	0.13	1.7e-19	-1.5888	1.12e-01
NA	/data/songy4/twas/output/weights_control//ENSG00000126001.wgt.RDat	ENSG00000126001	20	34042985	34099804	0.1832	rs2425025	-3.38	rs11167267	 0.189748	 10.56	 0.6330	 323	  1	top1	0.19	3e-28	 0.6330	5.27e-01
NA	/data/songy4/twas/output/weights_control//ENSG00000125991.wgt.RDat	ENSG00000125991	20	34129770	34145405	0.2606	rs2425025	-3.38	rs2277862	 0.237366	 11.80	 0.0846	 297	  1	top1	0.24	7.9e-36	 0.0846	9.33e-01
NA	/data/songy4/twas/output/weights_control//ENSG00000214078.wgt.RDat	ENSG00000214078	20	34213953	34252878	0.4032	rs2425025	-3.38	rs11696527	 0.595007	-18.48	 0.5695	 299	  1	top1	0.6	8.9e-115	-0.5695	5.69e-01
NA	/data/songy4/twas/output/weights_control//ENSG00000171222.wgt.RDat	ENSG00000171222	20	34541539	34547394	0.0694	rs2425241	-3.36	rs6060676	 0.123842	 -8.53	 1.0131	 261	  1	top1	0.12	2e-18	-1.0131	3.11e-01
NA	/data/songy4/twas/output/weights_control//ENSG00000131043.wgt.RDat	ENSG00000131043	20	34824381	34858840	0.1253	rs2425241	-3.36	rs17093449	 0.095739	 -7.68	 0.4493	 217	  1	top1	0.096	1.9e-14	-0.4493	6.53e-01
NA	/data/songy4/twas/output/weights_control//ENSG00000101079.wgt.RDat	ENSG00000101079	20	35280169	35374481	0.1266	rs2425241	-3.36	rs723887	 0.013184	 -4.54	 0.3042	 243	  9	lasso	0.035	4.2e-06	 0.9161	3.60e-01
NA	/data/songy4/twas/output/weights_control//ENSG00000149639.wgt.RDat	ENSG00000149639	20	35405845	35492089	0.0449	rs2425241	-3.36	rs6072018	 0.000412	  3.80	-1.6538	 251	  1	top1	0.00041	0.27	-1.6538	9.82e-02
NA	/data/songy4/twas/output/weights_control//ENSG00000101347.wgt.RDat	ENSG00000101347	20	35518632	35580246	0.1039	rs8114927	-3.23	rs4810362	 0.045250	  5.55	-0.2324	 255	  5	lasso	0.055	7.7e-09	-0.9951	3.20e-01
NA	/data/songy4/twas/output/weights_control//ENSG00000101353.wgt.RDat	ENSG00000101353	20	35729629	35807991	0.0585	rs17785475	-2.90	rs8115589	 0.035858	 -5.81	-0.4956	 329	  1	top1	0.036	2.9e-06	 0.4956	6.20e-01
NA	/data/songy4/twas/output/weights_control//ENSG00000101407.wgt.RDat	ENSG00000101407	20	36611409	36661870	0.1137	rs6067647	-2.97	rs6068818	 0.100767	  7.86	-0.4783	 461	  1	top1	0.1	3.8e-15	-0.4783	6.32e-01
NA	/data/songy4/twas/output/weights_control//ENSG00000101413.wgt.RDat	ENSG00000101413	20	36661948	36720768	0.0644	rs6067647	-2.97	rs6068490	 0.030267	  5.39	-0.4420	 473	  1	top1	0.03	1.6e-05	-0.4420	6.58e-01
NA	/data/songy4/twas/output/weights_control//ENSG00000101425.wgt.RDat	ENSG00000101425	20	36888551	36965907	0.2232	rs6067647	-2.97	rs6064334	 0.026526	  5.08	-0.9703	 495	 54	enet	0.032	8.8e-06	-1.1561	2.48e-01
NA	/data/songy4/twas/output/weights_control//ENSG00000101442.wgt.RDat	ENSG00000101442	20	37377085	37400834	0.2942	rs6070221	 2.62	rs2254382	 0.256170	-12.74	-1.9271	 416	 29	enet	0.3	6.6e-46	 1.8042	7.12e-02
NA	/data/songy4/twas/output/weights_control//ENSG00000101447.wgt.RDat	ENSG00000101447	20	37554955	37581703	0.0627	rs6070221	 2.62	rs10392	 0.039851	 -5.77	-0.7063	 420	  1	top1	0.04	8.3e-07	 0.7063	4.80e-01
NA	/data/songy4/twas/output/weights_control//ENSG00000101452.wgt.RDat	ENSG00000101452	20	37590942	37668366	0.1383	rs1569606	-2.45	rs12625983	 0.181062	-10.35	-0.5591	 452	 11	enet	0.19	1.3e-27	 0.2585	7.96e-01
NA	/data/songy4/twas/output/weights_control//ENSG00000124177.wgt.RDat	ENSG00000124177	20	40030741	40247133	0.1639	rs6102231	 3.10	rs4283482	 0.009056	  4.99	-0.6727	 536	  5	lasso	0.036	2.7e-06	-1.5028	1.33e-01
NA	/data/songy4/twas/output/weights_control//ENSG00000101057.wgt.RDat	ENSG00000101057	20	42295754	42345136	0.1113	rs6031294	 3.66	rs285205	 0.134123	  9.04	-0.0368	 518	  1	top1	0.13	6.5e-20	-0.0368	9.71e-01
NA	/data/songy4/twas/output/weights_control//ENSG00000132823.wgt.RDat	ENSG00000132823	20	42825136	42839431	0.3755	rs6031294	 3.66	rs1971447	 0.381431	 14.92	-0.3711	 508	  6	lasso	0.41	1.2e-67	-0.2206	8.25e-01
NA	/data/songy4/twas/output/weights_control//ENSG00000124120.wgt.RDat	ENSG00000124120	20	43104526	43123244	0.1950	rs6031294	 3.66	rs6130620	 0.026460	 -5.55	-0.2800	 490	 24	enet	0.12	1.5e-18	-0.8272	4.08e-01
NA	/data/songy4/twas/output/weights_control//ENSG00000132824.wgt.RDat	ENSG00000132824	20	43124862	43150750	0.3089	rs6031294	 3.66	rs6103759	 0.231874	-11.54	 1.0140	 492	 10	enet	0.25	2.4e-37	-0.8540	3.93e-01
NA	/data/songy4/twas/output/weights_control//ENSG00000168734.wgt.RDat	ENSG00000168734	20	43160426	43252888	0.1816	rs717248	 3.12	rs6031647	 0.128605	  8.83	-1.1554	 511	  2	lasso	0.15	5e-22	-0.8421	4.00e-01
NA	/data/songy4/twas/output/weights_control//ENSG00000196839.wgt.RDat	ENSG00000196839	20	43248163	43280874	0.1667	rs717248	 3.12	rs2007720	 0.097833	  7.87	 0.2627	 450	  3	lasso	0.12	1.5e-17	 1.2621	2.07e-01
NA	/data/songy4/twas/output/weights_control//ENSG00000166913.wgt.RDat	ENSG00000166913	20	43514317	43537173	0.1031	rs717248	 3.12	rs6031849	 0.105478	 -8.14	 0.2909	 443	  1	top1	0.11	8.2e-16	-0.2909	7.71e-01
NA	/data/songy4/twas/output/weights_control//ENSG00000101104.wgt.RDat	ENSG00000101104	20	43538703	43587676	0.1602	rs6031688	 3.07	rs6130713	 0.114529	  8.32	-0.4175	 449	 43	enet	0.15	3.6e-22	 0.1198	9.05e-01
NA	/data/songy4/twas/output/weights_control//ENSG00000025772.wgt.RDat	ENSG00000025772	20	43570771	43589127	0.3110	rs6031688	 3.07	rs6103899	 0.051472	 -6.49	 1.2941	 427	 34	enet	0.13	1.7e-19	-0.4135	6.79e-01
NA	/data/songy4/twas/output/weights_control//ENSG00000124102.wgt.RDat	ENSG00000124102	20	43803517	43805185	0.0519	rs2239534	 3.70	rs13038342	 0.050171	 -5.97	-1.8525	 468	 22	enet	0.051	2.6e-08	 1.6754	9.39e-02
NA	/data/songy4/twas/output/weights_control//ENSG00000124233.wgt.RDat	ENSG00000124233	20	43835638	43838413	0.1548	rs2239534	 3.70	rs2233896	 0.093192	 -7.83	-1.5484	 473	 10	lasso	0.1	1.3e-15	 1.9496	5.12e-02
NA	/data/songy4/twas/output/weights_control//ENSG00000204070.wgt.RDat	ENSG00000204070	20	43990577	44005438	0.2061	rs2239534	 3.70	rs2248637	 0.200153	-10.90	-1.0619	 489	 18	lasso	0.2	6.7e-30	 1.3173	1.88e-01
NA	/data/songy4/twas/output/weights_control//ENSG00000124155.wgt.RDat	ENSG00000124155	20	44044717	44054884	0.2107	rs2239534	 3.70	rs13217	 0.095153	 -7.71	-1.6634	 498	 20	enet	0.12	1.5e-18	 1.8061	7.09e-02
NA	/data/songy4/twas/output/weights_control//ENSG00000182931.wgt.RDat	ENSG00000182931	20	44313292	44333658	0.0457	rs2239534	 3.70	rs3746493	 0.019185	  4.81	 1.3776	 522	  4	lasso	0.021	0.00032	 1.4758	1.40e-01
NA	/data/songy4/twas/output/weights_control//ENSG00000101457.wgt.RDat	ENSG00000101457	20	44420576	44440066	0.3251	rs2239534	 3.70	rs567348	 0.484546	-16.78	 0.9327	 537	  4	lasso	0.51	5.9e-91	-1.0639	2.87e-01
NA	/data/songy4/twas/output/weights_control//ENSG00000101470.wgt.RDat	ENSG00000101470	20	44451853	44462384	0.0501	rs2239534	 3.70	rs6124741	 0.056706	  5.92	 1.1327	 529	  1	top1	0.057	4.4e-09	 1.1327	2.57e-01
NA	/data/songy4/twas/output/weights_control//ENSG00000124104.wgt.RDat	ENSG00000124104	20	44462449	44471914	0.1610	rs2239534	 3.70	rs11698486	 0.010359	 -5.42	 1.4477	 531	 27	enet	0.051	2.3e-08	-1.5406	1.23e-01
NA	/data/songy4/twas/output/weights_control//ENSG00000101473.wgt.RDat	ENSG00000101473	20	44470360	44486045	0.0681	rs2239534	 3.70	rs197669	 0.061367	  6.97	 1.3000	 532	 13	enet	0.067	2e-10	 2.0157	4.38e-02
NA	/data/songy4/twas/output/weights_control//ENSG00000132801.wgt.RDat	ENSG00000132801	20	44486256	44507761	0.0847	rs2239534	 3.70	rs2868359	 0.027691	  5.14	 2.3895	 527	  8	lasso	0.039	1.1e-06	 1.6032	1.09e-01
NA	/data/songy4/twas/output/weights_control//ENSG00000064601.wgt.RDat	ENSG00000064601	20	44518783	44527459	0.0355	rs2239534	 3.70	rs6130947	 0.008479	 -4.89	 2.1856	 513	 16	enet	0.023	0.00015	-3.6824	2.31e-04
NA	/data/songy4/twas/output/weights_control//ENSG00000100979.wgt.RDat	ENSG00000100979	20	44527399	44540794	0.2066	rs2239534	 3.70	rs394643	 0.154170	  9.45	 2.4792	 511	  4	lasso	0.17	5.5e-25	 2.1809	2.92e-02
NA	/data/songy4/twas/output/weights_control//ENSG00000101017.wgt.RDat	ENSG00000101017	20	44746911	44758502	0.0726	rs6130940	 3.69	rs745307	 0.062784	  6.19	-0.9298	 501	  1	top1	0.063	6.7e-10	-0.9298	3.52e-01
NA	/data/songy4/twas/output/weights_control//ENSG00000062598.wgt.RDat	ENSG00000062598	20	44994688	45061704	0.1183	rs2151389	-3.39	rs2274676	 0.104762	 -8.39	 1.2951	 568	  6	lasso	0.12	1.4e-17	-1.1252	2.61e-01
NA	/data/songy4/twas/output/weights_control//ENSG00000198185.wgt.RDat	ENSG00000198185	20	45129701	45142198	0.1594	rs2151389	-3.39	rs2745729	 0.163805	  9.92	-0.6032	 569	  1	top1	0.16	2.7e-24	-0.6032	5.46e-01
NA	/data/songy4/twas/output/weights_control//ENSG00000158296.wgt.RDat	ENSG00000158296	20	45186463	45304714	0.0985	rs2151389	-3.39	rs6018020	 0.008925	 -5.18	-1.2396	 632	 35	enet	0.025	8.4e-05	 0.3421	7.32e-01
NA	/data/songy4/twas/output/weights_control//ENSG00000196562.wgt.RDat	ENSG00000196562	20	46285092	46415360	0.3394	rs1316709	-5.44	rs6063143	 0.166433	-10.03	-1.4545	 575	 42	enet	0.25	1.4e-38	 0.0997	9.21e-01
NA	/data/songy4/twas/output/weights_control//ENSG00000124207.wgt.RDat	ENSG00000124207	20	47662849	47713489	0.0248	rs742758	 2.35	rs1885290	 0.023701	 -4.24	-0.0280	 504	  1	top1	0.024	0.00012	 0.0280	9.78e-01
NA	/data/songy4/twas/output/weights_control//ENSG00000124214.wgt.RDat	ENSG00000124214	20	47729878	47804904	0.0491	rs6067173	-3.41	rs235029	 0.004632	  3.51	-1.7417	 504	  1	top1	0.0046	0.056	-1.7417	8.16e-02
NA	/data/songy4/twas/output/weights_control//ENSG00000124201.wgt.RDat	ENSG00000124201	20	47854483	47894963	0.0878	rs6067173	-3.41	rs237730	 0.075669	 -6.70	 0.3551	 451	  6	lasso	0.079	4.5e-12	-0.0650	9.48e-01
NA	/data/songy4/twas/output/weights_control//ENSG00000197818.wgt.RDat	ENSG00000197818	20	48429250	48508779	0.0971	rs6067173	-3.41	rs8118160	 0.039603	 -5.72	-1.8805	 506	  1	top1	0.04	9e-07	 1.8805	6.00e-02
NA	/data/songy4/twas/output/weights_control//ENSG00000124226.wgt.RDat	ENSG00000124226	20	48552948	48570429	0.0950	rs6067173	-3.41	rs8121969	 0.045399	  5.45	-0.4312	 476	  1	top1	0.045	1.5e-07	-0.4313	6.66e-01
NA	/data/songy4/twas/output/weights_control//ENSG00000196396.wgt.RDat	ENSG00000196396	20	49126891	49201299	0.1425	rs4602269	 4.16	rs4602269	 0.107434	  8.26	 4.1622	 475	  6	enet	0.11	3.9e-16	 4.5012	6.76e-06
NA	/data/songy4/twas/output/weights_control//ENSG00000124171.wgt.RDat	ENSG00000124171	20	49348081	49373332	0.0948	rs4602269	 4.16	rs6020695	 0.022596	  5.11	-0.3304	 512	  8	lasso	0.023	0.00015	-0.3171	7.51e-01
NA	/data/songy4/twas/output/weights_control//ENSG00000124243.wgt.RDat	ENSG00000124243	20	49411431	49493714	0.1149	rs4602269	 4.16	rs1124952	 0.050681	  6.81	 0.2092	 538	 11	enet	0.074	2e-11	-0.5752	5.65e-01
NA	/data/songy4/twas/output/weights_control//ENSG00000054793.wgt.RDat	ENSG00000054793	20	50213053	50385173	0.3331	rs6091465	 3.63	rs7261003	 0.229439	-11.53	 0.3077	 658	 10	lasso	0.26	1.7e-39	-0.0348	9.72e-01
NA	/data/songy4/twas/output/weights_control//ENSG00000101115.wgt.RDat	ENSG00000101115	20	50400581	50419059	0.1265	rs6091465	 3.63	rs6021372	 0.020828	  5.60	 0.7600	 540	 36	enet	0.072	3.3e-11	 1.4899	1.36e-01
NA	/data/songy4/twas/output/weights_control//ENSG00000020256.wgt.RDat	ENSG00000020256	20	50668202	50820847	0.0624	rs6091465	 3.63	rs6021726	 0.015463	  4.65	-1.1215	 583	 25	enet	0.032	9.8e-06	 0.7114	4.77e-01
NA	/data/songy4/twas/output/weights_control//ENSG00000182463.wgt.RDat	ENSG00000182463	20	51588946	52111869	0.1025	rs2668790	 3.36	rs6097042	 0.001960	 -4.21	-0.9200	 851	 41	enet	0.032	1.1e-05	 0.2050	8.38e-01
NA	/data/songy4/twas/output/weights_control//ENSG00000171940.wgt.RDat	ENSG00000171940	20	52183604	52226446	0.1606	rs2668790	 3.48	rs6123296	 0.020035	 -4.47	 0.5138	 632	103	enet	0.031	1.3e-05	 0.2504	8.02e-01
NA	/data/songy4/twas/output/weights_control//ENSG00000064787.wgt.RDat	ENSG00000064787	20	52553316	52687304	0.3997	rs6097667	-2.90	rs290421	 0.254960	 12.18	 0.2885	 618	 10	lasso	0.33	2e-51	 0.2587	7.96e-01
NA	/data/songy4/twas/output/weights_control//ENSG00000019186.wgt.RDat	ENSG00000019186	20	52769988	52790512	0.1597	rs6097667	-2.90	rs912505	 0.066505	 -7.05	-0.5164	 610	 34	enet	0.11	6.2e-16	 0.3406	7.33e-01
NA	/data/songy4/twas/output/weights_control//ENSG00000124098.wgt.RDat	ENSG00000124098	20	54933971	54943719	0.1363	rs4811738	 2.89	rs16979815	 0.036914	  6.70	 1.1136	 563	 18	enet	0.088	2.3e-13	 0.2897	7.72e-01
NA	/data/songy4/twas/output/weights_control//ENSG00000101158.wgt.RDat	ENSG00000101158	20	57556263	57570188	0.3521	rs6128567	 4.55	rs6070684	 0.187847	-10.81	-0.2422	 557	 76	enet	0.27	9.1e-41	-0.2176	8.28e-01
NA	/data/songy4/twas/output/weights_control//ENSG00000101160.wgt.RDat	ENSG00000101160	20	57570240	57582302	0.0872	rs6128567	 4.55	rs6015320	 0.000694	 -3.43	 1.2804	 565	 24	enet	0.0042	0.064	-0.8382	4.02e-01
NA	/data/songy4/twas/output/weights_control//ENSG00000101166.wgt.RDat	ENSG00000101166	20	57608200	57617964	0.0952	rs6128567	 4.55	rs6070706	 0.103976	 -7.97	 0.3116	 571	  1	top1	0.1	1.3e-15	-0.3116	7.55e-01
NA	/data/songy4/twas/output/weights_control//ENSG00000124205.wgt.RDat	ENSG00000124205	20	57875482	57901047	0.2063	rs6128567	 4.55	rs259964	 0.126545	 -8.61	-0.4516	 572	 36	enet	0.13	4.6e-19	 0.6060	5.45e-01
NA	/data/songy4/twas/output/weights_control//ENSG00000196074.wgt.RDat	ENSG00000196074	20	58438618	58508710	0.0915	rs6128567	 4.55	rs7271202	 0.002704	 -3.89	-0.2034	 676	 45	enet	0.011	0.0076	 0.5396	5.89e-01
NA	/data/songy4/twas/output/weights_control//ENSG00000132825.wgt.RDat	ENSG00000132825	20	58511894	58515352	0.0516	rs6100634	-2.83	rs7271202	 0.003025	 -4.00	-0.2034	 619	 19	enet	0.011	0.0079	-0.8506	3.95e-01
NA	/data/songy4/twas/output/weights_control//ENSG00000124215.wgt.RDat	ENSG00000124215	20	58533471	58609066	0.0595	rs6100634	-2.83	rs455052	-0.000224	 -3.90	-2.7481	 656	 18	enet	0.0076	0.02	 2.2078	2.73e-02
NA	/data/songy4/twas/output/weights_control//ENSG00000184402.wgt.RDat	ENSG00000184402	20	60718822	60757540	0.0772	rs13040477	 2.99	rs17812169	 0.033179	 -4.54	-0.8186	 531	  1	top1	0.033	6.6e-06	 0.8186	4.13e-01
NA	/data/songy4/twas/output/weights_control//ENSG00000101181.wgt.RDat	ENSG00000101181	20	60758085	60778624	0.5365	rs13040477	 2.99	rs2151511	 0.470040	-16.54	-0.1429	 504	 34	enet	0.5	1.4e-87	-0.2524	8.01e-01
NA	/data/songy4/twas/output/weights_control//ENSG00000130703.wgt.RDat	ENSG00000130703	20	60813580	60871268	0.1021	rs13040477	 2.99	rs6089706	 0.081439	 -6.93	 1.1198	 519	  1	top1	0.081	1.9e-12	-1.1198	2.63e-01
NA	/data/songy4/twas/output/weights_control//ENSG00000130702.wgt.RDat	ENSG00000130702	20	60883011	60942368	0.0419	rs6122011	 2.88	rs6089354	 0.016979	 -4.56	-1.3396	 501	 20	enet	0.018	0.00066	 0.8022	4.22e-01
NA	/data/songy4/twas/output/weights_control//ENSG00000149679.wgt.RDat	ENSG00000149679	20	60963688	60982341	0.1084	rs6122011	 2.88	rs747949	 0.056341	 -6.24	 1.6660	 493	  7	lasso	0.076	1.1e-11	-1.3413	1.80e-01
NA	/data/songy4/twas/output/weights_control//ENSG00000101188.wgt.RDat	ENSG00000101188	20	61340189	61394123	0.3303	rs6090277	-2.96	rs2427381	 0.135433	 -8.90	-0.2336	 526	 37	enet	0.22	2.3e-32	 1.1684	2.43e-01
NA	/data/songy4/twas/output/weights_control//ENSG00000101189.wgt.RDat	ENSG00000101189	20	61427805	61431945	0.2025	rs6090277	-2.96	rs6090117	 0.093006	 -8.87	-0.0495	 500	 16	enet	0.16	5.6e-23	-0.9424	3.46e-01
NA	/data/songy4/twas/output/weights_control//ENSG00000092758.wgt.RDat	ENSG00000092758	20	61447596	61472511	0.7834	rs6090277	-2.96	rs1018439	 0.566787	-18.06	-1.8707	 503	  8	lasso	0.64	2.2e-129	 1.6969	8.97e-02
NA	/data/songy4/twas/output/weights_control//ENSG00000101190.wgt.RDat	ENSG00000101190	20	61472467	61493115	0.2684	rs6090277	-2.96	rs1018439	 0.110625	 -8.12	-1.8707	 488	  6	lasso	0.2	2.6e-30	 1.1104	2.67e-01
NA	/data/songy4/twas/output/weights_control//ENSG00000101191.wgt.RDat	ENSG00000101191	20	61509090	61569304	0.0600	rs6090277	-2.96	rs2295000	 0.022843	 -5.03	-2.3058	 502	  1	top1	0.023	0.00016	 2.3058	2.11e-02
NA	/data/songy4/twas/output/weights_control//ENSG00000101194.wgt.RDat	ENSG00000101194	20	61584052	61599949	0.2496	rs6090277	-2.96	rs3729555	 0.127677	  9.55	-2.4904	 476	 22	enet	0.23	4.8e-35	-2.2642	2.36e-02
NA	/data/songy4/twas/output/weights_control//ENSG00000101197.wgt.RDat	ENSG00000101197	20	61867235	61871859	0.4094	rs6090277	-2.96	rs6011691	 0.313849	 13.59	 0.8503	 493	 50	enet	0.43	4.3e-73	 1.9665	4.92e-02
NA	/data/songy4/twas/output/weights_control//ENSG00000125534.wgt.RDat	ENSG00000125534	20	62152077	62153559	0.1599	rs6090277	-2.96	rs310653	 0.029443	 -5.63	 0.9839	 439	 27	enet	0.12	3.1e-17	-1.2341	2.17e-01
NA	/data/songy4/twas/output/weights_control//ENSG00000130589.wgt.RDat	ENSG00000130589	20	62189439	62205592	0.0530	rs6090277	-2.96	rs2427536	 0.003851	 -3.52	 1.3371	 448	  8	lasso	0.0053	0.045	-0.8716	3.83e-01
NA	/data/songy4/twas/output/weights_control//ENSG00000101216.wgt.RDat	ENSG00000101216	20	62218955	62258394	0.1719	rs6090277	-2.96	rs4809585	 0.069357	 -7.88	-1.2679	 454	 28	enet	0.15	1.5e-22	 0.4214	6.73e-01
NA	/data/songy4/twas/output/weights_control//ENSG00000197457.wgt.RDat	ENSG00000197457	20	62271061	62284780	0.1449	rs506434	-3.10	rs6742	 0.018141	 -4.28	 0.9931	 435	 50	enet	0.054	1e-08	-0.0922	9.27e-01
NA	/data/songy4/twas/output/weights_control//ENSG00000203896.wgt.RDat	ENSG00000203896	20	62366815	62370456	0.0965	rs506434	-3.10	rs6011058	 0.079235	  7.03	-0.6796	 444	 11	enet	0.082	1.3e-12	-0.5563	5.78e-01
NA	/data/songy4/twas/output/weights_control//ENSG00000130584.wgt.RDat	ENSG00000130584	20	62375019	62462597	0.0804	rs506434	-3.10	rs2427535	 0.020119	 -4.99	 1.3600	 467	 25	enet	0.024	0.00012	-0.8836	3.77e-01
NA	/data/songy4/twas/output/weights_control//ENSG00000101150.wgt.RDat	ENSG00000101150	20	62496596	62522898	0.2362	rs506434	-3.10	rs7000	 0.225250	-11.48	-0.1447	 424	  1	top1	0.23	7.4e-34	 0.1447	8.85e-01
NA	/data/songy4/twas/output/weights_control//ENSG00000101152.wgt.RDat	ENSG00000101152	20	62526518	62567384	0.2111	rs506434	-3.10	rs2275293	 0.097440	 -8.08	 1.1927	 418	  5	lasso	0.12	3e-17	-1.2352	2.17e-01
NA	/data/songy4/twas/output/weights_control//ENSG00000198276.wgt.RDat	ENSG00000198276	20	62571186	62587769	0.0783	rs506434	-3.10	rs7264220	 0.025582	  4.73	 0.5503	 390	  4	lasso	0.043	3.2e-07	 0.1367	8.91e-01
NA	/data/songy4/twas/output/weights_control//ENSG00000130590.wgt.RDat	ENSG00000130590	20	62605466	62611361	0.1766	rs506434	-3.10	rs2427590	 0.256713	 12.31	-0.7786	 380	 17	enet	0.26	2.9e-39	-0.5793	5.62e-01
NA	/data/songy4/twas/output/weights_control//ENSG00000101161.wgt.RDat	ENSG00000101161	20	62612488	62664453	0.1196	rs506434	-3.10	rs817337	 0.065022	  7.31	 0.3832	 377	 17	enet	0.097	1.5e-14	-0.1406	8.88e-01
NA	/data/songy4/twas/output/weights_control//ENSG00000196421.wgt.RDat	ENSG00000196421	20	62665697	62671315	0.3137	rs506434	-3.10	rs2022012	 0.486046	 16.74	-0.5469	 346	 13	lasso	0.51	6.2e-90	-0.4312	6.66e-01
NA	/data/songy4/twas/output/weights_control//ENSG00000171703.wgt.RDat	ENSG00000171703	20	62681189	62703700	0.0605	rs506434	-3.10	rs2427588	 0.009257	  4.09	 0.3058	 335	 15	enet	0.02	0.00038	 0.8134	4.16e-01
NA	/data/songy4/twas/output/weights_control//ENSG00000125510.wgt.RDat	ENSG00000125510	20	62711526	62731996	0.0790	rs506434	-3.10	rs6090043	 0.032597	 -6.05	 1.7089	 317	  6	lasso	0.041	6.2e-07	-1.8575	6.32e-02
NA	/data/songy4/twas/output/weights_control//ENSG00000203880.wgt.RDat	ENSG00000203880	20	62887094	62926855	0.1644	rs506434	-3.10	rs17569873	 0.082860	 -7.90	 0.5970	 233	  7	lasso	0.14	9.3e-21	-0.6015	5.48e-01
