PANEL	FILE	ID	CHR	P0	P1	HSQ	BEST.GWAS.ID	BEST.GWAS.Z	EQTL.ID	EQTL.R2	EQTL.Z	EQTL.GWAS.Z	NSNP	NWGT	MODEL	MODELCV.R2	MODELCV.PV	TWAS.Z	TWAS.P
NA	/data/songy4/twas/output/weights_control//ENSG00000161980.wgt.RDat	ENSG00000161980	16	96407	103628	0.1722	rs8061637	 2.81	rs2541593	 1.47e-01	 -9.35	-1.20438	 238	  4	lasso	0.15	3.3e-22	 1.24027	2.15e-01
NA	/data/songy4/twas/output/weights_control//ENSG00000161981.wgt.RDat	ENSG00000161981	16	103010	107669	0.4134	rs8061637	 2.81	rs8466	 1.85e-01	-10.45	 0.30137	 241	 13	enet	0.25	4.1e-38	-0.96260	3.36e-01
NA	/data/songy4/twas/output/weights_control//ENSG00000103148.wgt.RDat	ENSG00000103148	16	134273	188859	0.8369	rs8061637	 2.81	rs2562164	 1.36e-01	  8.95	 0.12381	 279	 99	enet	0.48	3.3e-83	 2.34300	1.91e-02
NA	/data/songy4/twas/output/weights_control//ENSG00000130656.wgt.RDat	ENSG00000130656	16	202686	204502	0.4124	rs8061637	 2.81	rs2461286	 3.23e-01	 13.69	-0.77519	 282	  1	top1	0.32	9.2e-51	-0.77519	4.38e-01
NA	/data/songy4/twas/output/weights_control//ENSG00000206177.wgt.RDat	ENSG00000206177	16	203891	216767	0.0557	rs8061637	 2.81	rs2541675	 1.94e-02	 -4.76	-0.59200	 293	 17	enet	0.033	7.9e-06	 0.41155	6.81e-01
NA	/data/songy4/twas/output/weights_control//ENSG00000086506.wgt.RDat	ENSG00000086506	16	230452	231180	0.1322	rs8061637	 2.81	rs3929997	 9.12e-02	  7.54	-1.50980	 303	 15	enet	0.11	4e-16	-2.14673	3.18e-02
NA	/data/songy4/twas/output/weights_control//ENSG00000103126.wgt.RDat	ENSG00000103126	16	337440	402673	0.0948	rs8061637	 2.81	rs11860497	 7.23e-02	  6.74	 1.18367	 380	 17	enet	0.075	1.5e-11	 1.40152	1.61e-01
NA	/data/songy4/twas/output/weights_control//ENSG00000129925.wgt.RDat	ENSG00000129925	16	420773	437113	0.3093	rs8061637	 2.81	rs1981492	 1.27e-01	 -9.22	-0.37374	 388	  9	lasso	0.25	3.1e-38	 0.33539	7.37e-01
NA	/data/songy4/twas/output/weights_control//ENSG00000103202.wgt.RDat	ENSG00000103202	16	446725	460367	0.2770	rs8061637	 2.81	rs4984871	 7.65e-02	  7.77	-0.23810	 396	 35	enet	0.18	3.8e-27	 0.81566	4.15e-01
NA	/data/songy4/twas/output/weights_control//ENSG00000242612.wgt.RDat	ENSG00000242612	16	451826	462487	0.1293	rs8061637	 2.81	rs3743890	 1.05e-01	  8.30	-1.44248	 399	  9	enet	0.11	2.2e-16	-1.89192	5.85e-02
NA	/data/songy4/twas/output/weights_control//ENSG00000103326.wgt.RDat	ENSG00000103326	16	577717	604636	0.1395	rs8061637	 2.81	rs11864655	 8.46e-02	 -7.64	-1.18239	 479	 12	enet	0.087	2.9e-13	 1.37995	1.68e-01
NA	/data/songy4/twas/output/weights_control//ENSG00000161992.wgt.RDat	ENSG00000161992	16	610422	615528	0.0727	rs8061637	 2.81	rs12443534	-1.61e-03	 -3.54	-0.20889	 484	  4	enet	0.01	0.0085	 0.56696	5.71e-01
NA	/data/songy4/twas/output/weights_control//ENSG00000007541.wgt.RDat	ENSG00000007541	16	616995	634136	0.0574	rs8061637	 2.81	rs2294446	 3.24e-02	  4.65	 0.84097	 486	  1	top1	0.032	8.5e-06	 0.84097	4.00e-01
NA	/data/songy4/twas/output/weights_control//ENSG00000127578.wgt.RDat	ENSG00000127578	16	679239	684116	0.0723	rs8061637	 2.81	rs4984903	 8.00e-02	  7.19	 0.18989	 468	  1	top1	0.08	2.9e-12	 0.18989	8.49e-01
NA	/data/songy4/twas/output/weights_control//ENSG00000130731.wgt.RDat	ENSG00000130731	16	684429	686358	0.1007	rs8061637	 2.81	rs1139897	 8.75e-02	  7.50	-1.00266	 469	 31	enet	0.12	1.8e-17	-0.75832	4.48e-01
NA	/data/songy4/twas/output/weights_control//ENSG00000161996.wgt.RDat	ENSG00000161996	16	699311	717833	0.1315	rs8061637	 2.81	rs9934288	 6.17e-02	 -7.05	 1.06024	 463	  1	top1	0.062	9.3e-10	-1.06024	2.89e-01
NA	/data/songy4/twas/output/weights_control//ENSG00000140983.wgt.RDat	ENSG00000140983	16	718086	724174	0.0802	rs8061637	 2.81	rs4984913	 3.35e-02	  7.03	-1.54771	 456	 15	enet	0.063	6.4e-10	-0.74496	4.56e-01
NA	/data/songy4/twas/output/weights_control//ENSG00000127580.wgt.RDat	ENSG00000127580	16	734622	740444	0.0472	rs1204509	-2.81	rs11640115	 4.28e-02	  5.22	-1.38171	 456	  1	top1	0.043	3.3e-07	-1.38171	1.67e-01
NA	/data/songy4/twas/output/weights_control//ENSG00000103260.wgt.RDat	ENSG00000103260	16	765115	769655	0.1272	rs1204509	-2.81	rs12448432	 8.76e-02	  7.63	-1.70110	 469	 22	enet	0.099	6.7e-15	-1.56357	1.18e-01
NA	/data/songy4/twas/output/weights_control//ENSG00000103254.wgt.RDat	ENSG00000103254	16	770581	772601	0.0522	rs1204509	-2.81	rs2071950	 4.84e-02	 -5.83	-1.17974	 474	  4	lasso	0.059	2.4e-09	 0.25147	8.01e-01
NA	/data/songy4/twas/output/weights_control//ENSG00000103253.wgt.RDat	ENSG00000103253	16	776936	785525	0.1311	NA	   NA	NA	       NA	    NA	      NA	 475	  0	lasso	0.1	4.6e-15	      NA	      NA
NA	/data/songy4/twas/output/weights_control//ENSG00000103245.wgt.RDat	ENSG00000103245	16	779753	791329	0.1810	NA	   NA	NA	       NA	    NA	      NA	 474	  0	top1	0.16	3.1e-24	      NA	      NA
NA	/data/songy4/twas/output/weights_control//ENSG00000102854.wgt.RDat	ENSG00000102854	16	810762	818865	0.1853	rs1204509	-2.81	rs3765264	 8.45e-03	  4.57	-0.69919	 470	120	enet	0.25	1.3e-37	 0.29689	7.67e-01
NA	/data/songy4/twas/output/weights_control//ENSG00000103227.wgt.RDat	ENSG00000103227	16	903634	1031318	0.1014	rs1204509	-2.81	rs3751667	 3.50e-02	  5.84	-2.09091	 503	  8	enet	0.073	2.5e-11	-1.63991	1.01e-01
NA	/data/songy4/twas/output/weights_control//ENSG00000005513.wgt.RDat	ENSG00000005513	16	1031808	1036979	0.0817	rs17850290	 2.79	rs3751667	 2.46e-02	 -4.84	-2.09091	 455	  1	top1	0.025	9.5e-05	 2.09091	3.65e-02
NA	/data/songy4/twas/output/weights_control//ENSG00000172236.wgt.RDat	ENSG00000172236	16	1290697	1292555	0.0944	rs2064289	-5.04	rs2738893	 4.92e-03	  4.53	 1.89474	 448	 16	enet	0.039	1.1e-06	 0.57534	5.65e-01
NA	/data/songy4/twas/output/weights_control//ENSG00000007516.wgt.RDat	ENSG00000007516	16	1383602	1399439	0.3154	rs2064289	-5.04	rs8063	 8.60e-02	  9.10	-0.93519	 473	  5	lasso	0.27	9.4e-42	-0.17890	8.58e-01
NA	/data/songy4/twas/output/weights_control//ENSG00000090581.wgt.RDat	ENSG00000090581	16	1401924	1413352	0.0613	rs2064289	-5.04	rs4984820	 5.90e-02	  5.95	 0.06250	 484	  1	top1	0.059	2.2e-09	 0.06250	9.50e-01
NA	/data/songy4/twas/output/weights_control//ENSG00000197599.wgt.RDat	ENSG00000197599	16	1484384	1494557	0.0913	rs2064289	-5.04	rs12926089	 6.93e-02	  6.57	-2.39869	 497	  1	top1	0.069	8.7e-11	-2.39869	1.65e-02
NA	/data/songy4/twas/output/weights_control//ENSG00000103249.wgt.RDat	ENSG00000103249	16	1494935	1525581	0.2580	rs2064289	-5.04	rs12932780	 1.47e-01	 -9.65	-2.32484	 501	 15	enet	0.18	4.8e-27	 2.37238	1.77e-02
NA	/data/songy4/twas/output/weights_control//ENSG00000100726.wgt.RDat	ENSG00000100726	16	1543345	1560458	0.1609	rs2064289	-5.04	rs2294604	 1.24e-01	 -8.62	-0.16316	 509	  5	lasso	0.12	1.7e-18	-0.08498	9.32e-01
NA	/data/songy4/twas/output/weights_control//ENSG00000187535.wgt.RDat	ENSG00000187535	16	1560428	1662111	0.0970	rs2064289	-5.04	rs3784828	 5.19e-02	 -6.01	-2.13699	 536	 13	enet	0.072	3.7e-11	-0.20219	8.40e-01
NA	/data/songy4/twas/output/weights_control//ENSG00000131634.wgt.RDat	ENSG00000131634	16	1578689	1605581	0.4451	rs2064289	-5.04	rs8048206	 5.04e-01	 17.06	-2.19580	 515	  6	lasso	0.52	2.1e-92	-2.59443	9.47e-03
NA	/data/songy4/twas/output/weights_control//ENSG00000007545.wgt.RDat	ENSG00000007545	16	1662326	1727909	0.0793	rs2064289	-5.04	rs3178656	 7.83e-03	  4.28	-1.28736	 495	  1	top1	0.0078	0.019	-1.28736	1.98e-01
NA	/data/songy4/twas/output/weights_control//ENSG00000103024.wgt.RDat	ENSG00000103024	16	1820287	1821731	0.0350	rs2064289	-5.04	rs12149777	 1.32e-02	  3.95	-4.28866	 476	  5	lasso	0.018	0.00076	-2.35655	1.84e-02
NA	/data/songy4/twas/output/weights_control//ENSG00000074071.wgt.RDat	ENSG00000074071	16	1821891	1823156	0.1186	rs2064289	-5.04	rs2437732	 1.06e-01	  8.67	-3.81633	 475	  4	lasso	0.13	1.3e-18	-4.47784	7.54e-06
NA	/data/songy4/twas/output/weights_control//ENSG00000197774.wgt.RDat	ENSG00000197774	16	1823208	1831709	0.2158	rs2064289	-5.04	rs1033476	 2.01e-01	 10.87	-2.65625	 484	  5	lasso	0.25	6.9e-38	-4.06869	4.73e-05
NA	/data/songy4/twas/output/weights_control//ENSG00000099769.wgt.RDat	ENSG00000099769	16	1840414	1844972	0.1307	rs2064289	-5.04	rs17559	 3.82e-02	  5.83	-0.14907	 480	  7	enet	0.065	3.6e-10	 2.11513	3.44e-02
NA	/data/songy4/twas/output/weights_control//ENSG00000063854.wgt.RDat	ENSG00000063854	16	1845621	1877195	0.1964	rs2064289	-5.04	rs3743854	 2.20e-01	-11.35	-2.83206	 487	  5	lasso	0.22	4.7e-33	 2.66676	7.66e-03
NA	/data/songy4/twas/output/weights_control//ENSG00000180185.wgt.RDat	ENSG00000180185	16	1876968	1890208	0.0637	rs2064289	-5.04	rs8055552	 2.00e-02	 -5.17	-2.17544	 479	 16	enet	0.026	5.3e-05	 1.04070	2.98e-01
NA	/data/songy4/twas/output/weights_control//ENSG00000140986.wgt.RDat	ENSG00000140986	16	1993975	2007607	0.1499	rs2064289	-5.04	rs2815301	 1.20e-01	 -8.45	 2.48742	 460	  1	top1	0.12	6.3e-18	-2.48742	1.29e-02
NA	/data/songy4/twas/output/weights_control//ENSG00000140990.wgt.RDat	ENSG00000140990	16	2009509	2011976	0.0998	rs2064289	-5.04	rs758335	 8.74e-02	 -7.39	 2.32520	 450	  1	top1	0.087	2.8e-13	-2.32520	2.01e-02
NA	/data/songy4/twas/output/weights_control//ENSG00000140988.wgt.RDat	ENSG00000140988	16	2012053	2014861	0.1539	rs2064289	-5.04	rs758335	 3.01e-02	  6.03	 2.32520	 449	 12	enet	0.05	3.8e-08	 1.02025	3.08e-01
NA	/data/songy4/twas/output/weights_control//ENSG00000196408.wgt.RDat	ENSG00000196408	16	2028918	2034193	0.0605	rs2064289	-5.04	rs17602	 1.21e-02	 -4.11	-2.39865	 440	  4	lasso	0.017	0.00097	 3.51000	4.48e-04
NA	/data/songy4/twas/output/weights_control//ENSG00000127561.wgt.RDat	ENSG00000127561	16	2039661	2044276	0.1420	rs2064289	-5.04	rs17135750	 8.27e-02	  7.32	-3.47581	 429	  1	top1	0.083	1.2e-12	-3.47581	5.09e-04
NA	/data/songy4/twas/output/weights_control//ENSG00000182685.wgt.RDat	ENSG00000182685	16	2259254	2261951	0.0444	rs26828	 4.52	rs26857	 3.79e-02	 -5.35	-3.73689	 356	  1	top1	0.038	1.5e-06	 3.73689	1.86e-04
NA	/data/songy4/twas/output/weights_control//ENSG00000184207.wgt.RDat	ENSG00000184207	16	2261998	2264808	0.0453	rs26828	 4.52	rs1640778	 3.09e-02	  4.98	 3.69058	 353	  1	top1	0.031	1.3e-05	 3.69058	2.24e-04
NA	/data/songy4/twas/output/weights_control//ENSG00000205937.wgt.RDat	ENSG00000205937	16	2303117	2318413	0.2030	rs26828	 4.52	rs4787270	 1.84e-01	-10.50	-2.32990	 353	  1	top1	0.18	2.6e-27	 2.32990	1.98e-02
NA	/data/songy4/twas/output/weights_control//ENSG00000162078.wgt.RDat	ENSG00000162078	16	2880170	2888967	0.2547	rs732532	 3.05	rs7190558	 1.63e-01	 -9.89	-0.32407	 309	 21	enet	0.24	9e-37	-1.46009	1.44e-01
NA	/data/songy4/twas/output/weights_control//ENSG00000005001.wgt.RDat	ENSG00000005001	16	2902728	2908171	0.2209	rs732532	 3.05	rs7192880	 1.37e-01	 -9.09	 2.60396	 320	  6	lasso	0.15	1.2e-21	-2.60792	9.11e-03
NA	/data/songy4/twas/output/weights_control//ENSG00000162076.wgt.RDat	ENSG00000162076	16	2933187	2949383	0.2728	rs732532	 3.05	rs9673618	 2.35e-01	 11.68	-1.00000	 339	 10	enet	0.26	9.4e-39	-1.16253	2.45e-01
NA	/data/songy4/twas/output/weights_control//ENSG00000059122.wgt.RDat	ENSG00000059122	16	2961938	3001209	0.6611	rs732532	 3.05	rs9928222	 6.33e-01	 19.08	-0.87379	 359	  1	top1	0.63	4.2e-127	-0.87379	3.82e-01
NA	/data/songy4/twas/output/weights_control//ENSG00000162073.wgt.RDat	ENSG00000162073	16	3019246	3023490	0.2099	rs732532	 3.05	rs7187296	 1.19e-01	  9.23	-0.15743	 348	  9	enet	0.15	1.4e-21	-0.63904	5.23e-01
NA	/data/songy4/twas/output/weights_control//ENSG00000162069.wgt.RDat	ENSG00000162069	16	3077683	3086927	0.4915	rs732532	 3.05	rs1859376	 4.31e-01	 16.01	-1.99020	 368	  9	lasso	0.45	1.3e-76	-1.67100	9.47e-02
NA	/data/songy4/twas/output/weights_control//ENSG00000008516.wgt.RDat	ENSG00000008516	16	3096682	3110727	0.4319	rs732532	 3.05	rs7188573	 2.13e-01	 11.17	-1.17500	 373	 48	enet	0.32	2.1e-49	-0.79436	4.27e-01
NA	/data/songy4/twas/output/weights_control//ENSG00000008517.wgt.RDat	ENSG00000008517	16	3115298	3131908	0.2021	rs732532	 3.05	rs2037983	 6.91e-02	  6.99	 1.37383	 380	 27	enet	0.14	2.3e-21	 0.79051	4.29e-01
NA	/data/songy4/twas/output/weights_control//ENSG00000122386.wgt.RDat	ENSG00000122386	16	3162561	3170518	0.3871	rs732532	 3.05	rs2717694	 4.60e-01	 16.30	-1.49038	 389	  3	lasso	0.46	2.5e-79	-1.45257	1.46e-01
NA	/data/songy4/twas/output/weights_control//ENSG00000168124.wgt.RDat	ENSG00000168124	16	3254247	3255188	0.0771	rs732532	 3.05	rs2741916	 6.57e-03	 -4.29	 0.82105	 395	  9	enet	0.027	4.6e-05	-1.64968	9.90e-02
NA	/data/songy4/twas/output/weights_control//ENSG00000010539.wgt.RDat	ENSG00000010539	16	3272325	3286221	0.1063	rs9392	 3.52	rs224243	 7.09e-02	 -6.63	-1.14000	 400	  1	top1	0.071	5.3e-11	 1.14000	2.54e-01
NA	/data/songy4/twas/output/weights_control//ENSG00000103313.wgt.RDat	ENSG00000103313	16	3292028	3306627	0.3983	rs9392	 3.52	rs224243	 2.76e-01	-12.73	-1.14000	 400	  8	lasso	0.31	3e-48	 0.89919	3.69e-01
NA	/data/songy4/twas/output/weights_control//ENSG00000006194.wgt.RDat	ENSG00000006194	16	3313743	3351401	0.0604	rs9392	 3.52	rs186371	 6.24e-02	  6.57	-0.97248	 404	  1	top1	0.062	7.4e-10	-0.97248	3.31e-01
NA	/data/songy4/twas/output/weights_control//ENSG00000140993.wgt.RDat	ENSG00000140993	16	3348832	3355729	0.4092	rs9392	 3.52	rs220381	 1.14e-01	  8.18	-0.63462	 388	 10	lasso	0.28	1.5e-43	-1.35164	1.76e-01
NA	/data/songy4/twas/output/weights_control//ENSG00000103343.wgt.RDat	ENSG00000103343	16	3451235	3459370	0.0411	rs9392	 3.52	rs42329	 2.06e-02	  5.27	-0.21569	 360	  4	lasso	0.024	0.00011	 0.26066	7.94e-01
NA	/data/songy4/twas/output/weights_control//ENSG00000167981.wgt.RDat	ENSG00000167981	16	3486104	3493542	0.0388	rs9392	 3.52	rs37831	 3.30e-02	 -4.97	 1.47482	 355	  1	top1	0.033	6.9e-06	-1.47482	1.40e-01
NA	/data/songy4/twas/output/weights_control//ENSG00000103351.wgt.RDat	ENSG00000103351	16	3550924	3589048	0.2346	rs2238431	 3.83	rs12933120	 2.92e-01	 12.99	-0.08451	 389	  8	lasso	0.32	6.7e-51	-0.29466	7.68e-01
NA	/data/songy4/twas/output/weights_control//ENSG00000167984.wgt.RDat	ENSG00000167984	16	3589033	3627401	0.1139	rs2238431	 3.83	rs13335490	 4.93e-02	  6.21	-0.05670	 384	  7	lasso	0.1	3.3e-15	-0.44339	6.57e-01
NA	/data/songy4/twas/output/weights_control//ENSG00000213918.wgt.RDat	ENSG00000213918	16	3661729	3730144	0.1060	rs2238431	 3.83	rs8058233	 8.73e-02	 -7.66	-0.67925	 407	  8	enet	0.09	1.1e-13	 0.27939	7.80e-01
NA	/data/songy4/twas/output/weights_control//ENSG00000126602.wgt.RDat	ENSG00000126602	16	3701640	3767598	0.6434	rs2238431	 3.83	rs2072379	 4.50e-01	-16.10	-0.47059	 421	 66	enet	0.53	6e-97	 0.36118	7.18e-01
NA	/data/songy4/twas/output/weights_control//ENSG00000162104.wgt.RDat	ENSG00000162104	16	4003388	4166186	0.4658	rs2238431	 3.83	rs7204987	 3.30e-01	 13.82	-0.67961	 422	 11	lasso	0.39	7.7e-63	-0.58226	5.60e-01
NA	/data/songy4/twas/output/weights_control//ENSG00000090447.wgt.RDat	ENSG00000090447	16	4307187	4323076	0.1387	rs2238431	 3.83	rs417083	 1.12e-01	  8.10	-1.67619	 391	  3	lasso	0.12	7.1e-18	-1.67488	9.40e-02
NA	/data/songy4/twas/output/weights_control//ENSG00000217930.wgt.RDat	ENSG00000217930	16	4381550	4405608	0.0789	rs2238431	 3.83	rs7191812	 3.23e-02	 -5.27	 1.01258	 405	  1	top1	0.032	8.6e-06	-1.01258	3.11e-01
NA	/data/songy4/twas/output/weights_control//ENSG00000103423.wgt.RDat	ENSG00000103423	16	4475806	4506776	0.3527	rs2238431	 3.83	rs12927449	 2.49e-01	 12.13	-0.09877	 451	 35	enet	0.29	5.9e-45	-0.06992	9.44e-01
NA	/data/songy4/twas/output/weights_control//ENSG00000153406.wgt.RDat	ENSG00000153406	16	4511681	4545764	0.3560	rs8058624	-3.57	rs4785966	 1.80e-01	 10.66	 0.08929	 455	 26	enet	0.35	3.5e-55	-0.96507	3.35e-01
NA	/data/songy4/twas/output/weights_control//ENSG00000102858.wgt.RDat	ENSG00000102858	16	4666494	4740975	0.1270	rs8058624	-3.57	rs841227	 9.34e-02	 -7.63	-0.38298	 441	  7	lasso	0.11	1.4e-16	 0.29632	7.67e-01
NA	/data/songy4/twas/output/weights_control//ENSG00000103199.wgt.RDat	ENSG00000103199	16	4798240	4817625	0.1640	rs12709122	-3.43	rs2341986	 8.32e-02	 -7.02	-0.56863	 398	 29	enet	0.11	5.8e-16	-0.94981	3.42e-01
NA	/data/songy4/twas/output/weights_control//ENSG00000067836.wgt.RDat	ENSG00000067836	16	4846969	4852951	0.1798	rs12709122	-3.43	rs2290562	 1.08e-01	  7.95	 0.13158	 391	  1	top1	0.11	3.8e-16	 0.13158	8.95e-01
NA	/data/songy4/twas/output/weights_control//ENSG00000118900.wgt.RDat	ENSG00000118900	16	4896666	4932361	0.0338	rs12709122	-3.43	rs9935080	 2.33e-02	  5.07	-0.30851	 419	  1	top1	0.023	0.00014	-0.30851	7.58e-01
NA	/data/songy4/twas/output/weights_control//ENSG00000103184.wgt.RDat	ENSG00000103184	16	5008318	5069159	0.1815	rs12709122	-3.43	rs9925477	 1.72e-01	-10.03	 0.14563	 449	  1	top1	0.17	1.6e-25	-0.14563	8.84e-01
NA	/data/songy4/twas/output/weights_control//ENSG00000103174.wgt.RDat	ENSG00000103174	16	5074845	5084142	0.1847	rs12709122	-3.43	rs887854	 1.29e-01	 -8.74	 0.93814	 440	  1	top1	0.13	3.3e-19	-0.93814	3.48e-01
NA	/data/songy4/twas/output/weights_control//ENSG00000183044.wgt.RDat	ENSG00000183044	16	8768422	8878432	0.3932	rs10852271	 3.17	rs9923816	 6.08e-02	 -6.90	-1.04580	 617	 71	enet	0.22	4e-33	-0.34264	7.32e-01
NA	/data/songy4/twas/output/weights_control//ENSG00000140650.wgt.RDat	ENSG00000140650	16	8882680	8943188	0.3961	rs10852271	 3.17	rs2447927	 2.42e-01	 12.31	-0.36515	 566	  4	lasso	0.33	8.2e-53	-0.75643	4.49e-01
NA	/data/songy4/twas/output/weights_control//ENSG00000153048.wgt.RDat	ENSG00000153048	16	8946799	8962866	0.2755	rs10852271	 3.17	rs11645498	 1.57e-01	  9.64	-0.87500	 511	  7	lasso	0.2	4.5e-30	-1.18334	2.37e-01
NA	/data/songy4/twas/output/weights_control//ENSG00000166669.wgt.RDat	ENSG00000166669	16	10420291	10577495	0.2402	rs837694	-3.65	rs7359456	 1.05e-01	  8.39	 0.61290	 684	 24	enet	0.14	1.8e-21	 0.90754	3.64e-01
NA	/data/songy4/twas/output/weights_control//ENSG00000153060.wgt.RDat	ENSG00000153060	16	10721358	10788802	0.0662	rs9928081	-3.33	rs1344514	 2.76e-03	 -3.99	 0.39823	 588	 12	enet	0.0096	0.011	 0.06667	9.47e-01
NA	/data/songy4/twas/output/weights_control//ENSG00000182108.wgt.RDat	ENSG00000182108	16	11022748	11036317	0.1813	rs9928081	-3.33	rs9935174	 1.43e-01	  9.33	-0.06122	 561	  6	lasso	0.16	5.6e-24	-0.17792	8.59e-01
NA	/data/songy4/twas/output/weights_control//ENSG00000175643.wgt.RDat	ENSG00000175643	16	11343476	11445619	0.3119	rs12446552	 3.73	rs243327	 2.66e-01	 12.52	-1.05319	 542	 26	enet	0.29	2.6e-44	-1.31153	1.90e-01
NA	/data/songy4/twas/output/weights_control//ENSG00000153066.wgt.RDat	ENSG00000153066	16	11772936	11836734	0.2000	rs12446552	 3.73	rs732799	 1.85e-01	-10.96	-1.02020	 503	 20	enet	0.21	1.6e-31	 1.09754	2.72e-01
NA	/data/songy4/twas/output/weights_control//ENSG00000103342.wgt.RDat	ENSG00000103342	16	11961985	12009939	0.3407	rs12446552	 3.73	rs3743590	 1.39e-01	  9.04	-1.80612	 497	  7	lasso	0.22	3.7e-33	-1.04903	2.94e-01
NA	/data/songy4/twas/output/weights_control//ENSG00000234719.wgt.RDat	ENSG00000234719	16	12021230	12070500	0.5315	rs12446552	 3.73	rs2869492	 5.28e-01	 17.42	-1.49000	 492	  1	top1	0.53	1.1e-95	-1.49000	1.36e-01
NA	/data/songy4/twas/output/weights_control//ENSG00000103381.wgt.RDat	ENSG00000103381	16	12756919	12897874	0.0870	rs890897	-2.90	rs16960714	 4.20e-02	  5.70	 0.90076	 737	  1	top1	0.042	4.2e-07	 0.90076	3.68e-01
NA	/data/songy4/twas/output/weights_control//ENSG00000175595.wgt.RDat	ENSG00000175595	16	14014014	14046202	0.0642	rs246174	-3.66	rs4781558	-6.83e-04	  3.09	-0.33553	 519	  1	top1	-0.00068	0.44	-0.33553	7.37e-01
NA	/data/songy4/twas/output/weights_control//ENSG00000186260.wgt.RDat	ENSG00000186260	16	14165178	14360630	0.0317	rs246174	-3.66	rs2301215	-1.68e-03	 -3.47	-0.77714	 471	 31	enet	0.002	0.14	 1.10722	2.68e-01
NA	/data/songy4/twas/output/weights_control//ENSG00000103429.wgt.RDat	ENSG00000103429	16	14726672	14763093	0.0801	rs246174	-3.66	rs11546303	 5.85e-02	  6.13	-1.72549	 183	  4	lasso	0.06	1.4e-09	-1.22191	2.22e-01
NA	/data/songy4/twas/output/weights_control//ENSG00000183426.wgt.RDat	ENSG00000183426	16	15016659	15045915	0.2022	rs153779	 1.92	rs4780563	 1.09e-01	  8.75	 0.04167	 109	 20	enet	0.17	5.4e-25	-0.90507	3.65e-01
NA	/data/songy4/twas/output/weights_control//ENSG00000179889.wgt.RDat	ENSG00000179889	16	15068448	15233196	0.3942	rs1125972	-2.35	rs873781	 1.10e-01	 -8.14	 1.36047	 148	 52	enet	0.18	3.7e-27	 0.43261	6.65e-01
NA	/data/songy4/twas/output/weights_control//ENSG00000157045.wgt.RDat	ENSG00000157045	16	15131710	15149921	0.1197	rs1125972	-2.35	rs11075253	 1.09e-01	 -8.04	 0.25714	 112	  1	top1	0.11	3e-16	-0.25714	7.97e-01
NA	/data/songy4/twas/output/weights_control//ENSG00000085721.wgt.RDat	ENSG00000085721	16	15153879	15188174	0.0319	rs1125972	-2.35	rs4985147	 1.53e-02	  4.59	 1.16667	 111	  1	top1	0.015	0.0017	 1.16667	2.43e-01
NA	/data/songy4/twas/output/weights_control//ENSG00000183793.wgt.RDat	ENSG00000183793	16	15457516	15474904	0.3425	rs12934645	 2.73	rs3198697	 2.41e-01	 11.82	 1.35417	 233	 22	enet	0.24	8.7e-37	 0.86046	3.90e-01
NA	/data/songy4/twas/output/weights_control//ENSG00000156968.wgt.RDat	ENSG00000156968	16	15489611	15507125	0.2992	rs12934645	 2.73	rs153771	 1.54e-01	  9.75	-1.49057	 250	 39	enet	0.21	3.5e-31	-0.26090	7.94e-01
NA	/data/songy4/twas/output/weights_control//ENSG00000166780.wgt.RDat	ENSG00000166780	16	15528152	15718885	0.0458	rs12934645	 2.73	rs2071332	 1.39e-02	 -4.34	-1.28800	 424	  1	top1	0.014	0.0027	 1.28800	1.98e-01
NA	/data/songy4/twas/output/weights_control//ENSG00000166783.wgt.RDat	ENSG00000166783	16	15688243	15737023	0.0581	rs12934645	 2.73	rs11649126	 5.14e-02	 -5.82	 1.60000	 409	  1	top1	0.051	2.3e-08	-1.60000	1.10e-01
NA	/data/songy4/twas/output/weights_control//ENSG00000072864.wgt.RDat	ENSG00000072864	16	15737124	15820210	0.1266	rs12934645	 2.73	rs11649126	 5.37e-02	 -6.79	 1.60000	 454	  8	lasso	0.093	4.7e-14	-1.83463	6.66e-02
NA	/data/songy4/twas/output/weights_control//ENSG00000133393.wgt.RDat	ENSG00000133393	16	15959577	15982482	0.0940	rs12934645	 2.73	rs3955408	 4.51e-02	  5.95	 0.50459	 454	  7	lasso	0.06	1.6e-09	 0.11989	9.05e-01
NA	/data/songy4/twas/output/weights_control//ENSG00000103222.wgt.RDat	ENSG00000103222	16	16043434	16236931	0.1126	rs12934645	 2.73	rs4148330	 1.50e-02	 -4.59	-0.54630	 437	 26	enet	0.065	3.5e-10	 2.02067	4.33e-02
NA	/data/songy4/twas/output/weights_control//ENSG00000103226.wgt.RDat	ENSG00000103226	16	16326352	16388668	0.4995	rs4781701	-2.71	rs2239319	 9.39e-02	 -7.52	-0.72804	 355	 31	enet	0.16	2.5e-24	 0.50905	6.11e-01
NA	/data/songy4/twas/output/weights_control//ENSG00000183889.wgt.RDat	ENSG00000183889	16	16411301	16444447	0.4430	rs4781701	-2.71	rs2856553	 2.18e-01	-11.29	 1.64390	 335	  9	lasso	0.22	1.5e-33	-1.62323	1.05e-01
NA	/data/songy4/twas/output/weights_control//ENSG00000103489.wgt.RDat	ENSG00000103489	16	17195626	17564738	0.2717	rs7193856	-2.89	rs12923427	 1.36e-01	 -8.91	 2.43717	 573	  8	lasso	0.2	3.7e-29	-2.39948	1.64e-02
NA	/data/songy4/twas/output/weights_control//ENSG00000260342.wgt.RDat	ENSG00000260342	16	18799385	18812841	0.0408	rs11343	 6.44	rs2650618	 1.65e-02	  4.31	 0.60833	 226	  1	top1	0.016	0.0012	 0.60833	5.43e-01
NA	/data/songy4/twas/output/weights_control//ENSG00000170540.wgt.RDat	ENSG00000170540	16	18802991	18813000	0.0840	rs11343	 6.44	rs12931729	 9.42e-02	 -7.70	-0.06863	 226	  1	top1	0.094	3.1e-14	 0.06863	9.45e-01
NA	/data/songy4/twas/output/weights_control//ENSG00000157106.wgt.RDat	ENSG00000157106	16	18816175	18937776	0.1505	rs11343	 6.44	rs2291662	 1.61e-01	 -9.90	 0.14423	 311	 24	enet	0.17	1.2e-25	-0.23039	8.18e-01
NA	/data/songy4/twas/output/weights_control//ENSG00000167186.wgt.RDat	ENSG00000167186	16	19078921	19091417	0.0842	rs11343	 6.44	rs12443533	 7.80e-02	  6.91	-2.37500	 392	  1	top1	0.078	5.5e-12	-2.37500	1.75e-02
NA	/data/songy4/twas/output/weights_control//ENSG00000103534.wgt.RDat	ENSG00000103534	16	19421818	19510435	0.0652	rs11343	 6.44	rs7190644	-1.29e-03	 -3.79	-1.14573	 472	 16	enet	0.0063	0.032	 1.80214	7.15e-02
NA	/data/songy4/twas/output/weights_control//ENSG00000006007.wgt.RDat	ENSG00000006007	16	19513015	19533467	0.1581	rs11343	 6.44	rs2074171	 5.18e-02	 -6.49	 0.36957	 460	  8	lasso	0.1	1.9e-15	-1.45010	1.47e-01
NA	/data/songy4/twas/output/weights_control//ENSG00000103540.wgt.RDat	ENSG00000103540	16	19535133	19564730	0.0595	rs11343	 6.44	rs6497373	-8.26e-04	  3.89	-1.30579	 468	 13	enet	0.013	0.0033	-1.31803	1.87e-01
NA	/data/songy4/twas/output/weights_control//ENSG00000103550.wgt.RDat	ENSG00000103550	16	19714902	19729557	0.0428	rs11343	 6.44	rs11648129	 5.17e-02	  5.66	-1.61111	 446	  1	top1	0.052	2.1e-08	-1.61111	1.07e-01
NA	/data/songy4/twas/output/weights_control//ENSG00000166743.wgt.RDat	ENSG00000166743	16	20634559	20710212	0.1891	rs1974492	-3.32	rs7404783	 1.24e-01	  8.87	-1.25410	 423	 35	enet	0.18	1.9e-26	-1.62151	1.05e-01
NA	/data/songy4/twas/output/weights_control//ENSG00000066654.wgt.RDat	ENSG00000066654	16	20744986	20753406	0.0721	rs1974492	-3.32	rs757303	 3.70e-02	  5.89	-0.23158	 405	  9	lasso	0.043	2.9e-07	-1.06299	2.88e-01
NA	/data/songy4/twas/output/weights_control//ENSG00000196678.wgt.RDat	ENSG00000196678	16	20791515	20911671	0.0543	rs1974492	-3.32	rs757303	 1.86e-02	  4.68	-0.23158	 407	  4	lasso	0.022	0.00019	 0.22604	8.21e-01
NA	/data/songy4/twas/output/weights_control//ENSG00000011638.wgt.RDat	ENSG00000011638	16	21169698	21191937	0.1610	rs13339094	-2.87	rs7192830	 6.80e-02	  6.65	-0.41053	 279	 16	enet	0.07	6.2e-11	-0.81806	4.13e-01
NA	/data/songy4/twas/output/weights_control//ENSG00000169246.wgt.RDat	ENSG00000169246	16	21413558	21459888	0.4869	rs13339094	-2.87	rs194548	 2.11e-01	 11.18	 1.94118	 218	 66	enet	0.27	2.9e-41	 1.73073	8.35e-02
NA	/data/songy4/twas/output/weights_control//ENSG00000197006.wgt.RDat	ENSG00000197006	16	21608539	21668794	0.0864	rs16972760	 2.64	rs226005	 9.99e-02	  7.67	-0.16216	 190	  5	lasso	0.1	2.4e-15	-0.67276	5.01e-01
NA	/data/songy4/twas/output/weights_control//ENSG00000140749.wgt.RDat	ENSG00000140749	16	21652609	21663981	0.0569	rs16972760	 2.64	rs226005	 3.15e-02	  4.57	-0.16216	 176	  1	top1	0.031	1.1e-05	-0.16216	8.71e-01
NA	/data/songy4/twas/output/weights_control//ENSG00000185864.wgt.RDat	ENSG00000185864	16	21845890	21892148	0.5625	rs16972760	 2.64	rs194548	 1.50e-01	  9.44	 1.94118	 153	 61	enet	0.24	7.2e-37	 0.68175	4.95e-01
NA	/data/songy4/twas/output/weights_control//ENSG00000140743.wgt.RDat	ENSG00000140743	16	22357257	22448486	0.0931	rs154533	-3.30	rs9930928	 7.67e-02	 -7.13	 0.18129	 255	  1	top1	0.077	8.3e-12	-0.18129	8.56e-01
NA	/data/songy4/twas/output/weights_control//ENSG00000168434.wgt.RDat	ENSG00000168434	16	23399814	23464501	0.0378	rs250563	 3.16	rs30016	 2.77e-02	  4.89	 1.20000	 483	  1	top1	0.028	3.6e-05	 1.20000	2.30e-01
NA	/data/songy4/twas/output/weights_control//ENSG00000103353.wgt.RDat	ENSG00000103353	16	23568392	23585710	0.1031	rs916677	-3.37	rs7195627	 2.07e-02	  4.68	 0.58333	 436	  6	lasso	0.026	5.5e-05	-0.10283	9.18e-01
NA	/data/songy4/twas/output/weights_control//ENSG00000166847.wgt.RDat	ENSG00000166847	16	23652713	23681195	0.6228	rs916677	-3.37	rs7588	 6.88e-01	 19.95	 1.32759	 444	 29	enet	0.7	1.6e-150	 1.37269	1.70e-01
NA	/data/songy4/twas/output/weights_control//ENSG00000166851.wgt.RDat	ENSG00000166851	16	23688977	23701688	0.2157	rs916677	-3.37	rs7588	 2.37e-01	 11.77	 1.32759	 440	  1	top1	0.24	9.2e-36	 1.32759	1.84e-01
NA	/data/songy4/twas/output/weights_control//ENSG00000166501.wgt.RDat	ENSG00000166501	16	23847322	24231932	0.2800	rs916677	-3.37	rs7404095	 2.11e-01	-11.05	 0.36000	 652	 11	lasso	0.26	7.1e-39	-0.70510	4.81e-01
NA	/data/songy4/twas/output/weights_control//ENSG00000122257.wgt.RDat	ENSG00000122257	16	24549014	24584184	0.0774	rs2022174	 3.22	rs13331621	 6.88e-02	  6.97	 1.25862	 471	  1	top1	0.069	9.9e-11	 1.25862	2.08e-01
NA	/data/songy4/twas/output/weights_control//ENSG00000090905.wgt.RDat	ENSG00000090905	16	24741016	24838953	0.1332	rs2022174	 3.22	rs2303085	 7.65e-02	 -7.16	 0.18285	 476	  7	lasso	0.1	4.1e-15	 0.11441	9.09e-01
NA	/data/songy4/twas/output/weights_control//ENSG00000158865.wgt.RDat	ENSG00000158865	16	24857162	24922949	0.4631	rs6497765	-3.21	rs200528	 5.95e-01	 18.61	 0.25850	 421	 17	enet	0.61	3e-118	 0.92489	3.55e-01
NA	/data/songy4/twas/output/weights_control//ENSG00000077238.wgt.RDat	ENSG00000077238	16	27324989	27376099	0.0905	rs11647423	-2.91	rs1805010	 5.31e-02	 -5.73	-1.24731	 533	  1	top1	0.053	1.3e-08	 1.24731	2.12e-01
NA	/data/songy4/twas/output/weights_control//ENSG00000103522.wgt.RDat	ENSG00000103522	16	27413483	27462115	0.1253	rs11647423	-2.91	rs2285452	 1.56e-01	 -9.67	 1.41071	 543	  1	top1	0.16	4.4e-23	-1.41071	1.58e-01
NA	/data/songy4/twas/output/weights_control//ENSG00000169180.wgt.RDat	ENSG00000169180	16	28109300	28223241	0.1066	rs3859172	-4.07	rs8057071	 1.19e-01	  8.62	 1.13636	 367	  1	top1	0.12	1.1e-17	 1.13636	2.56e-01
NA	/data/songy4/twas/output/weights_control//ENSG00000188322.wgt.RDat	ENSG00000188322	16	28303840	28335170	0.0957	rs2008514	-5.27	rs4635350	 4.19e-03	 -4.57	 0.48667	 295	 14	enet	0.027	4.1e-05	 1.60516	1.08e-01
NA	/data/songy4/twas/output/weights_control//ENSG00000197272.wgt.RDat	ENSG00000197272	16	28510683	28523372	0.0327	rs8045689	-6.05	rs27741	 2.75e-02	  4.75	-4.01426	 219	  1	top1	0.028	3.8e-05	-4.01426	5.96e-05
NA	/data/songy4/twas/output/weights_control//ENSG00000176476.wgt.RDat	ENSG00000176476	16	28565236	28603111	0.1711	rs8045689	-6.05	rs7186573	 2.54e-01	-12.14	-3.89177	 205	  1	top1	0.25	1.4e-38	 3.89177	9.95e-05
NA	/data/songy4/twas/output/weights_control//ENSG00000197165.wgt.RDat	ENSG00000197165	16	28603264	28608430	0.3403	rs8045689	-6.05	rs3859172	 4.68e-01	 16.59	-4.07216	 192	 11	lasso	0.5	1e-88	-3.92527	8.66e-05
NA	/data/songy4/twas/output/weights_control//ENSG00000196502.wgt.RDat	ENSG00000196502	16	28616903	28634946	0.4882	rs8045689	-6.05	rs7186573	 7.30e-02	 -7.76	-3.91526	 193	 14	lasso	0.22	2.8e-33	 1.71652	8.61e-02
NA	/data/songy4/twas/output/weights_control//ENSG00000184110.wgt.RDat	ENSG00000184110	16	28699879	28747051	0.1218	rs8045689	-6.05	rs6565261	 1.62e-02	 -4.35	 2.66611	 212	 37	enet	0.039	1.1e-06	-1.81900	6.89e-02
NA	/data/songy4/twas/output/weights_control//ENSG00000196993.wgt.RDat	ENSG00000196993	16	28763108	28784128	0.0469	rs8045689	-6.05	rs149299	 6.09e-02	 -6.27	-4.31007	 204	  1	top1	0.061	1.2e-09	 4.31007	1.63e-05
NA	/data/songy4/twas/output/weights_control//ENSG00000178952.wgt.RDat	ENSG00000178952	16	28853732	28857729	0.3521	rs8045689	-6.05	rs7187776	 6.25e-01	 19.00	-4.52941	 187	  6	lasso	0.63	1e-124	-4.84051	1.30e-06
NA	/data/songy4/twas/output/weights_control//ENSG00000261740.wgt.RDat	ENSG00000261740	16	29454551	29465972	0.0626	rs8045689	-6.05	rs4548895	 1.53e-02	 -4.01	 1.20408	 169	 19	enet	0.021	0.00027	-0.74998	4.53e-01
NA	/data/songy4/twas/output/weights_control//ENSG00000181625.wgt.RDat	ENSG00000181625	16	29465822	29469540	0.0447	rs8045689	-6.05	rs10083738	 1.31e-02	 -4.21	 1.87500	 167	  9	lasso	0.019	0.00048	-2.78837	5.30e-03
NA	/data/songy4/twas/output/weights_control//ENSG00000169203.wgt.RDat	ENSG00000169203	16	29495010	29517320	0.2483	rs9929088	-5.46	rs12716974	 8.89e-02	 -7.98	 1.96907	 177	 29	enet	0.18	2.9e-26	-2.84970	4.38e-03
NA	/data/songy4/twas/output/weights_control//ENSG00000013364.wgt.RDat	ENSG00000013364	16	29831715	29859355	0.1457	rs12917712	-4.00	rs12933548	-1.21e-04	 -4.45	-1.45078	 158	 21	enet	0.067	1.9e-10	-2.71040	6.72e-03
NA	/data/songy4/twas/output/weights_control//ENSG00000174943.wgt.RDat	ENSG00000174943	16	29916333	29938356	0.0567	rs12917712	-4.00	rs11860935	 3.85e-05	 -3.23	 1.74603	 184	  5	lasso	0.0013	0.19	-2.86872	4.12e-03
NA	/data/songy4/twas/output/weights_control//ENSG00000149930.wgt.RDat	ENSG00000149930	16	29984962	30003582	0.0420	rs12917712	-4.00	rs4787488	 3.10e-03	 -3.74	 1.77419	 205	  1	top1	0.0031	0.096	-1.77419	7.60e-02
NA	/data/songy4/twas/output/weights_control//ENSG00000169592.wgt.RDat	ENSG00000169592	16	30006615	30017114	0.0899	rs12917712	-4.00	rs7190185	 1.04e-01	 -8.04	-2.98969	 209	  1	top1	0.1	1.2e-15	 2.98969	2.79e-03
NA	/data/songy4/twas/output/weights_control//ENSG00000149922.wgt.RDat	ENSG00000149922	16	30097114	30103208	0.0188	rs36063822	-5.42	rs7205802	 9.31e-03	  4.22	-2.55102	 227	  3	enet	0.014	0.0025	-2.43758	1.48e-02
NA	/data/songy4/twas/output/weights_control//ENSG00000102886.wgt.RDat	ENSG00000102886	16	30116131	30125177	0.0678	rs36063822	-5.42	rs11865086	 8.16e-02	  7.67	 2.55175	 229	  4	lasso	0.094	3.6e-14	 2.69716	6.99e-03
NA	/data/songy4/twas/output/weights_control//ENSG00000102882.wgt.RDat	ENSG00000102882	16	30125426	30134827	0.0965	rs36063822	-5.42	rs11865086	 1.48e-01	  9.37	 2.55669	 230	  1	top1	0.15	5.7e-22	 2.55669	1.06e-02
NA	/data/songy4/twas/output/weights_control//ENSG00000132207.wgt.RDat	ENSG00000132207	16	30205208	30208882	0.1551	rs36063822	-5.42	rs12373078	 1.80e-01	-10.28	-1.29412	 215	  1	top1	0.18	8.2e-27	 1.29412	1.96e-01
NA	/data/songy4/twas/output/weights_control//ENSG00000198064.wgt.RDat	ENSG00000198064	16	30234258	30265831	0.0804	rs36063822	-5.42	rs4465620	 4.99e-02	  6.91	-1.51887	 216	 17	enet	0.089	1.9e-13	-1.81253	6.99e-02
NA	/data/songy4/twas/output/weights_control//ENSG00000180035.wgt.RDat	ENSG00000180035	16	30389427	30411429	0.0724	rs9933843	-7.97	rs12446288	 3.52e-02	  6.00	-1.55556	 209	 19	enet	0.044	2.3e-07	-0.69022	4.90e-01
NA	/data/songy4/twas/output/weights_control//ENSG00000099377.wgt.RDat	ENSG00000099377	16	30996519	31000473	0.0884	rs2305880	-9.17	rs9788865	 2.94e-02	 -4.85	 0.59459	 237	  1	top1	0.029	2.1e-05	-0.59459	5.52e-01
NA	/data/songy4/twas/output/weights_control//ENSG00000103496.wgt.RDat	ENSG00000103496	16	31044210	31054296	0.1447	rs2305880	-9.17	rs35468353	 1.94e-01	 11.03	-8.42424	 248	 12	lasso	0.21	2.8e-31	-8.82139	1.13e-18
NA	/data/songy4/twas/output/weights_control//ENSG00000167395.wgt.RDat	ENSG00000167395	16	31085743	31095517	0.0435	rs2305880	-9.17	rs11640961	 4.58e-02	 -5.62	 8.46939	 247	 12	enet	0.048	5.7e-08	-9.07115	1.18e-19
NA	/data/songy4/twas/output/weights_control//ENSG00000103507.wgt.RDat	ENSG00000103507	16	31117428	31124110	0.0272	rs2305880	-9.17	rs17708638	 8.66e-03	 -3.76	-3.67290	 249	  1	top1	0.0087	0.014	 3.67290	2.40e-04
NA	/data/songy4/twas/output/weights_control//ENSG00000140678.wgt.RDat	ENSG00000140678	16	31366455	31394318	0.3075	rs2305880	-9.17	rs11574631	 3.48e-01	-14.52	-2.63107	 284	 29	enet	0.37	2.6e-59	 3.22103	1.28e-03
NA	/data/songy4/twas/output/weights_control//ENSG00000156886.wgt.RDat	ENSG00000156886	16	31404633	31437826	0.1981	rs2305880	-9.17	rs2454909	 9.05e-02	  7.60	 1.29197	 291	  8	lasso	0.14	1.5e-20	 2.03545	4.18e-02
NA	/data/songy4/twas/output/weights_control//ENSG00000140691.wgt.RDat	ENSG00000140691	16	31469401	31478487	0.0327	rs2305880	-9.17	rs13143	 1.03e-02	  4.59	 0.11927	 278	  1	top1	0.01	0.0085	 0.11927	9.05e-01
NA	/data/songy4/twas/output/weights_control//ENSG00000169877.wgt.RDat	ENSG00000169877	16	31539185	31540124	0.1698	rs17839567	-8.46	rs8046892	 8.24e-02	 -7.62	 1.21472	 255	  5	lasso	0.096	1.7e-14	-0.72412	4.69e-01
NA	/data/songy4/twas/output/weights_control//ENSG00000197302.wgt.RDat	ENSG00000197302	16	31724550	31806190	0.0747	rs2288005	-4.26	rs7186753	 5.82e-02	  6.51	-1.18269	 208	  6	lasso	0.06	1.8e-09	-1.22153	2.22e-01
NA	/data/songy4/twas/output/weights_control//ENSG00000140795.wgt.RDat	ENSG00000140795	16	46740891	46824319	0.0529	rs12928618	-3.44	rs10468399	 8.72e-02	  7.27	 2.37324	 128	  1	top1	0.087	3e-13	 2.37324	1.76e-02
NA	/data/songy4/twas/output/weights_control//ENSG00000102910.wgt.RDat	ENSG00000102910	16	48278207	48397033	0.7651	rs6500253	 3.10	rs8053839	 6.11e-01	-18.74	 0.28431	 274	  2	lasso	0.62	3.5e-121	-0.41735	6.76e-01
NA	/data/songy4/twas/output/weights_control//ENSG00000205423.wgt.RDat	ENSG00000205423	16	50058321	50070999	0.0789	rs1548914	-4.65	rs12933976	-1.11e-03	  3.44	 1.45522	 385	 25	enet	0.007	0.025	 0.47453	6.35e-01
NA	/data/songy4/twas/output/weights_control//ENSG00000155393.wgt.RDat	ENSG00000155393	16	50099852	50140298	0.3530	rs1548914	-4.65	rs8052492	 4.61e-01	-16.33	-0.07273	 383	 29	enet	0.48	5.5e-84	 0.16262	8.71e-01
NA	/data/songy4/twas/output/weights_control//ENSG00000121274.wgt.RDat	ENSG00000121274	16	50186829	50269221	0.0612	rs4785224	-5.87	rs11644386	 1.60e-02	  4.61	-0.35075	 379	 10	enet	0.026	5.4e-05	-0.07810	9.38e-01
NA	/data/songy4/twas/output/weights_control//ENSG00000121281.wgt.RDat	ENSG00000121281	16	50280048	50352046	0.2035	rs4785224	-5.87	rs9930316	 1.83e-01	 10.38	-0.53333	 359	  1	top1	0.18	3e-27	-0.53333	5.94e-01
NA	/data/songy4/twas/output/weights_control//ENSG00000166164.wgt.RDat	ENSG00000166164	16	50347398	50402845	0.3020	rs4785224	-5.87	rs11644386	 2.89e-01	 13.00	-0.35075	 355	 12	enet	0.3	2.7e-47	-0.39731	6.91e-01
NA	/data/songy4/twas/output/weights_control//ENSG00000140807.wgt.RDat	ENSG00000140807	16	50582241	50670647	0.0740	rs4785224	-5.87	rs11644386	 2.08e-02	  4.96	-0.35075	 444	  3	lasso	0.025	7.6e-05	-0.74655	4.55e-01
NA	/data/songy4/twas/output/weights_control//ENSG00000167208.wgt.RDat	ENSG00000167208	16	50700211	50715264	0.0420	rs4785224	-5.87	rs8047853	-1.12e-03	 -3.17	 0.39640	 429	 22	enet	0.0045	0.059	 0.01309	9.90e-01
NA	/data/songy4/twas/output/weights_control//ENSG00000167207.wgt.RDat	ENSG00000167207	16	50727514	50766988	0.6529	rs4785224	-5.87	rs1981760	 6.94e-01	 20.06	 1.66355	 444	 12	enet	0.7	7.2e-152	 1.32024	1.87e-01
NA	/data/songy4/twas/output/weights_control//ENSG00000103479.wgt.RDat	ENSG00000103479	16	53467889	53525561	0.4830	rs8050560	-5.68	rs8044091	 6.25e-01	-18.95	 0.97124	 423	  1	top1	0.63	1.8e-124	-0.97124	3.31e-01
NA	/data/songy4/twas/output/weights_control//ENSG00000166971.wgt.RDat	ENSG00000166971	16	53524952	53538323	0.3768	rs11644234	-4.07	rs9929873	 5.24e-01	 17.39	 0.84382	 410	 21	enet	0.53	2.2e-96	 0.74509	4.56e-01
NA	/data/songy4/twas/output/weights_control//ENSG00000177508.wgt.RDat	ENSG00000177508	16	54317216	54320675	0.0591	rs17259245	-2.65	rs748815	 4.88e-02	  5.58	-0.80282	 649	  1	top1	0.049	5.2e-08	-0.80282	4.22e-01
NA	/data/songy4/twas/output/weights_control//ENSG00000087253.wgt.RDat	ENSG00000087253	16	55542910	55620582	0.0902	rs837543	 3.23	rs883180	 5.49e-02	  5.91	-1.18557	 701	  1	top1	0.055	7.9e-09	-1.18557	2.36e-01
NA	/data/songy4/twas/output/weights_control//ENSG00000198848.wgt.RDat	ENSG00000198848	16	55836763	55867249	0.4578	rs837543	 3.23	rs8192950	 1.72e-01	 -9.99	-0.14050	 531	 24	enet	0.3	2.4e-47	 0.03287	9.74e-01
NA	/data/songy4/twas/output/weights_control//ENSG00000087258.wgt.RDat	ENSG00000087258	16	56225302	56391356	0.0501	rs3790112	-3.28	rs4783932	 3.51e-02	  5.15	 1.78431	 542	 16	enet	0.042	4.7e-07	 2.12677	3.34e-02
NA	/data/songy4/twas/output/weights_control//ENSG00000125124.wgt.RDat	ENSG00000125124	16	56500748	56554195	0.6155	rs3790112	-3.28	rs4556786	 6.92e-01	-19.95	 3.21739	 511	  1	top1	0.69	4.8e-149	-3.21739	1.29e-03
NA	/data/songy4/twas/output/weights_control//ENSG00000125148.wgt.RDat	ENSG00000125148	16	56642111	56643409	0.1516	rs3790112	-3.28	rs11642055	 1.13e-01	 -8.18	-1.70748	 519	  5	lasso	0.15	1.2e-21	 0.90167	3.67e-01
NA	/data/songy4/twas/output/weights_control//ENSG00000169715.wgt.RDat	ENSG00000169715	16	56659387	56661024	0.4897	rs3790112	-3.28	rs2291957	 1.60e-01	 -9.83	 0.08929	 524	 19	lasso	0.36	1.3e-57	 1.32678	1.85e-01
NA	/data/songy4/twas/output/weights_control//ENSG00000198417.wgt.RDat	ENSG00000198417	16	56691606	56694610	0.2145	rs3790112	-3.28	rs7189840	 1.25e-01	  8.82	 1.88000	 532	  4	lasso	0.16	2e-23	 1.58401	1.13e-01
NA	/data/songy4/twas/output/weights_control//ENSG00000187193.wgt.RDat	ENSG00000187193	16	56716336	56718108	0.1961	rs3790112	-3.28	rs1599933	 1.19e-01	  8.34	 0.25000	 530	  8	lasso	0.15	6.3e-22	 0.06468	9.48e-01
NA	/data/songy4/twas/output/weights_control//ENSG00000051108.wgt.RDat	ENSG00000051108	16	56965960	56977798	0.1042	rs4556786	 3.22	rs8044753	 2.76e-02	  5.05	 0.07921	 531	  7	lasso	0.045	1.8e-07	 0.87377	3.82e-01
NA	/data/songy4/twas/output/weights_control//ENSG00000140853.wgt.RDat	ENSG00000140853	16	57023397	57117443	0.2419	rs7184983	-3.15	rs821470	 1.26e-01	  8.64	-1.74510	 578	  7	lasso	0.17	1.3e-24	-2.20712	2.73e-02
NA	/data/songy4/twas/output/weights_control//ENSG00000140848.wgt.RDat	ENSG00000140848	16	57126449	57181878	0.3927	rs12920292	-2.85	rs16966632	 2.04e-01	 11.13	-0.42424	 568	  9	lasso	0.23	5.4e-34	-0.39511	6.93e-01
NA	/data/songy4/twas/output/weights_control//ENSG00000172775.wgt.RDat	ENSG00000172775	16	57186378	57220028	0.1839	rs12920292	-2.85	rs12599485	 1.47e-01	 -9.33	 0.10000	 563	  8	lasso	0.15	2e-22	-0.47291	6.36e-01
NA	/data/songy4/twas/output/weights_control//ENSG00000159579.wgt.RDat	ENSG00000159579	16	57220049	57274387	0.1458	rs1061546	 3.04	rs2279407	 9.47e-02	  7.45	 0.41925	 572	 32	enet	0.1	4.8e-15	 0.80080	4.23e-01
NA	/data/songy4/twas/output/weights_control//ENSG00000125170.wgt.RDat	ENSG00000125170	16	57505863	57521239	0.1609	rs729331	 3.55	rs223895	 8.30e-02	  6.99	 0.91509	 587	  6	lasso	0.09	1.2e-13	 1.73209	8.33e-02
NA	/data/songy4/twas/output/weights_control//ENSG00000135736.wgt.RDat	ENSG00000135736	16	57546090	57570511	0.0933	rs729331	 3.55	rs739816	 4.60e-02	 -5.56	-1.62857	 579	  1	top1	0.046	1.3e-07	 1.62857	1.03e-01
NA	/data/songy4/twas/output/weights_control//ENSG00000159618.wgt.RDat	ENSG00000159618	16	57576333	57625593	0.0498	rs729331	 3.55	rs4783998	 2.15e-02	 -4.38	-0.87879	 563	  1	top1	0.022	0.00024	 0.87879	3.80e-01
NA	/data/songy4/twas/output/weights_control//ENSG00000182885.wgt.RDat	ENSG00000182885	16	57702099	57723975	0.1113	rs729331	 3.55	rs8051301	 8.75e-02	  7.27	 0.64407	 530	  1	top1	0.087	2.7e-13	 0.64407	5.20e-01
NA	/data/songy4/twas/output/weights_control//ENSG00000159625.wgt.RDat	ENSG00000159625	16	57728705	57765717	0.1085	rs729331	 3.55	rs8051301	 8.66e-02	  7.46	 0.64407	 547	  7	lasso	0.1	1.4e-15	 0.79198	4.28e-01
NA	/data/songy4/twas/output/weights_control//ENSG00000159648.wgt.RDat	ENSG00000159648	16	58010339	58022020	0.1885	rs729331	 3.55	rs2405128	 1.85e-01	-10.80	 1.14844	 552	  3	lasso	0.22	8.4e-34	-1.18205	2.37e-01
NA	/data/songy4/twas/output/weights_control//ENSG00000166188.wgt.RDat	ENSG00000166188	16	58028572	58034357	0.1947	rs729331	 3.55	rs3743558	 1.75e-01	-10.22	 0.66957	 550	  5	lasso	0.18	2e-27	-0.62803	5.30e-01
NA	/data/songy4/twas/output/weights_control//ENSG00000103034.wgt.RDat	ENSG00000103034	16	58496750	58547532	0.1137	rs1895522	 2.45	rs12931051	-1.24e-03	  3.56	 0.36066	 504	 41	enet	0.0067	0.028	-0.13400	8.93e-01
NA	/data/songy4/twas/output/weights_control//ENSG00000103037.wgt.RDat	ENSG00000103037	16	58549383	58554431	0.1750	rs1895522	 2.45	rs12931051	 6.80e-02	  6.37	 0.36066	 475	  8	lasso	0.1	2.4e-15	 0.07962	9.37e-01
NA	/data/songy4/twas/output/weights_control//ENSG00000103042.wgt.RDat	ENSG00000103042	16	58699013	58719008	0.0624	rs1895522	 2.45	rs6499969	 5.85e-03	 -3.70	 1.67925	 480	  7	lasso	0.0096	0.011	-1.09073	2.75e-01
NA	/data/songy4/twas/output/weights_control//ENSG00000125166.wgt.RDat	ENSG00000125166	16	58741035	58768261	0.1757	rs1895522	 2.45	rs9926182	 1.89e-01	-10.46	-1.30612	 474	  1	top1	0.19	3.6e-28	 1.30612	1.92e-01
NA	/data/songy4/twas/output/weights_control//ENSG00000166548.wgt.RDat	ENSG00000166548	16	66541906	66586447	0.4146	rs12933381	 3.54	rs2002907	 3.58e-01	 15.44	-0.68852	 476	 46	enet	0.53	1.3e-96	-0.68872	4.91e-01
NA	/data/songy4/twas/output/weights_control//ENSG00000217555.wgt.RDat	ENSG00000217555	16	66586466	66600154	0.0568	rs12933381	 3.54	rs16956585	 4.57e-02	  5.67	-1.33333	 436	 11	lasso	0.049	4.4e-08	-1.35745	1.75e-01
NA	/data/songy4/twas/output/weights_control//ENSG00000089505.wgt.RDat	ENSG00000089505	16	66600294	66613040	0.0736	rs12933381	 3.54	rs7193473	 5.00e-02	  5.78	-0.91096	 429	  1	top1	0.05	3.6e-08	-0.91096	3.62e-01
NA	/data/songy4/twas/output/weights_control//ENSG00000140932.wgt.RDat	ENSG00000140932	16	66613351	66622178	0.0293	rs12933381	 3.54	rs37166	 9.77e-03	  3.94	-1.05208	 423	  1	top1	0.0098	0.01	-1.05208	2.93e-01
NA	/data/songy4/twas/output/weights_control//ENSG00000140931.wgt.RDat	ENSG00000140931	16	66637777	66647795	0.2430	rs12933381	 3.54	rs8051710	 1.42e-01	-10.23	 0.29592	 419	 25	enet	0.28	3.5e-43	-0.49084	6.24e-01
NA	/data/songy4/twas/output/weights_control//ENSG00000172840.wgt.RDat	ENSG00000172840	16	66912492	66929657	0.0511	rs2344565	-2.70	rs9922615	 9.26e-03	  4.13	-1.30078	 348	  9	enet	0.017	0.001	-0.15969	8.73e-01
NA	/data/songy4/twas/output/weights_control//ENSG00000166592.wgt.RDat	ENSG00000166592	16	66955582	66959547	0.2148	rs16957304	 2.35	rs11642409	 1.66e-01	  9.88	-0.45356	 331	  1	top1	0.17	1.1e-24	-0.45356	6.50e-01
NA	/data/songy4/twas/output/weights_control//ENSG00000172831.wgt.RDat	ENSG00000172831	16	66968347	66978999	0.0388	rs16957304	 2.35	rs11568311	 4.30e-02	 -5.20	-0.14948	 327	  1	top1	0.043	3.1e-07	 0.14948	8.81e-01
NA	/data/songy4/twas/output/weights_control//ENSG00000102890.wgt.RDat	ENSG00000102890	16	67233014	67237932	0.0590	rs9972635	 3.27	rs16957426	 4.77e-02	  5.76	-0.94139	 262	  1	top1	0.048	7.3e-08	-0.94139	3.47e-01
NA	/data/songy4/twas/output/weights_control//ENSG00000159713.wgt.RDat	ENSG00000159713	16	67423712	67427438	0.0709	rs28679372	 3.46	rs8055190	 9.80e-03	  4.26	 2.00905	 238	  8	lasso	0.019	0.00059	 2.00038	4.55e-02
NA	/data/songy4/twas/output/weights_control//ENSG00000159714.wgt.RDat	ENSG00000159714	16	67428322	67450736	0.0556	rs28679372	 3.46	rs16957304	 3.31e-02	  5.79	 2.34978	 244	 13	lasso	0.049	4.5e-08	 2.65778	7.87e-03
NA	/data/songy4/twas/output/weights_control//ENSG00000159720.wgt.RDat	ENSG00000159720	16	67471917	67515140	0.1509	rs28679372	 3.46	rs5479	 3.12e-01	-13.81	 2.27679	 243	 15	enet	0.32	7.5e-51	-2.27672	2.28e-02
NA	/data/songy4/twas/output/weights_control//ENSG00000039523.wgt.RDat	ENSG00000039523	16	67552321	67580691	0.0595	rs28679372	 3.46	rs34012739	 2.58e-02	 -4.70	 0.17333	 236	  7	lasso	0.028	2.9e-05	-0.13064	8.96e-01
NA	/data/songy4/twas/output/weights_control//ENSG00000102974.wgt.RDat	ENSG00000102974	16	67596310	67673086	0.0271	rs28679372	 3.46	rs9933102	 8.43e-03	  4.73	 2.08182	 255	  1	top1	0.0084	0.016	 2.08182	3.74e-02
NA	/data/songy4/twas/output/weights_control//ENSG00000159761.wgt.RDat	ENSG00000159761	16	67700719	67702661	0.0599	rs28679372	 3.46	rs13338993	 3.22e-02	 -5.56	 1.26705	 233	 16	enet	0.057	4.6e-09	-2.05187	4.02e-02
NA	/data/songy4/twas/output/weights_control//ENSG00000141084.wgt.RDat	ENSG00000141084	16	67757005	67840555	0.0325	rs28679372	 3.46	rs6499127	 1.74e-02	  4.39	 0.66914	 255	  1	top1	0.017	9e-04	 0.66914	5.03e-01
NA	/data/songy4/twas/output/weights_control//ENSG00000159792.wgt.RDat	ENSG00000159792	16	67927175	67963581	0.0443	rs28679372	 3.46	rs7188085	 2.57e-02	 -4.58	-0.00735	 258	  1	top1	0.026	6.6e-05	 0.00735	9.94e-01
NA	/data/songy4/twas/output/weights_control//ENSG00000124067.wgt.RDat	ENSG00000124067	16	67977377	68003504	0.0741	rs28679372	 3.46	rs255052	 5.48e-02	  6.05	-0.31818	 263	  1	top1	0.055	7.9e-09	-0.31818	7.50e-01
NA	/data/songy4/twas/output/weights_control//ENSG00000141096.wgt.RDat	ENSG00000141096	16	68009566	68014732	0.0555	rs28679372	 3.46	rs16957696	 4.34e-02	 -6.06	-0.13043	 255	  1	top1	0.043	2.8e-07	 0.13043	8.96e-01
NA	/data/songy4/twas/output/weights_control//ENSG00000167261.wgt.RDat	ENSG00000167261	16	68021297	68034489	0.0883	rs28679372	 3.46	rs14178	 5.15e-02	  6.59	 3.16425	 255	 22	enet	0.069	8.6e-11	 3.15802	1.59e-03
NA	/data/songy4/twas/output/weights_control//ENSG00000167264.wgt.RDat	ENSG00000167264	16	68021649	68113223	0.1216	rs28679372	 3.46	rs6499157	 1.46e-01	  9.69	 1.57983	 284	 23	enet	0.2	4.9e-30	 2.40892	1.60e-02
NA	/data/songy4/twas/output/weights_control//ENSG00000072736.wgt.RDat	ENSG00000072736	16	68118654	68263162	0.0708	rs28679372	 3.46	rs3785109	 1.47e-02	  5.36	-0.02920	 321	  3	lasso	0.016	0.0015	 0.11560	9.08e-01
NA	/data/songy4/twas/output/weights_control//ENSG00000103064.wgt.RDat	ENSG00000103064	16	68298433	68335722	0.1824	rs28679372	 3.46	rs9935025	 1.98e-01	-10.84	 2.05155	 319	  1	top1	0.2	1.4e-29	-2.05155	4.02e-02
NA	/data/songy4/twas/output/weights_control//ENSG00000103061.wgt.RDat	ENSG00000103061	16	68318406	68344849	0.0343	rs28679372	 3.46	rs10852440	 2.46e-03	 -3.77	 1.96939	 320	 16	enet	0.0067	0.028	-1.10885	2.67e-01
NA	/data/songy4/twas/output/weights_control//ENSG00000132600.wgt.RDat	ENSG00000132600	16	68344877	68392466	0.0259	rs28679372	 3.46	rs7190134	 3.80e-03	  3.93	 1.00000	 334	  1	top1	0.0038	0.075	 1.00000	3.17e-01
NA	/data/songy4/twas/output/weights_control//ENSG00000184939.wgt.RDat	ENSG00000184939	16	68563993	68609975	0.5500	rs1073632	 2.94	rs12925177	 6.53e-01	-19.42	 0.08929	 319	 10	lasso	0.66	1.5e-135	-0.11281	9.10e-01
NA	/data/songy4/twas/output/weights_control//ENSG00000039068.wgt.RDat	ENSG00000039068	16	68771128	68869451	0.0757	rs9935025	 2.05	rs16260	 6.75e-02	  7.16	 0.18269	 346	  6	lasso	0.071	4.4e-11	 0.33768	7.36e-01
NA	/data/songy4/twas/output/weights_control//ENSG00000168807.wgt.RDat	ENSG00000168807	16	69221032	69342955	0.0859	rs689457	-2.54	rs16958594	 1.39e-02	  4.34	 0.21384	 359	 36	enet	0.017	0.00091	 0.35800	7.20e-01
NA	/data/songy4/twas/output/weights_control//ENSG00000213380.wgt.RDat	ENSG00000213380	16	69354043	69373570	0.0902	rs689457	-2.54	rs1048818	 1.52e-01	  9.46	-0.38462	 310	  1	top1	0.15	1.4e-22	-0.38462	7.01e-01
NA	/data/songy4/twas/output/weights_control//ENSG00000258429.wgt.RDat	ENSG00000258429	16	69362524	69364498	0.0188	rs689457	-2.54	rs877534	 1.06e-02	 -4.05	-0.58654	 301	  1	top1	0.011	0.0077	 0.58654	5.58e-01
NA	/data/songy4/twas/output/weights_control//ENSG00000132603.wgt.RDat	ENSG00000132603	16	69373333	69377014	0.0467	rs689457	-2.54	rs13331198	 2.43e-02	 -4.58	-0.64078	 304	 18	enet	0.041	6.7e-07	 0.35231	7.25e-01
NA	/data/songy4/twas/output/weights_control//ENSG00000181019.wgt.RDat	ENSG00000181019	16	69740899	69760854	0.0425	rs8048678	 3.08	rs2917682	 3.54e-02	  5.14	-0.60145	 264	  1	top1	0.035	3.3e-06	-0.60145	5.48e-01
NA	/data/songy4/twas/output/weights_control//ENSG00000141101.wgt.RDat	ENSG00000141101	16	69775770	69788843	0.0343	rs8048678	 3.08	rs1469908	 3.16e-02	 -4.98	-0.89583	 259	  1	top1	0.032	1.1e-05	 0.89583	3.70e-01
NA	/data/songy4/twas/output/weights_control//ENSG00000198373.wgt.RDat	ENSG00000198373	16	69796209	69975644	0.0943	rs8048678	 3.08	rs7204326	 6.96e-02	 -6.92	 1.71508	 274	  6	enet	0.072	3.7e-11	-2.07156	3.83e-02
NA	/data/songy4/twas/output/weights_control//ENSG00000157322.wgt.RDat	ENSG00000157322	16	69984810	69998141	0.6168	rs8048678	 3.08	rs3748388	 5.32e-01	 17.49	 2.72477	 212	  7	lasso	0.66	5.1e-135	 2.25128	2.44e-02
NA	/data/songy4/twas/output/weights_control//ENSG00000157335.wgt.RDat	ENSG00000157335	16	70207225	70221264	0.4252	rs8048678	 3.08	rs1808417	 3.01e-01	 13.21	-0.78102	 195	 10	lasso	0.31	1.4e-47	-1.11354	2.65e-01
NA	/data/songy4/twas/output/weights_control//ENSG00000223496.wgt.RDat	ENSG00000223496	16	70284134	70285833	0.4667	rs8048678	 3.08	rs4985407	 6.34e-01	 19.17	 1.79412	 204	  4	lasso	0.64	4.8e-129	 1.78938	7.36e-02
NA	/data/songy4/twas/output/weights_control//ENSG00000103051.wgt.RDat	ENSG00000103051	16	70514471	70557468	0.0204	rs775212	 3.05	rs7192865	 1.80e-02	 -4.33	-0.71429	 165	  1	top1	0.018	0.00073	 0.71429	4.75e-01
NA	/data/songy4/twas/output/weights_control//ENSG00000189091.wgt.RDat	ENSG00000189091	16	70557691	70608820	0.0262	rs775212	 3.05	rs8049641	 7.33e-03	  3.78	-1.10435	 164	  1	top1	0.0073	0.022	-1.10435	2.69e-01
NA	/data/songy4/twas/output/weights_control//ENSG00000157368.wgt.RDat	ENSG00000157368	16	70613798	70694585	0.0653	rs775212	 3.05	rs1456954	 8.27e-03	  4.84	-1.59391	 157	  4	lasso	0.011	0.0075	-2.00253	4.52e-02
NA	/data/songy4/twas/output/weights_control//ENSG00000157423.wgt.RDat	ENSG00000157423	16	70841281	71264625	0.6059	rs775212	 3.05	rs2303256	 5.89e-02	  7.87	-0.19910	 383	 48	enet	0.28	2e-43	 0.18712	8.52e-01
NA	/data/songy4/twas/output/weights_control//ENSG00000180917.wgt.RDat	ENSG00000180917	16	71315292	71323618	0.3190	rs8046337	-2.87	rs235991	 2.25e-01	 11.54	 0.38000	 270	  7	lasso	0.27	1.5e-40	 0.32133	7.48e-01
NA	/data/songy4/twas/output/weights_control//ENSG00000167377.wgt.RDat	ENSG00000167377	16	71481500	71496998	0.0512	rs16973520	-3.86	rs12925320	 2.52e-02	 -4.80	-0.00781	 313	 16	enet	0.041	6.3e-07	 1.84571	6.49e-02
NA	/data/songy4/twas/output/weights_control//ENSG00000157429.wgt.RDat	ENSG00000157429	16	71498453	71598992	0.1786	rs16973520	-3.86	rs4149497	 3.25e-02	  5.96	-2.49660	 371	 27	enet	0.085	6.3e-13	-2.34414	1.91e-02
NA	/data/songy4/twas/output/weights_control//ENSG00000140832.wgt.RDat	ENSG00000140832	16	71660064	71676017	0.0185	rs16973520	-3.86	rs1058747	 1.91e-02	  4.29	-2.06000	 419	  1	top1	0.019	0.00052	-2.06000	3.94e-02
NA	/data/songy4/twas/output/weights_control//ENSG00000166747.wgt.RDat	ENSG00000166747	16	71762913	71843104	0.1478	rs16973520	-3.86	rs904763	 1.16e-01	  8.31	 1.25862	 460	 14	enet	0.12	9.9e-18	 1.65152	9.86e-02
NA	/data/songy4/twas/output/weights_control//ENSG00000102967.wgt.RDat	ENSG00000102967	16	72042487	72058954	0.0839	rs16973520	-3.86	rs1424241	 3.49e-02	 -6.00	 0.44262	 371	  9	enet	0.079	4.2e-12	 0.19455	8.46e-01
NA	/data/songy4/twas/output/weights_control//ENSG00000257017.wgt.RDat	ENSG00000257017	16	72088491	72094954	0.2980	rs16973520	-3.86	rs12325142	 2.32e-01	-11.66	-2.19388	 359	 11	lasso	0.29	2.1e-44	 1.70353	8.85e-02
NA	/data/songy4/twas/output/weights_control//ENSG00000140829.wgt.RDat	ENSG00000140829	16	72127461	72146811	0.2192	rs16973520	-3.86	rs6499560	 2.98e-01	 13.21	-2.27551	 352	  1	top1	0.3	3.3e-46	-2.27551	2.29e-02
NA	/data/songy4/twas/output/weights_control//ENSG00000168411.wgt.RDat	ENSG00000168411	16	74655292	74700779	0.5611	rs7342703	 2.55	rs9931225	 2.74e-01	 12.85	 0.98958	 381	 63	enet	0.46	5.5e-78	-0.13044	8.96e-01
NA	/data/songy4/twas/output/weights_control//ENSG00000168404.wgt.RDat	ENSG00000168404	16	74705753	74734858	0.3153	rs7342703	 2.55	rs7203189	 1.69e-01	 10.97	-0.57983	 384	  7	lasso	0.26	1.2e-39	-0.91051	3.63e-01
NA	/data/songy4/twas/output/weights_control//ENSG00000186187.wgt.RDat	ENSG00000186187	16	75032928	75144892	0.1349	rs247444	-2.59	rs9936747	 3.81e-02	  6.98	 2.41611	 440	 12	enet	0.089	1.7e-13	 2.51960	1.17e-02
NA	/data/songy4/twas/output/weights_control//ENSG00000166816.wgt.RDat	ENSG00000166816	16	75145758	75150669	0.0746	rs247444	-2.59	rs4613095	 2.97e-02	 -5.58	-0.69718	 410	  3	lasso	0.038	1.4e-06	 0.24835	8.04e-01
NA	/data/songy4/twas/output/weights_control//ENSG00000184517.wgt.RDat	ENSG00000184517	16	75182390	75206134	0.4022	rs7195089	 2.74	rs9939124	 2.60e-01	-12.36	 0.09009	 426	  8	lasso	0.31	5e-49	 0.28208	7.78e-01
NA	/data/songy4/twas/output/weights_control//ENSG00000050820.wgt.RDat	ENSG00000050820	16	75262928	75301951	0.1073	rs7195089	 2.74	rs13337397	 1.02e-01	  8.06	 0.50955	 399	  1	top1	0.1	2.3e-15	 0.50955	6.10e-01
NA	/data/songy4/twas/output/weights_control//ENSG00000153774.wgt.RDat	ENSG00000153774	16	75327596	75467383	0.0355	rs7195089	 2.74	rs10871308	 2.74e-03	  4.47	 0.23529	 421	 11	enet	0.012	0.0044	-1.34879	1.77e-01
NA	/data/songy4/twas/output/weights_control//ENSG00000166822.wgt.RDat	ENSG00000166822	16	75476952	75499395	0.0671	rs7195089	 2.74	rs2161684	 1.85e-02	  5.25	-0.96078	 356	  7	lasso	0.035	3.8e-06	-0.64421	5.19e-01
NA	/data/songy4/twas/output/weights_control//ENSG00000183196.wgt.RDat	ENSG00000183196	16	75510949	75529282	0.0577	rs7195089	 2.74	rs11640018	 4.72e-02	  6.16	 0.40385	 370	  4	lasso	0.067	1.9e-10	-0.04137	9.67e-01
NA	/data/songy4/twas/output/weights_control//ENSG00000034713.wgt.RDat	ENSG00000034713	16	75600249	75611779	0.1890	rs7195089	 2.74	rs16941287	 1.37e-01	  9.08	 0.53631	 391	  1	top1	0.14	2.4e-20	 0.53631	5.92e-01
NA	/data/songy4/twas/output/weights_control//ENSG00000065457.wgt.RDat	ENSG00000065457	16	75630879	75657198	0.3482	rs7195089	 2.74	rs7189895	 3.26e-01	 14.31	 1.34615	 399	 13	lasso	0.39	8.8e-64	 1.54057	1.23e-01
NA	/data/songy4/twas/output/weights_control//ENSG00000166848.wgt.RDat	ENSG00000166848	16	75681684	75795770	0.0838	rs7195089	 2.74	rs8053219	 4.18e-02	  6.32	 0.36441	 474	  5	lasso	0.045	1.5e-07	 0.83556	4.03e-01
NA	/data/songy4/twas/output/weights_control//ENSG00000103111.wgt.RDat	ENSG00000103111	16	77224732	77236302	0.2402	rs11649428	-2.99	rs11865641	 2.13e-01	 11.14	 0.61538	 730	 10	lasso	0.25	8.8e-38	 1.06755	2.86e-01
NA	/data/songy4/twas/output/weights_control//ENSG00000140876.wgt.RDat	ENSG00000140876	16	77756411	77776157	0.5119	rs11649428	-2.99	rs17773475	 3.84e-01	 14.84	 0.02956	 901	  8	lasso	0.45	1.6e-77	-0.07283	9.42e-01
NA	/data/songy4/twas/output/weights_control//ENSG00000166446.wgt.RDat	ENSG00000166446	16	80631803	80838226	0.1167	rs11150253	-3.27	rs41338245	 9.16e-03	 -4.53	 0.02210	 849	 30	enet	0.045	1.6e-07	 0.68293	4.95e-01
NA	/data/songy4/twas/output/weights_control//ENSG00000103121.wgt.RDat	ENSG00000103121	16	81009698	81053875	0.0462	rs12920728	 3.50	rs2549887	 3.17e-02	  5.26	-0.47368	 700	  1	top1	0.032	1e-05	-0.47368	6.36e-01
NA	/data/songy4/twas/output/weights_control//ENSG00000166451.wgt.RDat	ENSG00000166451	16	81040103	81066719	0.0914	rs4889329	 3.72	rs11866803	 6.73e-02	  6.62	-0.42982	 692	  1	top1	0.067	1.6e-10	-0.42982	6.67e-01
NA	/data/songy4/twas/output/weights_control//ENSG00000166454.wgt.RDat	ENSG00000166454	16	81069452	81080963	0.0376	rs16955523	 3.87	rs2602431	 2.95e-02	  5.05	-2.06122	 695	  1	top1	0.03	2e-05	-2.06122	3.93e-02
NA	/data/songy4/twas/output/weights_control//ENSG00000261609.wgt.RDat	ENSG00000261609	16	81348557	81424489	0.1251	rs3935743	 4.01	rs310022	 3.99e-02	  6.17	-0.00909	 774	 18	enet	0.071	4.6e-11	 1.02351	3.06e-01
NA	/data/songy4/twas/output/weights_control//ENSG00000197943.wgt.RDat	ENSG00000197943	16	81772702	81991899	0.0760	rs3935743	 4.01	rs8043706	 4.05e-02	 -5.09	 2.16901	 845	  1	top1	0.04	6.9e-07	-2.16901	3.01e-02
NA	/data/songy4/twas/output/weights_control//ENSG00000135698.wgt.RDat	ENSG00000135698	16	82181403	82203831	0.4532	rs3935743	 4.01	rs12598637	 4.01e-01	 15.33	 1.04082	 762	 47	enet	0.46	7e-80	 1.90927	5.62e-02
NA	/data/songy4/twas/output/weights_control//ENSG00000230989.wgt.RDat	ENSG00000230989	16	83841448	83853342	0.0895	rs12596367	-3.60	rs10514596	 7.04e-03	 -4.83	-0.45238	 938	 21	enet	0.025	7.9e-05	-0.40129	6.88e-01
NA	/data/songy4/twas/output/weights_control//ENSG00000103150.wgt.RDat	ENSG00000103150	16	83932731	83949787	0.0773	rs12596367	-3.60	rs1127382	 4.37e-02	  5.74	 0.56744	 950	  1	top1	0.044	2.5e-07	 0.56744	5.70e-01
NA	/data/songy4/twas/output/weights_control//ENSG00000140961.wgt.RDat	ENSG00000140961	16	83981887	83999937	0.1337	rs12596367	-3.60	rs12929378	 9.52e-02	 -7.55	 1.80374	 982	 29	enet	0.11	6.2e-16	-0.57795	5.63e-01
NA	/data/songy4/twas/output/weights_control//ENSG00000103154.wgt.RDat	ENSG00000103154	16	84002237	84036381	0.2456	rs12596367	-3.60	rs12922113	 8.87e-02	  8.17	 0.78049	1002	 26	enet	0.23	3.4e-34	 0.20554	8.37e-01
NA	/data/songy4/twas/output/weights_control//ENSG00000140943.wgt.RDat	ENSG00000140943	16	84087368	84150511	0.2404	rs12596367	-3.60	rs3809618	 1.12e-01	  8.73	 0.09346	1046	  7	lasso	0.15	1.3e-21	-0.35686	7.21e-01
NA	/data/songy4/twas/output/weights_control//ENSG00000103160.wgt.RDat	ENSG00000103160	16	84155886	84178797	0.2741	rs12596367	-3.60	rs1058438	 1.55e-01	 10.45	 0.14423	 993	  8	lasso	0.22	1.6e-32	 0.40880	6.83e-01
NA	/data/songy4/twas/output/weights_control//ENSG00000154099.wgt.RDat	ENSG00000154099	16	84178865	84212373	0.1026	rs12596367	-3.60	rs4150149	 2.08e-02	  5.28	-1.32990	 992	  7	lasso	0.025	9e-05	-1.23761	2.16e-01
NA	/data/songy4/twas/output/weights_control//ENSG00000064270.wgt.RDat	ENSG00000064270	16	84402133	84497793	0.3621	rs12596367	-3.60	rs958577	 8.72e-02	  8.55	 0.48413	 939	 39	enet	0.25	1.1e-37	-0.07463	9.41e-01
NA	/data/songy4/twas/output/weights_control//ENSG00000140950.wgt.RDat	ENSG00000140950	16	84511681	84587639	0.1506	rs12596367	-3.60	rs444170	 6.60e-02	  7.14	 0.91919	 937	 11	enet	0.11	6.3e-16	-0.51366	6.07e-01
NA	/data/songy4/twas/output/weights_control//ENSG00000135686.wgt.RDat	ENSG00000135686	16	84682131	84701292	0.2951	rs12928583	-3.36	rs9319452	 1.59e-01	 10.72	 0.37255	 883	  5	lasso	0.26	5.3e-39	 0.54740	5.84e-01
NA	/data/songy4/twas/output/weights_control//ENSG00000103194.wgt.RDat	ENSG00000103194	16	84733584	84813528	0.1059	rs12928583	-3.36	rs2641688	 5.41e-02	  5.70	-0.22222	 886	  1	top1	0.054	9.9e-09	-0.22222	8.24e-01
NA	/data/songy4/twas/output/weights_control//ENSG00000103196.wgt.RDat	ENSG00000103196	16	84853590	84954374	0.3924	rs12928583	-3.36	rs8057431	 2.38e-01	-11.74	-0.79487	 823	 70	enet	0.3	1.3e-46	 0.96770	3.33e-01
NA	/data/songy4/twas/output/weights_control//ENSG00000153786.wgt.RDat	ENSG00000153786	16	85007787	85045141	0.2239	rs7201163	 3.79	rs7192417	 1.71e-01	  9.99	-1.20561	 695	  3	lasso	0.2	3.3e-29	-1.31425	1.89e-01
NA	/data/songy4/twas/output/weights_control//ENSG00000135709.wgt.RDat	ENSG00000135709	16	85061375	85127836	0.3551	rs7201163	 3.79	rs11648527	 2.68e-01	 12.49	-0.84615	 652	 28	enet	0.3	2.1e-46	-0.46977	6.39e-01
NA	/data/songy4/twas/output/weights_control//ENSG00000131153.wgt.RDat	ENSG00000131153	16	85709804	85723679	0.1075	rs7201163	 3.79	rs3815795	 9.46e-02	  7.79	-1.17593	 618	  6	enet	0.1	1.3e-15	-1.77188	7.64e-02
NA	/data/songy4/twas/output/weights_control//ENSG00000154102.wgt.RDat	ENSG00000154102	16	85723690	85784735	0.0935	rs7201163	 3.79	rs2291658	 3.48e-02	  5.51	-0.48507	 672	  4	lasso	0.065	3.3e-10	-0.47569	6.34e-01
NA	/data/songy4/twas/output/weights_control//ENSG00000131148.wgt.RDat	ENSG00000131148	16	85805364	85833214	0.0503	rs7201163	 3.79	rs10514609	 2.94e-02	  4.93	-0.16239	 663	  1	top1	0.029	2.1e-05	-0.16239	8.71e-01
NA	/data/songy4/twas/output/weights_control//ENSG00000103248.wgt.RDat	ENSG00000103248	16	86563782	86588841	0.0638	rs16941006	-2.75	rs9935567	 4.38e-02	  5.29	 0.12500	 957	  1	top1	0.044	2.4e-07	 0.12500	9.01e-01
NA	/data/songy4/twas/output/weights_control//ENSG00000103264.wgt.RDat	ENSG00000103264	16	87360593	87425748	0.0572	rs9936994	-3.46	rs980304	-1.73e-03	 -3.66	-1.24510	 608	  9	enet	-0.0016	0.81	-0.03033	9.76e-01
NA	/data/songy4/twas/output/weights_control//ENSG00000140941.wgt.RDat	ENSG00000140941	16	87417601	87438385	0.0969	rs9936994	-3.46	rs1050863	 8.20e-02	 -6.98	-0.92929	 588	  4	lasso	0.087	2.8e-13	 0.04427	9.65e-01
NA	/data/songy4/twas/output/weights_control//ENSG00000140948.wgt.RDat	ENSG00000140948	16	87439852	87525651	0.0599	rs9936994	-3.46	rs12925472	 3.71e-02	 -5.06	-2.55556	 634	  1	top1	0.037	1.9e-06	 2.55556	1.06e-02
NA	/data/songy4/twas/output/weights_control//ENSG00000104731.wgt.RDat	ENSG00000104731	16	87730091	87799598	0.3810	rs9936994	-3.46	rs9933061	 2.53e-01	 12.14	-0.27358	 501	  5	lasso	0.33	8.2e-52	-0.25966	7.95e-01
NA	/data/songy4/twas/output/weights_control//ENSG00000172530.wgt.RDat	ENSG00000172530	16	87982850	88110924	0.0852	rs9936994	-3.46	rs11639805	 6.52e-02	 -6.61	 0.05455	 464	  8	enet	0.07	6e-11	 0.12326	9.02e-01
NA	/data/songy4/twas/output/weights_control//ENSG00000051523.wgt.RDat	ENSG00000051523	16	88709691	88717560	0.1301	rs9939076	 3.29	rs12709102	 8.54e-02	 -7.11	 0.57143	 376	  5	lasso	0.095	2.6e-14	-1.35154	1.77e-01
NA	/data/songy4/twas/output/weights_control//ENSG00000167508.wgt.RDat	ENSG00000167508	16	88718343	88729569	0.0661	rs9939076	 3.29	rs12596403	-1.75e-03	  3.75	-0.47059	 377	 33	enet	0.0051	0.048	-1.14935	2.50e-01
NA	/data/songy4/twas/output/weights_control//ENSG00000185669.wgt.RDat	ENSG00000185669	16	88744090	88752901	0.2085	rs9939076	 3.29	rs8048125	 1.97e-01	-10.67	-1.52830	 384	  6	lasso	0.2	4e-30	 1.28833	1.98e-01
NA	/data/songy4/twas/output/weights_control//ENSG00000158717.wgt.RDat	ENSG00000158717	16	88762903	88772829	0.3311	rs9939076	 3.29	rs8048125	 1.23e-01	 -9.22	-1.52830	 386	 40	enet	0.19	1e-28	 0.94743	3.43e-01
NA	/data/songy4/twas/output/weights_control//ENSG00000174177.wgt.RDat	ENSG00000174177	16	88772871	88781794	0.2011	rs9939076	 3.29	rs1317756	 1.19e-01	 -8.40	 0.45631	 389	  6	lasso	0.15	1.6e-22	 0.15944	8.73e-01
NA	/data/songy4/twas/output/weights_control//ENSG00000103335.wgt.RDat	ENSG00000103335	16	88781751	88851619	0.1719	rs3096315	-3.68	rs1317756	 7.50e-02	 -6.81	 0.45631	 417	 11	lasso	0.086	4.3e-13	 0.29810	7.66e-01
NA	/data/songy4/twas/output/weights_control//ENSG00000141012.wgt.RDat	ENSG00000141012	16	88880142	88923378	0.0540	rs3096315	-3.68	rs2270416	-1.70e-03	  3.26	 0.43396	 422	 20	enet	0.0025	0.12	 1.58079	1.14e-01
NA	/data/songy4/twas/output/weights_control//ENSG00000176715.wgt.RDat	ENSG00000176715	16	89154783	89222254	0.1737	rs4347628	-4.41	rs883941	 6.16e-02	 -6.81	-0.92562	 460	 45	enet	0.1	1.4e-15	 0.19238	8.47e-01
NA	/data/songy4/twas/output/weights_control//ENSG00000259803.wgt.RDat	ENSG00000259803	16	89262406	89268072	0.0474	rs4347628	-4.41	rs12922670	 4.09e-02	  5.10	-2.78082	 419	  1	top1	0.041	6e-07	-2.78082	5.42e-03
NA	/data/songy4/twas/output/weights_control//ENSG00000170100.wgt.RDat	ENSG00000170100	16	89284118	89295363	0.0838	rs4347628	-4.41	rs7200693	 1.83e-02	  4.50	 1.25510	 402	  5	lasso	0.035	3.5e-06	 1.66199	9.65e-02
NA	/data/songy4/twas/output/weights_control//ENSG00000197912.wgt.RDat	ENSG00000197912	16	89557325	89624176	0.2731	rs4347628	-4.41	rs3922633	 3.19e-01	 13.91	 2.99507	 458	 23	enet	0.34	4.2e-54	 2.80637	5.01e-03
NA	/data/songy4/twas/output/weights_control//ENSG00000167526.wgt.RDat	ENSG00000167526	16	89627065	89630950	0.1317	rs4347628	-4.41	rs17775174	 1.12e-01	 -8.23	-1.27966	 453	  1	top1	0.11	8.4e-17	 1.27966	2.01e-01
NA	/data/songy4/twas/output/weights_control//ENSG00000178773.wgt.RDat	ENSG00000178773	16	89642176	89663654	0.1290	rs4347628	-4.41	rs659974	 6.46e-02	 -6.52	-0.10526	 459	 18	enet	0.081	1.9e-12	-1.10974	2.67e-01
NA	/data/songy4/twas/output/weights_control//ENSG00000185324.wgt.RDat	ENSG00000185324	16	89747145	89762772	0.6123	rs4347628	-4.41	rs11538871	 4.64e-01	-16.38	 0.62559	 420	 44	enet	0.51	2.8e-91	 0.05814	9.54e-01
NA	/data/songy4/twas/output/weights_control//ENSG00000158792.wgt.RDat	ENSG00000158792	16	89762751	89768113	0.1103	rs4347628	-4.41	rs3809646	 2.75e-02	 -5.53	-1.41125	 416	 32	enet	0.052	1.8e-08	-0.47772	6.33e-01
NA	/data/songy4/twas/output/weights_control//ENSG00000075399.wgt.RDat	ENSG00000075399	16	89773542	89787394	0.1837	rs4347628	-4.41	rs17226075	 9.21e-02	  8.12	 0.27419	 413	  7	lasso	0.12	3.1e-17	 0.11531	9.08e-01
NA	/data/songy4/twas/output/weights_control//ENSG00000158805.wgt.RDat	ENSG00000158805	16	89786808	89807311	0.0702	rs4347628	-4.41	rs4785727	 5.38e-03	 -3.67	-2.83505	 407	 24	enet	0.011	0.0079	 2.77875	5.46e-03
NA	/data/songy4/twas/output/weights_control//ENSG00000187741.wgt.RDat	ENSG00000187741	16	89803957	89883065	0.5342	rs4347628	-4.41	rs2159116	 4.80e-01	-16.63	 0.50400	 399	  8	lasso	0.59	8.4e-112	-0.66832	5.04e-01
NA	/data/songy4/twas/output/weights_control//ENSG00000204991.wgt.RDat	ENSG00000204991	16	89884587	89937727	0.4276	rs4347628	-4.41	rs7195066	 3.24e-01	 13.74	 0.14000	 364	  1	top1	0.32	7.2e-51	 0.14000	8.89e-01
NA	/data/songy4/twas/output/weights_control//ENSG00000258839.wgt.RDat	ENSG00000258839	16	89978527	89987385	0.2194	rs4347628	-4.41	rs2228479	 2.31e-01	 12.28	-1.98824	 319	  5	lasso	0.25	1.7e-37	-1.99045	4.65e-02
NA	/data/songy4/twas/output/weights_control//ENSG00000198211.wgt.RDat	ENSG00000198211	16	89985573	90002500	0.1238	rs4347628	-4.41	rs16966251	-1.40e-03	  6.93	-0.44127	 317	  4	lasso	0.055	6.5e-09	-0.46978	6.39e-01
NA	/data/songy4/twas/output/weights_control//ENSG00000140995.wgt.RDat	ENSG00000140995	16	90014333	90034468	0.0961	rs4347628	-4.41	rs3803683	 3.99e-03	  3.52	 0.62222	 300	  9	enet	0.0095	0.011	 0.20798	8.35e-01
NA	/data/songy4/twas/output/weights_control//ENSG00000177946.wgt.RDat	ENSG00000177946	16	90036206	90038942	0.3798	rs4347628	-4.41	rs4424910	 8.90e-02	  8.08	 0.70085	 295	  6	lasso	0.17	1.1e-25	 0.64537	5.19e-01
NA	/data/songy4/twas/output/weights_control//ENSG00000003249.wgt.RDat	ENSG00000003249	16	90071273	90086536	0.1718	rs1805007	 3.24	rs4442808	 1.70e-01	  9.91	-1.74877	 280	  1	top1	0.17	2.7e-25	-1.74877	8.03e-02
NA	/data/songy4/twas/output/weights_control//ENSG00000141013.wgt.RDat	ENSG00000141013	16	90086037	90111383	0.0701	rs1805007	 3.24	rs7498985	 2.86e-02	  5.43	 0.02105	 277	  1	top1	0.029	2.7e-05	 0.02105	9.83e-01
NA	/data/songy4/twas/output/weights_control//ENSG00000126856.wgt.RDat	ENSG00000126856	16	90122974	90158480	0.0408	rs1805007	 3.24	rs4493039	-1.63e-03	 -3.59	-0.14209	 252	 13	enet	0.016	0.0014	 0.92479	3.55e-01
