PANEL	FILE	ID	CHR	P0	P1	HSQ	BEST.GWAS.ID	BEST.GWAS.Z	EQTL.ID	EQTL.R2	EQTL.Z	EQTL.GWAS.Z	NSNP	NWGT	MODEL	MODELCV.R2	MODELCV.PV	TWAS.Z	TWAS.P
NA	/data/songy4/twas/output/weights_control//ENSG00000136319.wgt.RDat	ENSG00000136319	14	20724717	20774153	0.2445	rs17277277	-3.41	rs3209531	 0.117047	  8.28	-0.0139	612	 5	lasso	0.18	9.5e-27	-0.13528	8.92e-01
NA	/data/songy4/twas/output/weights_control//ENSG00000100814.wgt.RDat	ENSG00000100814	14	20779527	20801471	0.2242	rs17277277	-3.41	rs7160770	 0.196562	-10.67	 1.4574	617	16	enet	0.2	1.3e-30	-1.27094	2.04e-01
NA	/data/songy4/twas/output/weights_control//ENSG00000129484.wgt.RDat	ENSG00000129484	14	20811741	20826064	0.0990	rs17277277	-3.41	rs7155699	 0.071459	  6.72	 0.5727	631	 1	top1	0.071	4.4e-11	 0.57273	5.67e-01
NA	/data/songy4/twas/output/weights_control//ENSG00000129566.wgt.RDat	ENSG00000129566	14	20833826	20881588	0.2110	rs17277277	-3.41	rs1713434	 0.151718	 -9.44	-0.6598	653	 4	lasso	0.16	1.1e-23	 0.70707	4.80e-01
NA	/data/songy4/twas/output/weights_control//ENSG00000185271.wgt.RDat	ENSG00000185271	14	20896970	20903801	0.1286	rs17277277	-3.41	rs8017603	 0.048055	  5.77	 1.2680	655	 6	lasso	0.049	4.9e-08	 1.30977	1.90e-01
NA	/data/songy4/twas/output/weights_control//ENSG00000092094.wgt.RDat	ENSG00000092094	14	20914570	20923264	0.3870	rs17277277	-3.41	rs883037	 0.338729	-14.45	 1.3535	658	20	enet	0.36	9.8e-58	-0.97442	3.30e-01
NA	/data/songy4/twas/output/weights_control//ENSG00000214274.wgt.RDat	ENSG00000214274	14	21152336	21167130	0.1635	rs17277277	-3.41	rs9322855	 0.071923	 -6.66	 0.7475	683	44	enet	0.12	1.3e-17	-0.92552	3.55e-01
NA	/data/songy4/twas/output/weights_control//ENSG00000169413.wgt.RDat	ENSG00000169413	14	21249210	21250626	0.5322	rs1243631	 3.41	rs11628398	 0.219177	-11.29	 1.4057	645	59	enet	0.44	1.3e-74	-0.75615	4.50e-01
NA	/data/songy4/twas/output/weights_control//ENSG00000169397.wgt.RDat	ENSG00000169397	14	21359558	21360507	0.1301	rs1243631	 3.41	rs10144126	 0.073340	  6.74	-1.0000	608	16	enet	0.11	4.6e-16	-0.49548	6.20e-01
NA	/data/songy4/twas/output/weights_control//ENSG00000169385.wgt.RDat	ENSG00000169385	14	21423611	21424595	0.4091	rs10467770	-4.26	rs10144126	 0.170573	 10.13	-1.0000	555	29	enet	0.3	6.9e-47	-0.85307	3.94e-01
NA	/data/songy4/twas/output/weights_control//ENSG00000165792.wgt.RDat	ENSG00000165792	14	21457929	21465189	0.2194	rs10467770	-4.26	rs2741729	 0.073133	 -7.88	-0.1574	550	 6	lasso	0.12	2.6e-17	 0.04453	9.64e-01
NA	/data/songy4/twas/output/weights_control//ENSG00000092200.wgt.RDat	ENSG00000092200	14	21756098	21819460	0.1045	rs10467770	-4.26	rs1957414	 0.038439	 -4.89	 0.7339	420	 1	top1	0.038	1.3e-06	-0.73394	4.63e-01
NA	/data/songy4/twas/output/weights_control//ENSG00000129472.wgt.RDat	ENSG00000129472	14	21927179	21945132	0.0864	rs10467770	-4.26	rs4981372	 0.046769	 -5.39	 1.5753	432	23	enet	0.055	7.1e-09	-1.53433	1.25e-01
NA	/data/songy4/twas/output/weights_control//ENSG00000092203.wgt.RDat	ENSG00000092203	14	21944756	21967319	0.2357	rs10467770	-4.26	rs2297093	 0.212553	-11.22	-0.2700	432	 1	top1	0.21	8e-32	 0.27000	7.87e-01
NA	/data/songy4/twas/output/weights_control//ENSG00000129562.wgt.RDat	ENSG00000129562	14	23033805	23058175	0.0775	rs226998	-3.56	rs5742743	 0.025093	  4.91	 0.0000	500	43	enet	0.042	4.4e-07	-1.55421	1.20e-01
NA	/data/songy4/twas/output/weights_control//ENSG00000155463.wgt.RDat	ENSG00000155463	14	23235731	23241007	0.1055	rs226998	-3.56	rs3764164	 0.055960	  6.05	-2.2727	500	20	enet	0.085	5.1e-13	-1.85488	6.36e-02
NA	/data/songy4/twas/output/weights_control//ENSG00000155465.wgt.RDat	ENSG00000155465	14	23242431	23299029	0.1190	rs226998	-3.56	rs4982673	 0.055690	 -6.00	 0.1761	506	 1	top1	0.056	6.1e-09	-0.17606	8.60e-01
NA	/data/songy4/twas/output/weights_control//ENSG00000172590.wgt.RDat	ENSG00000172590	14	23299088	23304246	0.1190	rs226998	-3.56	rs1028649	 0.103911	  7.94	-1.4860	475	 1	top1	0.1	1.4e-15	-1.48598	1.37e-01
NA	/data/songy4/twas/output/weights_control//ENSG00000197324.wgt.RDat	ENSG00000197324	14	23340822	23350789	0.1251	rs226998	-3.56	rs7149064	 0.079623	  7.14	 0.1756	492	 1	top1	0.08	3.3e-12	 0.17557	8.61e-01
NA	/data/songy4/twas/output/weights_control//ENSG00000139890.wgt.RDat	ENSG00000139890	14	23352374	23356895	0.1433	rs226998	-3.56	rs3751490	 0.100847	  7.79	-1.5714	495	 1	top1	0.1	3.7e-15	-1.57143	1.16e-01
NA	/data/songy4/twas/output/weights_control//ENSG00000100462.wgt.RDat	ENSG00000100462	14	23389720	23398794	0.2096	rs226998	-3.56	rs4981454	 0.265687	-12.55	-0.5128	513	 5	lasso	0.28	3.5e-42	 0.63446	5.26e-01
NA	/data/songy4/twas/output/weights_control//ENSG00000092036.wgt.RDat	ENSG00000092036	14	23415437	23426370	0.5611	rs226998	-3.56	rs4981454	 0.478303	-16.60	-0.5128	514	71	enet	0.57	8.6e-108	 0.09303	9.26e-01
NA	/data/songy4/twas/output/weights_control//ENSG00000100804.wgt.RDat	ENSG00000100804	14	23485752	23504439	0.0741	rs4982652	-3.07	rs11543947	 0.039525	 -5.91	 0.7368	492	 1	top1	0.04	9.2e-07	-0.73684	4.61e-01
NA	/data/songy4/twas/output/weights_control//ENSG00000222028.wgt.RDat	ENSG00000222028	14	23511376	23513269	0.0977	rs4982652	-3.07	rs8013143	 0.101800	  7.81	-0.7664	492	 1	top1	0.1	2.7e-15	-0.76636	4.43e-01
NA	/data/songy4/twas/output/weights_control//ENSG00000100813.wgt.RDat	ENSG00000100813	14	23527773	23564823	0.3888	rs4982652	-3.07	rs17198981	 0.325540	-13.70	-1.0866	498	22	enet	0.34	1.2e-53	 0.88555	3.76e-01
NA	/data/songy4/twas/output/weights_control//ENSG00000092068.wgt.RDat	ENSG00000092068	14	23594504	23652883	0.3565	rs4982652	-3.07	rs2239632	 0.047201	 -5.97	 1.2500	505	39	enet	0.2	3.5e-29	 0.41975	6.75e-01
NA	/data/songy4/twas/output/weights_control//ENSG00000215271.wgt.RDat	ENSG00000215271	14	23741666	23768656	0.0860	rs3901112	 2.78	rs17256211	 0.049385	 -6.18	 0.9800	514	30	enet	0.05	3.7e-08	-0.86129	3.89e-01
NA	/data/songy4/twas/output/weights_control//ENSG00000129473.wgt.RDat	ENSG00000129473	14	23767999	23780968	0.0572	rs12894524	-2.67	rs223110	-0.000119	  3.58	 0.4074	481	 1	top1	-0.00012	0.33	 0.40741	6.84e-01
NA	/data/songy4/twas/output/weights_control//ENSG00000157326.wgt.RDat	ENSG00000157326	14	24422795	24438488	0.0797	rs10147475	-3.49	rs2332152	 0.000902	 -4.05	 0.3610	499	30	enet	0.013	0.0034	-0.96118	3.36e-01
NA	/data/songy4/twas/output/weights_control//ENSG00000187630.wgt.RDat	ENSG00000187630	14	24439148	24475617	0.2316	rs10147475	-3.49	rs8011375	 0.026377	 -5.89	-1.0392	526	 5	lasso	0.089	1.8e-13	 2.79299	5.22e-03
NA	/data/songy4/twas/output/weights_control//ENSG00000186648.wgt.RDat	ENSG00000186648	14	24521206	24538937	0.0931	rs10147475	-3.49	rs7146599	 0.043313	  5.18	-2.1852	504	 1	top1	0.043	2.9e-07	-2.18519	2.89e-02
NA	/data/songy4/twas/output/weights_control//ENSG00000100908.wgt.RDat	ENSG00000100908	14	24608174	24610797	0.1991	rs10147475	-3.49	rs3742500	 0.163117	 -9.71	 0.9298	520	 1	top1	0.16	3.4e-24	-0.92982	3.52e-01
NA	/data/songy4/twas/output/weights_control//ENSG00000092098.wgt.RDat	ENSG00000092098	14	24615892	24629870	0.0486	rs10147475	-3.49	rs2277483	 0.022411	 -4.78	 0.3398	524	 1	top1	0.022	0.00019	-0.33981	7.34e-01
NA	/data/songy4/twas/output/weights_control//ENSG00000254505.wgt.RDat	ENSG00000254505	14	24678789	24683075	0.0950	rs10147475	-3.49	rs1242017	 0.070013	 -6.42	 0.0508	507	 1	top1	0.07	6.9e-11	-0.05085	9.59e-01
NA	/data/songy4/twas/output/weights_control//ENSG00000100938.wgt.RDat	ENSG00000100938	14	24701628	24708448	0.0640	rs10147475	-3.49	rs1956913	 0.001292	 -3.26	-0.8125	501	12	enet	0.0029	0.1	 0.28906	7.73e-01
NA	/data/songy4/twas/output/weights_control//ENSG00000092295.wgt.RDat	ENSG00000092295	14	24718320	24733638	0.0671	rs10147475	-3.49	rs941504	 0.029515	 -5.62	 0.1043	513	 2	lasso	0.05	4e-08	 0.37176	7.10e-01
NA	/data/songy4/twas/output/weights_control//ENSG00000100949.wgt.RDat	ENSG00000100949	14	24734744	24740945	0.0927	rs10147475	-3.49	rs729421	 0.029031	  5.80	 1.5361	506	11	lasso	0.036	2.5e-06	 1.80573	7.10e-02
NA	/data/songy4/twas/output/weights_control//ENSG00000157379.wgt.RDat	ENSG00000157379	14	24759804	24769039	0.0999	rs10147475	-3.49	rs2295306	 0.088578	 -7.97	-0.8085	501	 5	lasso	0.1	1.4e-15	 0.44579	6.56e-01
NA	/data/songy4/twas/output/weights_control//ENSG00000139899.wgt.RDat	ENSG00000139899	14	24895738	24900160	0.4884	rs10147475	-3.49	rs2255591	 0.390425	-15.05	-0.2636	562	 5	lasso	0.41	2.7e-67	 0.10834	9.14e-01
NA	/data/songy4/twas/output/weights_control//ENSG00000100441.wgt.RDat	ENSG00000100441	14	24898492	24910540	0.5151	rs10147475	-3.49	rs10146759	 0.373551	 14.74	-1.2585	568	 4	lasso	0.39	3.1e-64	-1.09799	2.72e-01
NA	/data/songy4/twas/output/weights_control//ENSG00000100445.wgt.RDat	ENSG00000100445	14	24908972	24912111	0.0692	rs10147475	-3.49	rs10146759	 0.051281	 -5.51	-1.2585	565	 2	lasso	0.067	1.7e-10	 0.67716	4.98e-01
NA	/data/songy4/twas/output/weights_control//ENSG00000100448.wgt.RDat	ENSG00000100448	14	25042728	25045466	0.0647	rs11848279	 3.35	rs12878578	 0.060649	  6.12	-0.8889	600	 8	enet	0.062	8.6e-10	-0.88965	3.74e-01
NA	/data/songy4/twas/output/weights_control//ENSG00000100450.wgt.RDat	ENSG00000100450	14	25075686	25078905	0.0365	rs11848279	 3.35	rs9989227	-0.001722	  3.58	 0.5366	608	 8	enet	0.0016	0.17	 0.07604	9.39e-01
NA	/data/songy4/twas/output/weights_control//ENSG00000100453.wgt.RDat	ENSG00000100453	14	25100160	25103473	0.0614	rs11848279	 3.35	rs7154178	 0.021777	  4.81	 0.5758	611	 6	lasso	0.026	5.3e-05	 0.09477	9.24e-01
NA	/data/songy4/twas/output/weights_control//ENSG00000168952.wgt.RDat	ENSG00000168952	14	25278862	25519503	0.0735	rs11848279	 3.35	rs854419	-0.001726	 -3.05	-0.0693	723	51	enet	0.0028	0.11	-0.99154	3.21e-01
NA	/data/songy4/twas/output/weights_control//ENSG00000184304.wgt.RDat	ENSG00000184304	14	30045687	30661104	0.3120	rs1950663	-3.47	rs1958988	 0.300731	 13.25	 3.2449	555	32	enet	0.3	1.1e-46	 3.27976	1.04e-03
NA	/data/songy4/twas/output/weights_control//ENSG00000092140.wgt.RDat	ENSG00000092140	14	31028329	31089269	0.1068	rs1950663	-3.47	rs17097024	 0.072751	 -6.59	-0.2918	405	 1	top1	0.073	2.9e-11	 0.29175	7.70e-01
NA	/data/songy4/twas/output/weights_control//ENSG00000092108.wgt.RDat	ENSG00000092108	14	31091318	31205018	0.1502	rs1950663	-3.47	rs7144204	 0.201299	-11.01	-1.6238	420	 4	lasso	0.2	4.1e-30	 1.68080	9.28e-02
NA	/data/songy4/twas/output/weights_control//ENSG00000100473.wgt.RDat	ENSG00000100473	14	31343720	31364271	0.1513	rs1950663	-3.47	rs179661	 0.117795	  8.34	 1.1935	354	 6	lasso	0.12	4.3e-18	 1.53536	1.25e-01
NA	/data/songy4/twas/output/weights_control//ENSG00000100478.wgt.RDat	ENSG00000100478	14	31494312	31562818	0.0469	rs179744	 3.30	rs3736742	 0.025909	  4.78	-0.4844	350	 1	top1	0.026	6.2e-05	-0.48438	6.28e-01
NA	/data/songy4/twas/output/weights_control//ENSG00000129493.wgt.RDat	ENSG00000129493	14	31760994	31889788	0.0457	rs179744	 3.30	rs1955566	 0.019452	  4.57	 0.2967	375	 6	lasso	0.02	0.00038	 0.53676	5.91e-01
NA	/data/songy4/twas/output/weights_control//ENSG00000129480.wgt.RDat	ENSG00000129480	14	31915242	31926716	0.0289	rs179744	 3.30	rs12437209	-0.000651	 -3.75	-0.1500	324	11	enet	0.0053	0.044	-1.36058	1.74e-01
NA	/data/songy4/twas/output/weights_control//ENSG00000100852.wgt.RDat	ENSG00000100852	14	32545320	32628934	0.2211	rs1013252	 3.54	rs1278923	 0.109910	 -8.55	-0.4951	520	37	enet	0.12	2.1e-18	 1.18065	2.38e-01
NA	/data/songy4/twas/output/weights_control//ENSG00000151320.wgt.RDat	ENSG00000151320	14	32798479	33300567	0.1092	rs1013252	 3.54	rs17098598	 0.059486	 -6.23	-0.4603	908	 8	enet	0.06	1.7e-09	 0.68586	4.93e-01
NA	/data/songy4/twas/output/weights_control//ENSG00000129521.wgt.RDat	ENSG00000129521	14	34393437	34931980	0.4011	rs733314	-3.76	rs1680726	 0.215606	-11.20	-0.2586	830	21	enet	0.3	2.5e-46	 0.59386	5.53e-01
NA	/data/songy4/twas/output/weights_control//ENSG00000129515.wgt.RDat	ENSG00000129515	14	35030300	35099389	0.2347	rs7151133	 2.91	rs7146042	 0.290995	-13.05	-1.8932	456	 1	top1	0.29	6.1e-45	 1.89320	5.83e-02
NA	/data/songy4/twas/output/weights_control//ENSG00000165410.wgt.RDat	ENSG00000165410	14	35179593	35184029	0.5083	rs7151133	 2.91	rs6571678	 0.495439	 16.97	 0.0775	412	18	enet	0.5	7.4e-88	 0.14158	8.87e-01
NA	/data/songy4/twas/output/weights_control//ENSG00000100883.wgt.RDat	ENSG00000100883	14	35451163	35498773	0.0724	rs7151133	 2.91	rs1967723	 0.038186	  5.80	-0.7963	388	 5	lasso	0.045	1.6e-07	-0.08941	9.29e-01
NA	/data/songy4/twas/output/weights_control//ENSG00000151327.wgt.RDat	ENSG00000151327	14	35514113	35582336	0.2251	rs10220690	 2.91	rs7147346	 0.144203	-10.13	-1.9216	381	16	lasso	0.23	3.4e-35	 1.61129	1.07e-01
NA	/data/songy4/twas/output/weights_control//ENSG00000092020.wgt.RDat	ENSG00000092020	14	35554673	35591723	0.6056	rs10220690	 2.91	rs7159324	 0.549226	-17.89	-0.9462	380	29	enet	0.66	3.1e-136	 0.39271	6.95e-01
NA	/data/songy4/twas/output/weights_control//ENSG00000100890.wgt.RDat	ENSG00000100890	14	35591052	35743271	0.4678	rs9671535	-2.88	rs12100841	 0.586573	 18.36	-0.6769	407	 6	lasso	0.59	2e-112	-0.66469	5.06e-01
NA	/data/songy4/twas/output/weights_control//ENSG00000100902.wgt.RDat	ENSG00000100902	14	35747839	35786699	0.0396	rs712305	 2.34	rs8017676	 0.044960	  5.61	-0.9038	357	 1	top1	0.045	1.7e-07	-0.90385	3.66e-01
NA	/data/songy4/twas/output/weights_control//ENSG00000100906.wgt.RDat	ENSG00000100906	14	35870717	35873955	0.1167	rs712305	 2.34	rs12100841	 0.024568	  5.26	-0.6769	339	30	enet	0.072	3.9e-11	 0.18176	8.56e-01
NA	/data/songy4/twas/output/weights_control//ENSG00000174373.wgt.RDat	ENSG00000174373	14	36007558	36278510	0.1215	rs9788456	 2.49	rs12164885	 0.101219	  8.28	 0.2027	497	 1	top1	0.1	3.3e-15	 0.20270	8.39e-01
NA	/data/songy4/twas/output/weights_control//ENSG00000151332.wgt.RDat	ENSG00000151332	14	36767770	36789882	0.0769	rs4904582	 2.54	rs17104295	 0.000907	  3.19	 0.5194	538	 1	top1	0.00091	0.22	 0.51940	6.03e-01
NA	/data/songy4/twas/output/weights_control//ENSG00000183032.wgt.RDat	ENSG00000183032	14	37147636	37642071	0.1615	rs12147950	-5.51	rs35322850	 0.216945	 11.53	-4.3097	737	22	enet	0.23	9.5e-35	-4.20581	2.60e-05
NA	/data/songy4/twas/output/weights_control//ENSG00000182400.wgt.RDat	ENSG00000182400	14	39617015	39639736	0.1936	rs17109168	 3.39	rs3759545	 0.116998	  8.43	 2.7500	376	53	enet	0.16	2e-23	 1.66868	9.52e-02
NA	/data/songy4/twas/output/weights_control//ENSG00000100941.wgt.RDat	ENSG00000100941	14	39644387	39652422	0.0434	rs17109168	 3.39	rs10150709	 0.004445	  4.19	 1.0286	376	 4	lasso	0.013	0.0032	 1.17473	2.40e-01
NA	/data/songy4/twas/output/weights_control//ENSG00000150527.wgt.RDat	ENSG00000150527	14	39734488	39856156	0.0777	rs17109168	 3.39	rs2899887	 0.043461	  5.59	 3.0179	439	 1	top1	0.043	2.7e-07	 3.01786	2.55e-03
NA	/data/songy4/twas/output/weights_control//ENSG00000165501.wgt.RDat	ENSG00000165501	14	50065415	50081390	0.1943	rs2103889	-2.43	rs11157693	 0.151533	 -9.96	-0.3704	397	 4	lasso	0.19	1.5e-28	 0.00781	9.94e-01
NA	/data/songy4/twas/output/weights_control//ENSG00000165502.wgt.RDat	ENSG00000165502	14	50085237	50087403	0.1233	rs2103889	-2.43	rs3007030	 0.151083	 -9.40	-0.0273	384	 3	lasso	0.2	4.9e-30	 0.29312	7.69e-01
NA	/data/songy4/twas/output/weights_control//ENSG00000168282.wgt.RDat	ENSG00000168282	14	50087489	50090198	0.1223	rs2103889	-2.43	rs9989177	 0.117855	 -8.62	 0.8172	384	 1	top1	0.12	1.4e-17	-0.81720	4.14e-01
NA	/data/songy4/twas/output/weights_control//ENSG00000197776.wgt.RDat	ENSG00000197776	14	50159823	50219870	0.0627	rs743076	-2.47	rs8017160	 0.049152	  5.50	 0.0000	403	 1	top1	0.049	4.7e-08	 0.00000	1.00e+00
NA	/data/songy4/twas/output/weights_control//ENSG00000165527.wgt.RDat	ENSG00000165527	14	50359810	50361490	0.0349	rs743076	-2.47	rs10136242	-0.001671	 -3.21	 1.7727	377	 1	top1	-0.0017	0.84	-1.77273	7.63e-02
NA	/data/songy4/twas/output/weights_control//ENSG00000100483.wgt.RDat	ENSG00000100483	14	50575350	50583318	0.0607	rs743076	-2.47	rs7147367	 0.015194	  4.66	 0.6207	351	21	enet	0.04	8.4e-07	 2.06594	3.88e-02
NA	/data/songy4/twas/output/weights_control//ENSG00000100485.wgt.RDat	ENSG00000100485	14	50583847	50698276	0.0365	rs743076	-2.47	rs7151406	 0.035082	  5.02	 1.6383	397	 3	lasso	0.035	3.2e-06	 2.24277	2.49e-02
NA	/data/songy4/twas/output/weights_control//ENSG00000125375.wgt.RDat	ENSG00000125375	14	50779044	50802276	0.0556	rs743076	-2.47	rs2103889	 0.020199	 -4.34	-2.4297	403	 1	top1	0.02	0.00037	 2.42969	1.51e-02
NA	/data/songy4/twas/output/weights_control//ENSG00000100490.wgt.RDat	ENSG00000100490	14	50796310	50883179	0.2046	rs1547763	 2.48	rs7151046	 0.180865	 10.41	-1.6082	457	 5	lasso	0.18	2.5e-27	-1.49142	1.36e-01
NA	/data/songy4/twas/output/weights_control//ENSG00000151748.wgt.RDat	ENSG00000151748	14	51098776	51135049	0.0376	rs1547763	 2.48	rs963626	 0.011160	  4.63	 0.4216	476	 1	top1	0.011	0.0064	 0.42157	6.73e-01
NA	/data/songy4/twas/output/weights_control//ENSG00000100505.wgt.RDat	ENSG00000100505	14	51441980	51562779	0.2053	rs1890697	 3.23	rs7157823	 0.053891	 -5.97	 1.5000	639	43	enet	0.089	1.7e-13	-2.17526	2.96e-02
NA	/data/songy4/twas/output/weights_control//ENSG00000139921.wgt.RDat	ENSG00000139921	14	51706880	51722759	0.0742	rs1890697	 3.23	rs8006468	 0.038611	  5.24	-0.4789	650	 1	top1	0.039	1.2e-06	-0.47887	6.32e-01
NA	/data/songy4/twas/output/weights_control//ENSG00000139926.wgt.RDat	ENSG00000139926	14	51955818	52197445	0.0624	rs10498433	 3.39	rs7152892	-0.001134	  3.52	 1.5156	846	 1	top1	-0.0011	0.55	 1.51563	1.30e-01
NA	/data/songy4/twas/output/weights_control//ENSG00000087302.wgt.RDat	ENSG00000087302	14	52456193	52471420	0.0580	rs10498433	 3.39	rs12894295	 0.000392	  4.25	 0.3246	683	25	enet	0.0035	0.082	 0.43078	6.67e-01
NA	/data/songy4/twas/output/weights_control//ENSG00000168229.wgt.RDat	ENSG00000168229	14	52734431	52743442	0.2542	rs10498433	 3.39	rs10129786	 0.237188	-12.19	-2.3738	572	12	lasso	0.3	4e-46	 2.39640	1.66e-02
NA	/data/songy4/twas/output/weights_control//ENSG00000087301.wgt.RDat	ENSG00000087301	14	52897308	53019240	0.0605	rs1390376	-3.03	rs12435448	 0.024247	 -4.70	 1.7429	537	 5	lasso	0.028	3.2e-05	-1.93721	5.27e-02
NA	/data/songy4/twas/output/weights_control//ENSG00000197930.wgt.RDat	ENSG00000197930	14	53106634	53162618	0.4977	rs1390376	-3.03	rs3783449	 0.117960	 -8.35	 1.4744	405	64	enet	0.32	2.3e-49	 0.13107	8.96e-01
NA	/data/songy4/twas/output/weights_control//ENSG00000100519.wgt.RDat	ENSG00000100519	14	53173890	53195305	0.1278	rs1390376	-3.03	rs7142734	 0.016006	 -4.47	-0.4952	363	33	enet	0.047	8.7e-08	 0.40783	6.83e-01
NA	/data/songy4/twas/output/weights_control//ENSG00000198252.wgt.RDat	ENSG00000198252	14	53196898	53241716	0.0650	rs1390376	-3.03	rs2273743	 0.031262	 -5.04	-0.5192	368	24	enet	0.04	6.8e-07	-0.19360	8.46e-01
NA	/data/songy4/twas/output/weights_control//ENSG00000100528.wgt.RDat	ENSG00000100528	14	54893654	54908149	0.0497	rs2183081	-8.11	rs10162433	 0.036329	  5.24	-1.8593	448	 4	lasso	0.04	8.2e-07	-1.26393	2.06e-01
NA	/data/songy4/twas/output/weights_control//ENSG00000131979.wgt.RDat	ENSG00000131979	14	55308726	55369570	0.1360	rs8018800	-8.22	rs17253619	 0.084553	 -7.54	-3.9396	418	13	enet	0.095	2.2e-14	 2.20672	2.73e-02
NA	/data/songy4/twas/output/weights_control//ENSG00000131981.wgt.RDat	ENSG00000131981	14	55590828	55612126	0.1072	rs8018800	-8.22	rs7160523	 0.174755	-10.20	-4.7104	431	26	enet	0.18	1.2e-26	 4.04163	5.31e-05
NA	/data/songy4/twas/output/weights_control//ENSG00000126775.wgt.RDat	ENSG00000126775	14	55833110	55878576	0.0562	rs8018800	-8.22	rs8009660	 0.002880	  3.95	-0.0352	447	 4	lasso	0.0037	0.078	-1.48643	1.37e-01
NA	/data/songy4/twas/output/weights_control//ENSG00000139946.wgt.RDat	ENSG00000139946	14	56584532	56768244	0.1064	rs8012377	-6.02	rs241560	 0.079265	 -7.24	-1.9810	808	 1	top1	0.079	3.7e-12	 1.98095	4.76e-02
NA	/data/songy4/twas/output/weights_control//ENSG00000070367.wgt.RDat	ENSG00000070367	14	57670518	57735726	0.0418	rs1565946	 2.83	rs10136042	-0.001690	 -3.39	 1.6667	477	 1	top1	-0.0017	0.86	-1.66667	9.56e-02
NA	/data/songy4/twas/output/weights_control//ENSG00000139977.wgt.RDat	ENSG00000139977	14	57857262	57882635	0.1645	rs1565946	 2.83	rs1152534	 0.103511	  7.81	 1.5615	435	 5	lasso	0.11	2e-16	 1.79680	7.24e-02
NA	/data/songy4/twas/output/weights_control//ENSG00000131966.wgt.RDat	ENSG00000131966	14	58666798	58701750	0.1425	rs941752	-3.22	rs17832891	 0.079350	 -7.77	-2.7805	422	22	enet	0.13	5.8e-20	 2.69806	6.97e-03
NA	/data/songy4/twas/output/weights_control//ENSG00000100578.wgt.RDat	ENSG00000100578	14	58894103	59015216	0.0498	rs941752	-3.22	rs1190982	 0.015596	  5.05	-2.5905	550	 3	enet	0.022	0.00021	-2.02287	4.31e-02
NA	/data/songy4/twas/output/weights_control//ENSG00000100592.wgt.RDat	ENSG00000100592	14	59655364	59838123	0.1181	rs1253170	 3.66	rs8017556	 0.061446	  6.38	 2.2356	666	 5	lasso	0.07	6.4e-11	 1.65480	9.80e-02
NA	/data/songy4/twas/output/weights_control//ENSG00000181619.wgt.RDat	ENSG00000181619	14	59895740	59932060	0.3235	rs1253170	 3.84	rs8660	 0.250845	 12.17	 1.7292	485	 8	lasso	0.28	2.8e-42	 1.72497	8.45e-02
NA	/data/songy4/twas/output/weights_control//ENSG00000126790.wgt.RDat	ENSG00000126790	14	59927081	59951148	0.2396	rs1253170	 3.84	rs2774052	 0.168692	 -9.90	 3.1333	477	 7	lasso	0.22	1.4e-33	-1.89578	5.80e-02
NA	/data/songy4/twas/output/weights_control//ENSG00000151838.wgt.RDat	ENSG00000151838	14	59971257	60043549	0.0457	rs1253170	 3.89	rs1253171	 0.043946	 -5.29	-0.6682	473	 1	top1	0.044	2.3e-07	 0.66816	5.04e-01
NA	/data/songy4/twas/output/weights_control//ENSG00000139970.wgt.RDat	ENSG00000139970	14	60062694	60337684	0.2099	rs1887103	 4.34	rs17834111	 0.088777	 -7.48	-0.9583	515	37	enet	0.11	1e-16	-0.48032	6.31e-01
NA	/data/songy4/twas/output/weights_control//ENSG00000126773.wgt.RDat	ENSG00000126773	14	60558629	60635851	0.0803	rs1887103	 4.34	rs1254036	 0.111093	  8.18	 2.3571	319	 1	top1	0.11	1.3e-16	 2.35714	1.84e-02
NA	/data/songy4/twas/output/weights_control//ENSG00000100612.wgt.RDat	ENSG00000100612	14	60610838	60636574	0.1447	NA	   NA	NA	       NA	    NA	     NA	294	 0	lasso	0.054	1.2e-08	      NA	      NA
NA	/data/songy4/twas/output/weights_control//ENSG00000023608.wgt.RDat	ENSG00000023608	14	62229075	62263146	0.4464	rs1954483	 4.07	rs6573401	 0.319867	 14.00	 0.1622	538	38	enet	0.42	8.4e-70	 0.59298	5.53e-01
NA	/data/songy4/twas/output/weights_control//ENSG00000126821.wgt.RDat	ENSG00000126821	14	64150932	64194757	0.0364	rs1951210	-2.81	rs17101094	-0.001068	  3.52	-1.3894	394	 9	lasso	0.0022	0.13	-0.85793	3.91e-01
NA	/data/songy4/twas/output/weights_control//ENSG00000054654.wgt.RDat	ENSG00000054654	14	64319683	64693165	0.0696	rs1951210	-2.81	rs8020821	 0.036980	 -5.91	-0.4570	506	 2	lasso	0.039	1.2e-06	 0.38498	7.00e-01
NA	/data/songy4/twas/output/weights_control//ENSG00000100714.wgt.RDat	ENSG00000100714	14	64854749	64926722	0.0685	rs17101464	 2.29	rs3020449	 0.074031	 -6.78	 0.4330	527	 1	top1	0.074	1.9e-11	-0.43299	6.65e-01
NA	/data/songy4/twas/output/weights_control//ENSG00000126822.wgt.RDat	ENSG00000126822	14	65170820	65213610	0.1686	rs17824591	-2.08	rs229660	 0.088753	  7.58	-0.1314	503	 1	top1	0.089	1.8e-13	-0.13139	8.95e-01
NA	/data/songy4/twas/output/weights_control//ENSG00000258289.wgt.RDat	ENSG00000258289	14	65381079	65411309	0.4668	rs17824591	-2.08	rs4902336	 0.571496	 18.20	 0.0508	496	15	enet	0.6	2e-115	-0.27425	7.84e-01
NA	/data/songy4/twas/output/weights_control//ENSG00000257365.wgt.RDat	ENSG00000257365	14	65381203	65529368	0.2222	rs17824591	-2.08	rs12434868	 0.118561	  8.32	 0.7692	520	 1	top1	0.12	1.1e-17	 0.76923	4.42e-01
NA	/data/songy4/twas/output/weights_control//ENSG00000139998.wgt.RDat	ENSG00000139998	14	65412532	65439494	0.3733	rs2296322	-1.94	rs4899149	 0.054005	  6.30	-0.3150	493	89	enet	0.15	1.4e-21	-0.86786	3.85e-01
NA	/data/songy4/twas/output/weights_control//ENSG00000125952.wgt.RDat	ENSG00000125952	14	65472892	65569413	0.0763	rs2296322	-1.94	rs10083525	 0.011522	  4.36	 0.0778	486	 8	lasso	0.02	4e-04	-0.22306	8.23e-01
NA	/data/songy4/twas/output/weights_control//ENSG00000033170.wgt.RDat	ENSG00000033170	14	65877310	66210839	0.1364	rs7154449	-2.30	rs11158593	 0.139848	  9.57	-0.2062	515	16	enet	0.18	2.8e-26	 0.27423	7.84e-01
NA	/data/songy4/twas/output/weights_control//ENSG00000072415.wgt.RDat	ENSG00000072415	14	67707826	67802536	0.0535	rs12323823	-2.92	rs1813	 0.051189	 -5.77	 1.3903	450	 1	top1	0.051	2.5e-08	-1.39033	1.64e-01
NA	/data/songy4/twas/output/weights_control//ENSG00000100554.wgt.RDat	ENSG00000100554	14	67761088	67826982	0.0359	rs12323823	-2.92	rs10131212	 0.009705	  3.77	 0.1259	424	 1	top1	0.0097	0.01	 0.12585	9.00e-01
NA	/data/songy4/twas/output/weights_control//ENSG00000198133.wgt.RDat	ENSG00000198133	14	67913801	68000456	0.1698	rs8021740	-2.76	rs1077989	 0.058572	  6.21	 1.4839	417	20	enet	0.08	2.7e-12	 1.37663	1.69e-01
NA	/data/songy4/twas/output/weights_control//ENSG00000100564.wgt.RDat	ENSG00000100564	14	68048672	68067004	0.0324	rs8021740	-2.76	rs4902523	-0.001546	 -3.03	-1.3495	374	24	enet	-0.0013	0.6	-0.01351	9.89e-01
NA	/data/songy4/twas/output/weights_control//ENSG00000185650.wgt.RDat	ENSG00000185650	14	69254377	69263190	0.0635	rs2842337	 3.20	rs1836983	 0.004221	 -4.09	 0.0000	615	 1	top1	0.0042	0.064	 0.00000	1.00e+00
NA	/data/songy4/twas/output/weights_control//ENSG00000100626.wgt.RDat	ENSG00000100626	14	69725994	69821183	0.0433	rs8016546	 3.36	rs8023190	-0.001665	  3.33	 0.7984	493	 4	lasso	-0.0011	0.55	-0.23972	8.11e-01
NA	/data/songy4/twas/output/weights_control//ENSG00000029364.wgt.RDat	ENSG00000029364	14	69864732	69929105	0.4898	rs8016546	 3.36	rs12884741	 0.263847	 12.63	-1.2206	482	 6	lasso	0.29	2.3e-45	-0.98664	3.24e-01
NA	/data/songy4/twas/output/weights_control//ENSG00000175985.wgt.RDat	ENSG00000175985	14	69951409	69995215	0.4917	rs8016546	 3.36	rs17836248	 0.296520	 13.17	-0.2014	485	14	lasso	0.47	2.6e-80	 0.09856	9.21e-01
NA	/data/songy4/twas/output/weights_control//ENSG00000100647.wgt.RDat	ENSG00000100647	14	70078313	70181859	0.1099	rs4899323	 3.88	rs10498530	 0.029659	  5.83	-1.0813	557	17	enet	0.075	1.5e-11	-0.38798	6.98e-01
NA	/data/songy4/twas/output/weights_control//ENSG00000213463.wgt.RDat	ENSG00000213463	14	70838148	70883778	0.0927	rs4899323	 3.88	rs8021180	 0.092614	  7.39	 0.8713	582	 1	top1	0.093	5.2e-14	 0.87129	3.84e-01
NA	/data/songy4/twas/output/weights_control//ENSG00000134007.wgt.RDat	ENSG00000134007	14	70989075	71001732	0.2501	rs4899323	 3.88	rs11158863	 0.289780	-13.35	-1.6707	497	21	enet	0.3	3.8e-47	 1.69670	8.98e-02
NA	/data/songy4/twas/output/weights_control//ENSG00000133997.wgt.RDat	ENSG00000133997	14	71047974	71067384	0.1006	rs7148389	 3.24	rs17108246	 0.045199	 -6.35	-1.6287	451	45	enet	0.078	5e-12	 0.86285	3.88e-01
NA	/data/songy4/twas/output/weights_control//ENSG00000133985.wgt.RDat	ENSG00000133985	14	71108504	71142077	0.3616	rs1076265	-2.02	rs10141804	 0.088691	  7.81	 0.2178	446	47	enet	0.22	2.6e-32	 0.13378	8.94e-01
NA	/data/songy4/twas/output/weights_control//ENSG00000006432.wgt.RDat	ENSG00000006432	14	71189243	71276251	0.1155	rs7155371	 2.23	rs6573984	 0.079288	 -7.87	 0.8482	461	 9	lasso	0.11	9.8e-17	-0.38625	6.99e-01
NA	/data/songy4/twas/output/weights_control//ENSG00000100731.wgt.RDat	ENSG00000100731	14	71374122	71582099	0.2340	rs7155371	 2.23	rs221900	 0.105358	 -8.67	 0.7292	454	53	enet	0.14	2e-20	-0.39713	6.91e-01
NA	/data/songy4/twas/output/weights_control//ENSG00000182732.wgt.RDat	ENSG00000182732	14	72399156	73030654	0.1633	rs847355	 4.19	rs11623535	 0.108132	  8.77	-0.9189	880	45	enet	0.15	1.1e-21	-0.24601	8.06e-01
NA	/data/songy4/twas/output/weights_control//ENSG00000205683.wgt.RDat	ENSG00000205683	14	73086004	73360809	0.0601	rs847355	 4.19	rs847330	 0.001516	  3.41	 3.0734	660	 1	top1	0.0015	0.17	 3.07339	2.12e-03
NA	/data/songy4/twas/output/weights_control//ENSG00000119599.wgt.RDat	ENSG00000119599	14	73393040	73426411	0.4771	rs7148786	-3.44	rs11629006	 0.222221	 11.37	 0.6583	467	44	enet	0.45	1.3e-77	 0.26919	7.88e-01
NA	/data/songy4/twas/output/weights_control//ENSG00000080815.wgt.RDat	ENSG00000080815	14	73603126	73690399	0.3684	rs8013337	 2.57	rs214260	 0.209167	-12.41	 1.6992	432	 8	lasso	0.43	7.8e-72	-2.21963	2.64e-02
NA	/data/songy4/twas/output/weights_control//ENSG00000100767.wgt.RDat	ENSG00000100767	14	73704205	73741348	0.0575	rs10483851	 2.55	rs10498532	 0.036739	 -5.44	 1.0741	409	 2	lasso	0.038	1.4e-06	-1.34771	1.78e-01
NA	/data/songy4/twas/output/weights_control//ENSG00000133961.wgt.RDat	ENSG00000133961	14	73741815	73930348	0.0528	rs10483851	 2.55	rs362421	 0.016471	 -4.68	 0.9231	478	19	enet	0.026	5.9e-05	-0.49431	6.21e-01
NA	/data/songy4/twas/output/weights_control//ENSG00000187105.wgt.RDat	ENSG00000187105	14	73945189	74025651	0.0974	rs10133043	 2.55	rs2041073	 0.059638	  6.05	 0.5684	390	 1	top1	0.06	1.8e-09	 0.56836	5.70e-01
NA	/data/songy4/twas/output/weights_control//ENSG00000170468.wgt.RDat	ENSG00000170468	14	73957644	73960105	0.1071	rs10133043	 2.55	rs8012627	 0.089915	 -7.43	-1.2621	369	 1	top1	0.09	1.2e-13	 1.26214	2.07e-01
NA	/data/songy4/twas/output/weights_control//ENSG00000184227.wgt.RDat	ENSG00000184227	14	74003818	74010498	0.5813	rs10133043	 2.55	rs6574128	 0.309293	-13.50	-0.3545	356	63	enet	0.36	2.9e-58	 0.56172	5.74e-01
NA	/data/songy4/twas/output/weights_control//ENSG00000119673.wgt.RDat	ENSG00000119673	14	74034324	74042357	0.1531	rs10133043	 2.55	rs11625677	 0.038458	 -5.16	 1.2803	366	85	enet	0.25	2.5e-37	 0.11234	9.11e-01
NA	/data/songy4/twas/output/weights_control//ENSG00000177465.wgt.RDat	ENSG00000177465	14	74058410	74063200	0.4815	rs10133043	 2.55	rs12590145	 0.383369	 14.88	 0.3030	375	 7	lasso	0.4	2.2e-66	 0.18497	8.53e-01
NA	/data/songy4/twas/output/weights_control//ENSG00000140043.wgt.RDat	ENSG00000140043	14	74318547	74353530	0.6427	rs10133043	 2.55	rs8020267	 0.293161	 13.02	 0.2024	392	32	enet	0.38	2.7e-61	 0.30995	7.57e-01
NA	/data/songy4/twas/output/weights_control//ENSG00000119725.wgt.RDat	ENSG00000119725	14	74353320	74399214	0.0739	rs10133043	 2.55	rs12431457	 0.038478	  5.92	-0.0842	412	13	lasso	0.04	7.5e-07	-0.22427	8.23e-01
NA	/data/songy4/twas/output/weights_control//ENSG00000156050.wgt.RDat	ENSG00000156050	14	74398204	74417117	0.1871	rs10133043	 2.55	rs17782328	 0.190648	-10.95	 0.4030	410	 8	lasso	0.28	9.4e-43	-0.22262	8.24e-01
NA	/data/songy4/twas/output/weights_control//ENSG00000119723.wgt.RDat	ENSG00000119723	14	74416629	74430373	0.1496	rs10133043	 2.55	rs17182656	 0.142415	 -9.24	 0.5074	415	 1	top1	0.14	4e-21	-0.50735	6.12e-01
NA	/data/songy4/twas/output/weights_control//ENSG00000187097.wgt.RDat	ENSG00000187097	14	74424713	74486102	0.1798	rs10133043	 2.55	rs3742810	 0.072027	 -6.97	-0.8051	428	14	enet	0.13	6.9e-19	-0.08707	9.31e-01
NA	/data/songy4/twas/output/weights_control//ENSG00000119636.wgt.RDat	ENSG00000119636	14	74486056	74549566	0.0445	rs8014087	-3.00	rs7152352	 0.026759	 -5.21	-0.4059	429	 3	lasso	0.029	2.1e-05	 0.34435	7.31e-01
NA	/data/songy4/twas/output/weights_control//ENSG00000119711.wgt.RDat	ENSG00000119711	14	74523553	74551196	0.0428	rs8014087	-3.00	rs7152352	 0.031047	  4.81	-0.4059	421	 1	top1	0.031	1.3e-05	-0.40594	6.85e-01
NA	/data/songy4/twas/output/weights_control//ENSG00000183379.wgt.RDat	ENSG00000183379	14	74872596	74892805	0.0309	rs10134885	-5.95	rs4903231	-0.001100	 -3.40	-0.1837	390	 4	lasso	0.00091	0.22	 0.42404	6.72e-01
NA	/data/songy4/twas/output/weights_control//ENSG00000165898.wgt.RDat	ENSG00000165898	14	74960423	74963809	0.6744	rs10134885	-5.95	rs4903231	 0.562802	 18.00	-0.1837	362	 7	lasso	0.57	2.8e-106	-0.27097	7.86e-01
NA	/data/songy4/twas/output/weights_control//ENSG00000119682.wgt.RDat	ENSG00000119682	14	75120140	75179818	0.0859	rs10134885	-5.95	rs752857	 0.042215	  5.38	-0.5833	373	 1	top1	0.042	4e-07	-0.58333	5.60e-01
NA	/data/songy4/twas/output/weights_control//ENSG00000119689.wgt.RDat	ENSG00000119689	14	75348594	75370448	0.0558	rs10134885	-5.95	rs8006778	 0.001254	  3.73	 1.1649	393	15	enet	0.01	0.0082	-0.96688	3.34e-01
NA	/data/songy4/twas/output/weights_control//ENSG00000198208.wgt.RDat	ENSG00000198208	14	75370657	75390099	0.0965	rs10134885	-5.95	rs2159906	 0.137260	  8.93	 1.1010	397	 7	lasso	0.14	1.4e-20	 0.79259	4.28e-01
NA	/data/songy4/twas/output/weights_control//ENSG00000119718.wgt.RDat	ENSG00000119718	14	75469614	75476292	0.2477	rs10134885	-5.95	rs108621	 0.387211	-15.27	 1.5106	419	 5	lasso	0.4	2e-65	-1.58860	1.12e-01
NA	/data/songy4/twas/output/weights_control//ENSG00000119684.wgt.RDat	ENSG00000119684	14	75480467	75518235	0.0720	rs10134885	-5.95	rs175049	 0.103437	 -7.93	 1.6170	438	 1	top1	0.1	1.6e-15	-1.61702	1.06e-01
NA	/data/songy4/twas/output/weights_control//ENSG00000119640.wgt.RDat	ENSG00000119640	14	75519924	75536186	0.0798	rs10134885	-5.95	rs4903273	 0.025791	  5.72	-0.4330	428	19	enet	0.039	1e-06	-2.29294	2.19e-02
NA	/data/songy4/twas/output/weights_control//ENSG00000119638.wgt.RDat	ENSG00000119638	14	75548822	75594047	0.0295	rs10134885	-5.95	rs4903273	 0.023736	  4.71	-0.4330	438	 1	top1	0.024	0.00012	-0.43299	6.65e-01
NA	/data/songy4/twas/output/weights_control//ENSG00000119686.wgt.RDat	ENSG00000119686	14	76044960	76129557	0.1328	rs12431669	 3.05	rs3784003	 0.133525	  9.01	 2.7982	495	12	lasso	0.14	3e-20	 2.57538	1.00e-02
NA	/data/songy4/twas/output/weights_control//ENSG00000119685.wgt.RDat	ENSG00000119685	14	76099968	76421421	0.1220	rs7158350	 2.99	rs1981898	 0.111764	 -8.49	 2.7019	639	 2	lasso	0.11	6.3e-17	-2.75081	5.94e-03
NA	/data/songy4/twas/output/weights_control//ENSG00000119699.wgt.RDat	ENSG00000119699	14	76424442	76449334	0.1976	rs7158350	 2.99	rs3917172	 0.108745	 -8.15	 0.5792	481	 5	lasso	0.11	2e-16	-0.22563	8.21e-01
NA	/data/songy4/twas/output/weights_control//ENSG00000089916.wgt.RDat	ENSG00000089916	14	76618259	76720685	0.4238	rs850755	-3.05	rs7151939	 0.261128	 12.30	 0.1689	529	10	lasso	0.34	1.7e-53	 0.61481	5.39e-01
NA	/data/songy4/twas/output/weights_control//ENSG00000119715.wgt.RDat	ENSG00000119715	14	76776957	76968178	0.0994	rs850755	-3.05	rs8020004	 0.056251	 -5.93	 0.3786	602	 1	top1	0.056	5.1e-09	-0.37864	7.05e-01
NA	/data/songy4/twas/output/weights_control//ENSG00000071246.wgt.RDat	ENSG00000071246	14	77228532	77249354	0.6507	rs8021076	-3.89	rs10483877	 0.713074	 20.22	-0.9469	580	 4	lasso	0.73	1.8e-165	-0.99012	3.22e-01
NA	/data/songy4/twas/output/weights_control//ENSG00000013523.wgt.RDat	ENSG00000013523	14	77253588	77292589	0.1023	rs8021076	-3.89	rs11623512	 0.049402	  6.30	-1.2655	604	 4	lasso	0.056	5e-09	-0.78633	4.32e-01
NA	/data/songy4/twas/output/weights_control//ENSG00000119669.wgt.RDat	ENSG00000119669	14	77490888	77495034	0.0891	rs8021076	-3.89	rs12431415	 0.035103	 -6.63	-0.5096	557	 4	lasso	0.065	2.9e-10	 0.82605	4.09e-01
NA	/data/songy4/twas/output/weights_control//ENSG00000198894.wgt.RDat	ENSG00000198894	14	77564440	77583630	0.2284	rs8021076	-3.89	rs3185777	 0.172760	-10.22	-0.4865	554	 6	lasso	0.2	1.7e-29	 0.14352	8.86e-01
NA	/data/songy4/twas/output/weights_control//ENSG00000165548.wgt.RDat	ENSG00000165548	14	77582911	77725838	0.4812	rs8021076	-3.89	rs1911728	 0.320443	 13.61	-1.4455	615	 5	lasso	0.48	6.5e-83	-1.53267	1.25e-01
NA	/data/songy4/twas/output/weights_control//ENSG00000009830.wgt.RDat	ENSG00000009830	14	77741299	77787227	0.1082	rs8021076	-3.89	rs2058916	 0.029159	  5.48	-2.6031	564	18	enet	0.041	6.5e-07	-2.87310	4.06e-03
NA	/data/songy4/twas/output/weights_control//ENSG00000100577.wgt.RDat	ENSG00000100577	14	77787227	77797940	0.1250	rs8021076	-3.89	rs2111699	 0.109688	  8.41	 0.6535	554	13	enet	0.14	1e-20	 0.91883	3.58e-01
NA	/data/songy4/twas/output/weights_control//ENSG00000100580.wgt.RDat	ENSG00000100580	14	77801364	77843452	0.0858	rs8021076	-3.89	rs12435136	 0.100328	  7.72	-2.6146	578	 6	lasso	0.11	8.3e-16	-2.52801	1.15e-02
NA	/data/songy4/twas/output/weights_control//ENSG00000100583.wgt.RDat	ENSG00000100583	14	77843032	77857840	0.0773	rs8021076	-3.89	rs11844594	 0.023038	  5.52	-2.5417	555	 9	lasso	0.04	8.5e-07	-2.86178	4.21e-03
NA	/data/songy4/twas/output/weights_control//ENSG00000165555.wgt.RDat	ENSG00000165555	14	77860364	77889860	0.1257	rs8021076	-3.89	rs11622359	 0.061710	  6.50	 2.7053	582	 1	top1	0.062	9.3e-10	 2.70526	6.83e-03
NA	/data/songy4/twas/output/weights_control//ENSG00000100596.wgt.RDat	ENSG00000100596	14	77972340	78083116	0.1776	rs8021076	-3.89	rs11629330	 0.086122	 -7.43	 0.1122	674	 8	lasso	0.098	8.7e-15	 0.32459	7.45e-01
NA	/data/songy4/twas/output/weights_control//ENSG00000100601.wgt.RDat	ENSG00000100601	14	78138747	78174363	0.0705	rs8021076	-3.89	rs1030151	 0.074227	  6.64	 0.9709	653	 1	top1	0.074	1.8e-11	 0.97093	3.32e-01
NA	/data/songy4/twas/output/weights_control//ENSG00000100603.wgt.RDat	ENSG00000100603	14	78183942	78227550	0.0990	rs8021076	-3.89	rs724264	 0.069133	  6.57	 0.7864	660	 1	top1	0.069	9.1e-11	 0.78636	4.32e-01
NA	/data/songy4/twas/output/weights_control//ENSG00000063761.wgt.RDat	ENSG00000063761	14	78266426	78401355	0.5513	rs17106604	-3.27	rs724264	 0.514618	 17.35	 0.7864	706	24	enet	0.55	6.1e-101	 1.06987	2.85e-01
NA	/data/songy4/twas/output/weights_control//ENSG00000100629.wgt.RDat	ENSG00000100629	14	80943330	81425861	0.2390	rs12147846	 2.70	rs2371462	 0.256457	 12.80	-1.5361	603	10	lasso	0.33	1.2e-51	-1.61754	1.06e-01
NA	/data/songy4/twas/output/weights_control//ENSG00000165409.wgt.RDat	ENSG00000165409	14	81421333	81612646	0.1365	rs12147846	 2.70	rs179247	 0.107020	  8.96	-2.2105	500	10	lasso	0.14	3e-20	-1.78732	7.39e-02
NA	/data/songy4/twas/output/weights_control//ENSG00000165417.wgt.RDat	ENSG00000165417	14	81641796	81687721	0.0593	rs7160517	 2.98	rs12147118	 0.004361	 -4.97	-1.0693	434	 9	enet	0.02	0.00044	 0.34309	7.32e-01
NA	/data/songy4/twas/output/weights_control//ENSG00000140022.wgt.RDat	ENSG00000140022	14	81727000	81902809	0.1042	rs7160517	 2.98	rs12888000	 0.032858	  5.36	-0.0198	503	 4	lasso	0.052	2e-08	-0.50691	6.12e-01
NA	/data/songy4/twas/output/weights_control//ENSG00000054983.wgt.RDat	ENSG00000054983	14	88304164	88460009	0.1204	rs979812	 6.56	rs10483987	 0.083995	 -7.11	-2.1061	538	30	enet	0.093	4.4e-14	 3.33935	8.40e-04
NA	/data/songy4/twas/output/weights_control//ENSG00000140030.wgt.RDat	ENSG00000140030	14	88471468	88478419	0.1770	rs979812	 6.56	rs979812	 0.225420	 11.43	 6.5591	479	 7	lasso	0.25	2.5e-38	 6.24845	4.15e-10
NA	/data/songy4/twas/output/weights_control//ENSG00000042317.wgt.RDat	ENSG00000042317	14	88851268	88936694	0.0500	rs979812	 6.56	rs11622536	 0.005588	  4.64	 1.2593	522	13	enet	0.0086	0.015	 0.68718	4.92e-01
NA	/data/songy4/twas/output/weights_control//ENSG00000042088.wgt.RDat	ENSG00000042088	14	90421283	90511106	0.1369	rs1294569	 3.17	rs7154092	 0.011256	 -5.00	-0.2157	481	44	enet	0.046	1.1e-07	 0.56501	5.72e-01
NA	/data/songy4/twas/output/weights_control//ENSG00000152315.wgt.RDat	ENSG00000152315	14	90528109	90652201	0.1195	rs1294569	 3.17	rs7157041	 0.068737	 -6.83	 0.3455	499	 9	enet	0.077	6.5e-12	-0.36300	7.17e-01
NA	/data/songy4/twas/output/weights_control//ENSG00000119720.wgt.RDat	ENSG00000119720	14	90742580	90798481	0.0383	rs743201	-3.70	rs769044	-0.000182	 -3.66	 2.2456	470	 1	top1	-0.00018	0.34	-2.24561	2.47e-02
NA	/data/songy4/twas/output/weights_control//ENSG00000198668.wgt.RDat	ENSG00000198668	14	90862846	90874605	0.0483	rs743201	-3.70	rs17799268	 0.008962	 -3.87	-0.0732	433	 1	top1	0.009	0.013	 0.07317	9.42e-01
NA	/data/songy4/twas/output/weights_control//ENSG00000100784.wgt.RDat	ENSG00000100784	14	91336799	91526980	0.1196	rs743201	-3.70	rs4496056	 0.014783	  5.38	-1.3551	478	 9	enet	0.059	2.2e-09	 0.84686	3.97e-01
NA	/data/songy4/twas/output/weights_control//ENSG00000133943.wgt.RDat	ENSG00000133943	14	91526677	91691976	0.5782	rs743201	-3.70	rs12436409	 0.144433	 -9.24	 1.7937	472	51	enet	0.38	1.8e-62	-1.03722	3.00e-01
NA	/data/songy4/twas/output/weights_control//ENSG00000119714.wgt.RDat	ENSG00000119714	14	91698876	91720269	0.0489	rs743201	-3.70	rs2758144	 0.012175	 -4.70	 0.7364	385	 4	lasso	0.022	0.00024	-0.71480	4.75e-01
NA	/data/songy4/twas/output/weights_control//ENSG00000015133.wgt.RDat	ENSG00000015133	14	91737667	91884188	0.0719	rs743201	-3.70	rs1951244	 0.018440	 -4.10	-0.3509	448	 1	top1	0.018	0.00064	 0.35088	7.26e-01
NA	/data/songy4/twas/output/weights_control//ENSG00000133962.wgt.RDat	ENSG00000133962	14	92047040	92247051	0.3750	rs7152572	-3.43	rs2052204	 0.167708	 10.59	 0.8000	523	 9	lasso	0.31	6.6e-48	 1.51509	1.30e-01
NA	/data/songy4/twas/output/weights_control//ENSG00000165929.wgt.RDat	ENSG00000165929	14	92246095	92333880	0.1892	rs7152572	-3.43	rs10149012	 0.063645	 -7.13	 1.3920	499	 8	lasso	0.12	5.2e-18	-1.41683	1.57e-01
NA	/data/songy4/twas/output/weights_control//ENSG00000140092.wgt.RDat	ENSG00000140092	14	92335756	92414331	0.5552	rs7152572	-3.43	rs2284339	 0.509555	-17.15	-0.2300	508	 8	lasso	0.55	3.3e-102	 0.23908	8.11e-01
NA	/data/songy4/twas/output/weights_control//ENSG00000100815.wgt.RDat	ENSG00000100815	14	92432335	92507240	0.0437	rs10132169	 3.19	rs17127945	 0.015854	  4.68	 0.3254	524	15	enet	0.036	2.9e-06	-0.72410	4.69e-01
NA	/data/songy4/twas/output/weights_control//ENSG00000066427.wgt.RDat	ENSG00000066427	14	92524896	92572965	0.3366	rs10132169	 3.19	rs2402109	 0.249061	 12.07	-0.9123	542	21	enet	0.27	3.9e-42	-0.37226	7.10e-01
NA	/data/songy4/twas/output/weights_control//ENSG00000183648.wgt.RDat	ENSG00000183648	14	92582466	92588261	0.1204	rs10132169	 3.19	rs12586783	 0.053025	  5.99	 0.0952	528	 1	top1	0.053	1.4e-08	 0.09524	9.24e-01
NA	/data/songy4/twas/output/weights_control//ENSG00000165934.wgt.RDat	ENSG00000165934	14	92588281	92630755	0.2670	rs10132169	 3.19	rs3818263	 0.261540	-12.32	-0.1765	560	25	enet	0.28	1.2e-43	-0.17614	8.60e-01
NA	/data/songy4/twas/output/weights_control//ENSG00000140090.wgt.RDat	ENSG00000140090	14	92788925	92962596	0.2367	rs9658635	 3.39	rs10135174	 0.060509	 -6.27	 0.7200	655	70	enet	0.094	3.7e-14	-2.16832	3.01e-02
NA	/data/songy4/twas/output/weights_control//ENSG00000100599.wgt.RDat	ENSG00000100599	14	92980118	93155339	0.1451	rs9658635	 3.39	rs17783630	 0.099635	  7.76	-0.1485	620	 1	top1	0.1	5.5e-15	-0.14851	8.82e-01
NA	/data/songy4/twas/output/weights_control//ENSG00000100605.wgt.RDat	ENSG00000100605	14	93403259	93582665	0.1126	rs9658635	 3.39	rs941539	 0.042817	 -5.72	-0.1358	533	 1	top1	0.043	3.3e-07	 0.13580	8.92e-01
NA	/data/songy4/twas/output/weights_control//ENSG00000012963.wgt.RDat	ENSG00000012963	14	93673401	93695561	0.1239	rs9658635	 3.39	rs11625516	 0.102753	 -7.82	 0.1019	389	 1	top1	0.1	2e-15	-0.10185	9.19e-01
NA	/data/songy4/twas/output/weights_control//ENSG00000011114.wgt.RDat	ENSG00000011114	14	93703896	93799438	0.0944	rs9658635	 3.39	rs6575317	 0.030447	 -5.25	-0.9109	448	23	enet	0.058	2.9e-09	 1.15179	2.49e-01
NA	/data/songy4/twas/output/weights_control//ENSG00000089737.wgt.RDat	ENSG00000089737	14	94517266	94547591	0.0743	rs1243167	 3.80	rs4905146	 0.032457	 -5.04	-0.3551	716	 7	lasso	0.039	1.1e-06	 0.04159	9.67e-01
NA	/data/songy4/twas/output/weights_control//ENSG00000119632.wgt.RDat	ENSG00000119632	14	94594116	94596590	0.0880	rs1243167	 3.80	rs11621705	-0.000327	 -3.98	 0.2346	754	10	lasso	0.013	0.0032	-2.28458	2.23e-02
NA	/data/songy4/twas/output/weights_control//ENSG00000119698.wgt.RDat	ENSG00000119698	14	94612465	94746072	0.3765	rs1243167	 3.80	rs1956452	 0.288629	 12.92	 0.7157	862	75	enet	0.34	5.3e-54	 1.03135	3.02e-01
NA	/data/songy4/twas/output/weights_control//ENSG00000197249.wgt.RDat	ENSG00000197249	14	94843084	94857030	0.4499	rs1243167	 3.80	rs3748316	 0.154259	-10.20	 1.2602	816	29	enet	0.41	5.2e-67	-0.25889	7.96e-01
NA	/data/songy4/twas/output/weights_control//ENSG00000165959.wgt.RDat	ENSG00000165959	14	95648277	95786243	0.1309	rs1057035	 4.90	rs4905296	 0.055868	 -5.93	 0.8704	859	 4	lasso	0.077	7e-12	-1.49588	1.35e-01
NA	/data/songy4/twas/output/weights_control//ENSG00000176438.wgt.RDat	ENSG00000176438	14	95883831	95942173	0.1319	rs1057035	 4.90	rs86990	 0.021836	 -5.03	 0.6917	742	14	enet	0.05	3.5e-08	-0.68197	4.95e-01
NA	/data/songy4/twas/output/weights_control//ENSG00000182512.wgt.RDat	ENSG00000182512	14	95999840	96011061	0.0981	rs1057035	 4.90	rs10484052	 0.027648	  5.69	 1.0261	702	 5	lasso	0.047	8.7e-08	 1.30538	1.92e-01
NA	/data/songy4/twas/output/weights_control//ENSG00000213231.wgt.RDat	ENSG00000213231	14	96152754	96158980	0.1919	rs7156411	 3.34	rs1743519	 0.147332	  9.29	 0.8763	747	20	enet	0.16	1.8e-23	 0.97861	3.28e-01
NA	/data/songy4/twas/output/weights_control//ENSG00000100721.wgt.RDat	ENSG00000100721	14	96176304	96180533	0.1460	rs7140309	-3.00	rs2369049	 0.081912	 -6.92	-0.6950	746	 1	top1	0.082	1.6e-12	 0.69504	4.87e-01
NA	/data/songy4/twas/output/weights_control//ENSG00000250366.wgt.RDat	ENSG00000250366	14	96342729	96391908	0.0748	rs7140309	-3.00	rs1056145	 0.000356	  3.52	-0.0909	787	41	enet	0.00074	0.23	 0.83479	4.04e-01
NA	/data/songy4/twas/output/weights_control//ENSG00000227051.wgt.RDat	ENSG00000227051	14	96505661	96560417	0.4825	rs1743516	 2.22	rs941770	 0.230138	 12.21	-0.2114	661	 6	lasso	0.43	3.3e-73	-0.40743	6.84e-01
NA	/data/songy4/twas/output/weights_control//ENSG00000066739.wgt.RDat	ENSG00000066739	14	96747595	96830207	0.0923	rs11850396	-2.19	rs6575581	 0.045474	  5.25	-0.7064	607	 7	lasso	0.047	9.2e-08	-0.19597	8.45e-01
NA	/data/songy4/twas/output/weights_control//ENSG00000100744.wgt.RDat	ENSG00000100744	14	96829814	96853625	0.1943	rs11850396	-2.19	rs11624919	 0.203239	 10.92	-0.5031	566	 1	top1	0.2	2.4e-30	-0.50305	6.15e-01
NA	/data/songy4/twas/output/weights_control//ENSG00000090060.wgt.RDat	ENSG00000090060	14	96967770	97033448	0.0840	rs11850396	-2.19	rs6575589	 0.037187	  5.01	 0.4238	603	 1	top1	0.037	1.9e-06	 0.42384	6.72e-01
NA	/data/songy4/twas/output/weights_control//ENSG00000090061.wgt.RDat	ENSG00000090061	14	99947506	100001381	0.0642	rs4900442	 3.92	rs2069492	 0.042483	 -5.76	 0.7781	554	 1	top1	0.042	3.7e-07	-0.77811	4.37e-01
NA	/data/songy4/twas/output/weights_control//ENSG00000182218.wgt.RDat	ENSG00000182218	14	100111447	100146906	0.1121	rs2236317	 4.31	rs12890020	 0.092400	  7.78	 0.7207	458	 1	top1	0.092	5.6e-14	 0.72072	4.71e-01
NA	/data/songy4/twas/output/weights_control//ENSG00000196405.wgt.RDat	ENSG00000196405	14	100437786	100610573	0.0525	rs7157199	 4.38	rs6575763	 0.005635	 -4.13	 3.6168	472	 1	top1	0.0056	0.04	-3.61682	2.98e-04
NA	/data/songy4/twas/output/weights_control//ENSG00000197119.wgt.RDat	ENSG00000197119	14	100757448	100772884	0.8480	rs1058009	 4.62	rs1059264	 0.518355	 17.26	 2.3458	414	46	enet	0.75	3.2e-175	 0.49901	6.18e-01
NA	/data/songy4/twas/output/weights_control//ENSG00000140105.wgt.RDat	ENSG00000140105	14	100800125	100843142	0.3470	rs1058009	 4.62	rs1570305	 0.445458	 16.09	-2.6174	445	 3	lasso	0.45	2.6e-76	-2.76097	5.76e-03
NA	/data/songy4/twas/output/weights_control//ENSG00000176473.wgt.RDat	ENSG00000176473	14	100842755	100996640	0.3119	rs1058009	 4.62	rs12897338	 0.345760	 14.15	 0.9043	479	 1	top1	0.35	5.5e-55	 0.90426	3.66e-01
NA	/data/songy4/twas/output/weights_control//ENSG00000156381.wgt.RDat	ENSG00000156381	14	102973179	102976136	0.1400	rs941727	-3.34	rs2236349	 0.122031	 -8.80	-0.4828	328	26	enet	0.13	1e-18	 0.33440	7.38e-01
NA	/data/songy4/twas/output/weights_control//ENSG00000089902.wgt.RDat	ENSG00000089902	14	103058998	103196913	0.0466	rs941727	-3.34	rs20485	 0.026086	  5.12	-2.8982	375	 1	top1	0.026	5.9e-05	-2.89820	3.75e-03
NA	/data/songy4/twas/output/weights_control//ENSG00000131323.wgt.RDat	ENSG00000131323	14	103243813	103377837	0.0474	rs941727	-3.34	rs2075771	 0.034400	  5.28	 1.4100	387	 1	top1	0.034	4.5e-06	 1.41000	1.59e-01
NA	/data/songy4/twas/output/weights_control//ENSG00000166126.wgt.RDat	ENSG00000166126	14	103388993	103399933	0.0427	rs941727	-3.34	rs1956161	 0.012180	 -4.14	-0.7852	349	 5	lasso	0.02	0.00045	 0.41566	6.78e-01
NA	/data/songy4/twas/output/weights_control//ENSG00000198752.wgt.RDat	ENSG00000198752	14	103398716	103523799	0.0828	rs941727	-3.34	rs17101146	 0.019748	 -4.97	-0.7326	383	33	enet	0.048	7.5e-08	-0.75833	4.48e-01
NA	/data/songy4/twas/output/weights_control//ENSG00000100664.wgt.RDat	ENSG00000100664	14	103799881	103811362	0.0431	rs2246490	-2.63	rs17677896	 0.006697	  4.49	 0.9510	361	 1	top1	0.0067	0.028	 0.95098	3.42e-01
NA	/data/songy4/twas/output/weights_control//ENSG00000075413.wgt.RDat	ENSG00000075413	14	103851729	103970168	0.1670	rs17792891	 3.85	rs8020912	 0.151086	  9.57	 0.6579	400	 1	top1	0.15	2.1e-22	 0.65789	5.11e-01
NA	/data/songy4/twas/output/weights_control//ENSG00000166165.wgt.RDat	ENSG00000166165	14	103985996	103989448	0.0631	rs17792891	 3.85	rs8015712	 0.037492	 -5.76	 0.7317	358	 7	lasso	0.047	1e-07	 0.40397	6.86e-01
NA	/data/songy4/twas/output/weights_control//ENSG00000166166.wgt.RDat	ENSG00000166166	14	103995521	104003410	0.0707	rs17792891	 3.85	rs861537	 0.022588	 -5.73	-1.5392	356	 9	lasso	0.047	1e-07	 1.27061	2.04e-01
NA	/data/songy4/twas/output/weights_control//ENSG00000166170.wgt.RDat	ENSG00000166170	14	104022881	104029168	0.0892	rs17792891	 3.85	rs942863	 0.113551	 -8.44	 1.9703	361	 1	top1	0.11	5.9e-17	-1.97030	4.88e-02
NA	/data/songy4/twas/output/weights_control//ENSG00000126214.wgt.RDat	ENSG00000126214	14	104028233	104167888	0.2083	rs17792891	 3.85	rs11850979	 0.244234	-12.12	-1.6250	402	26	enet	0.29	2.9e-45	 1.15899	2.46e-01
NA	/data/songy4/twas/output/weights_control//ENSG00000256053.wgt.RDat	ENSG00000256053	14	104029299	104073860	0.0722	rs17792891	 3.85	rs3759577	-0.001009	 -3.73	 0.3740	373	25	enet	0.0037	0.076	 0.04045	9.68e-01
NA	/data/songy4/twas/output/weights_control//ENSG00000126215.wgt.RDat	ENSG00000126215	14	104163946	104181841	0.0385	rs17792891	 3.85	rs12586395	 0.005813	 -3.08	-1.2893	356	 1	top1	0.0058	0.037	 1.28931	1.97e-01
NA	/data/songy4/twas/output/weights_control//ENSG00000156414.wgt.RDat	ENSG00000156414	14	104394799	104519004	0.2880	rs17792891	 3.85	rs10149651	 0.209873	 11.26	-1.9231	377	 5	lasso	0.25	1.2e-38	-3.06600	2.17e-03
NA	/data/songy4/twas/output/weights_control//ENSG00000066735.wgt.RDat	ENSG00000066735	14	104605060	104647231	0.1404	rs17792891	 3.85	rs1557012	 0.080176	 -6.98	 3.2030	364	19	enet	0.082	1.7e-12	-3.52652	4.21e-04
NA	/data/songy4/twas/output/weights_control//ENSG00000203485.wgt.RDat	ENSG00000203485	14	105155943	105185942	0.4079	rs7156096	 3.65	rs10133301	 0.302929	-13.20	 1.1467	370	 5	lasso	0.34	5.7e-54	-0.36623	7.14e-01
NA	/data/songy4/twas/output/weights_control//ENSG00000142208.wgt.RDat	ENSG00000142208	14	105235686	105262088	0.3218	rs7156096	 3.65	rs10136000	 0.095645	 -7.64	-0.3361	377	63	enet	0.17	2.3e-25	 0.49603	6.20e-01
NA	/data/songy4/twas/output/weights_control//ENSG00000099814.wgt.RDat	ENSG00000099814	14	105331617	105363107	0.2357	rs7156096	 3.65	rs2841279	 0.150675	  9.48	 0.8175	342	 3	lasso	0.16	8.7e-24	 0.67554	4.99e-01
NA	/data/songy4/twas/output/weights_control//ENSG00000166428.wgt.RDat	ENSG00000166428	14	105391153	105399574	0.0653	rs7156096	 3.65	rs10083490	 0.002165	  3.80	-2.7396	320	18	enet	0.0062	0.033	 1.09372	2.74e-01
NA	/data/songy4/twas/output/weights_control//ENSG00000140104.wgt.RDat	ENSG00000140104	14	105452112	105476819	0.0696	rs7156096	 3.65	rs2582574	 0.052667	  5.82	 0.0161	325	 1	top1	0.053	1.6e-08	 0.01613	9.87e-01
NA	/data/songy4/twas/output/weights_control//ENSG00000170779.wgt.RDat	ENSG00000170779	14	105475910	105487485	0.3453	rs7156096	 3.65	rs3204173	 0.382004	-14.97	-1.4646	316	 7	lasso	0.4	1.3e-65	 1.82184	6.85e-02
NA	/data/songy4/twas/output/weights_control//ENSG00000185024.wgt.RDat	ENSG00000185024	14	105675623	105781926	0.0826	rs7156096	 3.65	rs8020454	 0.029973	 -4.91	 0.2883	245	 6	lasso	0.031	1.3e-05	-1.32678	1.85e-01
NA	/data/songy4/twas/output/weights_control//ENSG00000184887.wgt.RDat	ENSG00000184887	14	105714827	105717430	0.5323	rs1057744	-3.12	rs14592	 0.209603	-11.10	 1.7541	219	24	enet	0.27	1.8e-41	-1.01982	3.08e-01
NA	/data/songy4/twas/output/weights_control//ENSG00000182809.wgt.RDat	ENSG00000182809	14	105939299	105946499	0.3112	rs1057744	-3.12	rs4983413	 0.081583	  7.02	 0.0684	157	29	enet	0.11	2.5e-16	-0.50277	6.15e-01
NA	/data/songy4/twas/output/weights_control//ENSG00000184986.wgt.RDat	ENSG00000184986	14	105992940	105996539	0.2366	rs1057744	-3.12	rs4074453	 0.312016	-13.55	 0.5259	132	 1	top1	0.31	1.1e-48	-0.52586	5.99e-01
