PANEL	FILE	ID	CHR	P0	P1	HSQ	BEST.GWAS.ID	BEST.GWAS.Z	EQTL.ID	EQTL.R2	EQTL.Z	EQTL.GWAS.Z	NSNP	NWGT	MODEL	MODELCV.R2	MODELCV.PV	TWAS.Z	TWAS.P
NA	/data/songy4/twas/output/weights_control//ENSG00000177951.wgt.RDat	ENSG00000177951	11	167784	207428	0.2729	rs4963136	 4.25	rs11602954	 2.51e-01	 12.25	-2.1513	 281	 15	enet	0.29	7.5e-45	-1.72265	8.50e-02
NA	/data/songy4/twas/output/weights_control//ENSG00000188076.wgt.RDat	ENSG00000188076	11	193080	194573	0.1925	rs4963136	 4.25	rs11602954	 2.07e-01	 10.95	-2.1513	 272	  4	lasso	0.21	3.2e-31	-2.02648	4.27e-02
NA	/data/songy4/twas/output/weights_control//ENSG00000177947.wgt.RDat	ENSG00000177947	11	196738	200261	0.0632	rs4963136	 4.25	rs559422	 2.65e-02	 -4.85	-1.9205	 278	  2	lasso	0.043	3.6e-07	 1.85507	6.36e-02
NA	/data/songy4/twas/output/weights_control//ENSG00000177963.wgt.RDat	ENSG00000177963	11	207511	215113	0.0934	rs4963136	 4.25	rs1045288	 7.06e-02	  6.70	 1.0000	 284	  6	lasso	0.073	3e-11	 1.61655	1.06e-01
NA	/data/songy4/twas/output/weights_control//ENSG00000142082.wgt.RDat	ENSG00000142082	11	215458	236931	0.1877	rs4963136	 4.25	rs11602954	 7.27e-02	  7.96	-2.1513	 296	  6	lasso	0.16	2e-24	-1.23085	2.18e-01
NA	/data/songy4/twas/output/weights_control//ENSG00000185627.wgt.RDat	ENSG00000185627	11	236546	252983	0.0855	rs4963136	 4.25	rs2272566	 5.04e-02	  5.56	-0.6489	 301	  1	top1	0.05	3.1e-08	-0.64894	5.16e-01
NA	/data/songy4/twas/output/weights_control//ENSG00000174885.wgt.RDat	ENSG00000174885	11	278365	285359	0.3875	rs4963136	 4.25	rs6541	 1.60e-01	 -9.69	-2.0296	 315	 59	enet	0.24	1.3e-35	 2.81881	4.82e-03
NA	/data/songy4/twas/output/weights_control//ENSG00000142102.wgt.RDat	ENSG00000142102	11	289135	296107	0.2626	rs4963136	 4.25	rs1060819	 1.33e-01	 -8.90	-0.4793	 320	  4	lasso	0.14	3.4e-20	 0.14958	8.81e-01
NA	/data/songy4/twas/output/weights_control//ENSG00000185885.wgt.RDat	ENSG00000185885	11	313506	315272	0.1957	rs4963136	 4.25	rs9704354	 5.92e-02	  6.09	 1.3707	 328	 46	enet	0.087	2.9e-13	 0.45962	6.46e-01
NA	/data/songy4/twas/output/weights_control//ENSG00000142089.wgt.RDat	ENSG00000142089	11	319669	327537	0.5693	rs4963136	 4.25	rs11246068	 9.28e-02	  8.92	-1.1119	 333	 36	enet	0.33	1.8e-51	-0.93777	3.48e-01
NA	/data/songy4/twas/output/weights_control//ENSG00000182272.wgt.RDat	ENSG00000182272	11	369796	382116	0.1520	rs4963136	 4.25	rs12361394	 3.55e-02	  6.06	-1.1019	 361	 30	enet	0.1	1.7e-15	-0.75098	4.53e-01
NA	/data/songy4/twas/output/weights_control//ENSG00000184363.wgt.RDat	ENSG00000184363	11	392614	404908	0.0810	rs4963136	 4.25	rs6598025	 2.84e-02	  5.36	-2.0412	 374	  5	lasso	0.032	1e-05	-2.00167	4.53e-02
NA	/data/songy4/twas/output/weights_control//ENSG00000185187.wgt.RDat	ENSG00000185187	11	405716	417455	0.0906	rs4963136	 4.25	rs7395012	 3.23e-02	  5.17	-0.5304	 375	  6	lasso	0.067	1.8e-10	 1.19201	2.33e-01
NA	/data/songy4/twas/output/weights_control//ENSG00000185101.wgt.RDat	ENSG00000185101	11	417933	442011	0.1254	rs4963136	 4.25	rs7481614	 3.52e-02	  5.66	 0.7568	 384	 60	enet	0.06	1.6e-09	 0.79493	4.27e-01
NA	/data/songy4/twas/output/weights_control//ENSG00000023191.wgt.RDat	ENSG00000023191	11	494512	507300	0.0484	rs4963136	 4.25	rs4963194	 5.61e-03	  4.50	 2.7113	 421	  7	enet	0.026	6.2e-05	 2.17052	3.00e-02
NA	/data/songy4/twas/output/weights_control//ENSG00000174775.wgt.RDat	ENSG00000174775	11	532242	537287	0.0395	rs4963136	 4.25	rs36002993	 4.31e-02	 -5.32	 1.7230	 433	  1	top1	0.043	3.1e-07	-1.72297	8.49e-02
NA	/data/songy4/twas/output/weights_control//ENSG00000161328.wgt.RDat	ENSG00000161328	11	537527	554916	0.2269	rs4963136	 4.25	rs11246176	 2.22e-01	-11.35	 2.1456	 438	  5	lasso	0.23	5.5e-34	-2.21258	2.69e-02
NA	/data/songy4/twas/output/weights_control//ENSG00000099849.wgt.RDat	ENSG00000099849	11	560404	564021	0.0758	rs4963136	 4.25	rs12802200	 7.11e-02	 -6.56	 0.8226	 446	  1	top1	0.071	4.8e-11	-0.82258	4.11e-01
NA	/data/songy4/twas/output/weights_control//ENSG00000070047.wgt.RDat	ENSG00000070047	11	576486	612222	0.0679	rs4963136	 4.25	rs10902165	 6.63e-04	  4.12	-1.5147	 465	 23	enet	0.021	0.00032	-0.35811	7.20e-01
NA	/data/songy4/twas/output/weights_control//ENSG00000185507.wgt.RDat	ENSG00000185507	11	612553	615999	0.0403	rs4963136	 4.25	rs11246212	 6.49e-03	 -4.01	 0.7113	 465	 13	enet	0.014	0.0028	-2.73543	6.23e-03
NA	/data/songy4/twas/output/weights_control//ENSG00000177106.wgt.RDat	ENSG00000177106	11	694438	727727	0.1729	rs4963136	 4.25	rs4078520	 1.55e-01	  9.58	 1.1287	 477	  1	top1	0.16	4.9e-23	 1.12871	2.59e-01
NA	/data/songy4/twas/output/weights_control//ENSG00000177042.wgt.RDat	ENSG00000177042	11	695428	705028	0.3969	rs4963136	 4.25	rs11246262	 2.60e-01	-12.24	 0.1771	 474	 10	lasso	0.32	2.9e-49	-0.45803	6.47e-01
NA	/data/songy4/twas/output/weights_control//ENSG00000177595.wgt.RDat	ENSG00000177595	11	799179	809753	0.0892	rs4963136	 4.25	rs10902222	 7.31e-02	 -6.74	-1.2079	 414	  1	top1	0.073	2.6e-11	 1.20792	2.27e-01
NA	/data/songy4/twas/output/weights_control//ENSG00000177600.wgt.RDat	ENSG00000177600	11	809647	812880	0.7319	rs4963136	 4.25	rs10902222	 5.84e-01	 18.32	-1.2079	 408	 23	enet	0.61	1e-120	-0.95269	3.41e-01
NA	/data/songy4/twas/output/weights_control//ENSG00000177685.wgt.RDat	ENSG00000177685	11	826144	831991	0.1082	rs4963136	 4.25	rs11246300	 4.39e-02	  5.44	 0.7583	 416	  1	top1	0.044	2.4e-07	 0.75833	4.48e-01
NA	/data/songy4/twas/output/weights_control//ENSG00000177697.wgt.RDat	ENSG00000177697	11	832843	839831	0.6054	rs4963136	 4.25	rs34956804	 5.48e-01	-17.84	-2.6577	 414	 17	enet	0.6	3.3e-115	 2.42072	1.55e-02
NA	/data/songy4/twas/output/weights_control//ENSG00000214063.wgt.RDat	ENSG00000214063	11	842808	867116	0.2142	rs4963136	 4.25	rs28551040	 1.47e-01	 10.09	-3.2596	 414	  4	lasso	0.23	7.6e-35	-2.61470	8.93e-03
NA	/data/songy4/twas/output/weights_control//ENSG00000183020.wgt.RDat	ENSG00000183020	11	924894	1012239	0.1622	rs4963136	 4.25	rs11246376	 1.39e-01	  9.30	-0.5938	 419	  1	top1	0.14	1.3e-20	-0.59375	5.53e-01
NA	/data/songy4/twas/output/weights_control//ENSG00000182208.wgt.RDat	ENSG00000182208	11	1490687	1522477	0.0610	rs10835257	 4.17	rs10734456	 4.37e-02	  5.25	 3.2150	 377	  1	top1	0.044	2.5e-07	 3.21495	1.30e-03
NA	/data/songy4/twas/output/weights_control//ENSG00000244242.wgt.RDat	ENSG00000244242	11	1753640	1771821	0.0764	rs10835257	 4.17	rs17571	 4.07e-02	 -5.13	-0.9405	 406	  1	top1	0.041	6.4e-07	 0.94048	3.47e-01
NA	/data/songy4/twas/output/weights_control//ENSG00000250644.wgt.RDat	ENSG00000250644	11	1768897	1780281	0.1164	rs10835257	 4.17	rs17834326	 5.55e-02	 -5.97	-0.2500	 400	  1	top1	0.056	6.5e-09	 0.25000	8.03e-01
NA	/data/songy4/twas/output/weights_control//ENSG00000130598.wgt.RDat	ENSG00000130598	11	1860219	1862910	0.0869	rs10835257	 4.17	rs689363	 1.58e-02	  4.70	-2.3333	 430	  1	top1	0.016	0.0015	-2.33333	1.96e-02
NA	/data/songy4/twas/output/weights_control//ENSG00000130592.wgt.RDat	ENSG00000130592	11	1874200	1913497	0.1660	rs10835257	 4.17	rs2089910	 1.08e-01	 -8.44	-1.6930	 442	 18	enet	0.13	9.6e-19	 1.10182	2.71e-01
NA	/data/songy4/twas/output/weights_control//ENSG00000130595.wgt.RDat	ENSG00000130595	11	1940792	1959936	0.2051	rs10835257	 4.17	rs643753	 9.47e-02	 -8.36	-0.7723	 428	 36	enet	0.15	2.4e-22	 2.35661	1.84e-02
NA	/data/songy4/twas/output/weights_control//ENSG00000214026.wgt.RDat	ENSG00000214026	11	1968508	2005752	0.7544	rs10835257	 4.17	rs7395920	 2.17e-01	-11.24	 0.7245	 445	 16	lasso	0.49	1.1e-86	-0.10925	9.13e-01
NA	/data/songy4/twas/output/weights_control//ENSG00000183734.wgt.RDat	ENSG00000183734	11	2289725	2292182	0.2313	rs2271439	-3.99	rs7944004	 5.51e-02	 -7.31	-0.6300	 433	 12	lasso	0.14	6.9e-21	 0.34701	7.29e-01
NA	/data/songy4/twas/output/weights_control//ENSG00000110665.wgt.RDat	ENSG00000110665	11	2316875	2324279	0.3741	rs2271439	-3.99	rs12800998	 2.62e-01	-12.30	-0.1903	 436	  6	lasso	0.39	9.8e-63	 0.13571	8.92e-01
NA	/data/songy4/twas/output/weights_control//ENSG00000064201.wgt.RDat	ENSG00000064201	11	2323227	2339430	0.2041	rs2271439	-3.99	rs12800998	 1.41e-01	 -9.17	-0.1895	 441	 15	enet	0.19	1e-28	-0.44860	6.54e-01
NA	/data/songy4/twas/output/weights_control//ENSG00000110651.wgt.RDat	ENSG00000110651	11	2397407	2418649	0.1585	rs2271439	-3.99	rs11022157	 2.36e-02	 -5.10	-0.1314	 448	 27	enet	0.07	8e-11	 0.69852	4.85e-01
NA	/data/songy4/twas/output/weights_control//ENSG00000184281.wgt.RDat	ENSG00000184281	11	2421718	2425106	0.0797	rs7111341	 3.24	rs12278063	-3.21e-05	  4.75	-0.2487	 442	 20	enet	0.01	0.0088	-0.50946	6.10e-01
NA	/data/songy4/twas/output/weights_control//ENSG00000254827.wgt.RDat	ENSG00000254827	11	2909010	2924970	0.5827	rs4758481	 2.94	rs367035	 4.67e-01	-16.40	-0.6000	 490	  1	top1	0.47	1.6e-80	 0.60000	5.49e-01
NA	/data/songy4/twas/output/weights_control//ENSG00000110628.wgt.RDat	ENSG00000110628	11	2920951	2946476	0.6333	rs4758481	 2.94	rs367035	 5.05e-01	-17.05	-0.6000	 487	  9	lasso	0.53	1.3e-95	 0.76506	4.44e-01
NA	/data/songy4/twas/output/weights_control//ENSG00000205531.wgt.RDat	ENSG00000205531	11	2965667	3013607	0.0910	rs4758481	 2.94	rs12363575	 5.87e-02	 -6.08	 0.2869	 479	  1	top1	0.059	2.4e-09	-0.28689	7.74e-01
NA	/data/songy4/twas/output/weights_control//ENSG00000021762.wgt.RDat	ENSG00000021762	11	3108346	3187969	0.2409	rs4758481	 2.94	rs1466045	 1.53e-01	 -9.51	-0.1782	 473	 24	enet	0.17	1.7e-24	 0.15909	8.74e-01
NA	/data/songy4/twas/output/weights_control//ENSG00000182170.wgt.RDat	ENSG00000182170	11	3239174	3240043	0.0747	rs4758481	 2.94	rs450876	-1.73e-03	 -4.15	 1.4536	 439	 37	enet	0.0027	0.11	-0.01925	9.85e-01
NA	/data/songy4/twas/output/weights_control//ENSG00000184350.wgt.RDat	ENSG00000184350	11	3248928	3253616	0.1257	rs231915	 3.57	rs10833535	 1.49e-03	 -5.12	-1.0105	 438	  9	enet	0.014	0.0028	 1.25857	2.08e-01
NA	/data/songy4/twas/output/weights_control//ENSG00000005801.wgt.RDat	ENSG00000005801	11	3360491	3400448	0.3299	rs4758481	 2.94	rs6578341	 3.80e-01	-15.03	-0.8595	 435	 37	enet	0.41	1e-68	 0.95017	3.42e-01
NA	/data/songy4/twas/output/weights_control//ENSG00000177105.wgt.RDat	ENSG00000177105	11	3848208	3862213	0.0715	rs10835270	-3.10	rs2741863	-1.16e-03	  3.54	-0.1058	 356	 30	enet	0.0058	0.038	 1.13755	2.55e-01
NA	/data/songy4/twas/output/weights_control//ENSG00000167323.wgt.RDat	ENSG00000167323	11	3875757	4114439	0.1095	rs10835270	-3.10	rs4414209	 1.35e-01	  8.89	-2.2273	 550	 19	enet	0.14	1.8e-20	-2.41332	1.58e-02
NA	/data/songy4/twas/output/weights_control//ENSG00000167325.wgt.RDat	ENSG00000167325	11	4115937	4160106	0.0829	rs10835270	-3.10	rs7932702	 7.16e-02	  6.91	-2.3208	 532	  5	lasso	0.083	1.1e-12	-2.11262	3.46e-02
NA	/data/songy4/twas/output/weights_control//ENSG00000181963.wgt.RDat	ENSG00000181963	11	4470525	4471591	0.1869	rs10835596	-2.80	rs11032107	 1.46e-01	  9.25	-1.1495	 634	  6	lasso	0.16	3.8e-23	-1.25215	2.11e-01
NA	/data/songy4/twas/output/weights_control//ENSG00000196778.wgt.RDat	ENSG00000196778	11	4510109	4511138	0.3299	rs10835596	-2.80	rs11032107	 1.89e-01	 10.51	-1.1495	 632	  5	lasso	0.25	1.7e-37	-0.84427	3.99e-01
NA	/data/songy4/twas/output/weights_control//ENSG00000197790.wgt.RDat	ENSG00000197790	11	4566421	4567374	0.0630	rs10835596	-2.80	rs10836238	 4.63e-02	  5.70	-0.5556	 660	  3	lasso	0.055	7.7e-09	-0.82793	4.08e-01
NA	/data/songy4/twas/output/weights_control//ENSG00000226288.wgt.RDat	ENSG00000226288	11	4608021	4609135	0.1368	rs4375437	-2.76	rs10836238	 1.38e-01	  9.51	-0.5556	 697	 11	enet	0.15	2.8e-22	-1.23831	2.16e-01
NA	/data/songy4/twas/output/weights_control//ENSG00000232268.wgt.RDat	ENSG00000232268	11	4615037	4616243	0.1261	rs4375437	-2.76	rs10836238	 1.53e-01	  9.65	-0.5556	 699	  1	top1	0.15	1.3e-22	-0.55556	5.79e-01
NA	/data/songy4/twas/output/weights_control//ENSG00000167333.wgt.RDat	ENSG00000167333	11	4619902	4629489	0.1358	rs4375437	-2.76	rs10768113	 7.91e-02	 -7.47	 0.6022	 701	 17	enet	0.084	8.4e-13	-0.35632	7.22e-01
NA	/data/songy4/twas/output/weights_control//ENSG00000167359.wgt.RDat	ENSG00000167359	11	5461800	5462744	0.0887	rs11035765	 3.40	rs2047459	 1.92e-03	 -3.63	 1.3800	 887	  1	top1	0.0019	0.15	-1.38000	1.68e-01
NA	/data/songy4/twas/output/weights_control//ENSG00000175520.wgt.RDat	ENSG00000175520	11	5528530	5531215	0.0958	rs11035765	 3.40	rs7939159	 1.48e-02	  4.79	 0.5429	 880	 29	enet	0.053	1.3e-08	 0.07205	9.43e-01
NA	/data/songy4/twas/output/weights_control//ENSG00000175518.wgt.RDat	ENSG00000175518	11	5535623	5537935	0.2423	rs11035765	 3.40	rs7939159	 1.16e-01	  8.31	 0.5429	 881	 45	enet	0.17	4.1e-25	 0.25737	7.97e-01
NA	/data/songy4/twas/output/weights_control//ENSG00000181616.wgt.RDat	ENSG00000181616	11	5565719	5566779	0.1527	rs11035765	 3.40	rs7939159	 7.15e-02	  6.82	 0.5429	 879	 14	enet	0.096	1.6e-14	 0.16554	8.69e-01
NA	/data/songy4/twas/output/weights_control//ENSG00000121236.wgt.RDat	ENSG00000121236	11	5617339	5634188	0.1696	rs11035765	 3.40	rs10769565	 1.33e-02	  4.46	 2.6634	 847	 72	enet	0.064	4.7e-10	 0.70835	4.79e-01
NA	/data/songy4/twas/output/weights_control//ENSG00000258659.wgt.RDat	ENSG00000258659	11	5640994	5665628	0.0470	rs11035765	 3.40	rs12418972	 7.64e-03	  3.73	-0.8824	 849	 11	enet	0.0097	0.01	-1.14213	2.53e-01
NA	/data/songy4/twas/output/weights_control//ENSG00000132256.wgt.RDat	ENSG00000132256	11	5684425	5959849	0.1418	rs11040831	 3.58	rs7127767	 5.60e-02	  7.02	 1.1042	 997	  7	enet	0.09	1.2e-13	 0.99290	3.21e-01
NA	/data/songy4/twas/output/weights_control//ENSG00000181023.wgt.RDat	ENSG00000181023	11	5757681	5758768	0.1529	rs10431016	 2.73	rs12364019	 5.43e-02	  6.75	-0.0983	 818	  8	lasso	0.12	1.5e-17	 0.51738	6.05e-01
NA	/data/songy4/twas/output/weights_control//ENSG00000181074.wgt.RDat	ENSG00000181074	11	5775923	5776959	0.2145	rs10500661	 3.00	rs12419535	 1.76e-01	 10.09	 1.4494	 812	  3	lasso	0.2	1.4e-29	 1.35886	1.74e-01
NA	/data/songy4/twas/output/weights_control//ENSG00000181009.wgt.RDat	ENSG00000181009	11	5798864	5799897	0.1235	rs11040831	 3.58	rs2123663	 1.02e-01	 -8.21	-0.6727	 819	  1	top1	0.1	2.8e-15	 0.67273	5.01e-01
NA	/data/songy4/twas/output/weights_control//ENSG00000181001.wgt.RDat	ENSG00000181001	11	5809084	5810046	0.0608	rs11040831	 3.58	rs8181512	 1.36e-02	 -4.61	-1.7368	 819	 13	lasso	0.017	0.0011	 1.34262	1.79e-01
NA	/data/songy4/twas/output/weights_control//ENSG00000180934.wgt.RDat	ENSG00000180934	11	6047901	6048971	0.1073	rs11040831	 3.58	rs3921908	 7.04e-02	  6.72	-0.4255	 658	  1	top1	0.07	6.1e-11	-0.42553	6.70e-01
NA	/data/songy4/twas/output/weights_control//ENSG00000051009.wgt.RDat	ENSG00000051009	11	6232565	6255941	0.1817	rs997263	 4.40	rs11040803	 1.15e-01	  8.20	 0.2857	 631	  8	lasso	0.14	3.4e-20	 0.18092	8.56e-01
NA	/data/songy4/twas/output/weights_control//ENSG00000170955.wgt.RDat	ENSG00000170955	11	6340176	6341877	0.4388	rs997263	 4.40	rs10500666	 1.20e-01	  8.94	-1.7540	 619	 57	enet	0.32	7.7e-50	-0.97813	3.28e-01
NA	/data/songy4/twas/output/weights_control//ENSG00000110169.wgt.RDat	ENSG00000110169	11	6452279	6463847	0.0902	rs997263	 4.40	rs16913748	 1.05e-02	  4.32	-0.3279	 656	  6	lasso	0.011	0.0079	-0.18765	8.51e-01
NA	/data/songy4/twas/output/weights_control//ENSG00000110171.wgt.RDat	ENSG00000110171	11	6469843	6495689	0.0360	rs997263	 4.40	rs2555148	 2.36e-03	  3.67	-1.5377	 655	  2	lasso	0.0057	0.038	-1.51470	1.30e-01
NA	/data/songy4/twas/output/weights_control//ENSG00000179532.wgt.RDat	ENSG00000179532	11	6518490	6614988	0.0982	rs997263	 4.40	rs1048121	 4.85e-02	 -6.21	-0.9750	 691	  6	lasso	0.063	5.6e-10	 0.01312	9.90e-01
NA	/data/songy4/twas/output/weights_control//ENSG00000132275.wgt.RDat	ENSG00000132275	11	6616305	6624850	0.1250	rs997263	 4.40	rs11826421	 8.07e-02	 -7.22	-0.0303	 637	  1	top1	0.081	2.4e-12	 0.03030	9.76e-01
NA	/data/songy4/twas/output/weights_control//ENSG00000166337.wgt.RDat	ENSG00000166337	11	6627526	6633898	0.0622	rs997263	 4.40	rs11040915	 1.60e-02	  3.84	-1.1980	 638	  1	top1	0.016	0.0014	-1.19802	2.31e-01
NA	/data/songy4/twas/output/weights_control//ENSG00000166341.wgt.RDat	ENSG00000166341	11	6642556	6677085	0.3245	rs997263	 4.40	rs12294943	 1.28e-01	  8.69	 2.0152	 645	 61	enet	0.24	5.6e-36	 1.98443	4.72e-02
NA	/data/songy4/twas/output/weights_control//ENSG00000158042.wgt.RDat	ENSG00000158042	11	6702013	6704632	0.0772	rs997263	 4.40	rs3741277	 6.56e-03	 -3.79	-1.2245	 626	  5	lasso	0.007	0.025	 1.20159	2.30e-01
NA	/data/songy4/twas/output/weights_control//ENSG00000188124.wgt.RDat	ENSG00000188124	11	6789218	6790286	0.0947	rs997263	 4.40	rs10839663	 1.14e-01	  8.21	-0.9500	 627	  1	top1	0.11	6e-17	-0.95000	3.42e-01
NA	/data/songy4/twas/output/weights_control//ENSG00000184933.wgt.RDat	ENSG00000184933	11	6815756	6817128	0.2171	rs997263	 4.40	rs1491823	 2.54e-01	 12.22	-0.7778	 626	  1	top1	0.25	1.6e-38	-0.77778	4.37e-01
NA	/data/songy4/twas/output/weights_control//ENSG00000166368.wgt.RDat	ENSG00000166368	11	6912721	6913830	0.1478	rs997263	 4.40	rs1491823	 1.66e-01	  9.87	-0.7778	 627	  1	top1	0.17	1.1e-24	-0.77778	4.37e-01
NA	/data/songy4/twas/output/weights_control//ENSG00000149054.wgt.RDat	ENSG00000149054	11	6947635	7005863	0.5037	rs997263	 4.40	rs1491823	 5.66e-01	 18.05	-0.7778	 708	  6	lasso	0.57	4.5e-108	-0.77187	4.40e-01
NA	/data/songy4/twas/output/weights_control//ENSG00000158077.wgt.RDat	ENSG00000158077	11	7041677	7092539	0.1017	rs997263	 4.40	rs1491823	 8.60e-02	  7.90	-0.7778	 714	  5	enet	0.096	1.9e-14	-0.93491	3.50e-01
NA	/data/songy4/twas/output/weights_control//ENSG00000170748.wgt.RDat	ENSG00000170748	11	7110165	7112379	0.1007	rs997263	 4.40	rs1491823	 3.86e-02	  5.34	-0.7778	 686	  7	lasso	0.043	3.6e-07	-0.93109	3.52e-01
NA	/data/songy4/twas/output/weights_control//ENSG00000166387.wgt.RDat	ENSG00000166387	11	7534529	7678358	0.5709	rs3884596	-3.49	rs4758001	 2.63e-01	-12.32	-0.4103	 744	 37	enet	0.43	3.1e-73	 0.24994	8.03e-01
NA	/data/songy4/twas/output/weights_control//ENSG00000166394.wgt.RDat	ENSG00000166394	11	7686331	7698453	0.3505	rs3884596	-3.49	rs7931064	 3.02e-01	 13.19	-0.7328	 695	  8	lasso	0.32	7.7e-51	-0.99351	3.20e-01
NA	/data/songy4/twas/output/weights_control//ENSG00000175390.wgt.RDat	ENSG00000175390	11	7991798	8023409	0.1949	rs7943470	-3.56	rs11041699	 7.47e-02	  7.20	 0.6600	 699	 25	enet	0.093	5.1e-14	 0.52191	6.02e-01
NA	/data/songy4/twas/output/weights_control//ENSG00000166402.wgt.RDat	ENSG00000166402	11	8040791	8127659	0.1276	rs11601274	 3.02	rs2280728	 6.52e-02	  6.71	-2.2000	 709	  9	enet	0.082	1.7e-12	-1.22204	2.22e-01
NA	/data/songy4/twas/output/weights_control//ENSG00000166405.wgt.RDat	ENSG00000166405	11	8127597	8190602	0.1240	rs11601274	 3.02	rs12421498	 4.06e-03	  4.53	-1.8683	 662	 25	enet	0.054	9.5e-09	-0.75717	4.49e-01
NA	/data/songy4/twas/output/weights_control//ENSG00000130413.wgt.RDat	ENSG00000130413	11	8413418	8615836	0.2797	rs11601274	 3.02	rs7928370	 5.71e-02	 -6.99	-0.2692	 651	 12	lasso	0.15	4e-22	 0.19741	8.44e-01
NA	/data/songy4/twas/output/weights_control//ENSG00000166436.wgt.RDat	ENSG00000166436	11	8633584	8693413	0.7575	rs2568085	-2.60	rs10840106	 6.76e-01	 19.74	-0.2500	 522	  7	lasso	0.71	1.4e-154	-0.45051	6.52e-01
NA	/data/songy4/twas/output/weights_control//ENSG00000166441.wgt.RDat	ENSG00000166441	11	8703958	8736306	0.0452	rs2568085	-2.60	rs10840110	 5.71e-03	  4.33	 0.4637	 500	 14	enet	0.014	0.003	 0.32501	7.45e-01
NA	/data/songy4/twas/output/weights_control//ENSG00000166452.wgt.RDat	ENSG00000166452	11	8932686	8941631	0.1984	rs2568085	-2.60	rs2742552	 2.60e-01	 12.75	 0.4681	 372	  8	lasso	0.31	3.4e-48	-0.30861	7.58e-01
NA	/data/songy4/twas/output/weights_control//ENSG00000175348.wgt.RDat	ENSG00000175348	11	8968841	8986558	0.4047	rs2568085	-2.60	rs1025438	 1.08e-01	 -8.10	 1.4241	 366	  6	lasso	0.17	5.6e-25	-1.19757	2.31e-01
NA	/data/songy4/twas/output/weights_control//ENSG00000175352.wgt.RDat	ENSG00000175352	11	9002123	9025596	0.0388	rs2568085	-2.60	rs3763919	 4.61e-03	 -4.32	 0.7317	 366	  6	enet	0.018	0.00071	-0.93872	3.48e-01
NA	/data/songy4/twas/output/weights_control//ENSG00000175356.wgt.RDat	ENSG00000175356	11	9041071	9159661	0.0557	rs2568085	-2.60	rs16914802	-8.13e-04	 -3.71	-0.2955	 405	  5	lasso	0.0046	0.056	 0.62300	5.33e-01
NA	/data/songy4/twas/output/weights_control//ENSG00000184014.wgt.RDat	ENSG00000184014	11	9160372	9286937	0.0533	rs2568085	-2.60	rs10769991	 4.45e-02	  5.29	-0.5340	 423	  1	top1	0.044	2e-07	-0.53398	5.93e-01
NA	/data/songy4/twas/output/weights_control//ENSG00000166471.wgt.RDat	ENSG00000166471	11	9302201	9336327	0.4077	rs2568085	-2.60	rs7103472	 4.17e-01	-15.48	-1.2937	 401	  8	lasso	0.42	1.3e-70	 1.24905	2.12e-01
NA	/data/songy4/twas/output/weights_control//ENSG00000166478.wgt.RDat	ENSG00000166478	11	9481866	9550071	0.0983	rs7119300	-2.28	rs4910467	 7.12e-02	  7.24	-1.7579	 419	 21	enet	0.098	9.2e-15	-1.93373	5.31e-02
NA	/data/songy4/twas/output/weights_control//ENSG00000133812.wgt.RDat	ENSG00000133812	11	9800214	10315754	0.1932	rs7938782	-6.00	rs7111987	 1.21e-01	  8.39	 0.1038	 682	  8	lasso	0.13	2.5e-19	-0.21097	8.33e-01
NA	/data/songy4/twas/output/weights_control//ENSG00000148926.wgt.RDat	ENSG00000148926	11	10326227	10328944	0.0649	rs7938782	-6.00	rs726102	 4.32e-02	 -5.52	 0.8700	 494	  1	top1	0.043	2.9e-07	-0.87000	3.84e-01
NA	/data/songy4/twas/output/weights_control//ENSG00000110315.wgt.RDat	ENSG00000110315	11	10533225	10562777	0.0506	rs7938782	-6.00	rs12576545	-1.67e-03	  4.00	-1.0102	 534	 26	enet	0.01	0.0092	-1.37450	1.69e-01
NA	/data/songy4/twas/output/weights_control//ENSG00000133800.wgt.RDat	ENSG00000133800	11	10578513	10633236	0.1284	rs7938782	-6.00	rs17403175	 3.31e-02	  5.14	-0.3137	 581	  8	lasso	0.035	4e-06	-2.54290	1.10e-02
NA	/data/songy4/twas/output/weights_control//ENSG00000072952.wgt.RDat	ENSG00000072952	11	10594638	10715535	0.1511	rs7938782	-6.00	rs7948666	 3.14e-02	 -5.56	 5.0000	 636	  6	lasso	0.13	1.3e-19	-2.58870	9.63e-03
NA	/data/songy4/twas/output/weights_control//ENSG00000170242.wgt.RDat	ENSG00000170242	11	11862970	11980870	0.0837	NA	   NA	NA	       NA	    NA	     NA	   0	  0	enet	6e-06	0.32	      NA	      NA
NA	/data/songy4/twas/output/weights_control//ENSG00000050165.wgt.RDat	ENSG00000050165	11	11984653	12031316	0.2896	rs6485416	 2.89	rs988667	 7.71e-02	 -8.66	-1.3846	 824	  9	lasso	0.27	3.3e-41	 0.19212	8.48e-01
NA	/data/songy4/twas/output/weights_control//ENSG00000197702.wgt.RDat	ENSG00000197702	11	12398732	12552348	0.0839	rs6485416	 2.89	rs1389552	 5.49e-02	 -6.11	 0.9742	 773	  1	top1	0.055	7.9e-09	-0.97419	3.30e-01
NA	/data/songy4/twas/output/weights_control//ENSG00000133794.wgt.RDat	ENSG00000133794	11	13298199	13408813	0.2959	rs1440276	 2.68	rs7942486	 2.57e-01	 12.18	-1.0510	 604	 48	enet	0.28	8e-44	-1.06611	2.86e-01
NA	/data/songy4/twas/output/weights_control//ENSG00000148925.wgt.RDat	ENSG00000148925	11	13409548	13484844	0.2850	rs1440276	 2.68	rs11022801	 2.88e-01	-13.02	-0.9203	 612	 37	enet	0.32	3e-50	 1.47463	1.40e-01
NA	/data/songy4/twas/output/weights_control//ENSG00000133818.wgt.RDat	ENSG00000133818	11	14299472	14386052	0.0657	rs17475467	-2.43	rs2915409	 4.59e-02	 -5.79	-0.3789	 417	  1	top1	0.046	1.3e-07	 0.37895	7.05e-01
NA	/data/songy4/twas/output/weights_control//ENSG00000129083.wgt.RDat	ENSG00000129083	11	14464986	14521573	0.1570	rs17475467	-2.43	rs2575836	 1.67e-01	-10.02	-0.7300	 358	  1	top1	0.17	8.3e-25	 0.73000	4.65e-01
NA	/data/songy4/twas/output/weights_control//ENSG00000129084.wgt.RDat	ENSG00000129084	11	14515329	14665181	0.0314	rs17475467	-2.43	rs12283049	 1.18e-02	  3.79	 0.9826	 378	 20	enet	0.018	0.00084	-0.11860	9.06e-01
NA	/data/songy4/twas/output/weights_control//ENSG00000152270.wgt.RDat	ENSG00000152270	11	14665269	14892350	0.0498	rs17475467	-2.43	rs12283049	 2.56e-02	  4.49	 0.9826	 443	  1	top1	0.026	6.8e-05	 0.98261	3.26e-01
NA	/data/songy4/twas/output/weights_control//ENSG00000175868.wgt.RDat	ENSG00000175868	11	14926543	15103888	0.0397	rs17475467	-2.43	rs10741651	-1.17e-03	 -3.54	-0.0619	 428	 21	enet	0.0096	0.011	-0.41205	6.80e-01
NA	/data/songy4/twas/output/weights_control//ENSG00000188487.wgt.RDat	ENSG00000188487	11	15133970	15268754	0.1259	rs12802855	 2.96	rs1792551	 8.38e-02	  7.13	 0.8762	 462	  1	top1	0.084	8.7e-13	 0.87619	3.81e-01
NA	/data/songy4/twas/output/weights_control//ENSG00000110696.wgt.RDat	ENSG00000110696	11	16634679	16778428	0.0789	rs9651573	-4.11	rs7125262	 8.84e-02	  7.34	 0.6850	 392	  1	top1	0.088	2e-13	 0.68504	4.93e-01
NA	/data/songy4/twas/output/weights_control//ENSG00000166689.wgt.RDat	ENSG00000166689	11	16799842	17035990	0.1910	rs217755	 2.77	rs10734250	 1.40e-01	  9.05	-0.8416	 519	  8	lasso	0.16	1.9e-23	-1.19854	2.31e-01
NA	/data/songy4/twas/output/weights_control//ENSG00000070081.wgt.RDat	ENSG00000070081	11	17229700	17371521	0.1599	rs11024358	-3.27	rs214092	 1.50e-01	  9.38	 0.4330	 603	  1	top1	0.15	3.4e-22	 0.43299	6.65e-01
NA	/data/songy4/twas/output/weights_control//ENSG00000188211.wgt.RDat	ENSG00000188211	11	17373273	17398888	0.0694	rs11024358	-3.27	rs366052	-2.76e-04	  3.37	 0.3366	 546	  1	top1	-0.00028	0.36	 0.33663	7.36e-01
NA	/data/songy4/twas/output/weights_control//ENSG00000187486.wgt.RDat	ENSG00000187486	11	17407406	17410878	0.0594	rs11024358	-3.27	rs2074314	 3.25e-02	  4.88	 1.2268	 523	  1	top1	0.032	8.2e-06	 1.22680	2.20e-01
NA	/data/songy4/twas/output/weights_control//ENSG00000129158.wgt.RDat	ENSG00000129158	11	17809595	18034709	0.0582	rs11024358	-3.27	rs10832871	 4.31e-02	  5.79	-0.2804	 652	  2	lasso	0.045	1.7e-07	-0.31508	7.53e-01
NA	/data/songy4/twas/output/weights_control//ENSG00000129167.wgt.RDat	ENSG00000129167	11	18039111	18063973	0.0952	rs11024358	-3.27	rs7937884	 4.02e-02	 -6.03	-0.8944	 490	  5	lasso	0.061	1.1e-09	 1.01197	3.12e-01
NA	/data/songy4/twas/output/weights_control//ENSG00000166788.wgt.RDat	ENSG00000166788	11	18091482	18127638	0.1770	rs11024358	-3.27	rs10500831	 1.64e-01	 -9.92	-0.1818	 465	 28	enet	0.17	5.7e-25	 0.48625	6.27e-01
NA	/data/songy4/twas/output/weights_control//ENSG00000110756.wgt.RDat	ENSG00000110756	11	18300223	18343745	0.0862	rs2045272	 3.10	rs10741741	 4.02e-02	  5.78	-2.2600	 465	 27	enet	0.058	3e-09	-2.33199	1.97e-02
NA	/data/songy4/twas/output/weights_control//ENSG00000134333.wgt.RDat	ENSG00000134333	11	18415935	18429972	0.1214	rs2045272	 3.10	rs11024636	 3.88e-02	  6.03	 0.7629	 454	 11	lasso	0.051	2.5e-08	 0.43965	6.60e-01
NA	/data/songy4/twas/output/weights_control//ENSG00000166796.wgt.RDat	ENSG00000166796	11	18433854	18473605	0.6379	rs2045272	 3.10	rs4757662	 6.56e-01	 19.48	 0.7632	 456	  1	top1	0.66	5.7e-135	 0.76316	4.45e-01
NA	/data/songy4/twas/output/weights_control//ENSG00000166800.wgt.RDat	ENSG00000166800	11	18477371	18501147	0.0952	rs2045272	 3.10	rs11605559	 7.10e-02	  6.62	 1.0357	 447	 14	enet	0.082	1.6e-12	 0.96835	3.33e-01
NA	/data/songy4/twas/output/weights_control//ENSG00000151116.wgt.RDat	ENSG00000151116	11	18551156	18610294	0.1118	rs10833056	 3.40	rs2291751	 8.78e-02	 -7.69	 0.6944	 489	 11	lasso	0.097	1.2e-14	-0.26017	7.95e-01
NA	/data/songy4/twas/output/weights_control//ENSG00000247595.wgt.RDat	ENSG00000247595	11	18621334	18631802	0.0526	rs10833056	 3.40	rs12364167	 1.78e-02	  4.49	 0.9806	 469	  6	lasso	0.021	0.00029	 1.14248	2.53e-01
NA	/data/songy4/twas/output/weights_control//ENSG00000179057.wgt.RDat	ENSG00000179057	11	18725852	18747777	0.2175	rs12798330	 4.00	rs2289965	 1.22e-01	  8.59	-2.9381	 493	  1	top1	0.12	3.8e-18	-2.93814	3.30e-03
NA	/data/songy4/twas/output/weights_control//ENSG00000177054.wgt.RDat	ENSG00000177054	11	19138646	19197969	0.1516	rs12798330	 4.00	rs11025033	 5.89e-02	  7.28	 1.8286	 589	 31	enet	0.11	3.2e-16	 2.71184	6.69e-03
NA	/data/songy4/twas/output/weights_control//ENSG00000166833.wgt.RDat	ENSG00000166833	11	19372271	20143144	0.1004	rs12798330	 4.00	rs1346028	 5.27e-02	 -6.33	 0.8824	1119	  3	lasso	0.058	3.2e-09	-0.63191	5.27e-01
NA	/data/songy4/twas/output/weights_control//ENSG00000109854.wgt.RDat	ENSG00000109854	11	20385231	20405329	0.2226	rs2403583	 3.03	rs10833312	 2.28e-01	-11.57	 0.3465	 719	  5	lasso	0.24	4.8e-36	-0.03606	9.71e-01
NA	/data/songy4/twas/output/weights_control//ENSG00000171714.wgt.RDat	ENSG00000171714	11	22214722	22304903	0.2222	rs4244488	 3.84	rs4565894	 2.66e-01	 12.56	 2.7000	 417	 28	enet	0.29	1.6e-44	 3.09657	1.96e-03
NA	/data/songy4/twas/output/weights_control//ENSG00000183161.wgt.RDat	ENSG00000183161	11	22644079	22647387	0.0463	rs4244488	 3.84	rs11026704	 5.85e-02	  6.12	-1.4154	 379	  1	top1	0.059	2.5e-09	-1.41538	1.57e-01
NA	/data/songy4/twas/output/weights_control//ENSG00000148935.wgt.RDat	ENSG00000148935	11	22647188	22834601	0.2662	rs4244488	 3.84	rs1027536	 1.80e-01	 10.37	-0.1838	 479	  7	lasso	0.19	3.9e-28	-0.25945	7.95e-01
NA	/data/songy4/twas/output/weights_control//ENSG00000198168.wgt.RDat	ENSG00000198168	11	22835345	22851845	0.1590	rs340959	 2.92	rs10833823	 1.31e-01	 -9.35	-0.2642	 444	 10	enet	0.17	8.2e-25	 0.00446	9.96e-01
NA	/data/songy4/twas/output/weights_control//ENSG00000205213.wgt.RDat	ENSG00000205213	11	27387508	27494322	0.1710	rs10501090	-3.37	rs11030024	 8.84e-02	  7.67	 1.9027	 424	 16	enet	0.13	2.5e-19	 1.07638	2.82e-01
NA	/data/songy4/twas/output/weights_control//ENSG00000169519.wgt.RDat	ENSG00000169519	11	28129795	28355054	0.0827	rs10501090	-3.37	rs6484347	 8.37e-02	 -7.27	-0.5049	 371	 26	enet	0.089	1.8e-13	 0.90567	3.65e-01
NA	/data/songy4/twas/output/weights_control//ENSG00000152219.wgt.RDat	ENSG00000152219	11	30344598	30359774	0.5370	rs16920925	-2.98	rs1856142	 2.89e-01	-14.00	 0.5221	 398	 10	lasso	0.58	1e-111	-1.13425	2.57e-01
NA	/data/songy4/twas/output/weights_control//ENSG00000066382.wgt.RDat	ENSG00000066382	11	30406040	30608419	0.2586	rs16920925	-2.98	rs3781852	 5.10e-02	  7.51	 0.5702	 450	  8	lasso	0.13	1.1e-19	 1.06893	2.85e-01
NA	/data/songy4/twas/output/weights_control//ENSG00000170959.wgt.RDat	ENSG00000170959	11	30851916	31391357	0.2049	rs471211	 3.00	rs569385	 1.70e-01	  9.96	 2.3107	 508	 25	enet	0.17	1.4e-25	 2.47385	1.34e-02
NA	/data/songy4/twas/output/weights_control//ENSG00000049449.wgt.RDat	ENSG00000049449	11	31833939	32127301	0.3882	rs10488686	-3.27	rs689176	 3.71e-01	 14.64	 2.5238	 526	  8	lasso	0.42	4e-69	 2.69885	6.96e-03
NA	/data/songy4/twas/output/weights_control//ENSG00000186714.wgt.RDat	ENSG00000186714	11	32623792	32816204	0.0867	rs10742291	 3.76	rs12787998	 6.71e-03	  4.88	-0.5612	 457	 16	enet	0.028	3.7e-05	 0.28988	7.72e-01
NA	/data/songy4/twas/output/weights_control//ENSG00000135378.wgt.RDat	ENSG00000135378	11	32851489	32879669	0.0863	rs10742291	 3.76	rs9943661	 6.25e-02	  7.21	 1.9053	 345	  5	lasso	0.073	2.7e-11	 1.53985	1.24e-01
NA	/data/songy4/twas/output/weights_control//ENSG00000060749.wgt.RDat	ENSG00000060749	11	32914724	33014862	0.1647	rs10742291	 3.76	rs11031930	 8.02e-02	  7.14	-0.9962	 369	 22	enet	0.12	1.9e-17	 0.15482	8.77e-01
NA	/data/songy4/twas/output/weights_control//ENSG00000121690.wgt.RDat	ENSG00000121690	11	33037410	33055128	0.1774	rs10742291	 3.76	rs1033717	 1.82e-01	 10.50	 3.6857	 319	  5	lasso	0.19	4.1e-28	 3.75579	1.73e-04
NA	/data/songy4/twas/output/weights_control//ENSG00000176148.wgt.RDat	ENSG00000176148	11	33060963	33127489	0.5675	rs10742291	 3.76	rs10767985	 6.20e-01	 18.92	 3.4706	 330	 32	enet	0.64	4.7e-131	 3.23174	1.23e-03
NA	/data/songy4/twas/output/weights_control//ENSG00000085063.wgt.RDat	ENSG00000085063	11	33719807	33757991	0.0696	rs4756683	-2.52	rs2273121	 1.45e-02	 -4.26	-0.0940	 449	 48	enet	0.048	7.3e-08	 0.37715	7.06e-01
NA	/data/songy4/twas/output/weights_control//ENSG00000110429.wgt.RDat	ENSG00000110429	11	33762485	33796089	0.3260	rs4756683	-2.52	rs12282096	 3.43e-01	 14.05	 1.1549	 466	  1	top1	0.34	2e-54	 1.15492	2.48e-01
NA	/data/songy4/twas/output/weights_control//ENSG00000166016.wgt.RDat	ENSG00000166016	11	34172535	34379555	0.0893	rs997704	 2.74	rs12804689	 6.98e-02	  6.73	-1.7576	 725	  1	top1	0.07	7.3e-11	-1.75758	7.88e-02
NA	/data/songy4/twas/output/weights_control//ENSG00000121691.wgt.RDat	ENSG00000121691	11	34460472	34493609	0.2406	rs997704	 2.74	rs11604331	 2.61e-01	 12.67	-1.3838	 621	 45	enet	0.32	1.4e-49	-2.04100	4.13e-02
NA	/data/songy4/twas/output/weights_control//ENSG00000135373.wgt.RDat	ENSG00000135373	11	34642640	34682604	0.1048	rs997704	 2.74	rs17358030	 7.62e-02	  6.74	 0.8229	 674	  1	top1	0.076	9.7e-12	 0.82292	4.11e-01
NA	/data/songy4/twas/output/weights_control//ENSG00000149089.wgt.RDat	ENSG00000149089	11	34874641	34938046	0.6196	rs997704	 2.74	rs1117050	 5.32e-01	 17.50	 1.5800	 728	  9	lasso	0.7	1e-150	 1.51970	1.29e-01
NA	/data/songy4/twas/output/weights_control//ENSG00000110435.wgt.RDat	ENSG00000110435	11	34937376	35042138	0.1180	rs644755	 2.79	rs7118017	 9.00e-02	  7.40	 0.8367	 770	  1	top1	0.09	1.2e-13	 0.83673	4.03e-01
NA	/data/songy4/twas/output/weights_control//ENSG00000026508.wgt.RDat	ENSG00000026508	11	35160417	35253949	0.0389	rs644755	 2.79	rs2785160	-1.27e-03	  3.92	-0.0488	 691	  7	enet	0.011	0.0071	-0.26023	7.95e-01
NA	/data/songy4/twas/output/weights_control//ENSG00000166326.wgt.RDat	ENSG00000166326	11	35684353	35829775	0.2126	rs7931043	 3.44	rs7129170	 1.71e-01	-10.05	 1.1203	 729	  1	top1	0.17	1.9e-25	-1.12030	2.63e-01
NA	/data/songy4/twas/output/weights_control//ENSG00000135362.wgt.RDat	ENSG00000135362	11	36317838	36486754	0.1115	rs7931043	 3.44	rs11033593	 1.08e-02	 -4.93	 0.8007	 689	 27	enet	0.029	2.1e-05	-1.23781	2.16e-01
NA	/data/songy4/twas/output/weights_control//ENSG00000166349.wgt.RDat	ENSG00000166349	11	36532259	36614706	0.0564	rs7931043	 3.44	rs16929335	 7.39e-04	 -3.99	 0.4844	 646	  3	lasso	0.00088	0.22	-0.95539	3.39e-01
NA	/data/songy4/twas/output/weights_control//ENSG00000166181.wgt.RDat	ENSG00000166181	11	43333513	43366079	0.0520	rs7110636	 2.60	rs7951848	 2.92e-02	 -4.98	-0.1650	 487	  1	top1	0.029	2.3e-05	 0.16505	8.69e-01
NA	/data/songy4/twas/output/weights_control//ENSG00000149084.wgt.RDat	ENSG00000149084	11	43577986	43878167	0.3711	rs3094390	-2.72	rs1061810	 4.32e-01	-15.78	 0.0680	 668	  8	lasso	0.45	9.9e-76	-0.25054	8.02e-01
NA	/data/songy4/twas/output/weights_control//ENSG00000166199.wgt.RDat	ENSG00000166199	11	43902361	43941816	0.1071	rs3094390	-2.72	rs4755227	 1.83e-02	  4.60	 0.0000	 539	 27	enet	0.033	6.1e-06	 0.27120	7.86e-01
NA	/data/songy4/twas/output/weights_control//ENSG00000205126.wgt.RDat	ENSG00000205126	11	44069531	44081527	0.0695	rs3094390	-2.72	rs2074044	 7.28e-03	 -4.55	-0.4000	 542	 28	enet	0.019	0.00056	-0.80602	4.20e-01
NA	/data/songy4/twas/output/weights_control//ENSG00000110455.wgt.RDat	ENSG00000110455	11	44087475	44105772	0.7918	rs3094390	-2.72	rs7951555	 5.52e-01	 17.81	-1.0233	 552	 73	enet	0.7	3.7e-150	-0.12808	8.98e-01
NA	/data/songy4/twas/output/weights_control//ENSG00000151348.wgt.RDat	ENSG00000151348	11	44117099	44266979	0.4014	rs4604873	-3.14	rs7951555	 2.20e-01	 11.42	-1.0233	 649	 12	lasso	0.3	6.7e-47	-0.39517	6.93e-01
NA	/data/songy4/twas/output/weights_control//ENSG00000175274.wgt.RDat	ENSG00000175274	11	44907454	44972840	0.0771	rs4604873	-3.14	rs1487718	 1.14e-02	  4.52	-2.2059	 629	 12	enet	0.022	0.00021	-1.04715	2.95e-01
NA	/data/songy4/twas/output/weights_control//ENSG00000121671.wgt.RDat	ENSG00000121671	11	45868669	45904798	0.2330	rs11038668	-4.04	rs10838524	 1.77e-01	 10.47	-3.5368	 396	  6	enet	0.19	4.9e-28	-3.95693	7.59e-05
NA	/data/songy4/twas/output/weights_control//ENSG00000121653.wgt.RDat	ENSG00000121653	11	45907202	45928016	0.2885	rs11038668	-4.04	rs7121775	 2.74e-01	 12.66	-3.9735	 378	  4	lasso	0.28	9e-44	-4.07033	4.69e-05
NA	/data/songy4/twas/output/weights_control//ENSG00000175220.wgt.RDat	ENSG00000175220	11	46698630	46722165	0.0668	rs17787739	 3.58	rs4319473	-6.32e-05	 -3.89	 0.5462	 254	 19	enet	0.0094	0.011	 0.53949	5.90e-01
NA	/data/songy4/twas/output/weights_control//ENSG00000180210.wgt.RDat	ENSG00000180210	11	46740730	46761056	0.0407	rs17787739	 3.58	rs3740690	 2.87e-02	  4.98	 0.1474	 254	  1	top1	0.029	2.6e-05	 0.14737	8.83e-01
NA	/data/songy4/twas/output/weights_control//ENSG00000134574.wgt.RDat	ENSG00000134574	11	47236493	47260767	0.1433	rs4992357	 2.98	rs2242261	 7.06e-02	 -6.45	-0.2443	 307	 30	enet	0.074	1.9e-11	 0.46817	6.40e-01
NA	/data/songy4/twas/output/weights_control//ENSG00000134575.wgt.RDat	ENSG00000134575	11	47260853	47270457	0.0967	rs4992357	 2.98	rs2957873	 1.10e-01	 -8.47	-1.0369	 300	  5	lasso	0.12	2.7e-18	 0.66997	5.03e-01
NA	/data/songy4/twas/output/weights_control//ENSG00000025434.wgt.RDat	ENSG00000025434	11	47269851	47290396	0.1164	rs4992357	 2.98	rs326222	 6.99e-02	 -6.48	-0.5185	 307	  1	top1	0.07	7e-11	 0.51849	6.04e-01
NA	/data/songy4/twas/output/weights_control//ENSG00000110514.wgt.RDat	ENSG00000110514	11	47290712	47351582	0.0379	rs4992357	 2.98	rs17726706	 2.17e-02	  3.98	 0.5282	 313	  1	top1	0.022	0.00023	 0.52817	5.97e-01
NA	/data/songy4/twas/output/weights_control//ENSG00000134571.wgt.RDat	ENSG00000134571	11	47352957	47374253	0.2404	rs4992357	 2.98	rs10838698	 2.55e-01	-12.38	 1.7400	 304	 11	lasso	0.29	3.5e-44	-1.78311	7.46e-02
NA	/data/songy4/twas/output/weights_control//ENSG00000165915.wgt.RDat	ENSG00000165915	11	47428683	47438047	0.1373	rs4992357	 2.98	rs4752999	 8.61e-02	  7.37	 1.8000	 292	 22	enet	0.095	2.8e-14	 2.46270	1.38e-02
NA	/data/songy4/twas/output/weights_control//ENSG00000165916.wgt.RDat	ENSG00000165916	11	47440320	47447993	0.0261	rs4992357	 2.98	rs7102372	 3.21e-02	 -4.43	 1.0227	 292	  1	top1	0.032	9.2e-06	-1.02273	3.06e-01
NA	/data/songy4/twas/output/weights_control//ENSG00000172247.wgt.RDat	ENSG00000172247	11	47611216	47616211	0.0789	rs4992357	 2.98	rs12364432	 1.23e-01	 -8.90	 1.5686	 287	  1	top1	0.12	2.6e-18	-1.56863	1.17e-01
NA	/data/songy4/twas/output/weights_control//ENSG00000109919.wgt.RDat	ENSG00000109919	11	47638867	47664175	0.1102	rs4992357	 2.98	rs10838738	 1.63e-01	 -9.78	 1.3367	 297	  1	top1	0.16	3e-24	-1.33673	1.81e-01
NA	/data/songy4/twas/output/weights_control//ENSG00000109920.wgt.RDat	ENSG00000109920	11	47738072	47788995	0.0270	rs4992357	 2.98	rs4752797	 2.29e-02	  4.61	 1.4949	 305	  9	enet	0.026	6.8e-05	 2.20641	2.74e-02
NA	/data/songy4/twas/output/weights_control//ENSG00000030066.wgt.RDat	ENSG00000030066	11	47799639	47870107	0.0318	rs4992357	 2.98	rs1316604	 7.87e-03	 -3.89	-1.3285	 295	 17	enet	0.02	4e-04	-0.24987	8.03e-01
NA	/data/songy4/twas/output/weights_control//ENSG00000149177.wgt.RDat	ENSG00000149177	11	48002113	48189670	0.3366	rs11039885	-2.65	rs7130876	 2.46e-01	 11.94	-0.9412	 287	  6	lasso	0.25	4.4e-38	-0.79431	4.27e-01
NA	/data/songy4/twas/output/weights_control//ENSG00000172188.wgt.RDat	ENSG00000172188	11	55370830	55371874	0.0879	rs10792252	-2.29	rs11230756	 5.17e-02	 -6.20	 0.5429	 330	  1	top1	0.052	2.1e-08	-0.54286	5.87e-01
NA	/data/songy4/twas/output/weights_control//ENSG00000181927.wgt.RDat	ENSG00000181927	11	55405834	55406772	0.0448	rs2128154	 1.99	rs1425193	 1.58e-02	 -4.43	 0.7037	 348	  1	top1	0.016	0.0015	-0.70370	4.82e-01
NA	/data/songy4/twas/output/weights_control//ENSG00000174982.wgt.RDat	ENSG00000174982	11	55418380	55419315	0.0396	rs2128154	 1.99	rs1425193	 1.95e-02	 -4.78	 0.7037	 350	  1	top1	0.019	0.00046	-0.70370	4.82e-01
NA	/data/songy4/twas/output/weights_control//ENSG00000134809.wgt.RDat	ENSG00000134809	11	57295936	57298276	0.2228	rs12804093	-4.11	rs3851118	 6.38e-02	 -7.14	-1.1089	 377	 31	enet	0.12	1.6e-18	 1.11255	2.66e-01
NA	/data/songy4/twas/output/weights_control//ENSG00000149131.wgt.RDat	ENSG00000149131	11	57364860	57382326	0.0442	rs12804093	-4.11	rs11603020	 5.81e-02	  6.05	-1.7315	 397	  7	lasso	0.059	2.3e-09	-1.84155	6.55e-02
NA	/data/songy4/twas/output/weights_control//ENSG00000156599.wgt.RDat	ENSG00000156599	11	57435219	57468659	0.1166	rs12804093	-4.11	rs1783978	 7.10e-02	 -6.98	 1.7041	 403	  1	top1	0.071	5e-11	-1.70408	8.84e-02
NA	/data/songy4/twas/output/weights_control//ENSG00000156603.wgt.RDat	ENSG00000156603	11	57471186	57479693	0.1571	rs12804093	-4.11	rs503037	 1.10e-01	  8.12	 2.2696	 385	 30	enet	0.13	1.1e-18	 4.03488	5.46e-05
NA	/data/songy4/twas/output/weights_control//ENSG00000110031.wgt.RDat	ENSG00000110031	11	58294344	58345693	0.0854	rs1938602	-5.08	rs10792168	 9.59e-03	  5.15	 4.1053	 456	 24	enet	0.03	1.9e-05	 1.36646	1.72e-01
NA	/data/songy4/twas/output/weights_control//ENSG00000156689.wgt.RDat	ENSG00000156689	11	58601542	58671688	0.5051	rs1938602	-5.08	rs2507838	 1.35e-02	  8.75	-0.6313	 391	166	enet	0.15	2.1e-22	-1.38857	1.65e-01
NA	/data/songy4/twas/output/weights_control//ENSG00000197629.wgt.RDat	ENSG00000197629	11	58975983	58980424	0.0687	rs487309	 3.13	rs1938593	 6.74e-02	  6.51	 0.4688	 324	  8	enet	0.084	8.6e-13	 1.14389	2.53e-01
NA	/data/songy4/twas/output/weights_control//ENSG00000110048.wgt.RDat	ENSG00000110048	11	59341871	59383617	0.0879	rs610764	 2.53	rs12275736	-1.74e-03	 -3.88	 0.6772	 349	 14	enet	0.0041	0.066	-0.36355	7.16e-01
NA	/data/songy4/twas/output/weights_control//ENSG00000134827.wgt.RDat	ENSG00000134827	11	59620273	59634048	0.0462	rs17153770	 2.20	rs12419784	 2.61e-02	  4.74	 0.3159	 384	  5	lasso	0.035	4.1e-06	 0.65821	5.10e-01
NA	/data/songy4/twas/output/weights_control//ENSG00000110077.wgt.RDat	ENSG00000110077	11	59939081	59952139	0.0990	rs12364417	-2.17	rs632185	 9.67e-02	 -8.70	-0.0918	 428	 20	enet	0.12	3e-17	 0.21875	8.27e-01
NA	/data/songy4/twas/output/weights_control//ENSG00000214787.wgt.RDat	ENSG00000214787	11	59968726	60010561	0.0448	rs12364417	-2.17	rs670139	-1.61e-03	  3.52	 0.1367	 432	 22	enet	0.0028	0.11	 0.92328	3.56e-01
NA	/data/songy4/twas/output/weights_control//ENSG00000110079.wgt.RDat	ENSG00000110079	11	60048014	60076445	0.0742	rs654839	-2.94	rs1562990	 7.42e-02	 -6.93	-0.8526	 436	  4	lasso	0.081	2.2e-12	 0.78886	4.30e-01
NA	/data/songy4/twas/output/weights_control//ENSG00000166928.wgt.RDat	ENSG00000166928	11	60146003	60185161	0.1626	rs654839	-2.94	rs10897056	 1.65e-01	-10.16	-0.4860	 474	 19	enet	0.18	1.9e-26	 0.14201	8.87e-01
NA	/data/songy4/twas/output/weights_control//ENSG00000110107.wgt.RDat	ENSG00000110107	11	60658202	60674060	0.0407	rs7943133	-3.02	rs4939475	 3.60e-02	 -5.62	-0.7755	 424	  1	top1	0.036	2.7e-06	 0.77551	4.38e-01
NA	/data/songy4/twas/output/weights_control//ENSG00000110108.wgt.RDat	ENSG00000110108	11	60681346	60690915	0.0502	rs7943133	-3.02	rs10897122	 2.95e-03	  4.51	 1.3217	 416	 11	enet	0.032	1e-05	 2.08156	3.74e-02
NA	/data/songy4/twas/output/weights_control//ENSG00000110446.wgt.RDat	ENSG00000110446	11	60704556	60720002	0.1008	rs7943133	-3.02	rs489172	 1.17e-01	 -8.37	 1.3175	 404	  1	top1	0.12	1.7e-17	-1.31746	1.88e-01
NA	/data/songy4/twas/output/weights_control//ENSG00000110448.wgt.RDat	ENSG00000110448	11	60869867	60895324	0.0896	rs7943133	-3.02	rs616346	 4.74e-02	 -5.97	-2.5258	 385	  1	top1	0.047	8e-08	 2.52577	1.15e-02
NA	/data/songy4/twas/output/weights_control//ENSG00000229183.wgt.RDat	ENSG00000229183	11	60989688	61018929	0.1298	rs1791785	 3.70	rs11230633	 3.99e-02	 -4.93	-1.8370	 395	 67	enet	0.043	3.7e-07	 1.40828	1.59e-01
NA	/data/songy4/twas/output/weights_control//ENSG00000134780.wgt.RDat	ENSG00000134780	11	61447905	61514473	0.0700	rs1791785	 3.70	rs1692120	 2.89e-02	  4.61	-2.1183	 411	  1	top1	0.029	2.4e-05	-2.11828	3.42e-02
NA	/data/songy4/twas/output/weights_control//ENSG00000124920.wgt.RDat	ENSG00000124920	11	61520114	61555990	0.1141	rs1791785	 3.70	rs198476	 5.67e-02	 -6.35	-1.1443	 420	 15	enet	0.063	5.3e-10	 1.56694	1.17e-01
NA	/data/songy4/twas/output/weights_control//ENSG00000134825.wgt.RDat	ENSG00000134825	11	61535973	61560274	0.0515	rs1791785	 3.70	rs174534	 1.59e-02	  4.38	-0.6800	 415	  9	lasso	0.026	5.5e-05	-1.41371	1.57e-01
NA	/data/songy4/twas/output/weights_control//ENSG00000134824.wgt.RDat	ENSG00000134824	11	61560452	61634826	0.9052	rs1791785	 3.70	rs968567	 8.52e-01	 22.12	 0.8306	 447	 13	lasso	0.85	4.8e-241	 0.84763	3.97e-01
NA	/data/songy4/twas/output/weights_control//ENSG00000149485.wgt.RDat	ENSG00000149485	11	61567099	61596790	0.2291	rs1791785	 3.70	rs968567	 2.31e-01	 11.67	 0.8306	 435	 16	enet	0.25	1.6e-37	 0.39576	6.92e-01
NA	/data/songy4/twas/output/weights_control//ENSG00000167994.wgt.RDat	ENSG00000167994	11	61664773	61687741	0.4646	rs1791785	 3.70	rs174473	 1.46e-01	  9.31	 1.2214	 452	 12	lasso	0.22	1e-32	 2.50369	1.23e-02
NA	/data/songy4/twas/output/weights_control//ENSG00000149503.wgt.RDat	ENSG00000149503	11	61891445	61920635	0.1289	rs1791785	 3.70	rs11230934	 1.18e-01	  9.34	 1.1215	 462	 19	enet	0.16	1.8e-24	 1.17403	2.40e-01
NA	/data/songy4/twas/output/weights_control//ENSG00000162174.wgt.RDat	ENSG00000162174	11	62104920	62160882	0.2553	rs2241908	 3.82	rs2513749	 2.16e-01	 11.44	-1.2179	 444	  8	lasso	0.28	2.4e-42	-0.88788	3.75e-01
NA	/data/songy4/twas/output/weights_control//ENSG00000124942.wgt.RDat	ENSG00000124942	11	62201016	62323707	0.0699	rs2241908	 3.82	rs2509963	 3.35e-02	  4.54	 0.4174	 452	  1	top1	0.033	5.9e-06	 0.41739	6.76e-01
NA	/data/songy4/twas/output/weights_control//ENSG00000149499.wgt.RDat	ENSG00000149499	11	62369690	62380237	0.0853	rs2241908	 3.82	rs11553576	 9.89e-02	  7.91	-2.1275	 391	  2	lasso	0.1	4.6e-15	-2.58890	9.63e-03
NA	/data/songy4/twas/output/weights_control//ENSG00000185085.wgt.RDat	ENSG00000185085	11	62414320	62420774	0.1909	rs2241908	 3.82	rs11231176	 1.39e-01	  9.10	-3.1143	 374	 36	enet	0.14	8.7e-21	-3.51366	4.42e-04
NA	/data/songy4/twas/output/weights_control//ENSG00000162194.wgt.RDat	ENSG00000162194	11	62430287	62439727	0.1663	rs2241908	 3.82	rs11231176	 1.31e-01	  9.00	-3.1143	 372	 17	enet	0.14	2.1e-20	-2.79517	5.19e-03
NA	/data/songy4/twas/output/weights_control//ENSG00000162222.wgt.RDat	ENSG00000162222	11	62495541	62507765	0.0954	rs2241908	 3.82	rs7929194	 1.06e-01	  8.16	-1.9912	 356	  1	top1	0.11	6.7e-16	-1.99123	4.65e-02
NA	/data/songy4/twas/output/weights_control//ENSG00000168569.wgt.RDat	ENSG00000168569	11	62539101	62559493	0.2534	rs2241908	 3.82	rs11231221	 1.45e-01	 -9.24	 0.6477	 340	  4	lasso	0.18	1.3e-26	-2.25895	2.39e-02
NA	/data/songy4/twas/output/weights_control//ENSG00000176485.wgt.RDat	ENSG00000176485	11	63340667	63384355	0.6460	rs502224	-3.71	rs7115616	 3.69e-01	 15.20	 0.0800	 321	 42	enet	0.51	7e-91	 0.72757	4.67e-01
NA	/data/songy4/twas/output/weights_control//ENSG00000184743.wgt.RDat	ENSG00000184743	11	63391559	63439393	0.1088	rs502224	-3.71	rs551466	 8.86e-02	 -7.39	-1.7143	 319	  3	lasso	0.1	1.6e-15	 1.94509	5.18e-02
NA	/data/songy4/twas/output/weights_control//ENSG00000133318.wgt.RDat	ENSG00000133318	11	63448918	63527363	0.1963	rs502224	-3.71	rs474548	 1.29e-01	  9.03	-2.2627	 340	  6	lasso	0.15	7.3e-23	-2.06088	3.93e-02
NA	/data/songy4/twas/output/weights_control//ENSG00000168005.wgt.RDat	ENSG00000168005	11	63580860	63595190	0.0556	rs502224	-3.71	rs10750999	 4.61e-02	  5.30	 1.2952	 323	  1	top1	0.046	1.2e-07	 1.29524	1.95e-01
NA	/data/songy4/twas/output/weights_control//ENSG00000110583.wgt.RDat	ENSG00000110583	11	63706431	63724800	0.0314	rs502224	-3.71	rs2840079	 1.31e-02	  4.40	-1.3878	 340	  1	top1	0.013	0.0034	-1.38776	1.65e-01
NA	/data/songy4/twas/output/weights_control//ENSG00000167770.wgt.RDat	ENSG00000167770	11	63753325	63769283	0.0909	rs502224	-3.71	rs11231649	 3.06e-03	 -3.80	-1.2510	 327	  1	top1	0.0031	0.097	 1.25097	2.11e-01
NA	/data/songy4/twas/output/weights_control//ENSG00000149761.wgt.RDat	ENSG00000149761	11	63993413	63998158	0.0385	rs502224	-3.71	rs2840079	 6.98e-03	 -4.02	-1.3878	 347	 11	enet	0.012	0.0051	 1.61578	1.06e-01
NA	/data/songy4/twas/output/weights_control//ENSG00000173486.wgt.RDat	ENSG00000173486	11	64008475	64011604	0.0418	rs502224	-3.71	rs4672	 1.34e-03	  3.55	-0.8588	 346	 18	enet	0.0076	0.021	-1.58685	1.13e-01
NA	/data/songy4/twas/output/weights_control//ENSG00000173113.wgt.RDat	ENSG00000173113	11	64083932	64085556	0.1355	rs502224	-3.71	rs28395880	 8.18e-02	 -7.06	-0.7801	 361	  1	top1	0.082	1.7e-12	 0.78010	4.35e-01
NA	/data/songy4/twas/output/weights_control//ENSG00000126432.wgt.RDat	ENSG00000126432	11	64085560	64089283	0.4829	rs502224	-3.71	rs11600990	 4.45e-01	 16.05	-0.2137	 361	 32	enet	0.48	7.8e-84	 0.23335	8.15e-01
NA	/data/songy4/twas/output/weights_control//ENSG00000168071.wgt.RDat	ENSG00000168071	11	64107695	64125006	0.1107	rs502224	-3.71	rs479777	 6.70e-02	 -6.67	-0.6765	 360	 12	enet	0.072	4.3e-11	 0.64514	5.19e-01
NA	/data/songy4/twas/output/weights_control//ENSG00000162302.wgt.RDat	ENSG00000162302	11	64126620	64139687	0.2969	rs502224	-3.71	rs7130280	 2.40e-01	-11.79	-1.5816	 356	  1	top1	0.24	2.6e-36	 1.58163	1.14e-01
NA	/data/songy4/twas/output/weights_control//ENSG00000133895.wgt.RDat	ENSG00000133895	11	64570982	64578766	0.0302	rs626670	-2.65	rs1143937	 2.02e-02	  4.20	 0.4562	 344	  1	top1	0.02	0.00037	 0.45625	6.48e-01
NA	/data/songy4/twas/output/weights_control//ENSG00000110047.wgt.RDat	ENSG00000110047	11	64619114	64655768	0.0377	rs551523	 3.11	rs674981	-1.21e-03	  3.49	-1.6900	 352	 10	enet	-2.9e-05	0.32	-0.77596	4.38e-01
NA	/data/songy4/twas/output/weights_control//ENSG00000168060.wgt.RDat	ENSG00000168060	11	64812290	64826021	0.0821	rs551523	 3.11	rs542175	 3.03e-02	 -5.94	 0.6983	 338	 11	lasso	0.051	2.7e-08	 0.10312	9.18e-01
NA	/data/songy4/twas/output/weights_control//ENSG00000149809.wgt.RDat	ENSG00000149809	11	64879317	64883856	0.0571	rs551523	 3.11	rs689288	 1.38e-02	  4.51	 2.1227	 340	 10	lasso	0.02	4e-04	 2.12498	3.36e-02
NA	/data/songy4/twas/output/weights_control//ENSG00000204710.wgt.RDat	ENSG00000204710	11	64937625	64940715	0.4253	rs551523	 3.11	rs17743381	 2.73e-01	 12.57	-0.8512	 336	  7	lasso	0.3	2.5e-47	-0.97824	3.28e-01
NA	/data/songy4/twas/output/weights_control//ENSG00000014216.wgt.RDat	ENSG00000014216	11	64948037	64979477	0.3937	rs551523	 3.11	rs3825072	 2.50e-01	 12.16	-0.3846	 347	 21	enet	0.33	4.2e-52	-0.15691	8.75e-01
NA	/data/songy4/twas/output/weights_control//ENSG00000168056.wgt.RDat	ENSG00000168056	11	65306276	65326401	0.1209	rs551523	 3.11	rs3200401	 6.34e-02	  7.06	-0.1111	 377	  1	top1	0.063	5.6e-10	-0.11111	9.12e-01
NA	/data/songy4/twas/output/weights_control//ENSG00000173465.wgt.RDat	ENSG00000173465	11	65337901	65341413	0.1272	rs551523	 3.11	rs4099470	 1.13e-01	 -8.22	 0.5046	 361	  1	top1	0.11	7.2e-17	-0.50463	6.14e-01
NA	/data/songy4/twas/output/weights_control//ENSG00000173327.wgt.RDat	ENSG00000173327	11	65365226	65382853	0.0715	rs551523	 3.11	rs7130955	 7.22e-02	  6.62	 1.5417	 355	  1	top1	0.072	3.5e-11	 1.54167	1.23e-01
NA	/data/songy4/twas/output/weights_control//ENSG00000213445.wgt.RDat	ENSG00000213445	11	65405568	65418401	0.0369	rs551523	 3.11	rs746429	 2.81e-02	 -5.26	 2.0210	 344	  1	top1	0.028	3.1e-05	-2.02102	4.33e-02
NA	/data/songy4/twas/output/weights_control//ENSG00000172922.wgt.RDat	ENSG00000172922	11	65482367	65488418	0.1766	rs801733	 3.24	rs3372	 1.62e-01	 -9.69	-1.4444	 333	  1	top1	0.16	5.7e-24	 1.44444	1.49e-01
NA	/data/songy4/twas/output/weights_control//ENSG00000172732.wgt.RDat	ENSG00000172732	11	65624597	65635124	0.1168	rs17494956	 4.65	rs668356	 1.32e-01	 -9.07	 0.5657	 356	  1	top1	0.13	1.2e-19	-0.56566	5.72e-01
NA	/data/songy4/twas/output/weights_control//ENSG00000172638.wgt.RDat	ENSG00000172638	11	65633912	65641063	0.1014	rs17494956	 4.65	rs10896053	 6.84e-02	  7.00	-0.8898	 356	  1	top1	0.068	1.1e-10	-0.88976	3.74e-01
NA	/data/songy4/twas/output/weights_control//ENSG00000172543.wgt.RDat	ENSG00000172543	11	65647280	65651212	0.4935	rs17494956	 4.65	rs583887	 4.39e-01	-15.91	 2.0504	 352	 12	lasso	0.45	1.6e-75	-2.10528	3.53e-02
NA	/data/songy4/twas/output/weights_control//ENSG00000175376.wgt.RDat	ENSG00000175376	11	65764016	65769647	0.1620	rs17494956	 4.65	rs622779	 1.20e-01	 -8.42	-1.3307	 351	 25	enet	0.13	3e-19	 1.41287	1.58e-01
NA	/data/songy4/twas/output/weights_control//ENSG00000087365.wgt.RDat	ENSG00000087365	11	65818200	65836779	0.0853	rs17494956	 4.65	rs574153	 5.31e-02	 -5.89	-1.6571	 375	  1	top1	0.053	1.4e-08	 1.65714	9.75e-02
NA	/data/songy4/twas/output/weights_control//ENSG00000175115.wgt.RDat	ENSG00000175115	11	65837834	66012218	0.0765	rs17494956	 4.65	rs7946917	 3.45e-02	 -5.85	-0.4492	 397	  7	lasso	0.042	4e-07	 1.26449	2.06e-01
NA	/data/songy4/twas/output/weights_control//ENSG00000174851.wgt.RDat	ENSG00000174851	11	66052051	66056641	0.0862	rs17494956	 4.65	rs3132851	 7.87e-02	 -7.29	-1.2097	 324	  5	lasso	0.081	2e-12	 1.43226	1.52e-01
NA	/data/songy4/twas/output/weights_control//ENSG00000174791.wgt.RDat	ENSG00000174791	11	66097713	66104311	0.2638	rs17494956	 4.65	rs948360	 2.04e-01	-11.02	-0.5482	 310	  4	lasso	0.2	1.3e-30	 0.59810	5.50e-01
NA	/data/songy4/twas/output/weights_control//ENSG00000174684.wgt.RDat	ENSG00000174684	11	66112843	66115163	0.0616	rs17494956	 4.65	rs7924580	 3.60e-02	 -4.74	-2.7807	 310	  1	top1	0.036	2.8e-06	 2.78070	5.42e-03
NA	/data/songy4/twas/output/weights_control//ENSG00000174516.wgt.RDat	ENSG00000174516	11	66234216	66244808	0.0745	rs17494956	 4.65	rs17495838	 9.23e-02	 -7.97	 2.8163	 289	  1	top1	0.092	5.8e-14	-2.81629	4.86e-03
NA	/data/songy4/twas/output/weights_control//ENSG00000254986.wgt.RDat	ENSG00000254986	11	66247484	66277130	0.0615	rs17494956	 4.65	rs3737525	 3.36e-02	 -5.65	 2.4973	 287	 18	enet	0.052	1.8e-08	-1.90943	5.62e-02
NA	/data/songy4/twas/output/weights_control//ENSG00000174165.wgt.RDat	ENSG00000174165	11	66288108	66313709	0.0335	rs17494956	 4.65	rs12805133	 1.74e-02	  4.43	 0.1474	 277	  1	top1	0.017	9e-04	 0.14737	8.83e-01
NA	/data/songy4/twas/output/weights_control//ENSG00000248746.wgt.RDat	ENSG00000248746	11	66313866	66330800	0.0262	rs17494956	 4.65	rs509556	 3.10e-02	 -4.71	-0.2660	 269	  1	top1	0.031	1.3e-05	 0.26596	7.90e-01
NA	/data/songy4/twas/output/weights_control//ENSG00000174080.wgt.RDat	ENSG00000174080	11	66330934	66336312	0.1517	rs17494956	 4.65	rs2242663	 2.36e-01	 11.75	-1.8727	 261	  1	top1	0.24	1.3e-35	-1.87273	6.11e-02
NA	/data/songy4/twas/output/weights_control//ENSG00000173992.wgt.RDat	ENSG00000173992	11	66360292	66373490	0.0793	rs17494956	 4.65	rs692892	 5.31e-02	 -6.34	 0.8421	 262	 33	enet	0.063	5.6e-10	-1.95596	5.05e-02
NA	/data/songy4/twas/output/weights_control//ENSG00000239306.wgt.RDat	ENSG00000239306	11	66384053	66394818	0.0861	rs17494956	 4.65	rs11550057	 7.20e-02	  6.81	 3.2880	 264	  1	top1	0.072	3.7e-11	 3.28800	1.01e-03
NA	/data/songy4/twas/output/weights_control//ENSG00000173599.wgt.RDat	ENSG00000173599	11	66615704	66725847	0.0420	rs35166611	 3.88	rs11227624	 1.27e-02	 -4.42	 1.6947	 285	  4	lasso	0.017	0.0011	-1.95458	5.06e-02
NA	/data/songy4/twas/output/weights_control//ENSG00000173621.wgt.RDat	ENSG00000173621	11	66624118	66627946	0.0835	rs2275998	 3.50	rs2077432	 9.10e-02	 -8.30	-1.3619	 236	 15	enet	0.11	1.1e-16	 1.86425	6.23e-02
NA	/data/songy4/twas/output/weights_control//ENSG00000172932.wgt.RDat	ENSG00000172932	11	67056018	67069956	0.0782	rs11227881	 2.91	rs1138272	 4.10e-02	  5.25	 2.4659	 275	  1	top1	0.041	5.8e-07	 2.46591	1.37e-02
NA	/data/songy4/twas/output/weights_control//ENSG00000172830.wgt.RDat	ENSG00000172830	11	67070919	67080078	0.1671	rs11227881	 2.91	rs11227696	 1.37e-01	 -8.90	 0.8041	 272	 38	enet	0.16	2.8e-23	-1.13414	2.57e-01
NA	/data/songy4/twas/output/weights_control//ENSG00000175482.wgt.RDat	ENSG00000175482	11	67118248	67124443	0.0249	rs11227881	 2.91	rs1558257	 2.50e-02	 -4.07	-0.3366	 268	  1	top1	0.025	8.2e-05	 0.33659	7.36e-01
NA	/data/songy4/twas/output/weights_control//ENSG00000172613.wgt.RDat	ENSG00000172613	11	67159176	67165881	0.1073	rs11227881	 2.91	rs35821109	 2.42e-02	  4.17	-1.5752	 259	  1	top1	0.024	0.00011	-1.57519	1.15e-01
NA	/data/songy4/twas/output/weights_control//ENSG00000175463.wgt.RDat	ENSG00000175463	11	67171386	67177560	0.0358	rs11227881	 2.91	rs1638586	 3.88e-02	  5.50	-1.2222	 259	  1	top1	0.039	1.2e-06	-1.22222	2.22e-01
NA	/data/songy4/twas/output/weights_control//ENSG00000175634.wgt.RDat	ENSG00000175634	11	67195931	67202872	0.0478	rs11227881	 2.91	rs10274	 5.92e-02	  6.05	-0.8542	 243	  1	top1	0.059	2e-09	-0.85417	3.93e-01
NA	/data/songy4/twas/output/weights_control//ENSG00000084207.wgt.RDat	ENSG00000084207	11	67351066	67354131	0.0355	rs11227881	 2.91	rs1695	 2.17e-02	  4.59	-0.2828	 260	  5	lasso	0.025	8.1e-05	-0.02301	9.82e-01
NA	/data/songy4/twas/output/weights_control//ENSG00000167799.wgt.RDat	ENSG00000167799	11	67395409	67397401	0.0671	rs11227881	 2.91	rs4930497	-1.70e-03	  3.63	 0.2147	 261	 29	enet	0.007	0.025	-0.29451	7.68e-01
NA	/data/songy4/twas/output/weights_control//ENSG00000132744.wgt.RDat	ENSG00000132744	11	67410026	67418130	0.0768	rs11227881	 2.91	rs4930211	 3.96e-02	  5.39	-2.2810	 267	  1	top1	0.04	9.1e-07	-2.28105	2.25e-02
NA	/data/songy4/twas/output/weights_control//ENSG00000110717.wgt.RDat	ENSG00000110717	11	67798084	67804111	0.2707	rs7342161	 3.60	rs10896289	 2.98e-01	 13.17	-0.4560	 280	  5	lasso	0.31	1.1e-47	-0.40304	6.87e-01
NA	/data/songy4/twas/output/weights_control//ENSG00000110719.wgt.RDat	ENSG00000110719	11	67806483	67818362	0.1288	rs7342161	 3.60	rs4147779	 9.21e-02	 -7.42	-0.1339	 282	  1	top1	0.092	6.1e-14	 0.13393	8.93e-01
NA	/data/songy4/twas/output/weights_control//ENSG00000110721.wgt.RDat	ENSG00000110721	11	67820326	67888911	0.0497	rs7342161	 3.60	rs2511470	 3.69e-02	  5.31	-1.4796	 303	  1	top1	0.037	2e-06	-1.47959	1.39e-01
NA	/data/songy4/twas/output/weights_control//ENSG00000110075.wgt.RDat	ENSG00000110075	11	68228186	68382802	0.0535	rs7342161	 3.60	rs12283755	 6.20e-02	  6.50	-2.1970	 434	  1	top1	0.062	8.5e-10	-2.19699	2.80e-02
NA	/data/songy4/twas/output/weights_control//ENSG00000197345.wgt.RDat	ENSG00000197345	11	68658744	68671303	0.1993	rs2472429	 3.06	rs636049	 2.01e-01	-10.98	-0.3301	 414	  8	lasso	0.21	1.5e-31	 0.41744	6.76e-01
NA	/data/songy4/twas/output/weights_control//ENSG00000132740.wgt.RDat	ENSG00000132740	11	68671310	68708070	0.6729	rs2472429	 3.06	rs622082	 7.96e-01	 21.39	-0.0583	 429	 31	enet	0.8	2.9e-201	-0.21078	8.33e-01
NA	/data/songy4/twas/output/weights_control//ENSG00000162341.wgt.RDat	ENSG00000162341	11	68816365	68858072	0.2191	rs10896349	 2.85	rs1551306	 1.02e-01	  7.78	-0.8617	 447	 18	enet	0.18	4.5e-27	-1.29017	1.97e-01
NA	/data/songy4/twas/output/weights_control//ENSG00000110092.wgt.RDat	ENSG00000110092	11	69455855	69469242	0.0938	rs11263527	 2.56	rs7946918	 4.75e-02	 -5.77	-1.1472	 463	  5	lasso	0.061	1.1e-09	 0.76503	4.44e-01
NA	/data/songy4/twas/output/weights_control//ENSG00000168040.wgt.RDat	ENSG00000168040	11	70049269	70053496	0.0664	rs12421725	-2.66	rs17333013	 1.96e-02	 -4.71	 0.9789	 432	  1	top1	0.02	0.00045	-0.97887	3.28e-01
NA	/data/songy4/twas/output/weights_control//ENSG00000172890.wgt.RDat	ENSG00000172890	11	71164155	71235153	0.2077	rs4943820	 2.99	rs3794060	 1.69e-01	-10.89	 0.0836	 390	  6	lasso	0.23	1.1e-34	-0.53434	5.93e-01
NA	/data/songy4/twas/output/weights_control//ENSG00000204571.wgt.RDat	ENSG00000204571	11	71292901	71314399	0.2089	rs4943820	 2.99	rs3763797	 1.98e-01	 10.84	 0.0974	 371	 11	enet	0.2	3.8e-30	 0.05974	9.52e-01
NA	/data/songy4/twas/output/weights_control//ENSG00000158483.wgt.RDat	ENSG00000158483	11	71498556	71512282	0.5831	rs6592055	 2.85	rs2040301	 4.81e-01	 16.69	-0.8682	 343	  3	lasso	0.48	2.8e-84	-0.88180	3.78e-01
NA	/data/songy4/twas/output/weights_control//ENSG00000225805.wgt.RDat	ENSG00000225805	11	71589499	71595607	0.0488	NA	   NA	NA	       NA	    NA	     NA	   0	  0	enet	0.03	1.9e-05	      NA	      NA
NA	/data/songy4/twas/output/weights_control//ENSG00000137496.wgt.RDat	ENSG00000137496	11	71709587	71716761	0.0432	rs9651752	-2.33	rs10751198	-1.68e-03	 -3.66	-0.4808	 247	  5	enet	-0.0016	0.77	 0.30669	7.59e-01
NA	/data/songy4/twas/output/weights_control//ENSG00000137497.wgt.RDat	ENSG00000137497	11	71713910	71791739	0.0457	rs7117518	-3.03	rs10898815	 4.42e-02	  5.13	 0.6486	 286	  4	lasso	0.044	2.1e-07	 0.56358	5.73e-01
NA	/data/songy4/twas/output/weights_control//ENSG00000149357.wgt.RDat	ENSG00000149357	11	71796941	71814433	0.0537	rs7117518	-3.03	rs10898820	 5.87e-03	 -4.73	 0.4190	 246	 31	enet	0.019	0.00056	 0.80608	4.20e-01
NA	/data/songy4/twas/output/weights_control//ENSG00000110203.wgt.RDat	ENSG00000110203	11	71825915	71850936	0.8449	rs10898857	-3.10	rs575341	 3.52e-01	 14.35	 0.2848	 267	 44	enet	0.57	4.3e-107	 0.51964	6.03e-01
NA	/data/songy4/twas/output/weights_control//ENSG00000186642.wgt.RDat	ENSG00000186642	11	72287185	72385635	0.1082	rs12803589	 3.38	rs900613	 6.45e-02	 -6.42	 0.4768	 344	 37	enet	0.07	7.5e-11	-1.03699	3.00e-01
NA	/data/songy4/twas/output/weights_control//ENSG00000214530.wgt.RDat	ENSG00000214530	11	72465774	72504726	0.1496	rs12803589	 3.38	rs3862794	 1.10e-01	  9.17	 1.0598	 347	 31	enet	0.2	4.2e-29	 0.71496	4.75e-01
NA	/data/songy4/twas/output/weights_control//ENSG00000110237.wgt.RDat	ENSG00000110237	11	73019334	73080136	0.5740	rs12803589	 3.38	rs3741149	 5.81e-01	 18.30	-2.7730	 318	 22	enet	0.6	1.2e-116	-2.80299	5.06e-03
NA	/data/songy4/twas/output/weights_control//ENSG00000054967.wgt.RDat	ENSG00000054967	11	73087309	73108519	0.1542	rs7925226	-3.10	rs11824614	 1.53e-01	  9.94	-1.9590	 319	  6	lasso	0.17	5.7e-25	-2.11098	3.48e-02
NA	/data/songy4/twas/output/weights_control//ENSG00000021300.wgt.RDat	ENSG00000021300	11	73357223	73373864	0.0578	rs826081	-3.20	rs666839	 1.72e-03	  3.77	 1.0231	 350	  1	top1	0.0017	0.16	 1.02308	3.06e-01
NA	/data/songy4/twas/output/weights_control//ENSG00000175582.wgt.RDat	ENSG00000175582	11	73386683	73472182	0.0521	rs826081	-3.20	rs11235937	 7.78e-03	 -4.42	 1.1102	 374	 15	enet	0.0099	0.0095	-1.87595	6.07e-02
NA	/data/songy4/twas/output/weights_control//ENSG00000175581.wgt.RDat	ENSG00000175581	11	73498361	73576178	0.2764	rs826081	-3.20	rs1792174	 2.20e-01	 12.29	 1.7010	 366	 13	lasso	0.33	1.2e-52	 1.55439	1.20e-01
NA	/data/songy4/twas/output/weights_control//ENSG00000181924.wgt.RDat	ENSG00000181924	11	73583712	73588033	0.0508	rs826081	-3.20	rs699138	 4.39e-03	 -4.62	 1.9697	 345	 19	enet	0.034	5.3e-06	-1.48164	1.38e-01
NA	/data/songy4/twas/output/weights_control//ENSG00000175575.wgt.RDat	ENSG00000175575	11	73587744	73638790	0.1136	rs826081	-3.20	rs7101957	 1.48e-02	  3.96	 0.4757	 363	 25	enet	0.023	0.00014	-0.82253	4.11e-01
NA	/data/songy4/twas/output/weights_control//ENSG00000175567.wgt.RDat	ENSG00000175567	11	73685712	73694352	0.2381	rs826081	-3.20	rs660339	 1.40e-01	  9.57	 3.0842	 374	  6	lasso	0.15	5e-22	 2.83795	4.54e-03
NA	/data/songy4/twas/output/weights_control//ENSG00000165434.wgt.RDat	ENSG00000165434	11	74041363	74109518	0.1170	rs826081	-3.20	rs624049	 5.49e-02	  6.90	-0.5267	 447	 14	enet	0.058	2.7e-09	-0.55216	5.81e-01
NA	/data/songy4/twas/output/weights_control//ENSG00000175538.wgt.RDat	ENSG00000175538	11	74165886	74178774	0.3093	rs826081	-3.20	rs10898993	 1.89e-01	 11.23	 0.1327	 416	  6	lasso	0.26	1.9e-39	-0.08321	9.34e-01
NA	/data/songy4/twas/output/weights_control//ENSG00000175536.wgt.RDat	ENSG00000175536	11	74202757	74204778	0.1163	rs826081	-3.20	rs3741128	 1.35e-01	 -9.06	 0.2990	 410	  1	top1	0.13	5.6e-20	-0.29897	7.65e-01
NA	/data/songy4/twas/output/weights_control//ENSG00000166435.wgt.RDat	ENSG00000166435	11	74518784	74660245	0.8120	rs11236183	 3.14	rs2119028	 8.90e-01	 22.60	 1.2857	 526	  9	lasso	0.89	5e-277	 1.29293	1.96e-01
NA	/data/songy4/twas/output/weights_control//ENSG00000149243.wgt.RDat	ENSG00000149243	11	75133438	75141674	0.1115	rs11236449	 3.28	rs2508619	 7.13e-02	 -6.63	-0.7556	 456	  1	top1	0.071	4.6e-11	 0.75558	4.50e-01
NA	/data/songy4/twas/output/weights_control//ENSG00000158555.wgt.RDat	ENSG00000158555	11	75145685	75236948	0.3629	rs11236449	 3.28	rs1793398	 2.86e-01	 12.85	 1.7355	 477	 31	enet	0.36	2.1e-58	 2.88086	3.97e-03
NA	/data/songy4/twas/output/weights_control//ENSG00000149257.wgt.RDat	ENSG00000149257	11	75273101	75283828	0.1845	rs11236449	 3.28	rs589063	 9.11e-02	 -7.46	-0.2772	 443	  3	lasso	0.13	4.7e-19	 0.42301	6.72e-01
NA	/data/songy4/twas/output/weights_control//ENSG00000062282.wgt.RDat	ENSG00000062282	11	75470557	75512579	0.0505	rs636420	-3.35	rs17134394	 4.44e-02	 -5.83	 1.1387	 468	 19	enet	0.044	2e-07	-1.16196	2.45e-01
NA	/data/songy4/twas/output/weights_control//ENSG00000198382.wgt.RDat	ENSG00000198382	11	75526212	75854239	0.0526	rs636420	-3.35	rs11236511	 1.11e-04	 -4.10	 0.7654	 579	 22	enet	0.013	0.0033	-0.42010	6.74e-01
NA	/data/songy4/twas/output/weights_control//ENSG00000085741.wgt.RDat	ENSG00000085741	11	75897369	75921780	0.1037	rs636420	-3.35	rs882151	 5.24e-02	  6.34	 0.6583	 461	  4	lasso	0.065	3.7e-10	 0.99095	3.22e-01
NA	/data/songy4/twas/output/weights_control//ENSG00000137474.wgt.RDat	ENSG00000137474	11	76839310	76926284	0.0448	rs12274072	 3.67	rs4488228	-1.64e-03	  2.99	 0.0654	 452	 25	enet	-0.00095	0.5	-0.23736	8.12e-01
NA	/data/songy4/twas/output/weights_control//ENSG00000149269.wgt.RDat	ENSG00000149269	11	77032752	77185680	0.0643	rs12274072	 3.67	rs11237147	 3.78e-02	 -5.28	 2.7216	 412	 21	enet	0.04	7.4e-07	-2.31895	2.04e-02
NA	/data/songy4/twas/output/weights_control//ENSG00000074201.wgt.RDat	ENSG00000074201	11	77225981	77348850	0.0753	rs12274072	 3.67	rs7929313	 5.98e-02	 -6.71	 0.3235	 428	 28	enet	0.078	5.7e-12	 0.37614	7.07e-01
NA	/data/songy4/twas/output/weights_control//ENSG00000178301.wgt.RDat	ENSG00000178301	11	77300436	77321400	0.0343	rs12274072	 3.67	rs4509797	 2.27e-02	  4.87	 0.4206	 383	 12	enet	0.028	3.3e-05	 0.74309	4.57e-01
NA	/data/songy4/twas/output/weights_control//ENSG00000087884.wgt.RDat	ENSG00000087884	11	77532155	77629478	0.0550	rs3740677	-3.39	rs11604207	 1.24e-03	 -3.91	 1.2456	 372	 15	enet	0.011	0.0068	-0.75838	4.48e-01
NA	/data/songy4/twas/output/weights_control//ENSG00000149262.wgt.RDat	ENSG00000149262	11	77589766	77705724	0.3030	rs3740677	-3.39	rs10899420	 9.43e-02	 -8.49	-1.9600	 381	 23	enet	0.19	1.6e-27	 1.38568	1.66e-01
NA	/data/songy4/twas/output/weights_control//ENSG00000151366.wgt.RDat	ENSG00000151366	11	77779350	77791265	0.1051	rs3740677	-3.39	rs589472	 3.42e-02	 -6.00	 0.4078	 363	 37	enet	0.049	5.7e-08	 0.37531	7.07e-01
NA	/data/songy4/twas/output/weights_control//ENSG00000159063.wgt.RDat	ENSG00000159063	11	77811982	77850706	0.0733	rs3740677	-3.39	rs2845556	 5.18e-02	 -5.82	-0.0309	 361	  1	top1	0.052	2e-08	 0.03093	9.75e-01
NA	/data/songy4/twas/output/weights_control//ENSG00000188997.wgt.RDat	ENSG00000188997	11	77882295	77899868	0.0550	rs3740677	-3.39	rs689195	 2.26e-02	 -4.78	 0.1579	 354	 16	enet	0.03	1.6e-05	 0.78417	4.33e-01
NA	/data/songy4/twas/output/weights_control//ENSG00000118369.wgt.RDat	ENSG00000118369	11	77899858	77925757	0.0572	rs3740677	-3.39	rs2912	 5.58e-02	 -6.19	-2.0236	 363	  1	top1	0.056	5.9e-09	 2.02362	4.30e-02
NA	/data/songy4/twas/output/weights_control//ENSG00000033327.wgt.RDat	ENSG00000033327	11	77926343	78129394	0.0391	rs3740677	-3.39	rs10793294	 2.12e-02	  4.68	-2.5304	 468	  1	top1	0.021	0.00027	-2.53043	1.14e-02
NA	/data/songy4/twas/output/weights_control//ENSG00000137513.wgt.RDat	ENSG00000137513	11	78147007	78285919	0.2731	rs3740677	-3.39	rs4945301	 3.05e-01	-13.29	-1.4444	 506	  1	top1	0.31	1.8e-47	 1.44444	1.49e-01
NA	/data/songy4/twas/output/weights_control//ENSG00000149256.wgt.RDat	ENSG00000149256	11	78363876	79151992	0.6639	rs3740677	-3.39	rs12276041	 1.86e-01	 11.81	-0.4775	 968	 33	enet	0.57	2.9e-108	 0.58468	5.59e-01
NA	/data/songy4/twas/output/weights_control//ENSG00000182103.wgt.RDat	ENSG00000182103	11	82443053	82444906	0.1487	rs12801116	-2.98	rs17144244	 1.85e-01	 10.41	 1.2462	 443	  1	top1	0.18	1.9e-27	 1.24615	2.13e-01
NA	/data/songy4/twas/output/weights_control//ENSG00000137502.wgt.RDat	ENSG00000137502	11	82684175	82782965	0.0697	rs7108874	-3.37	rs2086298	 2.23e-02	 -5.28	-0.1684	 467	 31	enet	0.03	1.9e-05	 1.28752	1.98e-01
NA	/data/songy4/twas/output/weights_control//ENSG00000137494.wgt.RDat	ENSG00000137494	11	82904781	82971736	0.0763	rs489567	-3.66	rs7123661	 4.35e-03	 -3.87	-0.8611	 420	  7	lasso	0.0051	0.048	 1.03889	2.99e-01
NA	/data/songy4/twas/output/weights_control//ENSG00000137500.wgt.RDat	ENSG00000137500	11	82970139	82997450	0.3398	rs12287601	-6.30	rs574982	 4.90e-01	 16.84	-2.1400	 396	  1	top1	0.49	3.9e-86	-2.14000	3.24e-02
NA	/data/songy4/twas/output/weights_control//ENSG00000150672.wgt.RDat	ENSG00000150672	11	83166055	85338966	0.1113	rs12287601	-6.30	rs4944523	 2.66e-02	 -5.54	 0.4318	1294	  6	lasso	0.058	2.6e-09	 0.09022	9.28e-01
NA	/data/songy4/twas/output/weights_control//ENSG00000179071.wgt.RDat	ENSG00000179071	11	85394893	85397320	0.1603	rs10792819	 3.33	rs17811120	 8.88e-02	 -7.22	 0.4622	 364	 15	enet	0.11	2.3e-16	-0.56370	5.73e-01
NA	/data/songy4/twas/output/weights_control//ENSG00000137501.wgt.RDat	ENSG00000137501	11	85405267	85522184	0.4473	rs10792819	 3.33	rs17811120	 2.13e-01	-11.09	 0.4622	 415	 80	enet	0.24	1.3e-35	-1.54838	1.22e-01
NA	/data/songy4/twas/output/weights_control//ENSG00000073921.wgt.RDat	ENSG00000073921	11	85668727	85780924	0.0597	rs10792819	 3.33	rs713346	 2.12e-02	  5.17	-0.1858	 509	 22	enet	0.033	6.5e-06	 0.08030	9.36e-01
NA	/data/songy4/twas/output/weights_control//ENSG00000074266.wgt.RDat	ENSG00000074266	11	85955586	85989855	0.1510	rs10792819	 3.33	rs10898457	 1.35e-01	  9.05	 1.4880	 549	  1	top1	0.14	4.2e-20	 1.48800	1.37e-01
NA	/data/songy4/twas/output/weights_control//ENSG00000149201.wgt.RDat	ENSG00000149201	11	86085778	86134151	0.0760	rs10792819	 3.33	rs6592284	 1.87e-02	  5.13	 0.2969	 577	 20	enet	0.026	6.4e-05	-0.23155	8.17e-01
NA	/data/songy4/twas/output/weights_control//ENSG00000151376.wgt.RDat	ENSG00000151376	11	86152150	86383678	0.3891	rs713065	 3.10	rs670736	 3.23e-01	 13.63	-1.6452	 678	  8	lasso	0.38	1.5e-62	-1.20368	2.29e-01
NA	/data/songy4/twas/output/weights_control//ENSG00000123892.wgt.RDat	ENSG00000123892	11	87846410	87908635	0.3378	rs308862	 3.10	rs7395213	 5.79e-02	  6.90	 0.9919	 564	 56	enet	0.19	1.7e-28	-0.85013	3.95e-01
NA	/data/songy4/twas/output/weights_control//ENSG00000109861.wgt.RDat	ENSG00000109861	11	88026760	88070955	0.5956	rs308862	 3.10	rs3758833	 2.51e-01	-13.36	 1.4603	 584	 12	lasso	0.57	5.2e-106	-2.02895	4.25e-02
NA	/data/songy4/twas/output/weights_control//ENSG00000189253.wgt.RDat	ENSG00000189253	11	89602450	89609185	0.2280	rs7930337	-3.13	rs10734121	 6.28e-02	 -6.87	-0.4545	 216	 14	lasso	0.11	7.3e-16	 0.79683	4.26e-01
NA	/data/songy4/twas/output/weights_control//ENSG00000204450.wgt.RDat	ENSG00000204450	11	89701672	89708396	0.1092	rs7930337	-3.13	rs10501714	 1.56e-02	  5.56	-0.8314	 224	 13	enet	0.029	2.1e-05	-1.20383	2.29e-01
NA	/data/songy4/twas/output/weights_control//ENSG00000077616.wgt.RDat	ENSG00000077616	11	89864683	89926062	0.1399	rs7930337	-3.13	rs10765249	 8.48e-02	  7.69	 1.6708	 281	  3	lasso	0.11	6.7e-17	 1.09693	2.73e-01
NA	/data/songy4/twas/output/weights_control//ENSG00000180773.wgt.RDat	ENSG00000180773	11	92877341	92931130	0.0828	rs10831078	-3.63	rs3943572	 7.42e-02	 -6.82	-0.2712	 458	  1	top1	0.074	1.8e-11	 0.27119	7.86e-01
NA	/data/songy4/twas/output/weights_control//ENSG00000166002.wgt.RDat	ENSG00000166002	11	93211638	93276674	0.4418	rs586293	 3.68	rs7928401	 3.45e-01	 14.38	-0.5391	 457	 10	lasso	0.4	1.8e-66	-0.21663	8.28e-01
NA	/data/songy4/twas/output/weights_control//ENSG00000166012.wgt.RDat	ENSG00000166012	11	93463114	93517557	0.2226	rs586293	 3.68	rs10160552	 2.42e-01	 11.82	-2.8041	 427	  1	top1	0.24	1.6e-36	-2.80412	5.05e-03
NA	/data/songy4/twas/output/weights_control//ENSG00000182919.wgt.RDat	ENSG00000182919	11	93474757	93497915	0.1905	rs586293	 3.68	rs652961	 1.67e-01	  9.93	 3.3366	 414	  1	top1	0.17	1.1e-24	 3.33663	8.48e-04
NA	/data/songy4/twas/output/weights_control//ENSG00000110218.wgt.RDat	ENSG00000110218	11	93862094	93915138	0.3043	rs586293	 3.68	rs4073612	 3.21e-01	-13.60	-1.3579	 463	 12	lasso	0.37	5.2e-59	 1.48283	1.38e-01
NA	/data/songy4/twas/output/weights_control//ENSG00000123901.wgt.RDat	ENSG00000123901	11	94110477	94134585	0.0518	rs4753544	 3.14	rs10831222	 1.80e-02	  4.89	 0.9406	 451	  1	top1	0.018	0.00074	 0.94059	3.47e-01
NA	/data/songy4/twas/output/weights_control//ENSG00000020922.wgt.RDat	ENSG00000020922	11	94152895	94227074	0.4190	rs4753544	 3.14	rs535801	 5.53e-01	 17.87	-0.6471	 472	 22	enet	0.58	1.2e-109	-0.71018	4.78e-01
NA	/data/songy4/twas/output/weights_control//ENSG00000166025.wgt.RDat	ENSG00000166025	11	94439597	94609918	0.0965	rs12421118	 3.04	rs585555	 2.68e-02	 -5.96	-0.2342	 567	  3	lasso	0.049	4.3e-08	-0.50455	6.14e-01
NA	/data/songy4/twas/output/weights_control//ENSG00000150316.wgt.RDat	ENSG00000150316	11	94695787	94706776	0.0822	rs12421118	 3.04	rs12363872	 9.46e-03	  4.00	 0.1759	 508	 22	enet	0.01	0.0087	-0.46429	6.42e-01
NA	/data/songy4/twas/output/weights_control//ENSG00000149218.wgt.RDat	ENSG00000149218	11	94822974	94865809	0.0748	rs11021240	-3.79	rs2509814	 7.88e-02	 -6.88	-0.1387	 548	  1	top1	0.079	4.3e-12	 0.13869	8.90e-01
NA	/data/songy4/twas/output/weights_control//ENSG00000149212.wgt.RDat	ENSG00000149212	11	94898704	94965705	0.1566	rs11021240	-3.79	rs4409785	 3.16e-02	 -5.78	 0.1639	 538	  6	lasso	0.087	2.9e-13	 0.72333	4.69e-01
NA	/data/songy4/twas/output/weights_control//ENSG00000077458.wgt.RDat	ENSG00000077458	11	95502106	95523573	0.2051	rs11021240	-3.79	rs474442	 2.25e-01	-11.59	-3.4155	 624	 37	enet	0.25	9.8e-38	 3.58206	3.41e-04
NA	/data/songy4/twas/output/weights_control//ENSG00000166037.wgt.RDat	ENSG00000166037	11	95523129	95565857	0.1245	rs11021240	-3.79	rs10831447	 1.13e-01	  8.87	-3.1415	 644	 19	enet	0.14	3e-21	-3.14710	1.65e-03
NA	/data/songy4/twas/output/weights_control//ENSG00000087053.wgt.RDat	ENSG00000087053	11	95566046	95658479	0.0771	rs11021240	-3.79	rs10831447	 1.27e-02	  4.38	-3.1877	 652	 24	enet	0.031	1.3e-05	-2.14284	3.21e-02
NA	/data/songy4/twas/output/weights_control//ENSG00000149231.wgt.RDat	ENSG00000149231	11	96085933	96123087	0.5776	rs617999	-3.23	rs11021552	 5.38e-01	 17.66	 1.1397	 486	  4	lasso	0.54	1.2e-98	 1.14073	2.54e-01
NA	/data/songy4/twas/output/weights_control//ENSG00000165895.wgt.RDat	ENSG00000165895	11	100558384	100862668	0.0618	rs11224328	 2.54	rs640326	 3.69e-02	 -5.18	 0.3178	 667	  1	top1	0.037	2.1e-06	-0.31776	7.51e-01
NA	/data/songy4/twas/output/weights_control//ENSG00000137672.wgt.RDat	ENSG00000137672	11	101322295	101743293	0.1495	rs2846844	-2.61	rs7927859	 1.18e-01	 -8.33	 1.8812	 633	 34	enet	0.13	7.6e-19	-1.80140	7.16e-02
NA	/data/songy4/twas/output/weights_control//ENSG00000110318.wgt.RDat	ENSG00000110318	11	101785746	101871789	0.2892	rs2846844	-2.61	rs1299588	 3.57e-02	  5.85	-0.9431	 460	  6	lasso	0.11	3.9e-16	-1.40952	1.59e-01
NA	/data/songy4/twas/output/weights_control//ENSG00000196611.wgt.RDat	ENSG00000196611	11	102660651	102668891	0.0903	rs601535	 3.05	rs519806	 8.13e-03	 -4.65	 1.0495	 526	 26	enet	0.015	0.0016	-0.86852	3.85e-01
NA	/data/songy4/twas/output/weights_control//ENSG00000170962.wgt.RDat	ENSG00000170962	11	103777914	104035107	0.0930	rs7932574	 3.61	rs4754972	 1.67e-02	 -4.57	-1.5872	 597	  1	top1	0.017	0.0011	 1.58716	1.12e-01
NA	/data/songy4/twas/output/weights_control//ENSG00000204403.wgt.RDat	ENSG00000204403	11	104756445	104769397	0.0394	rs17375681	 2.28	rs573894	 5.12e-02	 -5.90	 0.8000	 343	  1	top1	0.051	2.5e-08	-0.80000	4.24e-01
NA	/data/songy4/twas/output/weights_control//ENSG00000196954.wgt.RDat	ENSG00000196954	11	104813593	104840163	0.0370	rs17375681	 2.28	rs552932	 4.79e-03	  3.38	 1.2791	 344	  1	top1	0.0048	0.053	 1.27907	2.01e-01
NA	/data/songy4/twas/output/weights_control//ENSG00000137757.wgt.RDat	ENSG00000137757	11	104864962	104893895	0.1297	rs17375681	 2.28	rs17103781	 4.43e-02	  5.89	 0.0890	 342	 26	enet	0.061	1.1e-09	-0.06830	9.46e-01
NA	/data/songy4/twas/output/weights_control//ENSG00000137752.wgt.RDat	ENSG00000137752	11	104896170	104972158	0.2153	rs2513269	-3.02	rs17103781	 6.94e-02	  6.60	 0.0890	 360	 47	enet	0.098	9.6e-15	 1.08798	2.77e-01
NA	/data/songy4/twas/output/weights_control//ENSG00000204397.wgt.RDat	ENSG00000204397	11	104912053	104972158	0.1666	rs2513269	-3.02	rs17103781	 6.04e-02	  7.09	 0.0890	 357	 23	enet	0.095	2.2e-14	 0.23056	8.18e-01
NA	/data/songy4/twas/output/weights_control//ENSG00000170903.wgt.RDat	ENSG00000170903	11	105866350	105893130	0.1122	rs2513269	-3.02	rs1939820	 5.97e-02	  6.15	 1.5411	 381	  1	top1	0.06	1.7e-09	 1.54110	1.23e-01
NA	/data/songy4/twas/output/weights_control//ENSG00000182359.wgt.RDat	ENSG00000182359	11	105921825	105948492	0.0544	rs2513269	-3.02	rs754562	 8.38e-02	 -7.07	-0.1833	 386	  1	top1	0.084	8.7e-13	 0.18333	8.55e-01
NA	/data/songy4/twas/output/weights_control//ENSG00000152402.wgt.RDat	ENSG00000152402	11	106544738	106889250	0.1148	rs10749883	-2.82	rs12224337	 9.67e-02	 -7.56	-0.2268	 594	  1	top1	0.097	1.4e-14	 0.22680	8.21e-01
NA	/data/songy4/twas/output/weights_control//ENSG00000152404.wgt.RDat	ENSG00000152404	11	107197071	107328572	0.0613	rs11211968	-2.91	rs3758911	 4.94e-02	 -6.09	-0.9192	 523	 10	enet	0.05	3.4e-08	 0.84951	3.96e-01
NA	/data/songy4/twas/output/weights_control//ENSG00000137760.wgt.RDat	ENSG00000137760	11	107373452	107436472	0.1645	rs643387	 2.63	rs654093	 1.51e-01	 -9.54	 0.3861	 482	  1	top1	0.15	2e-22	-0.38614	6.99e-01
NA	/data/songy4/twas/output/weights_control//ENSG00000110660.wgt.RDat	ENSG00000110660	11	107661717	107799019	0.1533	rs1800056	 3.14	rs10890773	 8.32e-02	 -7.06	 1.6370	 458	  6	lasso	0.084	9.2e-13	-1.46861	1.42e-01
NA	/data/songy4/twas/output/weights_control//ENSG00000075239.wgt.RDat	ENSG00000075239	11	107992243	108018503	0.2294	rs1800056	 3.14	rs7114794	 1.93e-01	-11.81	-0.1863	 378	 13	lasso	0.34	9.4e-55	 0.32569	7.45e-01
NA	/data/songy4/twas/output/weights_control//ENSG00000149308.wgt.RDat	ENSG00000149308	11	108027942	108093369	0.0347	rs1800056	 3.14	rs673281	 4.42e-02	 -5.48	 1.0316	 389	  1	top1	0.044	2.2e-07	-1.03158	3.02e-01
NA	/data/songy4/twas/output/weights_control//ENSG00000178202.wgt.RDat	ENSG00000178202	11	108342832	108369159	0.3663	rs1800056	 3.14	rs3741060	 3.60e-01	-14.39	-0.2782	 328	  1	top1	0.36	1.1e-57	 0.27820	7.81e-01
NA	/data/songy4/twas/output/weights_control//ENSG00000110723.wgt.RDat	ENSG00000110723	11	108376158	108464465	0.3399	rs1800056	 3.14	rs1564582	 3.32e-01	-13.88	 0.3404	 378	  1	top1	0.33	1.9e-52	-0.34043	7.34e-01
NA	/data/songy4/twas/output/weights_control//ENSG00000178105.wgt.RDat	ENSG00000178105	11	108535752	108811657	0.0788	rs1800056	 3.14	rs2726888	 3.08e-02	  4.98	 0.0676	 425	  1	top1	0.031	1.4e-05	 0.06757	9.46e-01
NA	/data/songy4/twas/output/weights_control//ENSG00000149289.wgt.RDat	ENSG00000149289	11	109964087	110042566	0.2980	rs689183	-3.51	rs10749953	 2.76e-01	 12.64	-3.1667	 399	  1	top1	0.28	2.5e-42	-3.16667	1.54e-03
NA	/data/songy4/twas/output/weights_control//ENSG00000137710.wgt.RDat	ENSG00000137710	11	110045605	110167447	0.0426	rs689183	-3.51	rs7932174	 2.16e-02	 -4.81	-0.7736	 434	  1	top1	0.022	0.00024	 0.77358	4.39e-01
NA	/data/songy4/twas/output/weights_control//ENSG00000137714.wgt.RDat	ENSG00000137714	11	110300607	110335605	0.1677	rs689183	-3.51	rs2724421	 1.15e-01	  8.27	 0.6569	 460	  1	top1	0.12	3.2e-17	 0.65686	5.11e-01
NA	/data/songy4/twas/output/weights_control//ENSG00000204381.wgt.RDat	ENSG00000204381	11	111411005	111432264	0.0265	rs4252589	 2.51	rs7949136	-5.04e-04	  3.38	-0.4490	 397	  1	top1	-5e-04	0.4	-0.44898	6.53e-01
NA	/data/songy4/twas/output/weights_control//ENSG00000170145.wgt.RDat	ENSG00000170145	11	111473115	111601577	0.1279	rs4252589	 2.51	rs1784784	 2.21e-01	 11.35	 1.2661	 446	  4	lasso	0.23	5.3e-34	 1.42376	1.55e-01
NA	/data/songy4/twas/output/weights_control//ENSG00000137713.wgt.RDat	ENSG00000137713	11	111597632	111637151	0.2172	rs4252589	 2.51	rs612345	 2.74e-01	 12.72	-0.5810	 394	  9	lasso	0.34	4e-54	 0.21208	8.32e-01
NA	/data/songy4/twas/output/weights_control//ENSG00000086848.wgt.RDat	ENSG00000086848	11	111652919	111742305	0.0469	rs4252589	 2.51	rs11821811	 4.48e-03	 -3.76	 1.4839	 399	  1	top1	0.0045	0.059	-1.48387	1.38e-01
NA	/data/songy4/twas/output/weights_control//ENSG00000150764.wgt.RDat	ENSG00000150764	11	111797868	111893308	0.3775	rs4252589	 2.51	rs7941988	 7.91e-02	  6.84	 0.0826	 383	 70	enet	0.19	6.1e-28	 1.55127	1.21e-01
NA	/data/songy4/twas/output/weights_control//ENSG00000150782.wgt.RDat	ENSG00000150782	11	112013974	112034840	0.1618	rs4252589	 2.51	rs5744256	 8.70e-02	  7.25	-0.5654	 388	  1	top1	0.087	3.2e-13	-0.56545	5.72e-01
NA	/data/songy4/twas/output/weights_control//ENSG00000197580.wgt.RDat	ENSG00000197580	11	112046190	112095422	0.1659	rs4252589	 2.51	rs7123686	 3.77e-02	  5.58	-0.1534	 417	  9	lasso	0.069	9.2e-11	-0.51372	6.07e-01
NA	/data/songy4/twas/output/weights_control//ENSG00000149294.wgt.RDat	ENSG00000149294	11	112831997	113149158	0.0807	rs10891530	 3.43	rs1992842	 7.18e-02	 -6.73	 0.1172	 702	  1	top1	0.072	3.9e-11	-0.11724	9.07e-01
NA	/data/songy4/twas/output/weights_control//ENSG00000149292.wgt.RDat	ENSG00000149292	11	113185251	113254266	0.7312	rs10891530	 3.43	rs6589371	 4.24e-01	 15.65	-0.0552	 545	 11	lasso	0.55	1.7e-100	-0.08533	9.32e-01
NA	/data/songy4/twas/output/weights_control//ENSG00000170209.wgt.RDat	ENSG00000170209	11	113258513	113271140	0.2655	rs10891530	 3.43	rs10891544	 1.18e-01	 -9.65	 2.8404	 521	 30	enet	0.27	2.5e-41	-0.84209	4.00e-01
NA	/data/songy4/twas/output/weights_control//ENSG00000137656.wgt.RDat	ENSG00000137656	11	116618886	116643704	0.0677	rs7396835	 3.62	rs12805061	 2.42e-02	  4.87	 0.9123	 577	  5	lasso	0.037	2.1e-06	 0.68528	4.93e-01
NA	/data/songy4/twas/output/weights_control//ENSG00000109917.wgt.RDat	ENSG00000109917	11	116648436	116658766	0.1107	rs7396835	 3.62	rs618923	 1.57e-02	  4.58	-1.5929	 566	 37	enet	0.024	0.00012	-0.64401	5.20e-01
NA	/data/songy4/twas/output/weights_control//ENSG00000160584.wgt.RDat	ENSG00000160584	11	116714118	116969153	0.0677	rs7396835	 3.62	rs951839	-1.06e-03	  3.88	 0.2093	 726	 21	enet	0.0034	0.085	 0.97024	3.32e-01
NA	/data/songy4/twas/output/weights_control//ENSG00000168092.wgt.RDat	ENSG00000168092	11	117014983	117047610	0.1757	rs7396835	 3.62	rs2239011	 1.42e-01	  9.16	-1.3802	 579	  6	lasso	0.21	1.3e-31	-2.37090	1.77e-02
NA	/data/songy4/twas/output/weights_control//ENSG00000149577.wgt.RDat	ENSG00000149577	11	117049449	117068160	0.4616	rs7396835	 3.62	rs7128382	 5.56e-01	-17.89	 2.3115	 559	  8	lasso	0.56	7.7e-105	-2.10864	3.50e-02
NA	/data/songy4/twas/output/weights_control//ENSG00000149591.wgt.RDat	ENSG00000149591	11	117070037	117075498	0.4908	rs7396835	 3.62	rs8521	 6.21e-01	-18.93	 1.0360	 547	 14	lasso	0.64	1.2e-129	-1.39827	1.62e-01
NA	/data/songy4/twas/output/weights_control//ENSG00000160613.wgt.RDat	ENSG00000160613	11	117075053	117103241	0.0760	rs7396835	 3.62	rs2277287	 4.57e-02	  5.46	-1.1681	 557	  1	top1	0.046	1.4e-07	-1.16807	2.43e-01
NA	/data/songy4/twas/output/weights_control//ENSG00000186318.wgt.RDat	ENSG00000186318	11	117156402	117186975	0.0881	rs7396835	 3.62	rs525493	 8.29e-02	  6.99	 2.4444	 556	  1	top1	0.083	1.2e-12	 2.44444	1.45e-02
NA	/data/songy4/twas/output/weights_control//ENSG00000177103.wgt.RDat	ENSG00000177103	11	117298489	117688240	0.1540	rs4252303	 3.26	rs540442	 1.56e-02	 -4.76	-1.2857	 829	 61	enet	0.12	2.6e-18	 1.69450	9.02e-02
NA	/data/songy4/twas/output/weights_control//ENSG00000137731.wgt.RDat	ENSG00000137731	11	117671559	117699413	0.2371	rs4252303	 3.26	rs7117314	 1.10e-01	 -8.00	 0.1296	 699	 44	enet	0.19	1.7e-28	 0.84377	3.99e-01
NA	/data/songy4/twas/output/weights_control//ENSG00000110324.wgt.RDat	ENSG00000110324	11	117857063	117872196	0.0792	rs4252303	 3.26	rs11216674	 2.30e-02	 -4.08	 0.3010	 633	  1	top1	0.023	0.00015	-0.30102	7.63e-01
NA	/data/songy4/twas/output/weights_control//ENSG00000255274.wgt.RDat	ENSG00000255274	11	117886487	117957508	0.2431	rs4252303	 3.26	rs948461	 1.88e-01	 10.64	-0.5049	 645	  5	lasso	0.21	6.1e-31	-0.55925	5.76e-01
NA	/data/songy4/twas/output/weights_control//ENSG00000137648.wgt.RDat	ENSG00000137648	11	117947753	117992605	0.0559	rs4252303	 3.26	rs881122	 4.35e-02	  5.30	 0.3559	 599	  1	top1	0.044	2.7e-07	 0.35593	7.22e-01
NA	/data/songy4/twas/output/weights_control//ENSG00000149575.wgt.RDat	ENSG00000149575	11	118032666	118047388	0.0780	rs4252303	 3.26	rs679327	 3.37e-02	  5.01	-1.8519	 559	  7	lasso	0.039	1.2e-06	-2.26674	2.34e-02
NA	/data/songy4/twas/output/weights_control//ENSG00000160593.wgt.RDat	ENSG00000160593	11	118064455	118095809	0.1311	rs4252303	 3.26	rs7944321	 7.67e-02	  7.44	-2.1000	 561	  9	lasso	0.11	6.1e-17	-1.31578	1.88e-01
NA	/data/songy4/twas/output/weights_control//ENSG00000160588.wgt.RDat	ENSG00000160588	11	118097409	118123065	0.1238	rs4252303	 3.26	rs12295438	 1.45e-01	 -9.24	-0.6154	 552	  1	top1	0.15	1.4e-21	 0.61538	5.38e-01
NA	/data/songy4/twas/output/weights_control//ENSG00000149573.wgt.RDat	ENSG00000149573	11	118124118	118135251	0.3422	rs4252303	 3.26	rs1056562	 3.12e-01	-13.92	 1.1939	 538	 10	lasso	0.4	1.9e-65	-1.17197	2.41e-01
NA	/data/songy4/twas/output/weights_control//ENSG00000198851.wgt.RDat	ENSG00000198851	11	118175260	118186890	0.0765	rs555649	 3.27	rs2231440	 6.20e-02	  6.21	 0.7115	 522	  1	top1	0.062	8.4e-10	 0.71154	4.77e-01
NA	/data/songy4/twas/output/weights_control//ENSG00000110344.wgt.RDat	ENSG00000110344	11	118230300	118269926	0.0965	rs555649	 3.27	rs2276419	 7.94e-02	  7.37	 0.7848	 503	  1	top1	0.079	3.5e-12	 0.78481	4.33e-01
NA	/data/songy4/twas/output/weights_control//ENSG00000095139.wgt.RDat	ENSG00000095139	11	118443105	118473748	0.1021	rs604714	-5.02	rs11552421	 3.03e-02	 -4.61	 0.1489	 459	  1	top1	0.03	1.6e-05	-0.14894	8.82e-01
NA	/data/songy4/twas/output/weights_control//ENSG00000110367.wgt.RDat	ENSG00000110367	11	118620034	118661858	0.0662	rs604714	-5.02	rs603486	 3.06e-02	  5.87	-2.6863	 379	  7	lasso	0.048	5.8e-08	-2.34897	1.88e-02
NA	/data/songy4/twas/output/weights_control//ENSG00000186166.wgt.RDat	ENSG00000186166	11	118868852	118886501	0.0349	rs604714	-5.02	rs4938619	 1.86e-02	  5.07	 1.0915	 380	  3	lasso	0.03	2e-05	 0.69060	4.90e-01
NA	/data/songy4/twas/output/weights_control//ENSG00000118181.wgt.RDat	ENSG00000118181	11	118886422	118889401	0.0747	rs604714	-5.02	rs3737504	 2.88e-02	 -5.06	-0.1150	 379	  1	top1	0.029	2.5e-05	 0.11504	9.08e-01
NA	/data/songy4/twas/output/weights_control//ENSG00000196655.wgt.RDat	ENSG00000196655	11	118889142	118896164	0.2352	rs604714	-5.02	rs741811	 2.24e-01	 11.53	 0.6689	 380	  6	lasso	0.25	2.6e-37	 0.41851	6.76e-01
NA	/data/songy4/twas/output/weights_control//ENSG00000137700.wgt.RDat	ENSG00000137700	11	118894824	118901616	0.0550	rs604714	-5.02	rs17075	 5.28e-02	 -5.68	-0.4694	 376	  1	top1	0.053	1.5e-08	 0.46939	6.39e-01
NA	/data/songy4/twas/output/weights_control//ENSG00000149428.wgt.RDat	ENSG00000149428	11	118914900	118927913	0.1911	rs604714	-5.02	rs2276060	 1.51e-01	-10.39	-0.5521	 377	  9	lasso	0.19	8.1e-28	 0.44933	6.53e-01
NA	/data/songy4/twas/output/weights_control//ENSG00000160695.wgt.RDat	ENSG00000160695	11	118938403	118952688	0.1743	rs604714	-5.02	rs582688	 1.37e-01	 -9.17	 0.7786	 383	  6	lasso	0.15	9.7e-23	-1.42140	1.55e-01
NA	/data/songy4/twas/output/weights_control//ENSG00000256269.wgt.RDat	ENSG00000256269	11	118955576	118964259	0.1347	rs604714	-5.02	rs1784304	 7.74e-02	  6.85	-0.1061	 373	  5	lasso	0.091	1e-13	 0.17226	8.63e-01
NA	/data/songy4/twas/output/weights_control//ENSG00000172375.wgt.RDat	ENSG00000172375	11	118972908	118989252	0.2811	rs604714	-5.02	rs617948	 3.78e-01	-14.84	 4.2947	 379	  1	top1	0.38	2.4e-61	-4.29474	1.75e-05
NA	/data/songy4/twas/output/weights_control//ENSG00000172273.wgt.RDat	ENSG00000172273	11	118992297	119006752	0.0721	rs604714	-5.02	rs583713	 8.70e-02	 -7.54	-4.7708	 385	  1	top1	0.087	3.2e-13	 4.77083	1.83e-06
NA	/data/songy4/twas/output/weights_control//ENSG00000172367.wgt.RDat	ENSG00000172367	11	119056166	119060932	0.1082	rs604714	-5.02	rs10790286	 9.93e-02	  7.68	-4.1789	 384	  1	top1	0.099	6.1e-15	-4.17895	2.93e-05
NA	/data/songy4/twas/output/weights_control//ENSG00000110395.wgt.RDat	ENSG00000110395	11	119076752	119178859	0.0769	rs604714	-5.02	rs4938637	 2.90e-02	 -5.71	 0.3785	 419	  5	lasso	0.046	1.3e-07	 0.79045	4.29e-01
NA	/data/songy4/twas/output/weights_control//ENSG00000137709.wgt.RDat	ENSG00000137709	11	120107349	120190653	0.1604	rs7118773	-4.03	rs2465654	 1.06e-01	  8.71	-0.2902	 600	  2	lasso	0.12	5.5e-18	-0.06080	9.52e-01
NA	/data/songy4/twas/output/weights_control//ENSG00000149403.wgt.RDat	ENSG00000149403	11	120382468	120859613	0.6813	rs7118773	-4.03	rs949055	 6.02e-01	 18.60	 0.3645	 810	  4	lasso	0.6	7.5e-118	 0.39580	6.92e-01
NA	/data/songy4/twas/output/weights_control//ENSG00000109929.wgt.RDat	ENSG00000109929	11	121163162	121179403	0.2202	rs4935774	 2.65	rs727422	 1.80e-01	 10.35	-0.6062	 534	 16	enet	0.18	4.3e-27	-0.77108	4.41e-01
NA	/data/songy4/twas/output/weights_control//ENSG00000109944.wgt.RDat	ENSG00000109944	11	122753391	122830506	0.4764	rs7130207	-2.50	rs17126930	 3.73e-01	 14.70	 1.5500	 553	  1	top1	0.37	3.1e-60	 1.55000	1.21e-01
NA	/data/songy4/twas/output/weights_control//ENSG00000023171.wgt.RDat	ENSG00000023171	11	123396344	123498482	0.4488	rs1453652	 3.02	rs12788072	 1.29e-01	  8.75	 0.2297	 651	 36	enet	0.23	1.8e-34	 0.66439	5.06e-01
NA	/data/songy4/twas/output/weights_control//ENSG00000166261.wgt.RDat	ENSG00000166261	11	123594885	123612383	0.1133	rs1453652	 3.02	rs679597	 9.39e-02	 -7.65	-0.3137	 604	  1	top1	0.094	3.5e-14	 0.31373	7.54e-01
NA	/data/songy4/twas/output/weights_control//ENSG00000110002.wgt.RDat	ENSG00000110002	11	123986069	124018428	0.1273	rs1453652	 3.02	rs537886	 3.32e-02	 -6.01	-1.2941	 599	 23	enet	0.079	3.6e-12	 1.90015	5.74e-02
NA	/data/songy4/twas/output/weights_control//ENSG00000154134.wgt.RDat	ENSG00000154134	11	124735282	124751366	0.3158	rs3924535	-3.04	rs11219821	 2.31e-01	 11.70	 0.4898	 500	 40	enet	0.3	1.7e-46	 0.47558	6.34e-01
NA	/data/songy4/twas/output/weights_control//ENSG00000149548.wgt.RDat	ENSG00000149548	11	124824017	124911385	0.4309	rs3924535	-3.04	rs3809055	 5.85e-01	 18.33	 0.2481	 536	  3	lasso	0.59	1.9e-113	 0.43677	6.62e-01
NA	/data/songy4/twas/output/weights_control//ENSG00000134955.wgt.RDat	ENSG00000134955	11	124932963	124959131	0.1555	rs3924535	-3.04	rs3809054	 4.60e-02	 -6.44	-2.0000	 506	 20	enet	0.11	1.8e-16	 1.17484	2.40e-01
NA	/data/songy4/twas/output/weights_control//ENSG00000110060.wgt.RDat	ENSG00000110060	11	125763381	125773116	0.0785	rs572034	 3.83	rs573327	 5.00e-02	 -6.17	-0.2105	 563	  5	lasso	0.059	2.3e-09	 0.79460	4.27e-01
NA	/data/songy4/twas/output/weights_control//ENSG00000165526.wgt.RDat	ENSG00000165526	11	126071993	126081587	0.0885	rs572034	 3.83	rs2096915	 8.81e-03	 -4.35	 0.6966	 633	 25	enet	0.018	0.00077	-1.03741	3.00e-01
NA	/data/songy4/twas/output/weights_control//ENSG00000197798.wgt.RDat	ENSG00000197798	11	126081309	126132881	0.2838	rs572034	 3.83	rs670712	 2.94e-01	 13.06	 1.9388	 688	  3	lasso	0.32	7.3e-51	 1.70757	8.77e-02
NA	/data/songy4/twas/output/weights_control//ENSG00000110074.wgt.RDat	ENSG00000110074	11	126138950	126148026	0.2075	rs480978	 2.83	rs659551	 1.72e-01	-10.12	-1.0714	 659	 10	lasso	0.22	5.9e-33	 0.77153	4.40e-01
NA	/data/songy4/twas/output/weights_control//ENSG00000150455.wgt.RDat	ENSG00000150455	11	126152960	126168740	0.1359	rs480978	 2.83	rs8177375	 7.82e-02	  6.91	-0.8446	 663	  8	lasso	0.1	1.4e-15	 0.43847	6.61e-01
NA	/data/songy4/twas/output/weights_control//ENSG00000110080.wgt.RDat	ENSG00000110080	11	126225535	126310239	0.0617	rs480978	 2.83	rs534804	 3.63e-02	  5.54	 2.6727	 761	 13	enet	0.04	7.5e-07	 1.69329	9.04e-02
NA	/data/songy4/twas/output/weights_control//ENSG00000134909.wgt.RDat	ENSG00000134909	11	128834955	129149219	0.0678	rs7104514	 4.20	rs4644651	 1.05e-02	  5.06	 0.8316	 709	 22	enet	0.029	2.7e-05	-1.12278	2.62e-01
NA	/data/songy4/twas/output/weights_control//ENSG00000151715.wgt.RDat	ENSG00000151715	11	129685714	129729898	0.3726	rs7104514	 4.20	rs10750422	 3.25e-01	-13.69	-0.6159	 488	 12	lasso	0.38	3.2e-62	 1.23601	2.16e-01
NA	/data/songy4/twas/output/weights_control//ENSG00000170322.wgt.RDat	ENSG00000170322	11	129733531	129765485	0.1823	rs7104514	 4.20	rs10791048	 9.66e-02	 -8.05	 0.4962	 482	 24	enet	0.13	7.3e-19	-0.07716	9.38e-01
NA	/data/songy4/twas/output/weights_control//ENSG00000149418.wgt.RDat	ENSG00000149418	11	130029457	130080271	0.1545	rs11222101	 3.62	rs7103088	 1.23e-01	 -8.62	 1.4323	 503	  7	lasso	0.13	1.4e-19	-1.45408	1.46e-01
NA	/data/songy4/twas/output/weights_control//ENSG00000120451.wgt.RDat	ENSG00000120451	11	130745331	130786404	0.3419	rs11222101	 3.62	rs2276097	 4.29e-01	 15.71	-0.4052	 660	  5	lasso	0.44	1.5e-73	-0.35461	7.23e-01
NA	/data/songy4/twas/output/weights_control//ENSG00000080854.wgt.RDat	ENSG00000080854	11	133778459	133826880	0.1043	rs329648	 9.75	rs558709	 6.05e-02	  6.23	-6.1755	 555	  1	top1	0.06	1.4e-09	-6.17553	6.59e-10
NA	/data/songy4/twas/output/weights_control//ENSG00000151503.wgt.RDat	ENSG00000151503	11	134020014	134095348	0.1117	rs329648	 9.46	rs12573858	 3.19e-02	  6.19	 0.2515	 615	  8	lasso	0.069	9.5e-11	 0.70462	4.81e-01
NA	/data/songy4/twas/output/weights_control//ENSG00000151502.wgt.RDat	ENSG00000151502	11	134094539	134117686	0.0796	rs329652	 9.47	rs2305378	 5.07e-02	 -6.52	-2.6116	 591	  4	lasso	0.055	6.8e-09	 2.54085	1.11e-02
NA	/data/songy4/twas/output/weights_control//ENSG00000151500.wgt.RDat	ENSG00000151500	11	134118173	134123264	0.0610	rs329648	 9.58	rs11223714	-1.42e-03	 -3.74	 3.3008	 583	  1	top1	-0.0014	0.67	-3.30075	9.64e-04
NA	/data/songy4/twas/output/weights_control//ENSG00000151498.wgt.RDat	ENSG00000151498	11	134123389	134135749	0.2662	rs329648	 9.63	rs1551183	 1.81e-01	 10.43	-2.1518	 598	  4	lasso	0.19	2e-28	-2.38328	1.72e-02
NA	/data/songy4/twas/output/weights_control//ENSG00000166105.wgt.RDat	ENSG00000166105	11	134144139	134189458	0.0581	rs329648	 9.66	rs6590735	 1.96e-02	  4.38	 0.1939	 641	  1	top1	0.02	0.00044	 0.19388	8.46e-01
NA	/data/songy4/twas/output/weights_control//ENSG00000109956.wgt.RDat	ENSG00000109956	11	134248398	134281812	0.0725	rs329648	 9.82	rs11223780	 5.47e-02	 -6.14	 0.1216	 648	  1	top1	0.055	8.4e-09	-0.12162	9.03e-01
