PANEL	FILE	ID	CHR	P0	P1	HSQ	BEST.GWAS.ID	BEST.GWAS.Z	EQTL.ID	EQTL.R2	EQTL.Z	EQTL.GWAS.Z	NSNP	NWGT	MODEL	MODELCV.R2	MODELCV.PV	TWAS.Z	TWAS.P
NA	/data/songy4/twas/output/weights_control//ENSG00000177706.wgt.RDat	ENSG00000177706	7	192969	300711	0.0994	rs35365624	 -2.64	rs12718096	 6.01e-02	 -6.07	 -0.29565	 155	 3	lasso	0.074	1.7e-11	 0.0196	9.84e-01
NA	/data/songy4/twas/output/weights_control//ENSG00000188191.wgt.RDat	ENSG00000188191	7	588834	767287	0.1975	rs3922641	 -2.81	rs9969233	 1.32e-01	  9.02	  0.24242	 365	 4	lasso	0.15	3.4e-22	 0.7622	4.46e-01
NA	/data/songy4/twas/output/weights_control//ENSG00000239857.wgt.RDat	ENSG00000239857	7	916189	936073	0.1112	rs3922641	 -2.81	rs11768416	 9.16e-02	  7.52	  0.85567	 333	 7	lasso	0.092	6.2e-14	 1.4031	1.61e-01
NA	/data/songy4/twas/output/weights_control//ENSG00000105963.wgt.RDat	ENSG00000105963	7	937540	995043	0.2692	rs3922641	 -2.81	rs6956301	 5.68e-02	 -6.95	  0.07194	 350	30	enet	0.16	4.2e-23	-0.7966	4.26e-01
NA	/data/songy4/twas/output/weights_control//ENSG00000240230.wgt.RDat	ENSG00000240230	7	938415	1015235	0.2818	rs3922641	 -2.81	rs6462277	 1.41e-01	 -9.17	 -0.72327	 354	 8	lasso	0.16	3.7e-24	 0.2486	8.04e-01
NA	/data/songy4/twas/output/weights_control//ENSG00000146540.wgt.RDat	ENSG00000146540	7	1036622	1177896	0.1646	rs6978445	  3.17	rs11977029	 4.58e-04	  4.24	 -1.50000	 414	34	enet	0.043	2.8e-07	-2.2057	2.74e-02
NA	/data/songy4/twas/output/weights_control//ENSG00000164849.wgt.RDat	ENSG00000164849	7	1084212	1098897	0.5223	rs6978445	  3.17	rs1997243	 5.41e-01	 17.69	  0.53125	 383	 7	lasso	0.56	6.1e-105	 0.4965	6.20e-01
NA	/data/songy4/twas/output/weights_control//ENSG00000164850.wgt.RDat	ENSG00000164850	7	1121844	1133451	0.0475	rs6978445	  3.17	rs10262232	 1.17e-02	  4.37	  0.25000	 400	 1	top1	0.012	0.0054	 0.2500	8.03e-01
NA	/data/songy4/twas/output/weights_control//ENSG00000178381.wgt.RDat	ENSG00000178381	7	1191707	1200395	0.2597	rs6978445	  3.17	rs12702440	 4.14e-01	 15.62	 -0.24242	 400	12	lasso	0.42	7.5e-71	-0.1141	9.09e-01
NA	/data/songy4/twas/output/weights_control//ENSG00000164877.wgt.RDat	ENSG00000164877	7	1468101	1499138	0.3162	rs7807190	 -3.49	rs10807961	 3.68e-01	 14.63	 -1.39806	 393	 1	top1	0.37	3e-59	-1.3981	1.62e-01
NA	/data/songy4/twas/output/weights_control//ENSG00000164880.wgt.RDat	ENSG00000164880	7	1509913	1545489	0.0960	rs7807190	 -3.49	rs4725103	 2.31e-02	  5.17	  1.93519	 391	15	enet	0.052	1.9e-08	 2.8200	4.80e-03
NA	/data/songy4/twas/output/weights_control//ENSG00000198517.wgt.RDat	ENSG00000198517	7	1570350	1582679	0.0518	rs7807190	 -3.49	rs6965558	 2.48e-02	  4.39	  1.20388	 362	 1	top1	0.025	8.7e-05	 1.2039	2.29e-01
NA	/data/songy4/twas/output/weights_control//ENSG00000157778.wgt.RDat	ENSG00000157778	7	1606966	1610641	0.1103	rs7807190	 -3.49	rs12672891	 5.38e-02	 -6.33	  0.83133	 348	14	enet	0.068	1.5e-10	-0.6962	4.86e-01
NA	/data/songy4/twas/output/weights_control//ENSG00000002822.wgt.RDat	ENSG00000002822	7	1855429	2272878	0.0789	rs11772508	  4.38	rs4721302	 4.23e-03	  4.43	  1.22772	 540	18	enet	0.015	0.0018	 1.9883	4.68e-02
NA	/data/songy4/twas/output/weights_control//ENSG00000122687.wgt.RDat	ENSG00000122687	7	2273866	2281840	0.0390	rs11772508	  4.38	rs3757440	 4.82e-02	  5.47	  0.80952	 421	 1	top1	0.048	6.3e-08	 0.8095	4.18e-01
NA	/data/songy4/twas/output/weights_control//ENSG00000106268.wgt.RDat	ENSG00000106268	7	2281857	2290781	0.1235	rs11772508	  4.38	rs1626670	 1.39e-01	  9.02	 -0.77143	 423	 1	top1	0.14	1.3e-20	-0.7714	4.40e-01
NA	/data/songy4/twas/output/weights_control//ENSG00000106263.wgt.RDat	ENSG00000106263	7	2393721	2420380	0.0457	rs11772508	  4.38	rs953770	 3.40e-02	  5.30	  2.49000	 424	 5	lasso	0.035	3.2e-06	 2.1021	3.55e-02
NA	/data/songy4/twas/output/weights_control//ENSG00000106009.wgt.RDat	ENSG00000106009	7	2577511	2595361	0.0904	rs11772508	  4.38	rs34108550	 5.17e-02	 -6.06	 -1.11921	 485	23	enet	0.074	1.8e-11	 1.4506	1.47e-01
NA	/data/songy4/twas/output/weights_control//ENSG00000106012.wgt.RDat	ENSG00000106012	7	2598632	2654368	0.1922	rs11772508	  4.38	rs6966675	 7.25e-02	  6.59	 -2.22517	 537	69	enet	0.12	3.4e-18	-0.2679	7.89e-01
NA	/data/songy4/twas/output/weights_control//ENSG00000174945.wgt.RDat	ENSG00000174945	7	2719156	2815134	0.1121	rs11772508	  4.38	rs6944291	 3.83e-02	  6.35	 -0.81373	 595	10	enet	0.075	1.5e-11	 0.6332	5.27e-01
NA	/data/songy4/twas/output/weights_control//ENSG00000146535.wgt.RDat	ENSG00000146535	7	2767746	2883958	0.3320	rs11772508	  4.38	rs4719646	 1.89e-01	 11.25	 -2.96000	 609	45	enet	0.3	2.8e-47	-3.2527	1.14e-03
NA	/data/songy4/twas/output/weights_control//ENSG00000198286.wgt.RDat	ENSG00000198286	7	2945775	3083579	0.0981	rs11772508	  4.38	rs6955702	 8.29e-02	  7.11	 -1.18269	 648	 1	top1	0.083	1.2e-12	-1.1827	2.37e-01
NA	/data/songy4/twas/output/weights_control//ENSG00000146555.wgt.RDat	ENSG00000146555	7	3341080	4308632	0.2762	rs17132744	  4.22	rs7797294	 1.70e-01	 10.24	 -0.08689	1098	16	lasso	0.26	1.9e-39	 1.2501	2.11e-01
NA	/data/songy4/twas/output/weights_control//ENSG00000164916.wgt.RDat	ENSG00000164916	7	4683388	4811074	0.1328	rs10951857	  3.31	rs7784748	 1.26e-01	  8.66	 -0.96462	 524	 1	top1	0.13	9.6e-19	-0.9646	3.35e-01
NA	/data/songy4/twas/output/weights_control//ENSG00000146587.wgt.RDat	ENSG00000146587	7	5085452	5109119	0.1308	rs10951853	 -3.08	rs13227672	 5.65e-03	  4.15	 -0.52941	 371	35	enet	0.04	7.6e-07	 0.2120	8.32e-01
NA	/data/songy4/twas/output/weights_control//ENSG00000157954.wgt.RDat	ENSG00000157954	7	5229819	5273457	0.1477	rs10951857	  3.13	rs12472	 8.92e-02	  7.24	  0.28571	 374	18	enet	0.12	2.9e-17	 0.2388	8.11e-01
NA	/data/songy4/twas/output/weights_control//ENSG00000011275.wgt.RDat	ENSG00000011275	7	5659678	5821370	0.0709	rs6974814	  3.33	rs12537672	 2.81e-02	  4.83	  1.57025	 388	 4	lasso	0.037	2e-06	 1.3557	1.75e-01
NA	/data/songy4/twas/output/weights_control//ENSG00000122674.wgt.RDat	ENSG00000122674	7	5938356	5965605	0.3952	rs2241445	  4.35	rs12534423	 3.18e-02	 -5.63	  1.05462	 367	46	enet	0.22	9e-34	 0.5309	5.96e-01
NA	/data/songy4/twas/output/weights_control//ENSG00000122512.wgt.RDat	ENSG00000122512	7	6012870	6048756	0.2648	rs2241445	  4.35	rs2345060	 1.08e-01	  8.04	  0.65517	 371	 8	lasso	0.15	5.2e-22	 0.4346	6.64e-01
NA	/data/songy4/twas/output/weights_control//ENSG00000086232.wgt.RDat	ENSG00000086232	7	6061881	6098861	0.0551	rs2241445	  4.35	rs10255418	 1.52e-02	 -4.72	  1.25781	 353	12	enet	0.024	0.00012	-1.6225	1.05e-01
NA	/data/songy4/twas/output/weights_control//ENSG00000178397.wgt.RDat	ENSG00000178397	7	6369040	6388612	0.1403	rs2241445	  4.35	rs12154986	 5.70e-02	  6.32	 -3.08270	 312	14	enet	0.1	1.1e-15	-3.6314	2.82e-04
NA	/data/songy4/twas/output/weights_control//ENSG00000136238.wgt.RDat	ENSG00000136238	7	6414154	6443608	0.1348	rs2241445	  4.35	rs836480	 7.67e-02	  6.97	 -2.21649	 303	17	enet	0.081	2.3e-12	-2.9059	3.66e-03
NA	/data/songy4/twas/output/weights_control//ENSG00000164535.wgt.RDat	ENSG00000164535	7	6448757	6523821	0.2660	rs2241445	  4.35	rs12537894	 2.97e-01	 13.10	 -3.29825	 308	11	enet	0.31	3.7e-49	-2.5502	1.08e-02
NA	/data/songy4/twas/output/weights_control//ENSG00000146576.wgt.RDat	ENSG00000146576	7	6629648	6648357	0.0757	rs2241445	  4.35	rs10250100	 3.50e-03	 -4.34	 -0.90984	 313	27	enet	0.018	0.00064	 2.6557	7.91e-03
NA	/data/songy4/twas/output/weights_control//ENSG00000205903.wgt.RDat	ENSG00000205903	7	6676953	6694242	0.1733	rs2241445	  4.35	rs10250100	 3.11e-02	 -6.85	 -0.90984	 332	12	enet	0.11	6.1e-16	 0.2278	8.20e-01
NA	/data/songy4/twas/output/weights_control//ENSG00000169402.wgt.RDat	ENSG00000169402	7	6793740	6838996	0.1998	rs2241445	  4.35	rs12539942	 1.88e-01	-10.55	 -0.96711	 399	 1	top1	0.19	4.9e-28	 0.9671	3.33e-01
NA	/data/songy4/twas/output/weights_control//ENSG00000146574.wgt.RDat	ENSG00000146574	7	6833765	6866401	0.7742	rs2241445	  4.35	rs10242703	 5.45e-01	-17.74	  1.14706	 418	13	lasso	0.6	3.1e-116	-0.7204	4.71e-01
NA	/data/songy4/twas/output/weights_control//ENSG00000106392.wgt.RDat	ENSG00000106392	7	7196565	7288282	0.2722	rs2965488	  4.03	rs11972106	 3.04e-01	-13.56	  2.59683	 537	14	enet	0.35	1.5e-55	-2.8751	4.04e-03
NA	/data/songy4/twas/output/weights_control//ENSG00000215018.wgt.RDat	ENSG00000215018	7	7395834	7575484	0.1342	rs2965488	  4.03	rs7803888	 1.26e-01	 -9.50	  0.35780	 750	 7	enet	0.14	3.3e-21	 0.0973	9.23e-01
NA	/data/songy4/twas/output/weights_control//ENSG00000106415.wgt.RDat	ENSG00000106415	7	8008425	8133902	0.1004	rs6463715	  3.80	rs10253861	 1.79e-02	  4.86	 -1.02707	 808	18	enet	0.027	4.3e-05	 0.7464	4.55e-01
NA	/data/songy4/twas/output/weights_control//ENSG00000005108.wgt.RDat	ENSG00000005108	7	11409984	11871824	0.0427	rs17576226	  2.97	rs10244081	 1.33e-02	  4.35	  1.16346	 924	 1	top1	0.013	0.0033	 1.1635	2.45e-01
NA	/data/songy4/twas/output/weights_control//ENSG00000106460.wgt.RDat	ENSG00000106460	7	12250867	12282993	0.1568	rs17165246	  2.86	rs17165701	 1.03e-02	  4.90	  0.87963	 686	59	enet	0.055	7.6e-09	 1.4539	1.46e-01
NA	/data/songy4/twas/output/weights_control//ENSG00000146530.wgt.RDat	ENSG00000146530	7	12370511	12443567	0.6675	rs2216050	 -2.63	rs17444259	 5.37e-01	 17.58	 -2.18462	 671	21	lasso	0.74	2.9e-170	-1.2607	2.07e-01
NA	/data/songy4/twas/output/weights_control//ENSG00000226690.wgt.RDat	ENSG00000226690	7	12536055	12581536	0.0860	rs2216050	 -2.63	rs1550392	 2.35e-02	  5.29	 -0.84034	 622	 7	lasso	0.028	3.4e-05	-0.7982	4.25e-01
NA	/data/songy4/twas/output/weights_control//ENSG00000006747.wgt.RDat	ENSG00000006747	7	12610203	12693228	0.1221	rs17701711	  3.18	rs7811582	 2.61e-02	 -6.11	 -0.37234	 631	29	enet	0.1	3.8e-15	-0.6303	5.28e-01
NA	/data/songy4/twas/output/weights_control//ENSG00000122644.wgt.RDat	ENSG00000122644	7	12726481	12730559	0.0778	rs17701711	  3.18	rs12154617	 1.45e-02	 -5.15	 -0.00909	 554	 6	lasso	0.039	1.1e-06	-0.9132	3.61e-01
NA	/data/songy4/twas/output/weights_control//ENSG00000214960.wgt.RDat	ENSG00000214960	7	16130817	16460947	0.2015	rs7803806	  3.09	rs11974818	 1.61e-01	 -9.78	 -1.01370	 817	29	enet	0.17	6.2e-26	 0.9013	3.67e-01
NA	/data/songy4/twas/output/weights_control//ENSG00000106546.wgt.RDat	ENSG00000106546	7	17338246	17385776	0.1214	rs6974411	 -3.00	rs17700436	 5.36e-02	  5.72	  0.80088	 623	 7	lasso	0.057	4e-09	 0.6309	5.28e-01
NA	/data/songy4/twas/output/weights_control//ENSG00000105877.wgt.RDat	ENSG00000105877	7	21582833	21941457	0.0730	rs10233357	  4.71	rs10277163	 3.91e-02	  4.94	 -0.17117	 988	 1	top1	0.039	1.1e-06	-0.1712	8.64e-01
NA	/data/songy4/twas/output/weights_control//ENSG00000164649.wgt.RDat	ENSG00000164649	7	21940518	21985702	0.1046	rs10233357	  4.71	rs7811563	 1.47e-02	  5.18	  0.51429	 777	11	enet	0.034	5.9e-06	 1.2350	2.17e-01
NA	/data/songy4/twas/output/weights_control//ENSG00000105889.wgt.RDat	ENSG00000105889	7	22459063	22672544	0.1024	rs10235786	-10.08	rs12535797	 5.88e-02	  6.74	 -0.73154	 731	13	enet	0.091	8.3e-14	 0.0988	9.21e-01
NA	/data/songy4/twas/output/weights_control//ENSG00000196683.wgt.RDat	ENSG00000196683	7	22852251	22862470	0.1795	rs199347	-10.49	rs4722189	 1.38e-01	 -9.00	  2.35644	 507	 4	lasso	0.14	1.8e-20	-2.2062	2.74e-02
NA	/data/songy4/twas/output/weights_control//ENSG00000122591.wgt.RDat	ENSG00000122591	7	22980878	23053749	0.1510	rs199347	-10.49	rs6960214	 7.23e-02	  7.15	  3.79000	 473	25	enet	0.1	4.7e-15	 2.1095	3.49e-02
NA	/data/songy4/twas/output/weights_control//ENSG00000122550.wgt.RDat	ENSG00000122550	7	23145353	23217533	0.0398	rs199347	-10.49	rs10256996	 4.43e-02	  5.25	 -8.14152	 450	 1	top1	0.044	2.1e-07	-8.1415	3.90e-16
NA	/data/songy4/twas/output/weights_control//ENSG00000136243.wgt.RDat	ENSG00000136243	7	23221446	23240630	0.1301	rs199347	-10.49	rs10270695	 1.75e-01	-10.58	 -9.79208	 436	 1	top1	0.18	5.5e-26	 9.7921	1.22e-22
NA	/data/songy4/twas/output/weights_control//ENSG00000136235.wgt.RDat	ENSG00000136235	7	23275586	23314727	0.0804	rs199347	-10.49	rs7808488	 1.03e-01	 -8.20	-10.38144	 430	 7	lasso	0.1	1.8e-15	10.8247	2.63e-27
NA	/data/songy4/twas/output/weights_control//ENSG00000169193.wgt.RDat	ENSG00000169193	7	23636998	23684327	0.2566	rs199347	-10.49	rs11980035	 2.62e-01	 12.31	 -1.02679	 464	 1	top1	0.26	6.4e-40	-1.0268	3.05e-01
NA	/data/songy4/twas/output/weights_control//ENSG00000188732.wgt.RDat	ENSG00000188732	7	23719749	23742868	0.0871	rs199347	-10.49	rs12700456	 1.22e-01	  8.48	 -1.26316	 447	 1	top1	0.12	4e-18	-1.2632	2.07e-01
NA	/data/songy4/twas/output/weights_control//ENSG00000196335.wgt.RDat	ENSG00000196335	7	23749786	23872132	0.0644	rs199347	-10.49	rs10950956	 6.62e-02	 -6.36	 -0.73984	 550	 1	top1	0.066	2.3e-10	 0.7398	4.59e-01
NA	/data/songy4/twas/output/weights_control//ENSG00000105926.wgt.RDat	ENSG00000105926	7	24612887	24733812	0.0625	rs2521766	 -3.30	rs2028071	-1.55e-03	  3.61	 -0.15441	 698	49	enet	0.0043	0.063	 0.0356	9.72e-01
NA	/data/songy4/twas/output/weights_control//ENSG00000105928.wgt.RDat	ENSG00000105928	7	24737972	24809244	0.2366	rs2521766	 -3.30	rs2237315	 1.27e-01	  8.63	 -1.37500	 697	50	enet	0.2	4.4e-29	-1.7378	8.22e-02
NA	/data/songy4/twas/output/weights_control//ENSG00000070882.wgt.RDat	ENSG00000070882	7	24836158	25021253	0.1781	rs2521766	 -3.30	rs17725486	 9.80e-02	 -8.19	  1.36111	 754	 8	lasso	0.14	5.6e-21	-1.9012	5.73e-02
NA	/data/songy4/twas/output/weights_control//ENSG00000050344.wgt.RDat	ENSG00000050344	7	26191860	26226745	0.5406	rs1159802	  3.40	rs2057763	 4.49e-01	-16.27	  1.33333	 544	13	enet	0.46	5.4e-80	-1.3873	1.65e-01
NA	/data/songy4/twas/output/weights_control//ENSG00000005020.wgt.RDat	ENSG00000005020	7	26706681	27034858	0.5122	rs4722596	 -3.00	rs2960785	 6.62e-01	-19.52	  2.19388	 652	 9	lasso	0.67	4.4e-139	-2.2119	2.70e-02
NA	/data/songy4/twas/output/weights_control//ENSG00000105991.wgt.RDat	ENSG00000105991	7	27132612	27135615	0.1785	rs940526	 -3.43	rs2960785	 1.89e-01	-10.53	  2.19388	 423	 1	top1	0.19	3.3e-28	-2.1939	2.82e-02
NA	/data/songy4/twas/output/weights_control//ENSG00000105997.wgt.RDat	ENSG00000105997	7	27145803	27192200	0.0663	rs940526	 -3.43	rs2462910	 1.64e-02	  5.06	 -1.97170	 421	32	enet	0.052	1.9e-08	-2.1104	3.48e-02
NA	/data/songy4/twas/output/weights_control//ENSG00000197576.wgt.RDat	ENSG00000197576	7	27168126	27170418	0.0233	rs940526	 -3.43	rs2960785	 3.27e-03	 -4.15	  2.19388	 393	 7	enet	0.0057	0.038	-2.3215	2.03e-02
NA	/data/songy4/twas/output/weights_control//ENSG00000106004.wgt.RDat	ENSG00000106004	7	27180671	27183287	0.1174	rs940526	 -3.43	rs2462910	 1.00e-01	  8.70	 -1.97170	 396	 9	lasso	0.15	1.2e-21	-2.0338	4.20e-02
NA	/data/songy4/twas/output/weights_control//ENSG00000106049.wgt.RDat	ENSG00000106049	7	27565061	27702614	0.1434	rs940526	 -3.43	rs10486549	 1.68e-01	 10.23	  1.81034	 535	 1	top1	0.17	5.4e-25	 1.8103	7.02e-02
NA	/data/songy4/twas/output/weights_control//ENSG00000106052.wgt.RDat	ENSG00000106052	7	27778950	27884183	0.0424	rs940526	 -3.43	rs6944913	 1.88e-02	  4.34	  1.87500	 539	 1	top1	0.019	0.00058	 1.8750	6.08e-02
NA	/data/songy4/twas/output/weights_control//ENSG00000146592.wgt.RDat	ENSG00000146592	7	28338940	28865511	0.2760	rs245974	 -3.49	rs41348	 1.14e-01	 -9.31	  1.77451	 953	 7	lasso	0.2	1.8e-30	-1.9817	4.75e-02
NA	/data/songy4/twas/output/weights_control//ENSG00000106066.wgt.RDat	ENSG00000106066	7	29034847	29235067	0.2140	rs245974	 -3.49	rs245883	 1.51e-01	  9.60	 -0.30612	 820	 4	lasso	0.16	1.3e-23	-0.2296	8.18e-01
NA	/data/songy4/twas/output/weights_control//ENSG00000106069.wgt.RDat	ENSG00000106069	7	29161890	29553944	0.2515	rs245974	 -3.49	rs245881	 2.15e-01	-11.20	  0.37069	 886	 2	lasso	0.22	1.6e-33	-0.4517	6.51e-01
NA	/data/songy4/twas/output/weights_control//ENSG00000136193.wgt.RDat	ENSG00000136193	7	29959719	30029905	0.1221	rs713493	 -3.28	rs11978707	 6.45e-02	 -6.53	  0.96479	 508	15	lasso	0.073	2.7e-11	-0.3258	7.45e-01
NA	/data/songy4/twas/output/weights_control//ENSG00000106080.wgt.RDat	ENSG00000106080	7	30050203	30066300	0.0503	rs10268380	 -3.61	rs10951256	-2.60e-04	 -3.85	  1.41216	 432	 1	top1	-0.00026	0.36	-1.4122	1.58e-01
NA	/data/songy4/twas/output/weights_control//ENSG00000106086.wgt.RDat	ENSG00000106086	7	30067020	30170096	0.2683	rs10227389	 -3.76	rs2302626	 3.26e-01	 13.98	  0.94017	 453	14	enet	0.34	4.6e-53	 1.0763	2.82e-01
NA	/data/songy4/twas/output/weights_control//ENSG00000180354.wgt.RDat	ENSG00000180354	7	30174426	30202378	0.0511	rs10227389	 -3.76	rs2110394	 3.86e-03	 -3.99	  0.91150	 402	 1	top1	0.0039	0.073	-0.9115	3.62e-01
NA	/data/songy4/twas/output/weights_control//ENSG00000106105.wgt.RDat	ENSG00000106105	7	30634297	30673649	0.0710	rs10227389	 -3.76	rs4723002	 2.75e-02	 -4.99	  0.06509	 495	 1	top1	0.028	3.8e-05	-0.0651	9.48e-01
NA	/data/songy4/twas/output/weights_control//ENSG00000106341.wgt.RDat	ENSG00000106341	7	31726329	31748069	0.3596	rs10951304	 -3.14	rs6953623	 2.23e-01	-11.42	 -0.06818	 628	 4	lasso	0.23	2.1e-35	-0.1217	9.03e-01
NA	/data/songy4/twas/output/weights_control//ENSG00000106355.wgt.RDat	ENSG00000106355	7	32524951	32534895	0.0341	rs28459574	 -3.18	rs6462371	 6.72e-03	 -4.38	  2.11382	 499	 3	lasso	0.013	0.0031	-2.0953	3.61e-02
NA	/data/songy4/twas/output/weights_control//ENSG00000170852.wgt.RDat	ENSG00000170852	7	32907784	32933743	0.1967	rs28459574	 -3.18	rs7811609	 1.92e-01	-10.53	  1.49038	 363	 1	top1	0.19	1.4e-28	-1.4904	1.36e-01
NA	/data/songy4/twas/output/weights_control//ENSG00000122642.wgt.RDat	ENSG00000122642	7	32997017	33046543	0.5427	rs28459574	 -3.18	rs4720087	 3.42e-01	-14.15	 -0.41176	 349	27	enet	0.35	1.8e-55	 0.9348	3.50e-01
NA	/data/songy4/twas/output/weights_control//ENSG00000122507.wgt.RDat	ENSG00000122507	7	33168856	33645680	0.1532	rs28459574	 -3.18	rs17169807	 7.11e-02	 -7.27	  1.67569	 578	47	enet	0.096	1.7e-14	-1.4435	1.49e-01
NA	/data/songy4/twas/output/weights_control//ENSG00000164619.wgt.RDat	ENSG00000164619	7	33944523	34195484	0.0930	rs4720156	 -2.90	rs2598391	 4.54e-02	  5.37	 -0.27928	 614	 1	top1	0.045	1.5e-07	-0.2793	7.80e-01
NA	/data/songy4/twas/output/weights_control//ENSG00000173852.wgt.RDat	ENSG00000173852	7	34968488	35077883	0.3489	rs4723414	 -2.99	rs329277	 2.93e-01	-13.24	 -1.51546	 536	35	enet	0.37	2e-60	 1.7139	8.65e-02
NA	/data/songy4/twas/output/weights_control//ENSG00000164532.wgt.RDat	ENSG00000164532	7	35242042	35293758	0.0439	rs4142249	  3.18	rs336288	 4.34e-02	  5.27	 -0.03922	 489	 1	top1	0.043	2.7e-07	-0.0392	9.69e-01
NA	/data/songy4/twas/output/weights_control//ENSG00000122557.wgt.RDat	ENSG00000122557	7	35672269	35735181	0.1656	rs4142249	  3.18	rs13235590	 1.85e-01	 10.56	 -0.60417	 548	16	enet	0.19	5.8e-28	-0.3833	7.02e-01
NA	/data/songy4/twas/output/weights_control//ENSG00000136250.wgt.RDat	ENSG00000136250	7	36552456	36764154	0.5582	rs17170599	  4.32	rs7785921	 2.69e-01	 13.01	  0.04505	 745	44	enet	0.49	4.8e-85	 0.5446	5.86e-01
NA	/data/songy4/twas/output/weights_control//ENSG00000155849.wgt.RDat	ENSG00000155849	7	36893961	37488852	0.4111	rs17170599	  4.32	rs10282309	 3.41e-01	 14.01	  1.10317	 942	 6	lasso	0.35	7.5e-55	 1.2641	2.06e-01
NA	/data/songy4/twas/output/weights_control//ENSG00000187037.wgt.RDat	ENSG00000187037	7	37723399	37873390	0.0979	rs10261983	 -3.38	rs1346019	 4.29e-02	  6.69	 -0.62626	 672	 5	lasso	0.072	4.3e-11	-1.3734	1.70e-01
NA	/data/songy4/twas/output/weights_control//ENSG00000086289.wgt.RDat	ENSG00000086289	7	37723446	37991543	0.2862	rs10261983	 -3.38	rs6964434	 1.15e-01	 -9.32	 -0.64211	 740	26	enet	0.19	6.2e-28	-0.1887	8.50e-01
NA	/data/songy4/twas/output/weights_control//ENSG00000086288.wgt.RDat	ENSG00000086288	7	37888199	37940003	0.2212	rs10261983	 -3.38	rs2722245	 5.52e-02	  7.46	 -1.28283	 618	27	enet	0.14	4.2e-20	-0.4198	6.75e-01
NA	/data/songy4/twas/output/weights_control//ENSG00000010270.wgt.RDat	ENSG00000010270	7	38217824	38270272	0.3391	rs10261983	 -3.38	rs1014136	 2.73e-01	-12.59	 -1.28319	 665	 6	lasso	0.28	4.3e-43	 1.2575	2.09e-01
NA	/data/songy4/twas/output/weights_control//ENSG00000006715.wgt.RDat	ENSG00000006715	7	38762563	38971994	0.1332	rs2286106	 -3.06	rs3801116	 1.12e-01	 -8.07	 -0.25243	 665	 8	lasso	0.12	1.3e-17	 0.0541	9.57e-01
NA	/data/songy4/twas/output/weights_control//ENSG00000106571.wgt.RDat	ENSG00000106571	7	42000548	42277469	0.1726	rs11770156	 -2.44	rs7801545	 6.52e-02	 -6.33	  0.72115	 615	63	enet	0.082	1.5e-12	-0.3312	7.40e-01
NA	/data/songy4/twas/output/weights_control//ENSG00000136197.wgt.RDat	ENSG00000136197	7	42948325	42951904	0.0634	rs10238217	 -3.41	rs630191	 6.22e-02	  6.24	  1.55862	 465	 1	top1	0.062	8e-10	 1.5586	1.19e-01
NA	/data/songy4/twas/output/weights_control//ENSG00000106588.wgt.RDat	ENSG00000106588	7	42956460	42971822	0.1443	rs10238217	 -3.41	rs1048434	 1.65e-01	 10.05	  1.32738	 464	11	lasso	0.17	3.1e-25	 1.6146	1.06e-01
NA	/data/songy4/twas/output/weights_control//ENSG00000106591.wgt.RDat	ENSG00000106591	7	42971799	42988557	0.0982	rs10238217	 -3.41	rs602524	 1.07e-01	 -8.07	  1.43151	 470	 1	top1	0.11	5.1e-16	-1.4315	1.52e-01
NA	/data/songy4/twas/output/weights_control//ENSG00000106603.wgt.RDat	ENSG00000106603	7	43648055	43769316	0.2808	rs4584058	  4.06	rs10233697	 3.78e-01	 14.94	  0.04202	 492	13	lasso	0.38	1.1e-61	 0.0441	9.65e-01
NA	/data/songy4/twas/output/weights_control//ENSG00000106605.wgt.RDat	ENSG00000106605	7	43798279	43846939	0.1682	rs4584058	  4.06	rs6950861	 2.06e-01	-11.32	  1.02655	 429	21	enet	0.26	9.5e-40	-0.8470	3.97e-01
NA	/data/songy4/twas/output/weights_control//ENSG00000078967.wgt.RDat	ENSG00000078967	7	43966037	43995735	0.0505	rs4584058	  4.06	rs13239366	 2.84e-02	 -4.34	  0.72892	 389	10	lasso	0.034	4.9e-06	-0.8536	3.93e-01
NA	/data/songy4/twas/output/weights_control//ENSG00000136279.wgt.RDat	ENSG00000136279	7	44084239	44109055	0.3023	rs4584058	  4.06	rs17546439	 2.30e-01	 11.77	  2.02662	 353	24	enet	0.26	7.5e-40	 2.0237	4.30e-02
NA	/data/songy4/twas/output/weights_control//ENSG00000164708.wgt.RDat	ENSG00000164708	7	44102326	44105186	0.1128	rs4584058	  4.06	rs217426	 2.51e-03	  6.05	  1.15356	 338	 1	top1	0.0025	0.12	 1.1536	2.49e-01
NA	/data/songy4/twas/output/weights_control//ENSG00000122678.wgt.RDat	ENSG00000122678	7	44111846	44122139	0.4304	rs4584058	  4.06	rs28745596	 2.94e-01	 13.02	 -2.02924	 353	11	lasso	0.34	1.1e-54	-1.8858	5.93e-02
NA	/data/songy4/twas/output/weights_control//ENSG00000106631.wgt.RDat	ENSG00000106631	7	44178463	44180931	0.0342	rs4584058	  4.06	rs11766481	 4.11e-03	  3.63	  0.18440	 358	 4	lasso	0.0058	0.037	-0.5139	6.07e-01
NA	/data/songy4/twas/output/weights_control//ENSG00000106633.wgt.RDat	ENSG00000106633	7	44183872	44237769	0.1077	rs4584058	  4.06	rs2979422	 5.47e-02	  6.66	  1.34328	 385	 9	enet	0.063	7.1e-10	 1.7508	8.00e-02
NA	/data/songy4/twas/output/weights_control//ENSG00000015676.wgt.RDat	ENSG00000015676	7	44418720	44530479	0.0731	rs4584058	  4.06	rs17711306	 8.68e-02	  7.40	  1.60000	 389	 1	top1	0.087	3.3e-13	 1.6000	1.10e-01
NA	/data/songy4/twas/output/weights_control//ENSG00000136271.wgt.RDat	ENSG00000136271	7	44605016	44614650	0.0362	rs4584058	  4.06	rs217376	 2.32e-02	 -4.11	 -1.91888	 371	 1	top1	0.023	0.00015	 1.9189	5.50e-02
NA	/data/songy4/twas/output/weights_control//ENSG00000158604.wgt.RDat	ENSG00000158604	7	44617493	44621886	0.0784	rs4584058	  4.06	rs217388	 8.75e-02	  7.38	  1.70874	 368	 1	top1	0.087	2.7e-13	 1.7087	8.75e-02
NA	/data/songy4/twas/output/weights_control//ENSG00000105953.wgt.RDat	ENSG00000105953	7	44646171	44748665	0.0466	rs10951769	 -2.64	rs8580	-1.36e-03	 -3.41	  1.60396	 454	21	enet	-0.0012	0.56	-0.3702	7.11e-01
NA	/data/songy4/twas/output/weights_control//ENSG00000122515.wgt.RDat	ENSG00000122515	7	44788180	44809477	0.1113	rs2331226	 -2.76	rs799449	 6.65e-02	  6.32	  1.08421	 444	 1	top1	0.067	2.1e-10	 1.0842	2.78e-01
NA	/data/songy4/twas/output/weights_control//ENSG00000136286.wgt.RDat	ENSG00000136286	7	45002261	45018697	0.2617	rs2331226	 -2.76	rs6946581	 1.72e-01	 10.02	  0.58095	 435	21	enet	0.26	1.2e-39	-0.1551	8.77e-01
NA	/data/songy4/twas/output/weights_control//ENSG00000136280.wgt.RDat	ENSG00000136280	7	45039074	45116068	0.4344	rs1525660	 -3.26	rs10951792	 5.66e-01	 18.04	  0.06034	 465	 9	lasso	0.57	8e-108	-0.0946	9.25e-01
NA	/data/songy4/twas/output/weights_control//ENSG00000136270.wgt.RDat	ENSG00000136270	7	45139699	45151646	0.1042	rs1525660	 -3.26	rs7781395	 1.04e-01	  8.05	 -0.76923	 442	 1	top1	0.1	1.4e-15	-0.7692	4.42e-01
NA	/data/songy4/twas/output/weights_control//ENSG00000122679.wgt.RDat	ENSG00000122679	7	45197390	45225901	0.3763	rs1525660	 -3.26	rs975349	 2.37e-01	 11.71	 -0.28226	 450	 1	top1	0.24	9.1e-36	-0.2823	7.78e-01
NA	/data/songy4/twas/output/weights_control//ENSG00000146674.wgt.RDat	ENSG00000146674	7	45951949	45961473	0.2786	rs1525660	 -3.26	rs13232606	 4.19e-02	  6.72	  0.63750	 418	31	enet	0.18	4.6e-26	-0.3368	7.36e-01
NA	/data/songy4/twas/output/weights_control//ENSG00000136273.wgt.RDat	ENSG00000136273	7	47735328	48019178	0.2767	rs6949736	  3.74	rs3176565	 2.17e-01	 11.52	  0.57419	 685	31	enet	0.3	1.1e-46	-0.0404	9.68e-01
NA	/data/songy4/twas/output/weights_control//ENSG00000158683.wgt.RDat	ENSG00000158683	7	47814250	47988088	0.2973	rs6949736	  3.74	rs2708896	 4.31e-01	 15.78	 -0.95745	 622	 1	top1	0.43	2.2e-72	-0.9574	3.38e-01
NA	/data/songy4/twas/output/weights_control//ENSG00000164746.wgt.RDat	ENSG00000164746	7	48075108	48100901	0.0873	rs6949736	  3.74	rs11767002	 1.17e-01	  8.67	 -0.40000	 533	 7	lasso	0.12	8.7e-18	-0.5201	6.03e-01
NA	/data/songy4/twas/output/weights_control//ENSG00000183696.wgt.RDat	ENSG00000183696	7	48128225	48148330	0.2244	rs6949736	  3.74	rs7804178	 2.40e-01	-11.86	  0.51064	 540	 1	top1	0.24	2.9e-36	-0.5106	6.10e-01
NA	/data/songy4/twas/output/weights_control//ENSG00000042813.wgt.RDat	ENSG00000042813	7	49890017	50160925	0.0334	rs1477582	  3.18	rs10245556	 2.99e-02	  4.77	  0.66667	 557	 1	top1	0.03	1.8e-05	 0.6667	5.05e-01
NA	/data/songy4/twas/output/weights_control//ENSG00000185811.wgt.RDat	ENSG00000185811	7	50343720	50472799	0.1317	rs2051893	 -2.58	rs7781977	 7.17e-02	 -6.87	 -1.78505	 533	 1	top1	0.072	4.1e-11	 1.7850	7.43e-02
NA	/data/songy4/twas/output/weights_control//ENSG00000132436.wgt.RDat	ENSG00000132436	7	50511831	50518088	0.3151	rs4948034	  2.62	rs12719019	 3.52e-01	 14.44	  0.16842	 499	16	enet	0.36	6.1e-58	 0.2626	7.93e-01
NA	/data/songy4/twas/output/weights_control//ENSG00000106070.wgt.RDat	ENSG00000106070	7	50657760	50861159	0.0726	rs7778202	 -3.44	rs2286155	 5.58e-03	  4.00	 -0.57328	 607	 1	top1	0.0056	0.04	-0.5733	5.66e-01
NA	/data/songy4/twas/output/weights_control//ENSG00000106078.wgt.RDat	ENSG00000106078	7	51083909	51384515	0.0642	rs7778202	 -3.44	rs12530828	 5.04e-02	  5.51	 -0.32990	 651	 1	top1	0.05	3.1e-08	-0.3299	7.41e-01
NA	/data/songy4/twas/output/weights_control//ENSG00000132434.wgt.RDat	ENSG00000132434	7	55433141	55501435	0.0913	rs10899766	  2.61	rs6974456	 8.42e-02	 -7.26	  1.25472	 435	 1	top1	0.084	7.8e-13	-1.2547	2.10e-01
NA	/data/songy4/twas/output/weights_control//ENSG00000178665.wgt.RDat	ENSG00000178665	7	55955169	56009918	0.3951	rs816404	 -2.96	rs4307293	 2.15e-01	 11.21	 -0.65438	 327	23	enet	0.34	9.9e-54	-1.4796	1.39e-01
NA	/data/songy4/twas/output/weights_control//ENSG00000146729.wgt.RDat	ENSG00000146729	7	56019486	56067874	0.0249	rs816404	 -2.96	rs7793921	 2.02e-02	  4.54	 -2.23585	 298	 1	top1	0.02	0.00037	-2.2358	2.54e-02
NA	/data/songy4/twas/output/weights_control//ENSG00000146733.wgt.RDat	ENSG00000146733	7	56078744	56119297	0.1198	rs816404	 -2.96	rs11982736	 1.15e-01	  8.16	 -0.42188	 296	 3	lasso	0.13	8.5e-19	-0.8714	3.84e-01
NA	/data/songy4/twas/output/weights_control//ENSG00000146731.wgt.RDat	ENSG00000146731	7	56119323	56131682	0.0443	rs816404	 -2.96	rs7793921	 2.30e-02	  5.30	 -2.23585	 286	 5	lasso	0.026	6e-05	-1.9170	5.52e-02
NA	/data/songy4/twas/output/weights_control//ENSG00000129103.wgt.RDat	ENSG00000129103	7	56131695	56148363	0.1315	rs816404	 -2.96	rs6970842	 2.05e-01	 10.89	 -0.65254	 286	 1	top1	0.2	1.3e-30	-0.6525	5.14e-01
NA	/data/songy4/twas/output/weights_control//ENSG00000164776.wgt.RDat	ENSG00000164776	7	56148440	56160689	0.0190	rs816404	 -2.96	rs13245637	 1.17e-02	  4.09	 -1.71277	 284	 1	top1	0.012	0.0055	-1.7128	8.68e-02
NA	/data/songy4/twas/output/weights_control//ENSG00000106153.wgt.RDat	ENSG00000106153	7	56169262	56174269	0.3054	rs816404	 -2.96	rs6593298	 2.98e-01	-13.31	  1.43750	 273	 5	lasso	0.33	3.1e-52	-0.9562	3.39e-01
NA	/data/songy4/twas/output/weights_control//ENSG00000214652.wgt.RDat	ENSG00000214652	7	63505821	63545179	0.2204	rs1589848	 -2.42	rs6950021	 7.19e-02	  6.89	 -0.09412	 233	15	enet	0.084	8.3e-13	 0.4320	6.66e-01
NA	/data/songy4/twas/output/weights_control//ENSG00000197123.wgt.RDat	ENSG00000197123	7	63688852	63727309	0.0229	rs1589848	 -2.42	rs1842055	-8.60e-04	  3.60	  0.39583	 289	 6	enet	0.00088	0.22	-0.2196	8.26e-01
NA	/data/songy4/twas/output/weights_control//ENSG00000234444.wgt.RDat	ENSG00000234444	7	63767837	63815238	0.5099	rs1589848	 -2.42	rs599013	 2.72e-01	-13.19	  0.29592	 309	48	enet	0.42	1.7e-69	 0.9839	3.25e-01
NA	/data/songy4/twas/output/weights_control//ENSG00000173041.wgt.RDat	ENSG00000173041	7	63980262	64023484	0.1310	rs2140724	  2.72	rs10245342	 5.33e-02	 -5.83	 -0.08889	 324	 1	top1	0.053	1.3e-08	 0.0889	9.29e-01
NA	/data/songy4/twas/output/weights_control//ENSG00000196247.wgt.RDat	ENSG00000196247	7	64126511	64171404	0.0935	rs2140724	  2.72	rs2862876	 2.27e-02	 -4.72	  0.16162	 283	23	enet	0.045	1.6e-07	 0.8931	3.72e-01
NA	/data/songy4/twas/output/weights_control//ENSG00000197008.wgt.RDat	ENSG00000197008	7	64254766	64294054	0.0559	rs34919679	 -5.14	rs4718093	 2.49e-02	  4.44	  0.34234	 274	 4	lasso	0.037	1.8e-06	 0.5131	6.08e-01
NA	/data/songy4/twas/output/weights_control//ENSG00000198039.wgt.RDat	ENSG00000198039	7	64330550	64391344	0.0590	rs34919679	 -5.14	rs7780100	 5.74e-03	 -3.38	 -2.65263	 264	 1	top1	0.0057	0.038	 2.6526	7.99e-03
NA	/data/songy4/twas/output/weights_control//ENSG00000152926.wgt.RDat	ENSG00000152926	7	64432154	64467062	0.3050	rs34919679	 -5.14	rs2049443	 1.77e-01	-10.89	 -2.07234	 246	15	enet	0.23	9.6e-35	 2.6563	7.90e-03
NA	/data/songy4/twas/output/weights_control//ENSG00000213462.wgt.RDat	ENSG00000213462	7	64451187	64467121	0.3093	rs34919679	 -5.14	rs2049443	 1.78e-01	-11.04	 -2.07234	 242	21	enet	0.21	3.7e-31	 1.7489	8.03e-02
NA	/data/songy4/twas/output/weights_control//ENSG00000196715.wgt.RDat	ENSG00000196715	7	65338254	65424550	0.1511	rs12532327	 -5.17	rs313799	 1.83e-01	 10.28	 -0.38272	 221	 9	lasso	0.21	1e-30	-0.4487	6.54e-01
NA	/data/songy4/twas/output/weights_control//ENSG00000169919.wgt.RDat	ENSG00000169919	7	65425671	65447301	0.0996	rs12532327	 -5.17	rs1404147	 9.36e-02	  7.59	 -0.46047	 187	 1	top1	0.094	3.9e-14	-0.4605	6.45e-01
NA	/data/songy4/twas/output/weights_control//ENSG00000126522.wgt.RDat	ENSG00000126522	7	65540785	65558545	0.0416	rs12532327	 -5.17	rs11773628	 6.76e-02	 -6.56	 -0.51456	 194	 4	lasso	0.068	1.3e-10	 0.3880	6.98e-01
NA	/data/songy4/twas/output/weights_control//ENSG00000241258.wgt.RDat	ENSG00000241258	7	65579591	65619555	0.0876	rs12532327	 -5.17	rs3764904	 2.92e-02	 -5.29	 -1.28571	 208	10	enet	0.051	3e-08	 0.1898	8.49e-01
NA	/data/songy4/twas/output/weights_control//ENSG00000169902.wgt.RDat	ENSG00000169902	7	65670186	65885530	0.0393	rs12532327	 -5.17	rs11773628	 5.49e-02	 -6.31	 -0.51456	 262	 1	top1	0.055	7.7e-09	 0.5146	6.07e-01
NA	/data/songy4/twas/output/weights_control//ENSG00000243335.wgt.RDat	ENSG00000243335	7	66093868	66276446	0.0969	rs12540695	 -5.35	rs9986881	 5.88e-02	  6.24	 -1.14000	 282	 3	lasso	0.06	1.4e-09	-1.0431	2.97e-01
NA	/data/songy4/twas/output/weights_control//ENSG00000154710.wgt.RDat	ENSG00000154710	7	66147151	66276451	0.0256	rs12540695	 -5.35	rs1962050	 7.21e-03	 -3.61	 -2.57732	 258	 9	enet	0.013	0.0037	 0.6805	4.96e-01
NA	/data/songy4/twas/output/weights_control//ENSG00000198874.wgt.RDat	ENSG00000198874	7	66460160	66704501	0.2674	rs12540695	 -5.35	rs6950170	 2.46e-01	 12.07	 -1.15079	 393	 9	lasso	0.29	2e-45	-2.0565	3.97e-02
NA	/data/songy4/twas/output/weights_control//ENSG00000158321.wgt.RDat	ENSG00000158321	7	69063905	70258054	0.1185	rs3735260	 -3.20	rs10234816	 1.12e-03	  4.54	 -1.67669	 806	23	enet	0.046	1.2e-07	-1.0623	2.88e-01
NA	/data/songy4/twas/output/weights_control//ENSG00000106635.wgt.RDat	ENSG00000106635	7	72950686	72972332	0.0324	rs11974034	 -3.27	rs34594435	 2.09e-02	 -4.47	 -0.62810	 189	 9	enet	0.028	3.1e-05	 1.1075	2.68e-01
NA	/data/songy4/twas/output/weights_control//ENSG00000106638.wgt.RDat	ENSG00000106638	7	72983262	72993121	0.6617	rs11974034	 -3.27	rs17145721	 2.13e-01	 11.13	 -1.33659	 200	 4	lasso	0.34	4.2e-53	-0.7963	4.26e-01
NA	/data/songy4/twas/output/weights_control//ENSG00000106077.wgt.RDat	ENSG00000106077	7	73150424	73153197	0.3503	rs11974034	 -3.27	rs10232827	 2.46e-01	-12.75	 -0.25000	 250	 4	lasso	0.31	1.6e-48	 0.1402	8.89e-01
NA	/data/songy4/twas/output/weights_control//ENSG00000165171.wgt.RDat	ENSG00000165171	7	73248920	73256865	0.3198	rs11974034	 -3.27	rs1127155	 4.94e-01	 17.04	 -0.91667	 279	 1	top1	0.49	4.9e-87	-0.9167	3.59e-01
NA	/data/songy4/twas/output/weights_control//ENSG00000106683.wgt.RDat	ENSG00000106683	7	73497263	73536855	0.1895	rs17401675	 -2.56	rs1636467	 1.76e-01	-11.08	  0.68067	 318	17	enet	0.22	1e-32	-0.4156	6.78e-01
NA	/data/songy4/twas/output/weights_control//ENSG00000086730.wgt.RDat	ENSG00000086730	7	73613982	73644161	0.1489	rs6968679	 -2.41	rs3135686	 7.74e-02	 -7.01	 -0.40000	 285	22	enet	0.084	8.6e-13	-0.2949	7.68e-01
NA	/data/songy4/twas/output/weights_control//ENSG00000158517.wgt.RDat	ENSG00000158517	7	74188309	74203659	0.1450	rs6968679	 -2.41	rs810364	 5.99e-02	  6.22	  1.06140	 108	 1	top1	0.06	1.6e-09	 1.0614	2.89e-01
NA	/data/songy4/twas/output/weights_control//ENSG00000196275.wgt.RDat	ENSG00000196275	7	74210483	74267847	0.7725	rs6968679	 -2.41	rs810364	 3.53e-01	 14.26	  1.06140	 102	18	lasso	0.49	7.8e-87	 1.5922	1.11e-01
NA	/data/songy4/twas/output/weights_control//ENSG00000174428.wgt.RDat	ENSG00000174428	7	74508364	74565623	0.2378	rs2527366	  1.74	rs810364	 7.91e-02	 -6.94	  1.06140	  12	 2	lasso	0.098	1.1e-14	-1.0884	2.76e-01
NA	/data/songy4/twas/output/weights_control//ENSG00000127946.wgt.RDat	ENSG00000127946	7	75162621	75368280	0.7275	rs1179594	  3.23	rs1179620	 7.30e-01	-20.50	  2.45012	 259	 1	top1	0.73	2.1e-165	-2.4501	1.43e-02
NA	/data/songy4/twas/output/weights_control//ENSG00000106178.wgt.RDat	ENSG00000106178	7	75440983	75452674	0.0718	rs1179594	  3.25	rs9649643	 3.05e-02	 -5.50	 -0.36634	 285	 3	lasso	0.032	1.1e-05	 0.1065	9.15e-01
NA	/data/songy4/twas/output/weights_control//ENSG00000127948.wgt.RDat	ENSG00000127948	7	75528518	75616173	0.1852	rs1179594	  3.23	rs867973	 1.97e-01	 10.69	 -2.46943	 329	64	enet	0.21	8.4e-32	-1.8708	6.14e-02
NA	/data/songy4/twas/output/weights_control//ENSG00000127952.wgt.RDat	ENSG00000127952	7	75625656	75677322	0.4293	rs1179594	  3.25	rs11553096	 4.38e-01	 15.89	  0.81657	 334	 3	lasso	0.48	6.4e-83	 1.3536	1.76e-01
NA	/data/songy4/twas/output/weights_control//ENSG00000146701.wgt.RDat	ENSG00000146701	7	75677369	75696826	0.0440	rs1179594	  3.25	rs2868203	 4.75e-02	  5.71	 -1.57143	 323	 1	top1	0.048	7.7e-08	-1.5714	1.16e-01
NA	/data/songy4/twas/output/weights_control//ENSG00000170027.wgt.RDat	ENSG00000170027	7	75956116	75988348	0.0753	rs2868366	 -2.95	rs917424	 6.65e-02	  6.55	 -0.82051	 235	 5	lasso	0.072	4.1e-11	-1.6670	9.55e-02
NA	/data/songy4/twas/output/weights_control//ENSG00000146700.wgt.RDat	ENSG00000146700	7	76018651	76039012	0.0528	rs2868366	 -2.95	rs11505688	 2.00e-02	  5.09	 -1.00000	 229	11	enet	0.031	1.1e-05	-2.2971	2.16e-02
NA	/data/songy4/twas/output/weights_control//ENSG00000188372.wgt.RDat	ENSG00000188372	7	76026835	76071388	0.2027	rs2868366	 -2.95	rs6465128	 1.46e-01	 -9.73	  2.20000	 232	23	enet	0.16	2.9e-23	-1.2664	2.05e-01
NA	/data/songy4/twas/output/weights_control//ENSG00000091073.wgt.RDat	ENSG00000091073	7	76090993	76135312	0.1713	rs2868366	 -2.95	rs7799234	 8.27e-02	  7.94	 -1.30833	 221	37	enet	0.11	5.9e-16	-1.6720	9.45e-02
NA	/data/songy4/twas/output/weights_control//ENSG00000146707.wgt.RDat	ENSG00000146707	7	76239303	76256578	0.3788	rs2868366	 -2.95	rs11505688	 2.73e-01	-12.62	 -1.00000	 168	38	enet	0.33	4e-51	 1.2650	2.06e-01
NA	/data/songy4/twas/output/weights_control//ENSG00000135205.wgt.RDat	ENSG00000135205	7	76751751	76958850	0.5055	rs2190097	 -2.92	rs10488499	 4.51e-01	-16.31	  1.30147	 348	 9	lasso	0.54	1.1e-97	-1.2146	2.25e-01
NA	/data/songy4/twas/output/weights_control//ENSG00000127951.wgt.RDat	ENSG00000127951	7	76822688	76829143	0.0713	rs2190097	 -2.92	rs10488499	 1.39e-02	 -4.75	  1.30147	 304	17	enet	0.015	0.0018	-0.7503	4.53e-01
NA	/data/songy4/twas/output/weights_control//ENSG00000186088.wgt.RDat	ENSG00000186088	7	76940068	77045717	0.2094	rs2190097	 -2.92	rs2286158	 1.46e-01	  9.65	 -2.55789	 339	 9	lasso	0.16	2.5e-23	-2.4194	1.55e-02
NA	/data/songy4/twas/output/weights_control//ENSG00000127947.wgt.RDat	ENSG00000127947	7	77166592	77269388	0.1648	rs2190097	 -2.92	rs2428939	 6.11e-02	 -6.41	  0.89216	 476	52	enet	0.078	5.6e-12	-0.6144	5.39e-01
NA	/data/songy4/twas/output/weights_control//ENSG00000135211.wgt.RDat	ENSG00000135211	7	77423045	77427897	0.0904	rs3807689	  3.20	rs711309	 5.48e-02	  6.33	 -1.47368	 520	 1	top1	0.055	8e-09	-1.4737	1.41e-01
NA	/data/songy4/twas/output/weights_control//ENSG00000187391.wgt.RDat	ENSG00000187391	7	77646393	79082890	0.1072	rs6951193	  3.50	rs6466833	 2.89e-02	  4.80	 -0.09231	1267	 1	top1	0.029	2.4e-05	-0.0923	9.26e-01
NA	/data/songy4/twas/output/weights_control//ENSG00000127955.wgt.RDat	ENSG00000127955	7	79763271	79848718	0.1231	rs6467192	 -2.61	rs1011971	 2.39e-03	 -4.31	  1.00000	 459	41	enet	0.038	1.4e-06	 0.0339	9.73e-01
NA	/data/songy4/twas/output/weights_control//ENSG00000135218.wgt.RDat	ENSG00000135218	7	79998891	80308593	0.0449	rs327726	  2.87	rs3211817	 3.94e-02	 -4.99	 -1.55721	 571	 1	top1	0.039	9.4e-07	 1.5572	1.19e-01
NA	/data/songy4/twas/output/weights_control//ENSG00000075223.wgt.RDat	ENSG00000075223	7	80371854	80551675	0.0990	rs10263457	 -3.43	rs1880957	 7.56e-02	 -6.66	  0.65806	 542	 1	top1	0.076	1.2e-11	-0.6581	5.10e-01
NA	/data/songy4/twas/output/weights_control//ENSG00000075213.wgt.RDat	ENSG00000075213	7	83585093	84122040	0.1869	rs10256470	 -3.95	rs10488268	 1.30e-01	  8.99	 -2.38384	 590	41	enet	0.18	7.9e-27	-1.7247	8.46e-02
NA	/data/songy4/twas/output/weights_control//ENSG00000164659.wgt.RDat	ENSG00000164659	7	86506222	86689015	0.1044	rs802466	  3.14	rs4728664	 4.97e-02	  5.60	  0.33898	 489	 8	lasso	0.056	5.9e-09	 0.3893	6.97e-01
NA	/data/songy4/twas/output/weights_control//ENSG00000135185.wgt.RDat	ENSG00000135185	7	86825478	86849903	0.1022	rs802466	  3.14	rs2286268	 7.90e-02	 -7.31	  0.09524	 468	 1	top1	0.079	4.1e-12	-0.0952	9.24e-01
NA	/data/songy4/twas/output/weights_control//ENSG00000005469.wgt.RDat	ENSG00000005469	7	86974997	87029111	0.1313	rs28381733	  2.61	rs6966140	 6.52e-02	  6.42	 -0.77586	 454	11	lasso	0.077	8.5e-12	-0.7534	4.51e-01
NA	/data/songy4/twas/output/weights_control//ENSG00000005471.wgt.RDat	ENSG00000005471	7	87031013	87109751	0.0496	rs1688890	  2.67	rs1055302	 2.70e-02	 -4.40	  0.70423	 464	17	enet	0.037	2.1e-06	-0.0732	9.42e-01
NA	/data/songy4/twas/output/weights_control//ENSG00000105784.wgt.RDat	ENSG00000105784	7	87256864	87461611	0.0569	rs28381733	  2.61	rs10248420	 3.77e-03	  4.45	 -1.82222	 464	 3	lasso	0.006	0.035	-1.3769	1.69e-01
NA	/data/songy4/twas/output/weights_control//ENSG00000075303.wgt.RDat	ENSG00000075303	7	87462883	87505672	0.0546	rs28381733	  2.61	rs17149792	 1.21e-02	 -4.12	 -0.07256	 420	 7	lasso	0.013	0.0036	-0.2734	7.85e-01
NA	/data/songy4/twas/output/weights_control//ENSG00000006634.wgt.RDat	ENSG00000006634	7	87505531	87538856	0.0461	rs28381733	  2.61	rs2214104	 3.43e-02	 -4.75	  0.58514	 397	 1	top1	0.034	4.6e-06	-0.5851	5.58e-01
NA	/data/songy4/twas/output/weights_control//ENSG00000008277.wgt.RDat	ENSG00000008277	7	87563458	87832204	0.0833	rs10279446	 -2.88	rs4728713	 5.51e-02	 -6.83	  0.27692	 514	 5	lasso	0.078	6.1e-12	 0.2560	7.98e-01
NA	/data/songy4/twas/output/weights_control//ENSG00000075142.wgt.RDat	ENSG00000075142	7	87834433	87856308	0.2133	rs10279446	 -2.88	rs1063964	 1.64e-01	  9.84	  0.59813	 354	 1	top1	0.16	3e-24	 0.5981	5.50e-01
NA	/data/songy4/twas/output/weights_control//ENSG00000127954.wgt.RDat	ENSG00000127954	7	87905744	87936206	0.5232	rs10279446	 -2.88	rs17349675	 5.35e-01	-17.56	 -0.76271	 387	 1	top1	0.54	1.3e-97	 0.7627	4.46e-01
NA	/data/songy4/twas/output/weights_control//ENSG00000105793.wgt.RDat	ENSG00000105793	7	89964537	90020769	0.4486	rs7777741	 -2.82	rs917660	 1.74e-01	-10.80	  1.14783	 496	23	lasso	0.37	6.8e-59	-0.6301	5.29e-01
NA	/data/songy4/twas/output/weights_control//ENSG00000157240.wgt.RDat	ENSG00000157240	7	90893783	90898123	0.1374	rs7777741	 -2.82	rs2278303	 5.98e-02	 -7.54	 -1.17886	 406	 6	lasso	0.11	2.2e-16	 1.0208	3.07e-01
NA	/data/songy4/twas/output/weights_control//ENSG00000127989.wgt.RDat	ENSG00000127989	7	91321323	91510034	0.0427	rs2888830	 -2.51	rs7785941	 2.70e-02	 -4.80	 -0.48936	 382	 1	top1	0.027	4.4e-05	 0.4894	6.25e-01
NA	/data/songy4/twas/output/weights_control//ENSG00000001629.wgt.RDat	ENSG00000001629	7	91875548	92030698	0.1195	rs740047	 -3.26	rs12670516	 1.08e-01	  8.53	 -0.09091	 346	14	lasso	0.11	3.1e-16	-0.1228	9.02e-01
NA	/data/songy4/twas/output/weights_control//ENSG00000127980.wgt.RDat	ENSG00000127980	7	92116334	92157845	0.0509	rs740047	 -3.26	rs7777732	 2.21e-02	 -4.37	 -0.52532	 329	 1	top1	0.022	0.00021	 0.5253	5.99e-01
NA	/data/songy4/twas/output/weights_control//ENSG00000127993.wgt.RDat	ENSG00000127993	7	92158087	92167319	0.0940	rs740047	 -3.26	rs6465363	 3.09e-02	 -4.52	 -0.41713	 312	22	enet	0.039	1.3e-06	 0.1913	8.48e-01
NA	/data/songy4/twas/output/weights_control//ENSG00000177409.wgt.RDat	ENSG00000177409	7	92759368	92777682	0.1983	rs2079147	  2.92	rs10231084	 1.52e-01	 -9.76	 -1.42273	 358	 1	top1	0.15	1.5e-22	 1.4227	1.55e-01
NA	/data/songy4/twas/output/weights_control//ENSG00000127995.wgt.RDat	ENSG00000127995	7	94138531	94186331	0.0439	rs13073	  3.98	rs10267474	 1.18e-02	  4.94	  3.65657	 334	 7	enet	0.015	0.0017	 3.5180	4.35e-04
NA	/data/songy4/twas/output/weights_control//ENSG00000127990.wgt.RDat	ENSG00000127990	7	94214542	94285521	0.0643	rs13073	  3.98	rs10267474	 6.21e-02	  6.45	  3.65657	 327	 1	top1	0.062	8.3e-10	 3.6566	2.56e-04
NA	/data/songy4/twas/output/weights_control//ENSG00000242265.wgt.RDat	ENSG00000242265	7	94285637	94299007	0.0613	rs13073	  3.98	rs10277520	 6.93e-02	  6.82	  3.71717	 319	 1	top1	0.069	8.7e-11	 3.7172	2.01e-04
NA	/data/songy4/twas/output/weights_control//ENSG00000158528.wgt.RDat	ENSG00000158528	7	94536514	94925727	0.1452	rs7778623	 -4.76	rs11981513	 1.50e-01	  9.97	  0.81633	 566	23	enet	0.16	1.8e-23	 0.5217	6.02e-01
NA	/data/songy4/twas/output/weights_control//ENSG00000005421.wgt.RDat	ENSG00000005421	7	94926988	95025673	0.0263	rs7778623	 -4.76	rs705378	 1.81e-04	 -3.91	  3.02083	 475	12	enet	0.01	0.0094	-0.3834	7.01e-01
NA	/data/songy4/twas/output/weights_control//ENSG00000105854.wgt.RDat	ENSG00000105854	7	95034175	95064510	0.2451	rs7778623	 -4.76	rs730365	 1.69e-01	 10.00	  3.60839	 475	 7	lasso	0.17	8.4e-26	 4.2790	1.88e-05
NA	/data/songy4/twas/output/weights_control//ENSG00000158560.wgt.RDat	ENSG00000158560	7	95401866	95739634	0.0916	rs7778623	 -4.76	rs7801111	 5.98e-03	 -4.47	  2.23214	 659	36	enet	0.0077	0.02	-0.2247	8.22e-01
NA	/data/songy4/twas/output/weights_control//ENSG00000004864.wgt.RDat	ENSG00000004864	7	95749532	95951459	0.0846	rs7777424	  3.92	rs2040770	 1.03e-01	  8.58	  1.14151	 507	 4	lasso	0.11	9.4e-17	 1.2475	2.12e-01
NA	/data/songy4/twas/output/weights_control//ENSG00000070669.wgt.RDat	ENSG00000070669	7	97481430	97501854	0.2675	rs6465654	  3.63	rs17595064	 1.30e-01	  8.79	  0.90769	 373	 7	lasso	0.18	2e-27	 1.4425	1.49e-01
NA	/data/songy4/twas/output/weights_control//ENSG00000164715.wgt.RDat	ENSG00000164715	7	97736197	97838945	0.1938	rs6465654	  3.63	rs10282336	 1.31e-01	 -8.92	 -0.41778	 394	 1	top1	0.13	2e-19	 0.4178	6.76e-01
NA	/data/songy4/twas/output/weights_control//ENSG00000205356.wgt.RDat	ENSG00000205356	7	97843936	97881563	0.2230	rs6465654	  3.63	rs6947340	 1.92e-01	-11.31	  2.86598	 367	38	enet	0.28	1e-42	-3.3500	8.08e-04
NA	/data/songy4/twas/output/weights_control//ENSG00000164713.wgt.RDat	ENSG00000164713	7	97881691	97937162	0.1226	rs6465654	  3.63	rs757669	 8.44e-02	  7.01	 -0.83429	 362	 1	top1	0.084	7.1e-13	-0.8343	4.04e-01
NA	/data/songy4/twas/output/weights_control//ENSG00000006453.wgt.RDat	ENSG00000006453	7	97920963	98030380	0.0532	rs6465654	  3.63	rs1045916	 1.39e-03	 -3.60	 -2.06667	 380	23	enet	0.021	0.00029	 1.0292	3.03e-01
NA	/data/songy4/twas/output/weights_control//ENSG00000196367.wgt.RDat	ENSG00000196367	7	98475556	98610866	0.0611	rs3779193	  3.29	rs2237596	 3.31e-02	  5.68	  1.08000	 383	 1	top1	0.033	6.6e-06	 1.0800	2.80e-01
NA	/data/songy4/twas/output/weights_control//ENSG00000198742.wgt.RDat	ENSG00000198742	7	98625061	98741723	0.1601	rs17161575	  3.00	rs7788750	 6.68e-02	  6.98	  1.55144	 367	 5	lasso	0.11	4.5e-17	 0.9969	3.19e-01
NA	/data/songy4/twas/output/weights_control//ENSG00000130429.wgt.RDat	ENSG00000130429	7	98971872	98992424	0.0914	rs17161575	  3.00	rs4729532	 1.49e-01	  9.55	 -0.38562	 309	14	enet	0.15	2e-22	-0.7457	4.56e-01
NA	/data/songy4/twas/output/weights_control//ENSG00000106244.wgt.RDat	ENSG00000106244	7	98989671	99006452	0.1008	rs17161575	  3.00	rs17161647	 2.57e-03	  4.68	  0.92791	 308	25	enet	0.0079	0.018	 0.8737	3.82e-01
NA	/data/songy4/twas/output/weights_control//ENSG00000106245.wgt.RDat	ENSG00000106245	7	99006264	99017239	0.0406	rs17161575	  3.00	rs4646457	 2.34e-03	  3.69	 -1.77654	 306	17	enet	0.0081	0.018	-1.6222	1.05e-01
NA	/data/songy4/twas/output/weights_control//ENSG00000106246.wgt.RDat	ENSG00000106246	7	99014362	99063787	0.0636	rs17161575	  3.00	rs10242241	-1.74e-03	  3.24	 -0.36294	 324	 8	lasso	-0.00045	0.39	-0.0122	9.90e-01
NA	/data/songy4/twas/output/weights_control//ENSG00000198556.wgt.RDat	ENSG00000198556	7	99070464	99101273	0.0257	rs17161575	  3.00	rs7805661	 3.36e-02	  4.65	 -1.37826	 321	 1	top1	0.034	5.7e-06	-1.3783	1.68e-01
NA	/data/songy4/twas/output/weights_control//ENSG00000160908.wgt.RDat	ENSG00000160908	7	99084142	99097947	0.0224	rs17161575	  3.00	rs952319	 1.32e-02	  4.42	 -0.10145	 314	 2	lasso	0.019	5e-04	-0.8901	3.73e-01
NA	/data/songy4/twas/output/weights_control//ENSG00000196652.wgt.RDat	ENSG00000196652	7	99102274	99132323	0.1798	rs17161575	  3.00	rs11973801	 3.36e-01	-13.97	  0.93529	 316	 4	lasso	0.34	1.7e-53	-0.8839	3.77e-01
NA	/data/songy4/twas/output/weights_control//ENSG00000244219.wgt.RDat	ENSG00000244219	7	99195689	99208439	0.0487	rs17161575	  3.00	rs1581492	 2.90e-02	 -4.95	  1.10588	 313	 1	top1	0.029	2.4e-05	-1.1059	2.69e-01
NA	/data/songy4/twas/output/weights_control//ENSG00000197037.wgt.RDat	ENSG00000197037	7	99214569	99230030	0.0295	rs2527923	  2.91	rs17161766	 8.84e-03	  4.51	 -2.01875	 312	 6	lasso	0.009	0.013	-1.8809	6.00e-02
NA	/data/songy4/twas/output/weights_control//ENSG00000244623.wgt.RDat	ENSG00000244623	7	99473610	99474680	0.2905	rs6965458	 -3.40	rs2572019	 4.10e-01	 15.45	 -2.30526	 277	 4	lasso	0.41	1.1e-68	-2.2498	2.45e-02
NA	/data/songy4/twas/output/weights_control//ENSG00000146833.wgt.RDat	ENSG00000146833	7	99474581	99517223	0.0449	rs35111986	 -4.33	rs2572006	 2.84e-02	  5.68	 -2.26316	 292	 8	lasso	0.033	7.7e-06	-2.4152	1.57e-02
NA	/data/songy4/twas/output/weights_control//ENSG00000106261.wgt.RDat	ENSG00000106261	7	99613204	99639312	0.1191	rs11769700	 -4.61	rs1076237	 3.95e-02	  6.52	  1.98148	 276	 6	lasso	0.071	5.3e-11	 1.8978	5.77e-02
NA	/data/songy4/twas/output/weights_control//ENSG00000166529.wgt.RDat	ENSG00000166529	7	99647390	99662661	0.1719	rs11769700	 -4.61	rs941289	 1.16e-01	 -8.91	 -1.11538	 279	11	enet	0.15	3.9e-22	 0.0743	9.41e-01
NA	/data/songy4/twas/output/weights_control//ENSG00000166526.wgt.RDat	ENSG00000166526	7	99661656	99680171	0.0325	rs11769700	 -4.61	rs7806537	-4.49e-05	  3.68	 -2.24242	 279	 6	lasso	0.0014	0.18	-2.1882	2.87e-02
NA	/data/songy4/twas/output/weights_control//ENSG00000166508.wgt.RDat	ENSG00000166508	7	99690351	99699563	0.0548	rs11769700	 -4.61	rs2261360	 1.26e-02	 -4.13	 -1.35455	 277	11	enet	0.017	0.001	 2.3154	2.06e-02
NA	/data/songy4/twas/output/weights_control//ENSG00000221838.wgt.RDat	ENSG00000221838	7	99699172	99707968	0.1761	rs11769700	 -4.61	rs12532238	 1.17e-01	 -8.38	 -1.18269	 277	 4	lasso	0.12	4.7e-18	 0.7905	4.29e-01
NA	/data/songy4/twas/output/weights_control//ENSG00000166997.wgt.RDat	ENSG00000166997	7	99717236	99723134	0.1639	rs11769700	 -4.61	rs2261360	 9.08e-02	 -7.38	 -1.35455	 285	16	lasso	0.12	4.1e-18	 1.7171	8.60e-02
NA	/data/songy4/twas/output/weights_control//ENSG00000214309.wgt.RDat	ENSG00000214309	7	99724317	99726118	0.1912	rs11769700	 -4.61	rs4134927	 1.12e-01	  8.48	  0.38158	 283	 1	top1	0.11	8.5e-17	 0.3816	7.03e-01
NA	/data/songy4/twas/output/weights_control//ENSG00000188186.wgt.RDat	ENSG00000188186	7	99746530	99753567	0.0531	rs11769700	 -4.61	rs3823646	 2.45e-02	  4.78	 -0.82105	 281	 1	top1	0.024	9.7e-05	-0.8211	4.12e-01
NA	/data/songy4/twas/output/weights_control//ENSG00000146826.wgt.RDat	ENSG00000146826	7	99752043	99756338	0.0631	rs11769700	 -4.61	rs6975031	 5.42e-02	 -5.69	 -0.88095	 278	 1	top1	0.054	9.6e-09	 0.8810	3.78e-01
NA	/data/songy4/twas/output/weights_control//ENSG00000213420.wgt.RDat	ENSG00000213420	7	99767229	99774995	0.0380	rs11769700	 -4.61	rs35146811	 2.55e-02	  4.97	  2.13084	 278	12	lasso	0.026	5.6e-05	 2.1465	3.18e-02
NA	/data/songy4/twas/output/weights_control//ENSG00000239521.wgt.RDat	ENSG00000239521	7	99798276	99869837	0.0414	rs11769700	 -4.61	rs13223792	 2.97e-03	  4.06	  2.14423	 309	34	enet	0.028	3e-05	 3.2960	9.81e-04
NA	/data/songy4/twas/output/weights_control//ENSG00000121716.wgt.RDat	ENSG00000121716	7	99933737	99965356	0.7202	rs11769700	 -4.61	rs6946768	 8.18e-01	 21.65	 -3.31148	 321	 6	lasso	0.82	1.8e-214	-3.3148	9.17e-04
NA	/data/songy4/twas/output/weights_control//ENSG00000078487.wgt.RDat	ENSG00000078487	7	99998449	100026615	0.0650	rs11769700	 -4.61	rs5015756	 1.63e-02	  3.87	  2.45263	 330	13	enet	0.02	0.00041	 2.4885	1.28e-02
NA	/data/songy4/twas/output/weights_control//ENSG00000146834.wgt.RDat	ENSG00000146834	7	100026413	100031741	0.1603	rs11769700	 -4.61	rs6975729	 2.20e-01	-11.47	 -4.34454	 317	 1	top1	0.22	4.5e-33	 4.3445	1.40e-05
NA	/data/songy4/twas/output/weights_control//ENSG00000166925.wgt.RDat	ENSG00000166925	7	100060982	100076902	0.1526	rs11769700	 -4.61	rs11765869	 6.73e-02	  7.47	 -3.32787	 308	 5	lasso	0.11	1.1e-16	-3.1294	1.75e-03
NA	/data/songy4/twas/output/weights_control//ENSG00000172354.wgt.RDat	ENSG00000172354	7	100271154	100276797	0.1264	rs11769700	 -4.61	rs221784	 1.07e-01	  8.25	  1.48855	 290	 1	top1	0.11	4.5e-16	 1.4885	1.37e-01
NA	/data/songy4/twas/output/weights_control//ENSG00000146830.wgt.RDat	ENSG00000146830	7	100277130	100287071	0.1791	rs11769700	 -4.61	rs221797	 9.97e-02	  8.13	  1.28846	 290	23	enet	0.13	1e-19	 1.4781	1.39e-01
NA	/data/songy4/twas/output/weights_control//ENSG00000196411.wgt.RDat	ENSG00000196411	7	100400187	100425121	0.4715	rs11769700	 -4.61	rs314361	 3.61e-01	 15.24	  0.32258	 338	 7	lasso	0.53	1.7e-96	 0.5953	5.52e-01
NA	/data/songy4/twas/output/weights_control//ENSG00000087077.wgt.RDat	ENSG00000087077	7	100464760	100471076	0.0908	rs11769700	 -4.61	rs12705091	 5.59e-02	 -5.98	 -0.15126	 346	15	enet	0.059	2e-09	 1.0478	2.95e-01
NA	/data/songy4/twas/output/weights_control//ENSG00000087087.wgt.RDat	ENSG00000087087	7	100472733	100486285	0.0348	rs11769700	 -4.61	rs12538287	 2.60e-02	  4.31	  0.57282	 346	 1	top1	0.026	6.1e-05	 0.5728	5.67e-01
NA	/data/songy4/twas/output/weights_control//ENSG00000176125.wgt.RDat	ENSG00000176125	7	100486346	100487339	0.1659	rs11769700	 -4.61	rs12669120	 1.08e-01	 -8.41	  0.35106	 343	15	enet	0.16	2.7e-23	 0.1676	8.67e-01
NA	/data/songy4/twas/output/weights_control//ENSG00000106367.wgt.RDat	ENSG00000106367	7	100797678	100804877	0.1166	rs2293768	  3.17	rs2158611	 3.55e-02	  4.67	 -0.85088	 383	18	enet	0.04	8.4e-07	-1.3062	1.91e-01
NA	/data/songy4/twas/output/weights_control//ENSG00000106400.wgt.RDat	ENSG00000106400	7	100860949	100867471	0.0859	rs11765099	  2.84	rs17319250	 3.42e-02	  5.94	  0.42735	 373	 4	lasso	0.075	1.6e-11	 1.4071	1.59e-01
NA	/data/songy4/twas/output/weights_control//ENSG00000214253.wgt.RDat	ENSG00000214253	7	100882739	100895597	0.2698	rs11765099	  2.84	rs7808669	 2.31e-01	-11.78	 -1.50673	 372	14	lasso	0.23	6.8e-35	 1.4577	1.45e-01
NA	/data/songy4/twas/output/weights_control//ENSG00000160963.wgt.RDat	ENSG00000160963	7	101006101	101202304	0.5128	rs11765099	  2.84	rs10228118	 5.96e-01	 18.62	 -0.16346	 407	 1	top1	0.6	6.2e-115	-0.1635	8.70e-01
NA	/data/songy4/twas/output/weights_control//ENSG00000160991.wgt.RDat	ENSG00000160991	7	102073553	102097268	0.4952	rs17136113	  2.37	rs6951185	 3.75e-01	-14.82	  0.07407	 237	29	enet	0.39	7.2e-63	-0.8100	4.18e-01
NA	/data/songy4/twas/output/weights_control//ENSG00000160993.wgt.RDat	ENSG00000160993	7	102096685	102105323	0.0421	rs17136113	  2.37	rs6947435	 3.70e-02	  4.79	  0.12500	 232	 1	top1	0.037	2e-06	 0.1250	9.01e-01
NA	/data/songy4/twas/output/weights_control//ENSG00000161036.wgt.RDat	ENSG00000161036	7	102105376	102113615	0.3009	rs17136113	  2.37	rs11764413	 1.91e-01	 10.68	 -1.21296	 229	43	enet	0.24	1.4e-36	-0.8814	3.78e-01
NA	/data/songy4/twas/output/weights_control//ENSG00000005075.wgt.RDat	ENSG00000005075	7	102113565	102119354	0.1179	rs17136113	  2.37	rs1131383	 6.82e-02	  6.78	 -0.59155	 226	 1	top1	0.068	1.2e-10	-0.5915	5.54e-01
NA	/data/songy4/twas/output/weights_control//ENSG00000170667.wgt.RDat	ENSG00000170667	7	102122892	102158228	0.0805	rs12537821	  2.58	rs411624	 4.14e-03	 -3.70	  0.57087	 234	16	enet	0.01	0.0082	-2.3145	2.06e-02
NA	/data/songy4/twas/output/weights_control//ENSG00000168255.wgt.RDat	ENSG00000168255	7	102178365	102213103	0.1819	rs12537821	  2.58	rs4729790	 5.80e-02	  7.05	  0.03497	 220	11	lasso	0.14	1.2e-20	-0.1661	8.68e-01
NA	/data/songy4/twas/output/weights_control//ENSG00000105808.wgt.RDat	ENSG00000105808	7	102220093	102257204	0.2152	rs12537821	  2.58	rs4729791	 7.61e-02	  6.68	 -0.61290	 211	10	lasso	0.094	3.3e-14	-0.9546	3.40e-01
NA	/data/songy4/twas/output/weights_control//ENSG00000228049.wgt.RDat	ENSG00000228049	7	102277474	102312076	0.2054	rs12537821	  2.58	rs4377880	 8.74e-02	 -7.16	  0.70701	 197	27	enet	0.1	1.3e-15	-0.9562	3.39e-01
NA	/data/songy4/twas/output/weights_control//ENSG00000222011.wgt.RDat	ENSG00000222011	7	102389418	102449672	0.2475	rs12537821	  2.58	rs11760934	 1.18e-01	  8.42	 -1.33714	 180	 2	lasso	0.12	4.2e-18	-1.3557	1.75e-01
NA	/data/songy4/twas/output/weights_control//ENSG00000161040.wgt.RDat	ENSG00000161040	7	102453308	102715286	0.4074	rs7792249	 -2.69	rs11496066	 6.56e-04	  4.17	  0.11290	 281	62	enet	0.14	2.8e-20	-1.2484	2.12e-01
NA	/data/songy4/twas/output/weights_control//ENSG00000230257.wgt.RDat	ENSG00000230257	7	102613969	102629303	0.2871	rs7792249	 -2.69	rs11496066	 1.48e-02	  4.54	  0.11290	 172	49	enet	0.08	3.2e-12	-1.5114	1.31e-01
NA	/data/songy4/twas/output/weights_control//ENSG00000170632.wgt.RDat	ENSG00000170632	7	102715328	102740205	0.1136	rs7792249	 -2.69	rs10267275	 1.37e-02	  4.80	  0.63889	 252	 6	lasso	0.035	4.1e-06	-0.7133	4.76e-01
NA	/data/songy4/twas/output/weights_control//ENSG00000161048.wgt.RDat	ENSG00000161048	7	102740223	102790007	0.0895	rs7792249	 -2.69	rs17156420	 5.40e-02	 -6.10	  0.56296	 277	 3	lasso	0.06	1.6e-09	-0.4750	6.35e-01
NA	/data/songy4/twas/output/weights_control//ENSG00000105821.wgt.RDat	ENSG00000105821	7	102952921	102985320	0.0610	rs262334	  3.16	rs4363136	 2.96e-03	  4.39	  0.85507	 409	 4	lasso	0.0075	0.021	 1.9655	4.94e-02
NA	/data/songy4/twas/output/weights_control//ENSG00000170615.wgt.RDat	ENSG00000170615	7	102993177	103086624	0.6905	rs262334	  3.16	rs1476678	 5.80e-01	 18.26	  0.37698	 460	 1	top1	0.58	4e-110	 0.3770	7.06e-01
NA	/data/songy4/twas/output/weights_control//ENSG00000189056.wgt.RDat	ENSG00000189056	7	103112231	103629963	0.1931	rs262334	  3.16	rs3914126	 7.31e-02	  7.34	 -2.43689	 709	43	enet	0.15	5e-22	-1.7793	7.52e-02
NA	/data/songy4/twas/output/weights_control//ENSG00000135250.wgt.RDat	ENSG00000135250	7	104751151	105039755	0.0363	rs7809769	 -3.22	rs12534381	 1.96e-02	  4.88	 -1.97030	 531	13	enet	0.053	1.6e-08	-1.6552	9.79e-02
NA	/data/songy4/twas/output/weights_control//ENSG00000091127.wgt.RDat	ENSG00000091127	7	105080108	105162714	0.2571	rs7809769	 -3.22	rs11764594	 1.96e-01	 10.65	  1.12587	 489	17	enet	0.22	3.6e-33	 0.7726	4.40e-01
NA	/data/songy4/twas/output/weights_control//ENSG00000008282.wgt.RDat	ENSG00000008282	7	105730949	105753022	0.0620	rs4599742	  3.68	rs176489	 1.87e-02	  4.59	 -1.79646	 585	 1	top1	0.019	6e-04	-1.7965	7.24e-02
NA	/data/songy4/twas/output/weights_control//ENSG00000105856.wgt.RDat	ENSG00000105856	7	106809406	106842974	0.0432	rs17405606	 -2.52	rs2178497	 4.06e-02	 -5.39	 -0.71698	 353	 1	top1	0.041	6.6e-07	 0.7170	4.73e-01
NA	/data/songy4/twas/output/weights_control//ENSG00000164597.wgt.RDat	ENSG00000164597	7	106842000	107204959	0.5653	rs7789846	 -2.60	rs2237678	 7.42e-01	 20.65	 -0.91071	 540	 4	lasso	0.74	4.1e-172	-0.9797	3.27e-01
NA	/data/songy4/twas/output/weights_control//ENSG00000105879.wgt.RDat	ENSG00000105879	7	107384142	107402112	0.1037	rs7789846	 -2.60	rs13224313	 3.10e-02	 -4.95	 -0.18261	 444	 4	lasso	0.035	3.4e-06	 0.0424	9.66e-01
NA	/data/songy4/twas/output/weights_control//ENSG00000091129.wgt.RDat	ENSG00000091129	7	107788068	108097161	0.0446	rs2041001	 -3.21	rs40936	 2.76e-02	 -4.36	  2.27885	 643	 1	top1	0.028	3.7e-05	-2.2788	2.27e-02
NA	/data/songy4/twas/output/weights_control//ENSG00000184903.wgt.RDat	ENSG00000184903	7	110303110	111202573	0.0533	rs17159145	 -2.53	rs38751	 6.89e-02	 -7.01	 -1.24490	 658	 1	top1	0.069	9.6e-11	 1.2449	2.13e-01
NA	/data/songy4/twas/output/weights_control//ENSG00000006652.wgt.RDat	ENSG00000006652	7	112063023	112121072	0.2502	rs729720	  3.17	rs6944057	 4.55e-02	 -5.69	 -0.49580	 423	86	enet	0.11	9.3e-17	 2.3383	1.94e-02
NA	/data/songy4/twas/output/weights_control//ENSG00000181016.wgt.RDat	ENSG00000181016	7	112120908	112131117	0.2215	rs729720	  3.17	rs6966318	 1.18e-01	  8.41	 -2.53153	 407	62	enet	0.14	5.3e-21	-1.4999	1.34e-01
NA	/data/songy4/twas/output/weights_control//ENSG00000146802.wgt.RDat	ENSG00000146802	7	112402437	112430647	0.0667	rs2074796	 -2.64	rs1989835	 3.59e-02	 -4.70	 -0.43802	 369	 1	top1	0.036	2.9e-06	 0.4380	6.61e-01
NA	/data/songy4/twas/output/weights_control//ENSG00000164604.wgt.RDat	ENSG00000164604	7	112718386	112727833	0.1404	rs10237550	  3.24	rs12705849	 1.45e-01	 -9.31	 -0.99107	 317	 3	lasso	0.15	1.6e-22	 1.1794	2.38e-01
NA	/data/songy4/twas/output/weights_control//ENSG00000135272.wgt.RDat	ENSG00000135272	7	114562209	114659256	0.0748	rs1456025	 -3.23	rs998903	 9.73e-03	  4.39	 -0.23353	 333	18	enet	0.045	1.5e-07	 1.4084	1.59e-01
NA	/data/songy4/twas/output/weights_control//ENSG00000105967.wgt.RDat	ENSG00000105967	7	115575202	115799950	0.0342	rs1989795	  2.77	rs10258989	 3.25e-02	 -4.66	 -0.67257	 411	 1	top1	0.033	8.1e-06	 0.6726	5.01e-01
NA	/data/songy4/twas/output/weights_control//ENSG00000135269.wgt.RDat	ENSG00000135269	7	115850547	115898837	0.3011	rs1989795	  2.77	rs17302122	-1.23e-03	 -3.67	 -0.13636	 376	39	enet	0.076	1.1e-11	 0.3170	7.51e-01
NA	/data/songy4/twas/output/weights_control//ENSG00000105971.wgt.RDat	ENSG00000105971	7	115927434	116148595	0.1916	rs1989795	  2.77	rs1918911	 1.14e-01	  8.85	 -0.35659	 429	15	lasso	0.22	2.9e-33	 0.0530	9.58e-01
NA	/data/songy4/twas/output/weights_control//ENSG00000105976.wgt.RDat	ENSG00000105976	7	116312444	116438440	0.0909	rs1989795	  2.77	rs13246825	 1.66e-02	  5.00	 -0.63014	 409	29	enet	0.021	0.00028	 0.3106	7.56e-01
NA	/data/songy4/twas/output/weights_control//ENSG00000077063.wgt.RDat	ENSG00000077063	7	117350705	117514193	0.1236	rs10235327	  2.72	rs9969206	 1.28e-02	 -5.05	  0.04828	 415	39	enet	0.048	7.3e-08	-0.3228	7.47e-01
NA	/data/songy4/twas/output/weights_control//ENSG00000128534.wgt.RDat	ENSG00000128534	7	117824086	117832878	0.0705	rs10235327	  2.72	rs11771456	 3.07e-02	  5.84	 -0.45192	 344	14	enet	0.032	8.3e-06	-0.5685	5.70e-01
NA	/data/songy4/twas/output/weights_control//ENSG00000106013.wgt.RDat	ENSG00000106013	7	117854727	117882785	0.0605	rs10235327	  2.72	rs38818	 5.82e-03	 -3.67	 -0.87387	 359	57	enet	0.026	6.2e-05	 0.6869	4.92e-01
NA	/data/songy4/twas/output/weights_control//ENSG00000071243.wgt.RDat	ENSG00000071243	7	120590803	120617270	0.0262	rs17535451	  2.64	rs11976580	 2.43e-02	 -5.00	  1.27665	 358	 1	top1	0.024	1e-04	-1.2767	2.02e-01
NA	/data/songy4/twas/output/weights_control//ENSG00000106034.wgt.RDat	ENSG00000106034	7	120628731	120937498	0.2308	rs17535451	  2.64	rs6944789	 2.61e-01	-12.44	  1.30693	 462	17	enet	0.27	9.2e-42	-1.2085	2.27e-01
NA	/data/songy4/twas/output/weights_control//ENSG00000008311.wgt.RDat	ENSG00000008311	7	121715701	121784334	0.3382	rs6466819	 -3.30	rs2268075	 2.21e-01	-11.31	 -3.00575	 365	21	enet	0.24	1.3e-36	 2.8175	4.84e-03
NA	/data/songy4/twas/output/weights_control//ENSG00000106299.wgt.RDat	ENSG00000106299	7	123321989	123389121	0.0583	rs10231282	  3.00	rs616253	 1.57e-02	 -4.84	 -0.10526	 375	23	enet	0.024	0.00012	 1.5491	1.21e-01
NA	/data/songy4/twas/output/weights_control//ENSG00000106302.wgt.RDat	ENSG00000106302	7	123469037	123517532	0.0428	rs10231282	  3.00	rs13240375	 1.17e-03	  3.65	  1.56863	 377	42	enet	0.0054	0.043	 1.6021	1.09e-01
NA	/data/songy4/twas/output/weights_control//ENSG00000048405.wgt.RDat	ENSG00000048405	7	126986844	127071978	0.0673	rs2582717	 -3.67	rs2896395	-1.43e-03	  3.49	  1.05970	 522	42	enet	0.00037	0.27	 0.8715	3.83e-01
NA	/data/songy4/twas/output/weights_control//ENSG00000128594.wgt.RDat	ENSG00000128594	7	127667124	127672160	0.1566	rs2582717	 -3.67	rs3757762	 7.79e-02	  8.19	  1.09290	 399	 5	lasso	0.15	2.5e-22	 2.5109	1.20e-02
NA	/data/songy4/twas/output/weights_control//ENSG00000165055.wgt.RDat	ENSG00000165055	7	128116783	128146656	0.2446	rs1193335	 -3.16	rs12535956	 1.59e-01	 -9.82	  0.58120	 391	14	lasso	0.28	2.4e-42	 0.3725	7.09e-01
NA	/data/songy4/twas/output/weights_control//ENSG00000205085.wgt.RDat	ENSG00000205085	7	128312342	128326929	0.1037	rs6955736	  2.90	rs10230965	 4.98e-02	  6.66	 -1.49194	 372	10	lasso	0.073	3e-11	-0.7552	4.50e-01
NA	/data/songy4/twas/output/weights_control//ENSG00000128595.wgt.RDat	ENSG00000128595	7	128379346	128411861	0.0965	rs6955736	  2.90	rs339061	 4.88e-02	  5.98	  0.22449	 371	 1	top1	0.049	5.2e-08	 0.2245	8.22e-01
NA	/data/songy4/twas/output/weights_control//ENSG00000128596.wgt.RDat	ENSG00000128596	7	128430811	128462186	0.0334	rs6955736	  2.90	rs339061	 6.30e-03	  4.16	  0.22449	 356	19	enet	0.014	0.003	 0.7189	4.72e-01
NA	/data/songy4/twas/output/weights_control//ENSG00000128604.wgt.RDat	ENSG00000128604	7	128577666	128590089	0.0938	rs6955736	  2.90	rs8043	 7.88e-02	  7.05	  0.33333	 340	 6	lasso	0.083	1.1e-12	 0.0320	9.74e-01
NA	/data/songy4/twas/output/weights_control//ENSG00000064419.wgt.RDat	ENSG00000064419	7	128594948	128695198	0.3858	rs6955736	  2.90	rs17340646	 2.75e-01	-12.71	 -0.30172	 374	 8	lasso	0.31	1.7e-47	 0.3044	7.61e-01
NA	/data/songy4/twas/output/weights_control//ENSG00000158457.wgt.RDat	ENSG00000158457	7	128784712	128808671	0.0914	rs6955736	  2.90	rs17425565	 2.33e-02	  4.80	 -0.28455	 385	 6	lasso	0.025	9.2e-05	-0.3135	7.54e-01
NA	/data/songy4/twas/output/weights_control//ENSG00000158467.wgt.RDat	ENSG00000158467	7	128864864	129070052	0.0358	rs6955736	  2.90	rs3734969	 1.95e-02	  4.30	  0.41284	 427	 1	top1	0.019	0.00046	 0.4128	6.80e-01
NA	/data/songy4/twas/output/weights_control//ENSG00000186591.wgt.RDat	ENSG00000186591	7	129470572	129592789	0.0401	rs11556924	  4.08	rs7805545	 6.98e-03	 -4.11	 -1.50370	 447	12	lasso	0.011	0.0079	 1.2206	2.22e-01
NA	/data/songy4/twas/output/weights_control//ENSG00000146842.wgt.RDat	ENSG00000146842	7	129804555	129847610	0.3212	rs11556924	  4.08	rs17164729	 1.86e-01	-10.42	  0.90104	 368	 1	top1	0.19	1.1e-27	-0.9010	3.68e-01
NA	/data/songy4/twas/output/weights_control//ENSG00000158525.wgt.RDat	ENSG00000158525	7	129984630	130008571	0.4870	rs11556924	  4.08	rs11761888	 5.20e-01	 17.47	 -0.20690	 370	 8	lasso	0.55	1.1e-100	-0.3911	6.96e-01
NA	/data/songy4/twas/output/weights_control//ENSG00000106477.wgt.RDat	ENSG00000106477	7	130033612	130082274	0.0525	rs11556924	  4.08	rs4731691	 9.19e-03	  5.23	  0.21849	 394	30	enet	0.028	3e-05	-1.0637	2.87e-01
NA	/data/songy4/twas/output/weights_control//ENSG00000106484.wgt.RDat	ENSG00000106484	7	130126012	130146133	0.2086	rs11556924	  4.08	rs10954272	 7.73e-02	 -6.82	 -1.77778	 399	 1	top1	0.077	6.8e-12	 1.7778	7.54e-02
NA	/data/songy4/twas/output/weights_control//ENSG00000158623.wgt.RDat	ENSG00000158623	7	130146089	130353598	0.3330	rs11556924	  4.08	rs2288081	 3.88e-01	-14.99	 -2.11940	 500	 7	lasso	0.42	1.7e-69	 1.9654	4.94e-02
NA	/data/songy4/twas/output/weights_control//ENSG00000221866.wgt.RDat	ENSG00000221866	7	131808091	132333447	0.0526	rs156940	  3.09	rs6976558	 5.44e-02	 -5.79	  0.96117	 748	 1	top1	0.054	9e-09	-0.9612	3.36e-01
NA	/data/songy4/twas/output/weights_control//ENSG00000131558.wgt.RDat	ENSG00000131558	7	132937829	133751342	0.3555	rs6950923	  2.93	rs6467484	 1.15e-01	 -8.28	  0.12791	 659	36	enet	0.18	8.1e-27	 1.1789	2.38e-01
NA	/data/songy4/twas/output/weights_control//ENSG00000155530.wgt.RDat	ENSG00000155530	7	133812052	133949343	0.7417	rs2075368	  2.88	rs1986692	 2.84e-01	-13.56	  0.56604	 539	84	enet	0.48	4.2e-84	-0.5562	5.78e-01
NA	/data/songy4/twas/output/weights_control//ENSG00000085662.wgt.RDat	ENSG00000085662	7	134127102	134144036	0.0691	rs2075368	  2.88	rs17660462	 3.16e-02	  5.74	  1.38211	 554	 8	lasso	0.048	6.3e-08	 1.5217	1.28e-01
NA	/data/songy4/twas/output/weights_control//ENSG00000122783.wgt.RDat	ENSG00000122783	7	134777115	134855547	0.0716	rs2348775	  3.24	rs1035695	 3.91e-02	  5.37	  1.04255	 505	 1	top1	0.039	1e-06	 1.0426	2.97e-01
NA	/data/songy4/twas/output/weights_control//ENSG00000146859.wgt.RDat	ENSG00000146859	7	134832824	134850967	0.0559	rs2348775	  3.24	rs700415	 5.32e-03	 -4.44	  1.00000	 466	25	enet	0.026	5.6e-05	-0.9092	3.63e-01
NA	/data/songy4/twas/output/weights_control//ENSG00000105875.wgt.RDat	ENSG00000105875	7	134868590	134896316	0.0661	rs2348775	  3.24	rs4366014	-1.64e-03	  3.75	 -1.25833	 459	42	enet	0.0029	0.1	 0.6716	5.02e-01
NA	/data/songy4/twas/output/weights_control//ENSG00000080802.wgt.RDat	ENSG00000080802	7	135046547	135194875	0.0731	rs2348775	  3.24	rs3884652	 2.67e-02	  5.04	 -1.79452	 472	 1	top1	0.027	4.9e-05	-1.7945	7.27e-02
NA	/data/songy4/twas/output/weights_control//ENSG00000155561.wgt.RDat	ENSG00000155561	7	135242667	135333505	0.0727	rs2348775	  3.24	rs10255837	 4.13e-03	 -4.12	 -2.25000	 475	33	enet	0.015	0.0019	 1.7518	7.98e-02
NA	/data/songy4/twas/output/weights_control//ENSG00000243317.wgt.RDat	ENSG00000243317	7	135347244	135378166	0.1256	rs2348775	  3.24	rs3110823	 1.54e-01	 -9.45	 -1.48837	 482	 1	top1	0.15	9.1e-23	 1.4884	1.37e-01
NA	/data/songy4/twas/output/weights_control//ENSG00000122779.wgt.RDat	ENSG00000122779	7	138145079	138274738	0.2581	rs6948572	  2.87	rs1552583	 5.56e-02	  6.95	  0.60748	 510	48	enet	0.14	4.8e-21	-0.4189	6.75e-01
NA	/data/songy4/twas/output/weights_control//ENSG00000105929.wgt.RDat	ENSG00000105929	7	138391040	138484305	0.0424	rs896193	  2.54	rs10435433	 2.50e-02	  4.00	 -0.04000	 448	 1	top1	0.025	8.2e-05	-0.0400	9.68e-01
NA	/data/songy4/twas/output/weights_control//ENSG00000146858.wgt.RDat	ENSG00000146858	7	138710452	138720775	0.0910	rs896193	  2.54	rs2279860	 6.33e-02	 -6.90	 -1.10417	 416	 1	top1	0.063	5.6e-10	 1.1042	2.70e-01
NA	/data/songy4/twas/output/weights_control//ENSG00000105939.wgt.RDat	ENSG00000105939	7	138728266	138794465	0.1235	rs896193	  2.54	rs2883569	 6.39e-02	 -6.22	 -1.70325	 428	 3	lasso	0.11	3.3e-16	 1.6317	1.03e-01
NA	/data/songy4/twas/output/weights_control//ENSG00000105948.wgt.RDat	ENSG00000105948	7	138818490	138876732	0.2041	rs896193	  2.54	rs3813695	 1.18e-01	 -8.42	 -1.56198	 427	20	enet	0.22	1.7e-33	 1.4826	1.38e-01
NA	/data/songy4/twas/output/weights_control//ENSG00000157741.wgt.RDat	ENSG00000157741	7	138915102	138992982	0.0677	rs896193	  2.54	rs13221853	 8.83e-03	 -4.52	 -1.25271	 406	15	enet	0.022	0.00023	 1.4130	1.58e-01
NA	/data/songy4/twas/output/weights_control//ENSG00000146963.wgt.RDat	ENSG00000146963	7	139025105	139108198	0.0430	rs12668833	  2.36	rs17613690	 2.61e-03	 -3.55	 -0.77645	 413	 1	top1	0.0026	0.11	 0.7764	4.37e-01
NA	/data/songy4/twas/output/weights_control//ENSG00000006459.wgt.RDat	ENSG00000006459	7	139784546	139876835	0.1976	rs269267	  3.52	rs12538711	 6.74e-02	 -7.49	 -2.17000	 508	47	enet	0.1	3.3e-15	 1.0351	3.01e-01
NA	/data/songy4/twas/output/weights_control//ENSG00000157800.wgt.RDat	ENSG00000157800	7	139993493	140104233	0.1514	rs269267	  3.52	rs10256523	 1.05e-01	  7.92	  0.05102	 506	 1	top1	0.1	9.9e-16	 0.0510	9.59e-01
NA	/data/songy4/twas/output/weights_control//ENSG00000146955.wgt.RDat	ENSG00000146955	7	140103843	140126050	0.1451	rs269267	  3.52	rs4458772	 3.98e-02	 -6.33	  1.38614	 440	17	enet	0.057	3.5e-09	-1.0138	3.11e-01
NA	/data/songy4/twas/output/weights_control//ENSG00000133597.wgt.RDat	ENSG00000133597	7	140372953	140396061	0.3654	rs269267	  3.52	rs2930320	 3.56e-01	-14.32	 -0.85714	 361	 1	top1	0.36	6.3e-57	 0.8571	3.91e-01
NA	/data/songy4/twas/output/weights_control//ENSG00000157764.wgt.RDat	ENSG00000157764	7	140419127	140624564	0.0535	rs269267	  3.52	rs1267622	 2.00e-02	  4.58	 -0.82727	 500	 1	top1	0.02	4e-04	-0.8273	4.08e-01
NA	/data/songy4/twas/output/weights_control//ENSG00000261115.wgt.RDat	ENSG00000261115	7	140774032	141180180	0.0832	rs269267	  3.52	rs498933	 1.21e-01	 -8.59	  0.33645	 542	 1	top1	0.12	4.7e-18	-0.3364	7.37e-01
NA	/data/songy4/twas/output/weights_control//ENSG00000006530.wgt.RDat	ENSG00000006530	7	141250989	141355044	0.0348	rs4324856	 -3.18	rs11771708	 3.59e-02	  5.08	 -0.38298	 489	 1	top1	0.036	2.8e-06	-0.3830	7.02e-01
NA	/data/songy4/twas/output/weights_control//ENSG00000257093.wgt.RDat	ENSG00000257093	7	141356528	141401953	0.1082	rs4324856	 -3.18	rs12703385	 3.35e-02	 -5.94	 -0.15549	 472	42	enet	0.079	4e-12	-0.8343	4.04e-01
NA	/data/songy4/twas/output/weights_control//ENSG00000127362.wgt.RDat	ENSG00000127362	7	141463897	141464997	0.0852	rs4324856	 -3.18	rs6962507	 6.91e-02	  6.85	  0.29293	 457	 8	lasso	0.07	5.9e-11	-0.2122	8.32e-01
NA	/data/songy4/twas/output/weights_control//ENSG00000127364.wgt.RDat	ENSG00000127364	7	141478242	141479235	0.0947	rs4324856	 -3.18	rs2013816	 1.48e-01	 -9.39	 -0.26042	 475	 1	top1	0.15	6.3e-22	 0.2604	7.95e-01
NA	/data/songy4/twas/output/weights_control//ENSG00000127366.wgt.RDat	ENSG00000127366	7	141490017	141491166	0.1842	rs4324856	 -3.18	rs974008	 3.17e-01	-13.75	 -0.08511	 470	 3	lasso	0.32	8.5e-51	 0.0362	9.71e-01
NA	/data/songy4/twas/output/weights_control//ENSG00000258227.wgt.RDat	ENSG00000258227	7	141627157	141646807	0.0877	rs4324856	 -3.18	rs7788775	 8.40e-03	  4.89	  0.95833	 400	20	enet	0.054	8.8e-09	 0.2101	8.34e-01
NA	/data/songy4/twas/output/weights_control//ENSG00000257743.wgt.RDat	ENSG00000257743	7	141811549	141922124	0.4843	rs4324856	 -3.18	rs3800993	 2.85e-01	 12.82	  2.30657	 347	 6	lasso	0.29	1.8e-45	 2.1469	3.18e-02
NA	/data/songy4/twas/output/weights_control//ENSG00000106123.wgt.RDat	ENSG00000106123	7	142552792	142568847	0.0914	rs12703520	 -3.85	rs7805607	 5.66e-02	  6.04	 -0.43787	 228	 1	top1	0.057	4.7e-09	-0.4379	6.61e-01
NA	/data/songy4/twas/output/weights_control//ENSG00000165125.wgt.RDat	ENSG00000165125	7	142568956	142583507	0.0454	rs12703520	 -3.85	rs4252512	 3.33e-02	  4.72	  0.29006	 233	 1	top1	0.033	6.3e-06	 0.2901	7.72e-01
NA	/data/songy4/twas/output/weights_control//ENSG00000127412.wgt.RDat	ENSG00000127412	7	142605267	142630905	0.0960	rs12703520	 -3.85	rs6943031	 6.60e-03	  3.80	  0.00637	 263	 7	lasso	0.019	5e-04	-0.2995	7.65e-01
NA	/data/songy4/twas/output/weights_control//ENSG00000165131.wgt.RDat	ENSG00000165131	7	142636440	142637955	0.1356	rs12703520	 -3.85	rs8177107	 9.26e-03	 -4.75	  0.42857	 266	40	enet	0.054	1.2e-08	-0.8708	3.84e-01
NA	/data/songy4/twas/output/weights_control//ENSG00000179468.wgt.RDat	ENSG00000179468	7	142723245	142724282	0.0717	rs12703520	 -3.85	rs8176059	 1.83e-02	  4.38	  0.02595	 315	32	enet	0.03	2e-05	-0.6258	5.31e-01
NA	/data/songy4/twas/output/weights_control//ENSG00000197448.wgt.RDat	ENSG00000197448	7	142941186	142967947	0.1153	rs12703520	 -3.85	rs11979433	 9.83e-02	 -8.25	 -0.43000	 300	 4	lasso	0.099	6.6e-15	 0.3302	7.41e-01
NA	/data/songy4/twas/output/weights_control//ENSG00000188037.wgt.RDat	ENSG00000188037	7	143013219	143049176	0.4266	rs12703520	 -3.85	rs4726606	 3.43e-01	 14.21	  1.74737	 283	19	lasso	0.42	2.9e-69	 1.4720	1.41e-01
NA	/data/songy4/twas/output/weights_control//ENSG00000159784.wgt.RDat	ENSG00000159784	7	143050493	143059863	0.2337	rs12703520	 -3.85	rs7794735	 7.68e-02	  7.98	 -0.32353	 279	 7	lasso	0.14	8.5e-21	-0.5026	6.15e-01
NA	/data/songy4/twas/output/weights_control//ENSG00000159840.wgt.RDat	ENSG00000159840	7	143078173	143088204	0.5468	rs12703520	 -3.85	rs36107836	 3.06e-01	-13.31	  0.38211	 266	22	enet	0.41	1.6e-67	-0.3623	7.17e-01
NA	/data/songy4/twas/output/weights_control//ENSG00000146904.wgt.RDat	ENSG00000146904	7	143087382	143105985	0.3799	rs12703520	 -3.85	rs7794735	 2.58e-01	-12.24	 -0.32353	 268	 4	lasso	0.26	2.8e-39	 0.3268	7.44e-01
NA	/data/songy4/twas/output/weights_control//ENSG00000185899.wgt.RDat	ENSG00000185899	7	143140546	143141502	0.4930	rs12703520	 -3.85	rs11771145	 3.32e-01	 13.86	  0.45918	 275	23	enet	0.42	1.7e-70	 0.4219	6.73e-01
NA	/data/songy4/twas/output/weights_control//ENSG00000221855.wgt.RDat	ENSG00000221855	7	143174966	143175889	0.5272	rs12703520	 -3.85	rs11771145	 3.37e-01	 13.95	  0.45918	 270	20	enet	0.43	1.5e-72	 0.5995	5.49e-01
NA	/data/songy4/twas/output/weights_control//ENSG00000271079.wgt.RDat	ENSG00000271079	7	143268894	143271480	0.3882	rs12703520	 -3.85	rs3735383	 1.17e-01	  8.42	 -0.92000	 283	66	enet	0.26	3.3e-39	-0.4861	6.27e-01
NA	/data/songy4/twas/output/weights_control//ENSG00000170379.wgt.RDat	ENSG00000170379	7	143318043	143427502	0.4072	rs12703520	 -3.85	rs7795149	 2.92e-01	 13.00	 -1.85461	 317	25	enet	0.29	1.9e-45	-1.8902	5.87e-02
NA	/data/songy4/twas/output/weights_control//ENSG00000271321.wgt.RDat	ENSG00000271321	7	143452182	143454789	0.1763	rs3181166	 -3.78	rs6963381	 5.74e-02	 -5.99	  0.29121	 290	54	enet	0.064	5.3e-10	 0.5930	5.53e-01
NA	/data/songy4/twas/output/weights_control//ENSG00000198420.wgt.RDat	ENSG00000198420	7	143548468	143599291	0.1290	rs4076124	 -2.87	rs17164396	 6.96e-02	 -6.52	 -0.90722	 259	 1	top1	0.07	7.9e-11	 0.9072	3.64e-01
NA	/data/songy4/twas/output/weights_control//ENSG00000213214.wgt.RDat	ENSG00000213214	7	143883176	143991230	0.2437	rs10231525	  2.46	rs1731353	 3.30e-01	-13.81	 -1.38525	 337	 9	lasso	0.36	2.1e-57	 1.2988	1.94e-01
NA	/data/songy4/twas/output/weights_control//ENSG00000243896.wgt.RDat	ENSG00000243896	7	143955700	143956815	0.1320	rs10231525	  2.46	rs713253	 1.65e-02	 -4.88	  1.68254	 311	46	enet	0.061	1.1e-09	 0.1360	8.92e-01
NA	/data/songy4/twas/output/weights_control//ENSG00000244693.wgt.RDat	ENSG00000244693	7	143963794	143966381	0.1046	rs10231525	  2.46	rs1731353	 3.32e-03	 -3.96	 -1.38525	 320	46	enet	0.042	4.4e-07	 0.5275	5.98e-01
NA	/data/songy4/twas/output/weights_control//ENSG00000050327.wgt.RDat	ENSG00000050327	7	144052381	144077725	0.1936	rs10231525	  2.46	rs720475	 1.30e-03	  5.18	 -0.45455	 347	45	enet	0.09	1.1e-13	 1.0045	3.15e-01
NA	/data/songy4/twas/output/weights_control//ENSG00000196511.wgt.RDat	ENSG00000196511	7	144149034	144533488	0.3491	rs10952598	 -2.48	rs1881849	 2.98e-01	-13.18	  0.52511	 484	 1	top1	0.3	3.3e-46	-0.5251	6.00e-01
NA	/data/songy4/twas/output/weights_control//ENSG00000174469.wgt.RDat	ENSG00000174469	7	145813453	148118090	0.3715	rs344465	  3.24	rs1110038	 3.23e-01	-13.81	  1.36697	1503	 6	lasso	0.33	3.8e-51	-1.4571	1.45e-01
NA	/data/songy4/twas/output/weights_control//ENSG00000197362.wgt.RDat	ENSG00000197362	7	148766735	148787874	0.0789	rs2290971	  3.31	rs1534198	 8.54e-02	 -7.36	 -0.81000	 392	 6	lasso	0.09	1e-13	 0.8166	4.14e-01
NA	/data/songy4/twas/output/weights_control//ENSG00000204947.wgt.RDat	ENSG00000204947	7	148799876	148823438	0.1499	rs2290971	  3.31	rs1202437	 1.39e-01	 -9.02	 -0.27692	 391	 3	lasso	0.14	3.8e-21	 0.4230	6.72e-01
NA	/data/songy4/twas/output/weights_control//ENSG00000170265.wgt.RDat	ENSG00000170265	7	148892577	148923339	0.1071	rs2290971	  3.31	rs13221837	 1.50e-01	 -9.42	 -0.33333	 391	 1	top1	0.15	3.4e-22	 0.3333	7.39e-01
NA	/data/songy4/twas/output/weights_control//ENSG00000170260.wgt.RDat	ENSG00000170260	7	148936742	148952700	0.1940	rs2290971	  3.31	rs917121	 1.37e-01	 -9.10	  0.66187	 394	30	enet	0.16	6e-24	-1.6568	9.76e-02
NA	/data/songy4/twas/output/weights_control//ENSG00000204946.wgt.RDat	ENSG00000204946	7	148959262	148994393	0.0903	rs2290971	  3.31	rs10487889	 1.96e-03	  4.11	  0.72857	 406	36	enet	0.054	9.9e-09	 0.7200	4.72e-01
NA	/data/songy4/twas/output/weights_control//ENSG00000181220.wgt.RDat	ENSG00000181220	7	149169885	149194908	0.1158	rs2290971	  3.31	rs354031	 6.61e-02	 -7.40	  0.88288	 391	12	lasso	0.089	1.9e-13	-0.9359	3.49e-01
NA	/data/songy4/twas/output/weights_control//ENSG00000181444.wgt.RDat	ENSG00000181444	7	149461271	149470568	0.0887	rs4015699	 -3.28	rs855676	 3.17e-02	 -4.51	 -0.62963	 299	 1	top1	0.032	1e-05	 0.6296	5.29e-01
NA	/data/songy4/twas/output/weights_control//ENSG00000106479.wgt.RDat	ENSG00000106479	7	149535456	149564568	0.1722	rs4015699	 -3.28	rs7782781	 8.26e-02	 -7.74	  1.58763	 279	19	enet	0.12	2e-18	-1.6968	8.97e-02
NA	/data/songy4/twas/output/weights_control//ENSG00000171130.wgt.RDat	ENSG00000171130	7	149570057	149577784	0.3232	rs4015699	 -3.28	rs7795944	 1.57e-01	 10.24	 -0.35878	 268	20	enet	0.27	3.7e-41	 0.0876	9.30e-01
NA	/data/songy4/twas/output/weights_control//ENSG00000188707.wgt.RDat	ENSG00000188707	7	150026938	150029808	0.2289	rs4015699	 -3.28	rs11764936	 1.64e-01	 -9.77	 -2.31034	 355	27	enet	0.17	5.9e-26	 1.8795	6.02e-02
NA	/data/songy4/twas/output/weights_control//ENSG00000214022.wgt.RDat	ENSG00000214022	7	150065278	150071133	0.0986	rs4015699	 -3.28	rs17173681	 1.08e-01	  8.03	 -1.70536	 378	 1	top1	0.11	3.9e-16	-1.7054	8.81e-02
NA	/data/songy4/twas/output/weights_control//ENSG00000171115.wgt.RDat	ENSG00000171115	7	150147718	150176480	0.1224	rs4015699	 -3.28	rs6947973	 4.02e-02	  5.50	 -1.49020	 402	16	enet	0.043	2.7e-07	-1.7324	8.32e-02
NA	/data/songy4/twas/output/weights_control//ENSG00000133574.wgt.RDat	ENSG00000133574	7	150264365	150271041	0.0795	rs11769348	 -2.90	rs4342497	 3.71e-02	  5.69	  1.08267	 439	 7	lasso	0.074	2.1e-11	 1.0682	2.85e-01
NA	/data/songy4/twas/output/weights_control//ENSG00000133561.wgt.RDat	ENSG00000133561	7	150322463	150329473	0.0649	rs11769348	 -2.90	rs9657901	 1.07e-02	 -4.65	 -0.14765	 464	40	enet	0.036	3e-06	-0.8956	3.70e-01
NA	/data/songy4/twas/output/weights_control//ENSG00000106560.wgt.RDat	ENSG00000106560	7	150382785	150390729	0.1130	rs11769348	 -2.90	rs4725356	 6.85e-02	 -7.17	  0.11881	 483	 7	lasso	0.088	2e-13	 0.2183	8.27e-01
NA	/data/songy4/twas/output/weights_control//ENSG00000213203.wgt.RDat	ENSG00000213203	7	150413645	150421372	0.1840	rs310583	  3.09	rs2075078	 1.18e-01	 -9.43	 -0.67213	 499	22	enet	0.18	3.4e-27	 0.6016	5.47e-01
NA	/data/songy4/twas/output/weights_control//ENSG00000196329.wgt.RDat	ENSG00000196329	7	150419341	150447121	0.2071	rs3807387	  3.14	rs9657891	 1.64e-01	 -9.78	  0.50275	 512	39	enet	0.19	8.1e-29	 0.1528	8.79e-01
NA	/data/songy4/twas/output/weights_control//ENSG00000106565.wgt.RDat	ENSG00000106565	7	150488373	150498448	0.8748	rs3807387	  3.14	rs7806458	 7.54e-01	 20.81	  0.24937	 530	37	enet	0.81	1.2e-210	-0.2890	7.73e-01
NA	/data/songy4/twas/output/weights_control//ENSG00000002933.wgt.RDat	ENSG00000002933	7	150497491	150502208	0.8547	rs3807387	  3.14	rs7806458	 7.81e-01	 21.18	  0.24937	 530	25	enet	0.8	7.9e-205	-0.0825	9.34e-01
NA	/data/songy4/twas/output/weights_control//ENSG00000002726.wgt.RDat	ENSG00000002726	7	150521715	150558592	0.4107	rs3807387	  3.14	rs7806458	 3.50e-01	 14.20	  0.27378	 558	31	enet	0.35	1.6e-56	 0.1622	8.71e-01
NA	/data/songy4/twas/output/weights_control//ENSG00000055118.wgt.RDat	ENSG00000055118	7	150642049	150675403	0.0895	rs3807387	  3.14	rs1036145	 2.00e-02	 -5.01	 -0.94118	 570	27	enet	0.03	1.9e-05	 1.4132	1.58e-01
NA	/data/songy4/twas/output/weights_control//ENSG00000164867.wgt.RDat	ENSG00000164867	7	150688083	150711676	0.0781	rs3807387	  3.14	rs3793342	 7.00e-02	 -6.51	  0.99320	 561	 1	top1	0.07	6.9e-11	-0.9932	3.21e-01
NA	/data/songy4/twas/output/weights_control//ENSG00000164889.wgt.RDat	ENSG00000164889	7	150754297	150773614	0.1138	rs3807387	  3.14	rs1549760	 9.73e-02	  7.55	  1.10000	 555	 4	lasso	0.11	9.1e-17	 0.9936	3.20e-01
NA	/data/songy4/twas/output/weights_control//ENSG00000133612.wgt.RDat	ENSG00000133612	7	150782918	150841523	0.1137	rs3807387	  3.14	rs6464126	 9.23e-02	 -8.26	  0.95146	 561	 5	lasso	0.11	1.1e-16	-1.1409	2.54e-01
NA	/data/songy4/twas/output/weights_control//ENSG00000013374.wgt.RDat	ENSG00000013374	7	151038785	151075535	0.0587	rs3807387	  3.14	rs885273	-1.69e-03	 -3.56	  0.14563	 557	28	enet	0.0081	0.017	-0.1562	8.76e-01
NA	/data/songy4/twas/output/weights_control//ENSG00000187260.wgt.RDat	ENSG00000187260	7	151072995	151107813	0.3458	rs3807387	  3.14	rs11760463	 1.35e-01	  8.90	  0.79439	 542	 7	lasso	0.27	1.2e-40	 0.5859	5.58e-01
NA	/data/songy4/twas/output/weights_control//ENSG00000127377.wgt.RDat	ENSG00000127377	7	151125921	151137899	0.4363	rs3807387	  3.14	rs6965504	 4.01e-01	 15.20	 -0.30909	 528	28	enet	0.42	7.1e-71	-0.1189	9.05e-01
NA	/data/songy4/twas/output/weights_control//ENSG00000196584.wgt.RDat	ENSG00000196584	7	152341864	152373250	0.5642	rs3857768	  2.65	rs17813864	 5.64e-01	 18.02	  0.19512	 338	 1	top1	0.56	1.4e-105	 0.1951	8.45e-01
NA	/data/songy4/twas/output/weights_control//ENSG00000133627.wgt.RDat	ENSG00000133627	7	152456834	152552463	0.1314	rs3857768	  2.65	rs11766953	 7.87e-02	  7.11	  0.28659	 425	 6	lasso	0.083	1.3e-12	 1.0984	2.72e-01
NA	/data/songy4/twas/output/weights_control//ENSG00000186480.wgt.RDat	ENSG00000186480	7	155089486	155101945	0.2755	rs10949686	 -3.23	rs9769506	 1.43e-01	 -9.17	  1.21000	 584	26	enet	0.19	8.8e-28	-0.4544	6.50e-01
NA	/data/songy4/twas/output/weights_control//ENSG00000164690.wgt.RDat	ENSG00000164690	7	155592680	155604967	0.0712	rs10949686	 -3.23	rs4716923	-1.53e-03	 -3.17	  1.37037	 561	 1	top1	-0.0015	0.73	-1.3704	1.71e-01
NA	/data/songy4/twas/output/weights_control//ENSG00000105982.wgt.RDat	ENSG00000105982	7	156432975	156469824	0.0427	rs6460015	  2.84	rs3735189	 3.78e-02	  4.97	  0.66812	 472	 1	top1	0.038	1.6e-06	 0.6681	5.04e-01
NA	/data/songy4/twas/output/weights_control//ENSG00000105983.wgt.RDat	ENSG00000105983	7	156461646	156685924	0.3671	rs6460015	  2.84	rs6954725	 2.12e-01	-11.11	  2.26087	 550	74	enet	0.26	3.4e-40	-2.2915	2.19e-02
NA	/data/songy4/twas/output/weights_control//ENSG00000146909.wgt.RDat	ENSG00000146909	7	156742417	156765876	0.0975	rs10265924	  2.72	rs10256184	 3.81e-02	  6.20	  0.48598	 445	29	enet	0.06	1.5e-09	 0.7628	4.46e-01
NA	/data/songy4/twas/output/weights_control//ENSG00000009335.wgt.RDat	ENSG00000009335	7	156931607	157062066	0.0778	rs10265924	  2.72	rs870745	 1.62e-02	 -5.00	  1.73077	 493	20	enet	0.041	6.5e-07	-1.4073	1.59e-01
NA	/data/songy4/twas/output/weights_control//ENSG00000105993.wgt.RDat	ENSG00000105993	7	157128075	157210133	0.4051	rs11765189	 -2.69	rs3802096	 4.24e-01	-15.64	  0.69000	 470	32	enet	0.44	1.6e-73	-0.7813	4.35e-01
NA	/data/songy4/twas/output/weights_control//ENSG00000155093.wgt.RDat	ENSG00000155093	7	157331750	158380480	0.4527	rs1806612	 -4.07	rs221294	 2.22e-01	 11.35	  0.34091	 910	20	enet	0.37	5.6e-59	 0.4714	6.37e-01
NA	/data/songy4/twas/output/weights_control//ENSG00000146918.wgt.RDat	ENSG00000146918	7	158424003	158497520	0.6731	rs1806612	 -4.07	rs6973125	 3.29e-01	 13.79	 -1.63830	 451	80	enet	0.36	1.5e-57	-1.0920	2.75e-01
NA	/data/songy4/twas/output/weights_control//ENSG00000117868.wgt.RDat	ENSG00000117868	7	158523686	158622944	0.1876	rs4909140	 -3.65	rs2305472	 1.44e-01	  9.83	 -0.93651	 464	48	enet	0.18	1.8e-26	-1.2298	2.19e-01
NA	/data/songy4/twas/output/weights_control//ENSG00000126870.wgt.RDat	ENSG00000126870	7	158649269	158749438	0.4566	rs1733161	  3.45	rs6957744	 3.20e-02	 -5.95	 -0.46324	 401	54	enet	0.17	1.3e-25	 1.5767	1.15e-01
NA	/data/songy4/twas/output/weights_control//ENSG00000106018.wgt.RDat	ENSG00000106018	7	158820866	158937649	0.1500	rs430904	 -3.03	rs2037905	 5.69e-02	 -5.87	 -1.37778	 334	57	enet	0.07	6.7e-11	 0.2693	7.88e-01
