PANEL	FILE	ID	CHR	P0	P1	HSQ	BEST.GWAS.ID	BEST.GWAS.Z	EQTL.ID	EQTL.R2	EQTL.Z	EQTL.GWAS.Z	NSNP	NWGT	MODEL	MODELCV.R2	MODELCV.PV	TWAS.Z	TWAS.P
NA	/data/songy4/twas/output/weights_control//ENSG00000172967.wgt.RDat	ENSG00000172967	22	17264302	17302589	0.6386	rs2385714	-3.03	rs1807512	 0.116850	 -8.44	-0.0470	350	86	enet	0.41	7.9e-68	 2.3693	1.78e-02
NA	/data/songy4/twas/output/weights_control//ENSG00000215568.wgt.RDat	ENSG00000215568	22	17442826	17489112	0.1434	rs2385714	-3.03	rs5748798	 0.089749	  8.20	 2.1224	433	 5	lasso	0.12	2.3e-18	 1.0028	3.16e-01
NA	/data/songy4/twas/output/weights_control//ENSG00000177663.wgt.RDat	ENSG00000177663	22	17565844	17596583	0.1420	rs2385714	-3.03	rs3827278	 0.069856	  6.51	-0.9916	476	25	enet	0.089	1.5e-13	-0.6831	4.95e-01
NA	/data/songy4/twas/output/weights_control//ENSG00000183307.wgt.RDat	ENSG00000183307	22	17597189	17602257	0.3807	rs2385714	-3.03	rs7289082	 0.377004	-14.86	 1.2523	468	 6	lasso	0.38	1.7e-61	-1.2779	2.01e-01
NA	/data/songy4/twas/output/weights_control//ENSG00000069998.wgt.RDat	ENSG00000069998	22	17618401	17646177	0.1426	rs2385714	-3.03	rs4423695	 0.017614	 -5.09	-0.6936	475	50	enet	0.07	6e-11	 0.9289	3.53e-01
NA	/data/songy4/twas/output/weights_control//ENSG00000093072.wgt.RDat	ENSG00000093072	22	17660194	17702879	0.1209	rs2385714	-3.03	rs8136533	 0.068835	  6.50	 0.5049	491	 3	lasso	0.07	6.3e-11	 0.4471	6.55e-01
NA	/data/songy4/twas/output/weights_control//ENSG00000099954.wgt.RDat	ENSG00000099954	22	17840837	18037850	0.0743	rs5992600	-2.93	rs8136533	 0.022734	 -4.35	 0.5049	634	25	enet	0.034	5.4e-06	 1.3951	1.63e-01
NA	/data/songy4/twas/output/weights_control//ENSG00000131100.wgt.RDat	ENSG00000131100	22	18074902	18111584	0.0875	rs9605254	-2.75	rs5746449	 0.022848	 -4.96	 0.5530	582	 3	lasso	0.037	1.9e-06	-0.0835	9.33e-01
NA	/data/songy4/twas/output/weights_control//ENSG00000099968.wgt.RDat	ENSG00000099968	22	18111621	18213388	0.1400	rs9605254	-2.75	rs2305001	 0.076017	 -6.80	 0.8370	563	17	enet	0.097	1.3e-14	-0.4186	6.76e-01
NA	/data/songy4/twas/output/weights_control//ENSG00000070413.wgt.RDat	ENSG00000070413	22	19023795	19109967	0.2594	rs807670	 3.33	rs807758	 0.416940	-15.66	 2.2062	459	15	enet	0.42	1.8e-70	-2.4359	1.49e-02
NA	/data/songy4/twas/output/weights_control//ENSG00000100056.wgt.RDat	ENSG00000100056	22	19117792	19132197	0.4689	rs807670	 3.33	rs715544	 0.155213	 -9.67	 0.5906	399	 5	lasso	0.16	4.1e-23	-0.3755	7.07e-01
NA	/data/songy4/twas/output/weights_control//ENSG00000206203.wgt.RDat	ENSG00000206203	22	19118321	19120134	0.0370	rs807670	 3.33	rs2189490	 0.010391	  4.12	 2.4375	390	 1	top1	0.01	0.0083	 2.4375	1.48e-02
NA	/data/songy4/twas/output/weights_control//ENSG00000100075.wgt.RDat	ENSG00000100075	22	19163095	19166343	0.1324	rs807670	 3.33	rs1018764	 0.120235	  8.43	 2.8990	404	 1	top1	0.12	6.6e-18	 2.8990	3.74e-03
NA	/data/songy4/twas/output/weights_control//ENSG00000070371.wgt.RDat	ENSG00000070371	22	19166986	19279239	0.2014	rs807670	 3.33	rs712959	 0.118047	  9.03	 2.3229	459	51	enet	0.15	1.1e-21	 2.9867	2.82e-03
NA	/data/songy4/twas/output/weights_control//ENSG00000070010.wgt.RDat	ENSG00000070010	22	19437433	19466738	0.0483	rs807670	 3.33	rs737810	 0.016032	  4.42	-0.0391	596	 6	lasso	0.021	0.00026	 1.6758	9.38e-02
NA	/data/songy4/twas/output/weights_control//ENSG00000184113.wgt.RDat	ENSG00000184113	22	19510547	19515068	0.2109	rs807670	 3.33	rs5748239	 0.072012	  7.80	 0.4078	604	30	enet	0.15	1.4e-21	-0.3125	7.55e-01
NA	/data/songy4/twas/output/weights_control//ENSG00000185838.wgt.RDat	ENSG00000185838	22	19770747	19842462	0.0864	rs429965	-3.51	rs1468089	 0.070780	  6.89	-0.8283	602	 5	lasso	0.084	9.3e-13	-0.9572	3.38e-01
NA	/data/songy4/twas/output/weights_control//ENSG00000215012.wgt.RDat	ENSG00000215012	22	19833661	19842419	0.2355	rs429965	-3.51	rs1053001	 0.204848	-11.01	-0.6514	573	11	enet	0.22	4.5e-33	 0.7142	4.75e-01
NA	/data/songy4/twas/output/weights_control//ENSG00000184470.wgt.RDat	ENSG00000184470	22	19863040	19929341	0.5390	rs429965	-3.51	rs5992493	 0.269345	-12.49	-1.2097	557	46	enet	0.36	6.4e-58	 1.7582	7.87e-02
NA	/data/songy4/twas/output/weights_control//ENSG00000093010.wgt.RDat	ENSG00000093010	22	19929130	19957498	0.0471	rs429965	-3.51	rs5993883	-0.000215	 -3.69	-2.8546	522	 2	lasso	0.0065	0.03	 2.8970	3.77e-03
NA	/data/songy4/twas/output/weights_control//ENSG00000099889.wgt.RDat	ENSG00000099889	22	19957419	20004331	0.0491	rs429965	-3.51	rs9265	 0.025066	 -4.90	 0.4857	501	 1	top1	0.025	8.1e-05	-0.4857	6.27e-01
NA	/data/songy4/twas/output/weights_control//ENSG00000183597.wgt.RDat	ENSG00000183597	22	20004537	20053449	0.1107	rs429965	-3.51	rs3804043	 0.050662	 -5.58	-0.4685	475	 1	top1	0.051	2.9e-08	 0.4685	6.39e-01
NA	/data/songy4/twas/output/weights_control//ENSG00000128191.wgt.RDat	ENSG00000128191	22	20067755	20099400	0.3680	rs429965	-3.51	rs2286928	 0.217414	 11.29	-0.5952	449	41	enet	0.28	2.2e-43	-1.9901	4.66e-02
NA	/data/songy4/twas/output/weights_control//ENSG00000128185.wgt.RDat	ENSG00000128185	22	20301799	20307603	0.1498	rs429965	-3.51	rs2904577	 0.130916	 -8.90	 0.6667	380	 1	top1	0.13	1.9e-19	-0.6667	5.05e-01
NA	/data/songy4/twas/output/weights_control//ENSG00000185252.wgt.RDat	ENSG00000185252	22	20748405	20762745	0.0680	rs646164	-2.72	rs1990249	 0.029160	 -5.37	-2.2451	311	14	enet	0.041	6.6e-07	 0.7607	4.47e-01
NA	/data/songy4/twas/output/weights_control//ENSG00000099917.wgt.RDat	ENSG00000099917	22	20850200	20941919	0.1628	rs646164	-2.72	rs11705359	 0.106534	 -7.97	-0.4276	415	 8	lasso	0.11	8.3e-17	 0.4428	6.58e-01
NA	/data/songy4/twas/output/weights_control//ENSG00000241973.wgt.RDat	ENSG00000241973	22	21061979	21213705	0.0385	rs646164	-2.72	rs165912	 0.038395	 -5.46	-0.6261	438	 1	top1	0.038	1.3e-06	 0.6261	5.31e-01
NA	/data/songy4/twas/output/weights_control//ENSG00000099940.wgt.RDat	ENSG00000099940	22	21213271	21245506	0.2732	rs646164	-2.72	rs5751800	 0.410594	 15.58	-0.9483	438	 6	lasso	0.43	7e-73	-1.1497	2.50e-01
NA	/data/songy4/twas/output/weights_control//ENSG00000099942.wgt.RDat	ENSG00000099942	22	21271714	21308037	0.0208	rs646164	-2.72	rs13056862	-0.001736	  3.65	 0.4057	415	 2	lasso	0.0055	0.041	 0.7811	4.35e-01
NA	/data/songy4/twas/output/weights_control//ENSG00000183773.wgt.RDat	ENSG00000183773	22	21319396	21335649	0.6099	rs646164	-2.72	rs178255	 0.285815	-12.93	 0.4150	383	14	lasso	0.39	6.5e-63	-0.5169	6.05e-01
NA	/data/songy4/twas/output/weights_control//ENSG00000099949.wgt.RDat	ENSG00000099949	22	21333751	21353327	0.3217	rs646164	-2.72	rs178280	 0.161383	  9.72	-1.1748	377	55	enet	0.17	1.4e-24	-1.6592	9.71e-02
NA	/data/songy4/twas/output/weights_control//ENSG00000184436.wgt.RDat	ENSG00000184436	22	21353393	21356485	0.0964	rs646164	-2.72	rs399647	 0.039060	  5.51	-1.4434	370	 5	lasso	0.041	6e-07	-1.0936	2.74e-01
NA	/data/songy4/twas/output/weights_control//ENSG00000099957.wgt.RDat	ENSG00000099957	22	21364097	21383119	0.1032	rs646164	-2.72	rs2277838	 0.051504	 -5.61	 0.5041	368	 6	lasso	0.052	2.1e-08	 0.2120	8.32e-01
NA	/data/songy4/twas/output/weights_control//ENSG00000185651.wgt.RDat	ENSG00000185651	22	21903736	21978323	0.0536	rs5755074	 3.50	rs7444	 0.055274	  6.16	 1.1524	311	30	enet	0.058	3e-09	 1.2819	2.00e-01
NA	/data/songy4/twas/output/weights_control//ENSG00000161179.wgt.RDat	ENSG00000161179	22	21982378	21984353	0.0473	rs5755074	 3.50	rs467181	-0.001661	 -3.95	-0.5827	262	10	enet	-0.00072	0.44	 1.1890	2.34e-01
NA	/data/songy4/twas/output/weights_control//ENSG00000100023.wgt.RDat	ENSG00000100023	22	22006559	22054304	0.1064	rs5755074	 3.50	rs5999098	 0.098262	 -7.71	 0.2642	315	 1	top1	0.098	8.5e-15	-0.2642	7.92e-01
NA	/data/songy4/twas/output/weights_control//ENSG00000100034.wgt.RDat	ENSG00000100034	22	22273793	22307209	0.4410	rs5755074	 3.50	rs3788333	 0.476926	-16.57	-0.9514	361	 8	lasso	0.58	2.3e-109	 1.0949	2.74e-01
NA	/data/songy4/twas/output/weights_control//ENSG00000100038.wgt.RDat	ENSG00000100038	22	22311397	22337213	0.1520	rs5755074	 3.50	rs3788333	 0.147219	 -9.27	-0.9514	355	 8	lasso	0.16	2.9e-23	 0.6297	5.29e-01
NA	/data/songy4/twas/output/weights_control//ENSG00000100218.wgt.RDat	ENSG00000100218	22	23401593	23487208	0.0595	rs10427870	 3.02	rs5759624	 0.049501	 -6.01	-0.6339	374	 1	top1	0.05	4.2e-08	 0.6339	5.26e-01
NA	/data/songy4/twas/output/weights_control//ENSG00000186716.wgt.RDat	ENSG00000186716	22	23521891	23660224	0.0988	rs6003824	 3.16	rs2283802	 0.048499	 -6.80	-0.8304	433	 5	lasso	0.1	3.7e-15	 0.6842	4.94e-01
NA	/data/songy4/twas/output/weights_control//ENSG00000189269.wgt.RDat	ENSG00000189269	22	23950639	23974508	0.5175	rs6003824	 3.16	rs11703537	 0.185204	 11.20	 0.7105	466	55	enet	0.47	1.2e-81	-0.5696	5.69e-01
NA	/data/songy4/twas/output/weights_control//ENSG00000133460.wgt.RDat	ENSG00000133460	22	24198890	24228496	0.4166	rs6003824	 3.16	rs17637865	 0.257075	-12.41	-0.1429	416	 1	top1	0.26	4.2e-39	 0.1429	8.86e-01
NA	/data/songy4/twas/output/weights_control//ENSG00000099974.wgt.RDat	ENSG00000099974	22	24309089	24314721	0.6778	rs6003824	 3.16	rs2739338	 0.763586	 20.94	-0.0325	385	22	enet	0.79	1.6e-199	-0.5401	5.89e-01
NA	/data/songy4/twas/output/weights_control//ENSG00000099991.wgt.RDat	ENSG00000099991	22	24407642	24574596	0.0655	rs6004179	-3.51	rs3788368	 0.006944	  3.70	-0.2057	403	 1	top1	0.0069	0.026	-0.2057	8.37e-01
NA	/data/songy4/twas/output/weights_control//ENSG00000099998.wgt.RDat	ENSG00000099998	22	24615622	24641110	0.1128	rs6004179	-3.51	rs176157	 0.076443	  6.93	-0.3069	340	 1	top1	0.076	9e-12	-0.3069	7.59e-01
NA	/data/songy4/twas/output/weights_control//ENSG00000100024.wgt.RDat	ENSG00000100024	22	24863206	24924358	0.1460	rs6004179	-3.51	rs5760423	 0.239465	 11.95	-2.0104	383	 8	lasso	0.25	2e-38	-1.4830	1.38e-01
NA	/data/songy4/twas/output/weights_control//ENSG00000100031.wgt.RDat	ENSG00000100031	22	24979718	25024972	0.2222	rs6004179	-3.51	rs5760492	 0.188609	-10.55	-0.2549	399	 1	top1	0.19	4.5e-28	 0.2549	7.99e-01
NA	/data/songy4/twas/output/weights_control//ENSG00000197077.wgt.RDat	ENSG00000197077	22	25348697	25593415	0.2131	rs6004179	-3.51	rs6004417	 0.203105	 10.86	 0.6667	530	 5	lasso	0.22	2.2e-33	 1.0371	3.00e-01
NA	/data/songy4/twas/output/weights_control//ENSG00000100053.wgt.RDat	ENSG00000100053	22	25595817	25603330	0.0792	rs4820621	 2.57	rs6004417	 0.076200	  6.94	 0.6667	458	 1	top1	0.076	9.8e-12	 0.6667	5.05e-01
NA	/data/songy4/twas/output/weights_control//ENSG00000128203.wgt.RDat	ENSG00000128203	22	26825239	26840981	0.0594	rs9608537	-3.44	rs134143	 0.012590	 -4.76	-0.9417	768	 3	lasso	0.013	0.0036	 0.1403	8.88e-01
NA	/data/songy4/twas/output/weights_control//ENSG00000100099.wgt.RDat	ENSG00000100099	22	26839389	26879803	0.1505	rs9608537	-3.44	rs1000815	 0.074875	 -7.41	-0.8100	793	 5	lasso	0.075	1.4e-11	 0.8484	3.96e-01
NA	/data/songy4/twas/output/weights_control//ENSG00000100104.wgt.RDat	ENSG00000100104	22	26879843	26890624	0.0760	rs9608537	-3.44	rs4822724	 0.010772	  4.89	-0.3232	795	19	enet	0.031	1.2e-05	-1.3674	1.71e-01
NA	/data/songy4/twas/output/weights_control//ENSG00000100109.wgt.RDat	ENSG00000100109	22	26887191	26908471	0.5389	rs9608537	-3.44	rs3213558	 0.562266	-18.09	-0.6918	802	 9	enet	0.57	2.9e-106	 0.6886	4.91e-01
NA	/data/songy4/twas/output/weights_control//ENSG00000128294.wgt.RDat	ENSG00000128294	22	26921458	26992681	0.3350	rs9608537	-3.44	rs4275	 0.301079	 13.19	-0.1386	888	 7	lasso	0.36	5.4e-57	-0.2055	8.37e-01
NA	/data/songy4/twas/output/weights_control//ENSG00000100154.wgt.RDat	ENSG00000100154	22	28374004	29075853	0.2428	rs2347790	-3.19	rs7289534	 0.349442	 14.22	-0.2452	683	21	enet	0.35	7e-56	-0.4608	6.45e-01
NA	/data/songy4/twas/output/weights_control//ENSG00000100209.wgt.RDat	ENSG00000100209	22	29138019	29153503	0.0350	rs2347790	-3.19	rs1297607	 0.031375	  4.41	-0.4474	320	 1	top1	0.031	1.1e-05	-0.4474	6.55e-01
NA	/data/songy4/twas/output/weights_control//ENSG00000159873.wgt.RDat	ENSG00000159873	22	29168662	29185283	0.0716	rs2347790	-3.19	rs6005915	 0.026065	  5.27	-2.0084	324	20	enet	0.049	4.5e-08	-1.1449	2.52e-01
NA	/data/songy4/twas/output/weights_control//ENSG00000100219.wgt.RDat	ENSG00000100219	22	29190543	29196585	0.1326	rs2347790	-3.19	rs7287806	 0.204106	 10.94	-2.2885	327	11	lasso	0.24	4.6e-36	-1.7812	7.49e-02
NA	/data/songy4/twas/output/weights_control//ENSG00000183762.wgt.RDat	ENSG00000183762	22	29469066	29564321	0.1831	rs2347790	-3.19	rs5752867	 0.151539	-10.09	 1.2500	415	 9	lasso	0.17	4.5e-25	-0.8368	4.03e-01
NA	/data/songy4/twas/output/weights_control//ENSG00000186998.wgt.RDat	ENSG00000186998	22	29601840	29655586	0.1082	rs2347790	-3.19	rs132277	 0.033786	 -6.22	-0.4314	447	 6	lasso	0.087	3.5e-13	 0.4335	6.65e-01
NA	/data/songy4/twas/output/weights_control//ENSG00000100280.wgt.RDat	ENSG00000100280	22	29723669	29819168	0.0862	rs2347790	-3.19	rs737883	 0.045494	 -6.24	-1.7576	446	29	enet	0.059	2.1e-09	 1.4039	1.60e-01
NA	/data/songy4/twas/output/weights_control//ENSG00000100285.wgt.RDat	ENSG00000100285	22	29876219	29887379	0.0491	rs2347790	-3.19	rs16987650	 0.000887	 -3.63	-0.0939	416	 4	lasso	0.0031	0.096	-1.2720	2.03e-01
NA	/data/songy4/twas/output/weights_control//ENSG00000100319.wgt.RDat	ENSG00000100319	22	30126945	30163000	0.0368	rs165633	-3.08	rs5752968	 0.016477	  4.84	-0.3832	402	 4	lasso	0.018	0.00079	-0.1582	8.74e-01
NA	/data/songy4/twas/output/weights_control//ENSG00000100325.wgt.RDat	ENSG00000100325	22	30184597	30234271	0.1326	rs165633	-3.16	rs6006267	 0.054683	  6.42	 0.4271	405	 6	lasso	0.086	4.2e-13	 0.7896	4.30e-01
NA	/data/songy4/twas/output/weights_control//ENSG00000128342.wgt.RDat	ENSG00000128342	22	30636436	30642840	0.0444	rs3804078	 3.00	rs737812	-0.001430	  3.69	 0.0291	435	29	enet	0.0051	0.048	 1.2143	2.25e-01
NA	/data/songy4/twas/output/weights_control//ENSG00000099992.wgt.RDat	ENSG00000099992	22	30687979	30723035	0.0855	rs3804078	 3.00	rs4820834	 0.017326	  4.35	-2.2464	444	39	enet	0.024	0.00013	-1.3844	1.66e-01
NA	/data/songy4/twas/output/weights_control//ENSG00000099995.wgt.RDat	ENSG00000099995	22	30727977	30752936	0.0441	rs3804078	 3.00	rs2078856	-0.000162	  3.63	-0.3402	438	26	enet	0.018	0.00064	-0.9052	3.65e-01
NA	/data/songy4/twas/output/weights_control//ENSG00000187860.wgt.RDat	ENSG00000187860	22	30752624	30774647	0.0508	rs3804078	 3.00	rs5763928	 0.011924	 -3.94	-0.2909	446	26	enet	0.013	0.0031	 1.9287	5.38e-02
NA	/data/songy4/twas/output/weights_control//ENSG00000099999.wgt.RDat	ENSG00000099999	22	30773835	30817760	0.0797	rs3804078	 3.00	rs5763928	 0.038001	 -5.64	-0.2909	451	 8	lasso	0.058	2.6e-09	 0.2120	8.32e-01
NA	/data/songy4/twas/output/weights_control//ENSG00000100003.wgt.RDat	ENSG00000100003	22	30792846	30821305	0.1642	rs3804078	 3.00	rs2267155	 0.093836	  7.51	 0.4194	447	 1	top1	0.094	3.5e-14	 0.4194	6.75e-01
NA	/data/songy4/twas/output/weights_control//ENSG00000242114.wgt.RDat	ENSG00000242114	22	30821518	30825045	0.0473	rs3804078	 3.00	rs17738020	 0.002874	  3.79	-2.7431	445	18	enet	0.025	9.3e-05	-1.5876	1.12e-01
NA	/data/songy4/twas/output/weights_control//ENSG00000133488.wgt.RDat	ENSG00000133488	22	30884900	30901698	0.2321	rs3804078	 3.00	rs7287647	 0.041854	  6.10	 0.2841	443	36	enet	0.12	4.9e-18	 2.3353	1.95e-02
NA	/data/songy4/twas/output/weights_control//ENSG00000100029.wgt.RDat	ENSG00000100029	22	30972612	31003070	0.0502	rs3804078	 3.00	rs9621049	 0.006637	 -4.14	-0.5000	444	 1	top1	0.0066	0.028	 0.5000	6.17e-01
NA	/data/songy4/twas/output/weights_control//ENSG00000185339.wgt.RDat	ENSG00000185339	22	31002825	31023265	0.2273	rs3804078	 3.00	rs9621047	 0.132156	 10.00	 0.6632	444	 7	lasso	0.21	3.8e-31	 1.2090	2.27e-01
NA	/data/songy4/twas/output/weights_control//ENSG00000167065.wgt.RDat	ENSG00000167065	22	31048038	31063877	0.4022	rs3804078	 3.00	rs13053290	 0.382623	-14.92	 0.1574	455	 8	lasso	0.41	2.7e-67	-0.1523	8.79e-01
NA	/data/songy4/twas/output/weights_control//ENSG00000184792.wgt.RDat	ENSG00000184792	22	31089769	31303811	0.0580	rs3804078	 3.00	rs136230	 0.005722	 -3.95	-0.7245	509	 1	top1	0.0057	0.038	 0.7245	4.69e-01
NA	/data/songy4/twas/output/weights_control//ENSG00000198832.wgt.RDat	ENSG00000198832	22	31500758	31516055	0.1723	rs2413054	-3.09	rs2232184	 0.015447	 -5.54	-1.0074	384	27	enet	0.081	2.1e-12	 0.7146	4.75e-01
NA	/data/songy4/twas/output/weights_control//ENSG00000138942.wgt.RDat	ENSG00000138942	22	31556168	31603005	0.1615	rs2413054	-3.09	rs4615	 0.063113	 -7.13	-0.5916	374	 9	lasso	0.13	1.1e-18	 1.2856	1.99e-01
NA	/data/songy4/twas/output/weights_control//ENSG00000100100.wgt.RDat	ENSG00000100100	22	31677579	31688520	0.1054	rs2413054	-3.09	rs9609263	 0.050467	 -7.44	-0.2737	344	11	enet	0.071	5.1e-11	-0.0520	9.59e-01
NA	/data/songy4/twas/output/weights_control//ENSG00000184708.wgt.RDat	ENSG00000184708	22	31832963	31892094	0.0253	rs2413054	-3.09	rs7284757	 0.015718	  4.76	 0.6700	367	 2	lasso	0.019	0.00059	 0.2319	8.17e-01
NA	/data/songy4/twas/output/weights_control//ENSG00000198089.wgt.RDat	ENSG00000198089	22	31884674	32014572	0.1328	rs2413054	-3.09	rs5749272	 0.143846	 -9.87	 0.3878	384	12	lasso	0.18	4.6e-27	 0.2014	8.40e-01
NA	/data/songy4/twas/output/weights_control//ENSG00000241878.wgt.RDat	ENSG00000241878	22	32014477	32058418	0.2908	rs2413054	-3.09	rs2006648	 0.282429	-12.91	 0.8632	360	12	lasso	0.34	2.2e-54	-0.9532	3.41e-01
NA	/data/songy4/twas/output/weights_control//ENSG00000100150.wgt.RDat	ENSG00000100150	22	32149944	32303012	0.0360	rs2413054	-3.09	rs131213	 0.001933	 -3.71	-0.8085	488	 1	top1	0.0019	0.15	 0.8085	4.19e-01
NA	/data/songy4/twas/output/weights_control//ENSG00000128245.wgt.RDat	ENSG00000128245	22	32340447	32353590	0.1446	rs2413054	-3.09	rs8141011	 0.156617	  9.57	 0.0952	480	18	enet	0.17	2.8e-25	 0.7487	4.54e-01
NA	/data/songy4/twas/output/weights_control//ENSG00000128253.wgt.RDat	ENSG00000128253	22	32586422	32600718	0.0955	rs2858223	 3.14	rs136478	 0.063391	 -6.57	-0.3511	551	25	enet	0.07	6.5e-11	 0.4316	6.66e-01
NA	/data/songy4/twas/output/weights_control//ENSG00000100225.wgt.RDat	ENSG00000100225	22	32870663	32894818	0.0761	rs2858223	 3.14	rs5994572	 0.010886	  4.25	 1.0183	660	22	enet	0.025	9.2e-05	 0.1323	8.95e-01
NA	/data/songy4/twas/output/weights_control//ENSG00000100281.wgt.RDat	ENSG00000100281	22	35653445	35691800	0.0409	rs9306304	-2.70	rs1108268	 0.029310	 -4.89	 2.0306	623	 1	top1	0.029	2.2e-05	-2.0306	4.23e-02
NA	/data/songy4/twas/output/weights_control//ENSG00000100284.wgt.RDat	ENSG00000100284	22	35695268	35743985	0.3201	rs9306304	-2.70	rs138785	 0.218316	 11.29	 0.8537	606	 6	lasso	0.33	7.2e-52	 1.3849	1.66e-01
NA	/data/songy4/twas/output/weights_control//ENSG00000100292.wgt.RDat	ENSG00000100292	22	35776354	35790207	0.1570	rs9306304	-2.70	rs133415	 0.086322	 -7.12	-1.1701	573	 1	top1	0.086	3.9e-13	 1.1701	2.42e-01
NA	/data/songy4/twas/output/weights_control//ENSG00000100297.wgt.RDat	ENSG00000100297	22	35796056	35821423	0.2050	rs9306304	-2.70	rs133415	 0.161915	 -9.70	-1.1701	569	 2	lasso	0.16	3.3e-24	 1.1200	2.63e-01
NA	/data/songy4/twas/output/weights_control//ENSG00000100320.wgt.RDat	ENSG00000100320	22	36134783	36424473	0.0676	rs9622410	-2.70	rs5755961	 0.037043	 -5.23	-0.5068	611	 1	top1	0.037	2e-06	 0.5068	6.12e-01
NA	/data/songy4/twas/output/weights_control//ENSG00000100336.wgt.RDat	ENSG00000100336	22	36585172	36600886	0.1113	rs6000352	 2.82	rs132735	 0.082235	  7.02	 0.1981	500	 1	top1	0.082	1.4e-12	 0.1981	8.43e-01
NA	/data/songy4/twas/output/weights_control//ENSG00000100342.wgt.RDat	ENSG00000100342	22	36649056	36663576	0.0885	rs129333	-3.53	rs5756115	 0.012511	 -4.95	 0.8382	503	25	enet	0.027	4.2e-05	 0.2740	7.84e-01
NA	/data/songy4/twas/output/weights_control//ENSG00000100350.wgt.RDat	ENSG00000100350	22	36883237	36903148	0.2761	rs129333	-3.53	rs2281086	 0.212678	 12.15	 0.3945	642	 6	lasso	0.28	1.2e-43	 0.5104	6.10e-01
NA	/data/songy4/twas/output/weights_control//ENSG00000100360.wgt.RDat	ENSG00000100360	22	37154246	37172300	0.1908	rs129333	-3.53	rs2009667	 0.165810	  9.84	-1.7864	691	36	enet	0.18	4e-27	-2.1211	3.39e-02
NA	/data/songy4/twas/output/weights_control//ENSG00000100365.wgt.RDat	ENSG00000100365	22	37257030	37274057	0.0697	rs129333	-3.53	rs2075938	 0.016563	  4.65	-0.2705	689	 1	top1	0.017	0.0012	-0.2705	7.87e-01
NA	/data/songy4/twas/output/weights_control//ENSG00000128311.wgt.RDat	ENSG00000128311	22	37406900	37415681	0.1072	rs129333	-3.53	rs2072710	 0.006141	  4.72	-0.1074	698	 5	lasso	0.036	3e-06	-1.0435	2.97e-01
NA	/data/songy4/twas/output/weights_control//ENSG00000128309.wgt.RDat	ENSG00000128309	22	37415676	37425863	0.1155	rs129333	-3.53	rs2072709	 0.014375	  4.39	 0.7167	701	 7	lasso	0.027	5e-05	-0.4747	6.35e-01
NA	/data/songy4/twas/output/weights_control//ENSG00000133466.wgt.RDat	ENSG00000133466	22	37576207	37595425	0.3418	rs129333	-3.53	rs7290488	 0.204513	-11.36	 0.9508	654	10	lasso	0.33	1.3e-52	-1.9044	5.69e-02
NA	/data/songy4/twas/output/weights_control//ENSG00000128340.wgt.RDat	ENSG00000128340	22	37621301	37640488	0.1169	rs129333	-3.53	rs933222	 0.048983	 -6.71	 0.2762	636	 5	lasso	0.1	2.9e-15	 0.0918	9.27e-01
NA	/data/songy4/twas/output/weights_control//ENSG00000166897.wgt.RDat	ENSG00000166897	22	37764000	37823505	0.0670	rs2071910	 3.35	rs16997918	 0.000412	  3.54	 1.3419	604	 4	lasso	0.0018	0.16	 1.5082	1.32e-01
NA	/data/songy4/twas/output/weights_control//ENSG00000128283.wgt.RDat	ENSG00000128283	22	37956454	37965412	0.2922	rs2071910	 3.35	rs5756736	 0.173624	 10.34	 0.3524	508	 5	lasso	0.19	1.1e-28	 0.6113	5.41e-01
NA	/data/songy4/twas/output/weights_control//ENSG00000100079.wgt.RDat	ENSG00000100079	22	37966255	37978623	0.7013	rs2071910	 3.35	rs5756736	 0.629634	 19.20	 0.3524	510	 9	lasso	0.63	1.7e-127	 0.3679	7.13e-01
NA	/data/songy4/twas/output/weights_control//ENSG00000100083.wgt.RDat	ENSG00000100083	22	38004481	38029571	0.1860	rs2071910	 3.35	rs713835	 0.057997	  7.16	 1.9596	505	13	lasso	0.066	2.6e-10	 1.9485	5.14e-02
NA	/data/songy4/twas/output/weights_control//ENSG00000100092.wgt.RDat	ENSG00000100092	22	38030661	38062939	0.2777	rs2071910	 3.35	rs9622677	 0.111249	  8.71	 2.1979	501	12	lasso	0.2	1.9e-30	 2.0295	4.24e-02
NA	/data/songy4/twas/output/weights_control//ENSG00000100097.wgt.RDat	ENSG00000100097	22	38071615	38075813	0.0662	rs2071910	 3.35	rs4820294	 0.015827	 -5.15	 1.9400	472	 1	top1	0.016	0.0015	-1.9400	5.24e-02
NA	/data/songy4/twas/output/weights_control//ENSG00000100106.wgt.RDat	ENSG00000100106	22	38093011	38172563	0.3600	rs2071910	 3.35	rs11089854	 0.298054	-13.22	 3.0900	496	 7	lasso	0.37	4.6e-59	-2.5743	1.00e-02
NA	/data/songy4/twas/output/weights_control//ENSG00000189060.wgt.RDat	ENSG00000189060	22	38201114	38203442	0.6094	rs2071910	 3.35	rs1894644	 0.383513	 15.42	-1.4638	408	48	enet	0.56	3.4e-104	 0.6499	5.16e-01
NA	/data/songy4/twas/output/weights_control//ENSG00000100116.wgt.RDat	ENSG00000100116	22	38203912	38213183	0.7385	rs2071910	 3.35	rs1894644	 0.618706	 18.87	-1.4638	411	 7	lasso	0.63	1e-127	-1.1330	2.57e-01
NA	/data/songy4/twas/output/weights_control//ENSG00000100124.wgt.RDat	ENSG00000100124	22	38226862	38245334	0.2576	rs2071910	 3.35	rs34517070	 0.186732	 10.47	 1.2762	400	 1	top1	0.19	8.9e-28	 1.2762	2.02e-01
NA	/data/songy4/twas/output/weights_control//ENSG00000100129.wgt.RDat	ENSG00000100129	22	38244875	38285414	0.0485	rs2071910	 3.35	rs11913731	 0.014587	  4.20	-0.8048	405	 1	top1	0.015	0.0022	-0.8048	4.21e-01
NA	/data/songy4/twas/output/weights_control//ENSG00000100139.wgt.RDat	ENSG00000100139	22	38301664	38338829	0.0689	rs2071910	 3.35	rs12627973	 0.040016	  5.47	 0.7589	386	 1	top1	0.04	7.9e-07	 0.7589	4.48e-01
NA	/data/songy4/twas/output/weights_control//ENSG00000100151.wgt.RDat	ENSG00000100151	22	38452318	38471708	0.5037	rs2071910	 3.35	rs3952	 0.420815	-15.60	-0.8835	374	 9	lasso	0.43	1.6e-71	 0.6415	5.21e-01
NA	/data/songy4/twas/output/weights_control//ENSG00000184381.wgt.RDat	ENSG00000184381	22	38507502	38601697	0.2158	rs2071910	 3.35	rs2284060	 0.124028	  9.26	-0.2526	387	28	enet	0.19	4.2e-28	 0.2194	8.26e-01
NA	/data/songy4/twas/output/weights_control//ENSG00000185022.wgt.RDat	ENSG00000185022	22	38597889	38612518	0.0719	rs2071910	 3.35	rs2899297	 0.070596	  6.47	-0.2474	353	 1	top1	0.071	5.7e-11	-0.2474	8.05e-01
NA	/data/songy4/twas/output/weights_control//ENSG00000198792.wgt.RDat	ENSG00000198792	22	38615298	38669040	0.0995	rs2071910	 3.35	rs2235265	 0.068689	 -6.93	-0.4000	373	 1	top1	0.069	1e-10	 0.4000	6.89e-01
NA	/data/songy4/twas/output/weights_control//ENSG00000100201.wgt.RDat	ENSG00000100201	22	38879445	38903665	0.0407	rs4821738	 3.12	rs6519120	 0.032036	  5.34	-1.2308	378	 1	top1	0.032	9.4e-06	-1.2308	2.18e-01
NA	/data/songy4/twas/output/weights_control//ENSG00000184949.wgt.RDat	ENSG00000184949	22	38974125	39052634	0.0363	rs4821738	 3.12	rs5750672	 0.003369	  4.52	-1.2788	409	 1	top1	0.0034	0.087	-1.2788	2.01e-01
NA	/data/songy4/twas/output/weights_control//ENSG00000100221.wgt.RDat	ENSG00000100221	22	39081548	39097561	0.0259	rs196054	 3.05	rs138703	 0.020912	 -4.25	-0.9697	385	 1	top1	0.021	3e-04	 0.9697	3.32e-01
NA	/data/songy4/twas/output/weights_control//ENSG00000221890.wgt.RDat	ENSG00000221890	22	39214457	39239987	0.1656	rs196054	 3.05	rs13053505	 0.156709	  9.55	-1.0233	393	 1	top1	0.16	3.1e-23	-1.0233	3.06e-01
NA	/data/songy4/twas/output/weights_control//ENSG00000183741.wgt.RDat	ENSG00000183741	22	39257455	39268319	0.3078	rs196054	 3.05	rs7292074	 0.174177	-10.20	-0.3906	395	 1	top1	0.17	7.4e-26	 0.3906	6.96e-01
NA	/data/songy4/twas/output/weights_control//ENSG00000128383.wgt.RDat	ENSG00000128383	22	39348746	39359188	0.3335	rs9611169	 3.27	rs17370615	 0.071523	  6.64	-0.9217	393	65	enet	0.14	4.9e-21	 0.5357	5.92e-01
NA	/data/songy4/twas/output/weights_control//ENSG00000179750.wgt.RDat	ENSG00000179750	22	39378352	39388809	0.8976	rs9611169	 3.27	rs4365560	 0.805136	 21.49	 1.3750	394	10	lasso	0.81	6.5e-206	 1.4196	1.56e-01
NA	/data/songy4/twas/output/weights_control//ENSG00000244509.wgt.RDat	ENSG00000244509	22	39410088	39416357	0.0405	rs9611169	 3.27	rs139317	 0.035298	 -5.05	 0.0215	390	 2	lasso	0.039	1.1e-06	 0.8751	3.82e-01
NA	/data/songy4/twas/output/weights_control//ENSG00000128394.wgt.RDat	ENSG00000128394	22	39436609	39449915	0.2032	NA	   NA	NA	       NA	    NA	     NA	395	 0	top1	0.15	3.9e-22	     NA	      NA
NA	/data/songy4/twas/output/weights_control//ENSG00000239713.wgt.RDat	ENSG00000239713	22	39436924	39483748	0.3406	rs9611169	 3.27	rs738469	 0.078437	 -8.33	 1.9500	403	 8	lasso	0.17	1.7e-25	-2.1826	2.91e-02
NA	/data/songy4/twas/output/weights_control//ENSG00000100298.wgt.RDat	ENSG00000100298	22	39493229	39500072	0.1346	rs9611169	 3.27	rs12160242	 0.070534	 -6.99	 1.4412	403	 1	top1	0.071	5.8e-11	-1.4412	1.50e-01
NA	/data/songy4/twas/output/weights_control//ENSG00000100311.wgt.RDat	ENSG00000100311	22	39619364	39640756	0.2962	rs9611169	 3.27	rs5757573	 0.215598	-11.57	 0.4245	420	 8	enet	0.23	5.3e-35	-0.1330	8.94e-01
NA	/data/songy4/twas/output/weights_control//ENSG00000100321.wgt.RDat	ENSG00000100321	22	39745930	39781593	0.2124	rs9611169	 3.27	rs2069235	 0.217188	 11.24	-1.7387	396	 4	lasso	0.23	3.3e-34	-1.5719	1.16e-01
NA	/data/songy4/twas/output/weights_control//ENSG00000128268.wgt.RDat	ENSG00000128268	22	39853349	39888199	0.0799	rs9611169	 3.27	rs1005522	 0.104289	  7.94	 3.0345	399	 1	top1	0.1	1.2e-15	 3.0345	2.41e-03
NA	/data/songy4/twas/output/weights_control//ENSG00000128272.wgt.RDat	ENSG00000128272	22	39915700	39918691	0.3140	rs9611169	 3.27	rs710192	 0.329877	 13.85	 0.2222	400	 1	top1	0.33	5.5e-52	 0.2222	8.24e-01
NA	/data/songy4/twas/output/weights_control//ENSG00000225528.wgt.RDat	ENSG00000225528	22	40356401	40360687	0.1129	rs909674	 2.86	rs2267423	 0.072698	 -6.65	-0.8333	309	 1	top1	0.073	3e-11	 0.8333	4.05e-01
NA	/data/songy4/twas/output/weights_control//ENSG00000239900.wgt.RDat	ENSG00000239900	22	40742507	40786467	0.0365	rs13054099	-4.03	rs6001862	 0.000140	  3.13	 0.9091	321	18	enet	0.00037	0.27	 0.5309	5.95e-01
NA	/data/songy4/twas/output/weights_control//ENSG00000100359.wgt.RDat	ENSG00000100359	22	40766595	40806293	0.0697	rs13054099	-4.03	rs12485003	 0.001813	  3.85	 0.0423	321	33	enet	0.012	0.005	-1.7312	8.34e-02
NA	/data/songy4/twas/output/weights_control//ENSG00000196588.wgt.RDat	ENSG00000196588	22	40806285	41032706	0.0436	rs4821990	-5.21	rs133050	 0.016453	  4.59	 0.8911	348	 3	lasso	0.018	0.00084	 0.3271	7.44e-01
NA	/data/songy4/twas/output/weights_control//ENSG00000128285.wgt.RDat	ENSG00000128285	22	41074754	41078818	0.0439	rs6002271	-5.21	rs1022533	 0.019721	  4.11	 0.9697	298	 1	top1	0.02	0.00043	 0.9697	3.32e-01
NA	/data/songy4/twas/output/weights_control//ENSG00000100372.wgt.RDat	ENSG00000100372	22	41165634	41215403	0.0479	rs5758264	-5.24	rs13054099	 0.011701	  4.77	-4.0265	302	 9	lasso	0.018	0.00081	-3.9840	6.78e-05
NA	/data/songy4/twas/output/weights_control//ENSG00000196236.wgt.RDat	ENSG00000196236	22	41253081	41363838	0.1403	rs5758264	-5.24	rs2899341	 0.123318	  8.80	-2.3163	322	 5	lasso	0.14	7.3e-21	-2.6285	8.58e-03
NA	/data/songy4/twas/output/weights_control//ENSG00000100401.wgt.RDat	ENSG00000100401	22	41641615	41682255	0.0994	rs5758264	-5.24	rs9611542	 0.091765	 -8.23	-5.0196	280	 7	lasso	0.11	4.9e-16	 5.2641	1.41e-07
NA	/data/songy4/twas/output/weights_control//ENSG00000100403.wgt.RDat	ENSG00000100403	22	41697526	41756151	0.0382	rs5758264	-5.24	rs13054099	 0.011062	 -4.24	-4.0265	291	 3	lasso	0.014	0.0027	 5.3365	9.48e-08
NA	/data/songy4/twas/output/weights_control//ENSG00000167074.wgt.RDat	ENSG00000167074	22	41763337	41795330	0.1989	rs5758264	-5.24	rs2234059	 0.258425	 12.54	-4.3860	281	21	enet	0.26	5.6e-40	-4.5320	5.84e-06
NA	/data/songy4/twas/output/weights_control//ENSG00000100413.wgt.RDat	ENSG00000100413	22	41921808	41940610	0.0576	rs5758264	-5.24	rs5996088	-0.001710	 -3.17	 0.4943	309	32	enet	0.014	0.0029	 0.0220	9.82e-01
NA	/data/songy4/twas/output/weights_control//ENSG00000172346.wgt.RDat	ENSG00000172346	22	41956767	41973745	0.0174	rs5758264	-5.24	rs739134	 0.015690	  4.11	-3.3529	317	 1	top1	0.016	0.0015	-3.3529	8.00e-04
NA	/data/songy4/twas/output/weights_control//ENSG00000100418.wgt.RDat	ENSG00000100418	22	41994032	42017100	0.1762	rs5758264	-5.24	rs9607821	 0.137406	 -9.03	 2.4796	320	 6	lasso	0.16	9e-24	-3.4560	5.48e-04
NA	/data/songy4/twas/output/weights_control//ENSG00000167077.wgt.RDat	ENSG00000167077	22	42095503	42195460	0.2875	rs5758264	-5.24	rs739135	 0.387432	 15.26	-3.3306	354	31	enet	0.4	2.1e-65	-3.2852	1.02e-03
NA	/data/songy4/twas/output/weights_control//ENSG00000100147.wgt.RDat	ENSG00000100147	22	42196683	42222303	0.2571	rs2024566	-4.81	rs9607821	 0.213053	-11.10	 2.4796	329	 6	lasso	0.23	8.2e-35	-1.5484	1.22e-01
NA	/data/songy4/twas/output/weights_control//ENSG00000198911.wgt.RDat	ENSG00000198911	22	42229109	42303312	0.0361	rs3817999	-4.71	rs6002560	 0.017686	  3.90	 0.5253	366	 1	top1	0.018	0.00081	 0.5253	5.99e-01
NA	/data/songy4/twas/output/weights_control//ENSG00000183066.wgt.RDat	ENSG00000183066	22	42394729	42454460	0.1597	rs139553	-3.97	rs8138080	 0.181270	-10.33	-0.2374	358	 5	lasso	0.19	1.6e-28	-0.2732	7.85e-01
NA	/data/songy4/twas/output/weights_control//ENSG00000177096.wgt.RDat	ENSG00000177096	22	42470255	42475445	0.1219	rs139553	-3.97	rs133369	 0.143358	 -9.40	 0.2000	343	 3	lasso	0.14	2.4e-21	-0.1928	8.47e-01
NA	/data/songy4/twas/output/weights_control//ENSG00000183172.wgt.RDat	ENSG00000183172	22	42475695	42480288	0.1831	rs139553	-3.97	rs6002621	 0.218867	-11.33	 0.1700	343	 1	top1	0.22	7.9e-33	-0.1700	8.65e-01
NA	/data/songy4/twas/output/weights_control//ENSG00000184983.wgt.RDat	ENSG00000184983	22	42481529	42486959	0.2816	rs139553	-3.97	rs2142695	 0.146743	  9.60	-1.2698	354	21	enet	0.15	8.1e-23	-0.9723	3.31e-01
NA	/data/songy4/twas/output/weights_control//ENSG00000100197.wgt.RDat	ENSG00000100197	22	42522501	42526908	0.1026	rs139553	-3.97	rs133330	 0.127807	 -8.84	-1.2581	358	11	lasso	0.13	4.4e-19	 1.2754	2.02e-01
NA	/data/songy4/twas/output/weights_control//ENSG00000205702.wgt.RDat	ENSG00000205702	22	42536214	42540576	0.0450	rs139553	-3.97	rs133380	 0.033442	 -4.72	 0.1020	363	 1	top1	0.033	6.1e-06	-0.1020	9.19e-01
NA	/data/songy4/twas/output/weights_control//ENSG00000189306.wgt.RDat	ENSG00000189306	22	42905974	42915808	0.5671	rs2024645	 3.31	rs7287384	 0.169444	 10.84	-2.1453	414	36	enet	0.36	8.4e-58	-1.0065	3.14e-01
NA	/data/songy4/twas/output/weights_control//ENSG00000100227.wgt.RDat	ENSG00000100227	22	42979727	43010968	0.1444	rs2024645	 3.31	rs137114	 0.104885	  7.98	 0.1159	441	 1	top1	0.1	1e-15	 0.1159	9.08e-01
NA	/data/songy4/twas/output/weights_control//ENSG00000100243.wgt.RDat	ENSG00000100243	22	43013846	43045574	0.1372	rs2024645	 3.31	rs4420	 0.081694	  7.02	-0.5714	448	 7	lasso	0.088	2.7e-13	-0.4773	6.33e-01
NA	/data/songy4/twas/output/weights_control//ENSG00000128274.wgt.RDat	ENSG00000128274	22	43088127	43117304	0.7399	rs2024645	 3.31	rs28992176	 0.543575	 17.71	 0.0196	488	11	lasso	0.61	9.7e-121	-0.1901	8.49e-01
NA	/data/songy4/twas/output/weights_control//ENSG00000242247.wgt.RDat	ENSG00000242247	22	43192508	43254112	0.0499	rs2024645	 3.31	rs5751399	 0.013660	 -4.91	 2.8421	558	 3	lasso	0.014	0.0026	-2.4357	1.49e-02
NA	/data/songy4/twas/output/weights_control//ENSG00000100266.wgt.RDat	ENSG00000100266	22	43231418	43411151	0.1003	rs2024645	 3.31	rs738387	 0.145523	 -9.43	-2.0104	618	 1	top1	0.15	1.4e-21	 2.0104	4.44e-02
NA	/data/songy4/twas/output/weights_control//ENSG00000100271.wgt.RDat	ENSG00000100271	22	43435522	43485434	0.1161	rs2024645	 3.31	rs5759157	 0.081002	 -6.94	-0.1327	566	 1	top1	0.081	2.1e-12	 0.1327	8.94e-01
NA	/data/songy4/twas/output/weights_control//ENSG00000100290.wgt.RDat	ENSG00000100290	22	43506754	43525718	0.1149	rs2024645	 3.31	rs5758913	-0.001060	 -3.93	 0.2970	569	73	enet	0.01	0.0092	-1.4132	1.58e-01
NA	/data/songy4/twas/output/weights_control//ENSG00000100294.wgt.RDat	ENSG00000100294	22	43528212	43539400	0.1192	rs2024645	 3.31	rs2245946	 0.062128	  6.09	-0.1818	558	 1	top1	0.062	8.2e-10	-0.1818	8.56e-01
NA	/data/songy4/twas/output/weights_control//ENSG00000100304.wgt.RDat	ENSG00000100304	22	43562628	43583139	0.2455	rs2024645	 3.31	rs4822261	 0.067340	 -7.24	-0.7664	566	34	enet	0.14	3.2e-20	-1.1094	2.67e-01
NA	/data/songy4/twas/output/weights_control//ENSG00000186976.wgt.RDat	ENSG00000186976	22	43924624	44208217	0.1176	rs5764434	 3.70	rs8136755	 0.040509	 -6.12	-2.8475	879	20	enet	0.055	6.6e-09	 2.3306	1.98e-02
NA	/data/songy4/twas/output/weights_control//ENSG00000100347.wgt.RDat	ENSG00000100347	22	44351301	44406411	0.2129	rs5764434	 3.70	rs6006467	 0.141489	 -9.60	-0.6887	757	 1	top1	0.14	5.5e-21	 0.6887	4.91e-01
NA	/data/songy4/twas/output/weights_control//ENSG00000188677.wgt.RDat	ENSG00000188677	22	44395091	44568829	0.1916	rs5764434	 3.70	rs6006622	 0.066583	  7.38	 0.0980	844	 8	lasso	0.096	1.9e-14	-0.3863	6.99e-01
NA	/data/songy4/twas/output/weights_control//ENSG00000188636.wgt.RDat	ENSG00000188636	22	44888452	44894178	0.2414	rs11090717	 3.63	rs133753	 0.282676	 12.81	 0.7500	779	 1	top1	0.28	1.7e-43	 0.7500	4.53e-01
NA	/data/songy4/twas/output/weights_control//ENSG00000186654.wgt.RDat	ENSG00000186654	22	45064593	45133561	0.1241	rs11090717	 3.63	rs1005518	 0.010582	  4.32	 0.6967	799	 4	lasso	0.016	0.0013	 0.7596	4.47e-01
NA	/data/songy4/twas/output/weights_control//ENSG00000241484.wgt.RDat	ENSG00000241484	22	45098355	45258665	0.1317	rs11090717	 3.63	rs6007353	 0.037427	 -5.49	-1.7842	829	 6	lasso	0.071	5.4e-11	 1.0694	2.85e-01
NA	/data/songy4/twas/output/weights_control//ENSG00000093000.wgt.RDat	ENSG00000093000	22	45559722	45583896	0.5963	rs11090717	 3.63	rs547698	 0.485660	-16.76	 1.1538	669	 5	lasso	0.52	8.4e-95	-1.0284	3.04e-01
NA	/data/songy4/twas/output/weights_control//ENSG00000100364.wgt.RDat	ENSG00000100364	22	45586219	45636650	0.1019	rs11090717	 3.63	rs2294196	 0.053733	 -6.27	-0.4300	673	 5	lasso	0.072	3.7e-11	 0.0829	9.34e-01
NA	/data/songy4/twas/output/weights_control//ENSG00000100373.wgt.RDat	ENSG00000100373	22	45680863	45691755	0.3812	rs11090717	 3.63	rs5766616	 0.310346	-13.56	 1.8774	630	 8	lasso	0.32	3.8e-50	-1.9511	5.10e-02
NA	/data/songy4/twas/output/weights_control//ENSG00000100376.wgt.RDat	ENSG00000100376	22	45704849	45737836	0.8109	rs11090717	 3.63	rs3827393	 0.805910	 21.50	-0.2465	631	 9	lasso	0.86	1.4e-248	-0.7479	4.55e-01
NA	/data/songy4/twas/output/weights_control//ENSG00000077935.wgt.RDat	ENSG00000077935	22	45739944	45809500	0.0978	rs11090717	 3.63	rs2272804	 0.055934	 -6.57	 2.4742	628	 3	lasso	0.057	3.8e-09	-2.3236	2.01e-02
NA	/data/songy4/twas/output/weights_control//ENSG00000128408.wgt.RDat	ENSG00000128408	22	45809572	45828376	0.1179	rs11090717	 3.63	rs2272804	 0.132968	 -8.78	 2.4742	585	 1	top1	0.13	9.6e-20	-2.4742	1.34e-02
NA	/data/songy4/twas/output/weights_control//ENSG00000130638.wgt.RDat	ENSG00000130638	22	46067678	46241187	0.0997	rs13058561	 2.94	rs134855	 0.052264	  6.17	-1.1985	566	24	enet	0.057	4.3e-09	-0.3432	7.31e-01
NA	/data/songy4/twas/output/weights_control//ENSG00000205643.wgt.RDat	ENSG00000205643	22	46639908	46646576	0.0482	rs3179	 2.93	rs4253776	 0.055505	 -6.09	-0.8276	467	 1	top1	0.056	6.5e-09	 0.8276	4.08e-01
NA	/data/songy4/twas/output/weights_control//ENSG00000075234.wgt.RDat	ENSG00000075234	22	46663858	46689905	0.2058	rs3179	 2.93	rs6008497	 0.168220	 10.51	 0.5768	467	25	enet	0.22	1.1e-32	 0.8115	4.17e-01
NA	/data/songy4/twas/output/weights_control//ENSG00000075275.wgt.RDat	ENSG00000075275	22	46756731	46933067	0.2210	rs3179	 2.93	rs13585	 0.149631	  9.37	-1.1859	581	32	enet	0.18	6.5e-27	-1.4273	1.53e-01
NA	/data/songy4/twas/output/weights_control//ENSG00000075240.wgt.RDat	ENSG00000075240	22	46971909	47075688	0.2584	rs3179	 2.93	rs5767276	 0.138145	-10.06	 0.1679	614	10	lasso	0.25	3.4e-37	 0.9275	3.54e-01
NA	/data/songy4/twas/output/weights_control//ENSG00000100422.wgt.RDat	ENSG00000100422	22	47080308	47134158	0.3065	rs3179	 2.93	rs5769126	 0.210989	-11.09	-2.1495	590	 6	lasso	0.25	1.8e-37	 2.0938	3.63e-02
NA	/data/songy4/twas/output/weights_control//ENSG00000100426.wgt.RDat	ENSG00000100426	22	50247490	50283726	0.0907	rs4838865	 3.40	rs11703411	 0.043759	  5.81	 2.1130	490	 8	lasso	0.059	2.5e-09	 0.7825	4.34e-01
NA	/data/songy4/twas/output/weights_control//ENSG00000184164.wgt.RDat	ENSG00000184164	22	50311815	50321188	0.2159	rs4838865	 3.40	rs9616370	 0.279223	 12.84	 1.6250	433	 1	top1	0.28	6.9e-43	 1.6250	1.04e-01
NA	/data/songy4/twas/output/weights_control//ENSG00000198355.wgt.RDat	ENSG00000198355	22	50354161	50357728	0.2340	rs4838865	 3.40	rs5771069	 0.162203	 -9.88	 1.0215	414	28	enet	0.17	1e-24	-0.9870	3.24e-01
NA	/data/songy4/twas/output/weights_control//ENSG00000100427.wgt.RDat	ENSG00000100427	22	50497820	50524331	0.0755	rs4838865	 3.40	rs738490	 0.018624	 -4.95	-2.3651	412	17	enet	0.035	3.5e-06	 1.1784	2.39e-01
NA	/data/songy4/twas/output/weights_control//ENSG00000073146.wgt.RDat	ENSG00000073146	22	50528308	50600119	0.0887	rs4838865	 3.40	rs138229	 0.057022	  6.25	 2.3474	442	 1	top1	0.057	4e-09	 2.3474	1.89e-02
NA	/data/songy4/twas/output/weights_control//ENSG00000073150.wgt.RDat	ENSG00000073150	22	50609160	50618723	0.1024	rs4838865	 3.40	rs760755	 0.041185	 -5.77	-0.6582	403	17	enet	0.062	9.7e-10	 0.0368	9.71e-01
NA	/data/songy4/twas/output/weights_control//ENSG00000170638.wgt.RDat	ENSG00000170638	22	50624344	50638027	0.3641	rs4838865	 3.40	rs5771217	 0.124148	  8.60	-0.1717	397	66	enet	0.18	4.3e-27	-1.1483	2.51e-01
NA	/data/songy4/twas/output/weights_control//ENSG00000073169.wgt.RDat	ENSG00000073169	22	50639408	50656045	0.0805	rs4838865	 3.40	rs4611754	 0.041806	  6.03	-0.6875	402	14	enet	0.044	2.2e-07	-0.8789	3.79e-01
NA	/data/songy4/twas/output/weights_control//ENSG00000100239.wgt.RDat	ENSG00000100239	22	50781733	50883514	0.1744	rs4838865	 3.40	rs4824133	 0.051143	 -6.28	 1.8962	368	 9	lasso	0.076	1.1e-11	-0.5389	5.90e-01
NA	/data/songy4/twas/output/weights_control//ENSG00000100258.wgt.RDat	ENSG00000100258	22	50941376	50946135	0.1224	rs4838865	 3.40	rs762669	 0.021706	 -5.53	-1.6552	330	10	enet	0.072	3.7e-11	 2.2262	2.60e-02
NA	/data/songy4/twas/output/weights_control//ENSG00000025708.wgt.RDat	ENSG00000025708	22	50964181	50968485	0.2323	rs4838865	 3.40	rs140522	 0.153462	 -9.51	-2.0200	320	31	enet	0.21	6.6e-31	 1.5719	1.16e-01
NA	/data/songy4/twas/output/weights_control//ENSG00000177989.wgt.RDat	ENSG00000177989	22	50968139	50971009	0.0760	rs4838865	 3.40	rs140522	 0.047800	 -6.12	-2.0200	318	 3	lasso	0.085	6.7e-13	 1.2007	2.30e-01
NA	/data/songy4/twas/output/weights_control//ENSG00000205560.wgt.RDat	ENSG00000205560	22	51007290	51017899	0.1927	rs4838865	 3.40	rs12627787	 0.098943	 -8.38	 0.4524	300	23	enet	0.19	8.4e-28	 0.3064	7.59e-01
NA	/data/songy4/twas/output/weights_control//ENSG00000100299.wgt.RDat	ENSG00000100299	22	51061182	51066607	0.1590	rs4838865	 3.40	rs6151429	 0.074470	 -7.14	-2.8721	263	 8	lasso	0.1	1.7e-15	 3.3814	7.21e-04
NA	/data/songy4/twas/output/weights_control//ENSG00000079974.wgt.RDat	ENSG00000079974	22	51205929	51222091	0.3529	rs2273257	-3.33	rs2285395	 0.186753	 10.98	 0.4773	194	 4	lasso	0.22	2.5e-32	 0.5629	5.74e-01
