PANEL	FILE	ID	CHR	P0	P1	HSQ	BEST.GWAS.ID	BEST.GWAS.Z	EQTL.ID	EQTL.R2	EQTL.Z	EQTL.GWAS.Z	NSNP	NWGT	MODEL	MODELCV.R2	MODELCV.PV	TWAS.Z	TWAS.P
NA	/data/songy4/twas/output/weights_control//ENSG00000151240.wgt.RDat	ENSG00000151240	10	320130	735683	0.1099	rs11253136	-3.63	rs1539231	 5.62e-02	  6.14	 0.5360	 457	 6	lasso	0.061	1.2e-09	 1.3017	1.93e-01
NA	/data/songy4/twas/output/weights_control//ENSG00000180525.wgt.RDat	ENSG00000180525	10	695888	711109	0.0487	rs11253136	-3.63	rs2379078	 1.09e-02	 -4.95	 0.6364	 410	 7	enet	0.021	0.00026	 0.2340	8.15e-01
NA	/data/songy4/twas/output/weights_control//ENSG00000107937.wgt.RDat	ENSG00000107937	10	1034338	1065876	0.0959	rs11253136	-3.63	rs11253560	 1.85e-02	 -5.22	-0.1719	 508	16	enet	0.06	1.6e-09	 1.0362	3.00e-01
NA	/data/songy4/twas/output/weights_control//ENSG00000067064.wgt.RDat	ENSG00000067064	10	1085848	1095110	0.0398	rs11253136	-3.63	rs12415114	-1.43e-03	  3.60	-0.8375	 514	 7	enet	0.0058	0.038	-2.6205	8.78e-03
NA	/data/songy4/twas/output/weights_control//ENSG00000047056.wgt.RDat	ENSG00000047056	10	1095478	1178237	0.0787	rs11253136	-3.63	rs11250249	 3.43e-02	  5.40	-0.8000	 595	18	enet	0.046	1.1e-07	 0.1892	8.50e-01
NA	/data/songy4/twas/output/weights_control//ENSG00000185736.wgt.RDat	ENSG00000185736	10	1228073	1779670	0.7315	rs2676774	-3.12	rs3793739	 6.32e-01	 19.05	-0.9279	1025	14	lasso	0.66	2.4e-138	-0.7403	4.59e-01
NA	/data/songy4/twas/output/weights_control//ENSG00000067057.wgt.RDat	ENSG00000067057	10	3108525	3179904	0.4927	rs10794932	-3.34	rs17212411	 1.57e-01	  9.69	-0.1360	 770	15	lasso	0.39	1.1e-64	 0.1505	8.80e-01
NA	/data/songy4/twas/output/weights_control//ENSG00000107959.wgt.RDat	ENSG00000107959	10	3179920	3215003	0.4180	rs10794932	-3.34	rs3765099	 1.12e-01	  8.46	 0.2523	 753	43	enet	0.28	9.9e-43	 0.9036	3.66e-01
NA	/data/songy4/twas/output/weights_control//ENSG00000067082.wgt.RDat	ENSG00000067082	10	3818188	3827473	0.0571	rs866262	 3.25	rs7093488	 3.76e-02	 -4.93	 0.7282	 638	 1	top1	0.038	1.7e-06	-0.7282	4.67e-01
NA	/data/songy4/twas/output/weights_control//ENSG00000165568.wgt.RDat	ENSG00000165568	10	4828821	4890254	0.4046	rs7081875	-2.75	rs2961559	 1.51e-01	 -9.40	-0.7347	 707	62	enet	0.32	2.5e-49	-0.1007	9.20e-01
NA	/data/songy4/twas/output/weights_control//ENSG00000187134.wgt.RDat	ENSG00000187134	10	4934796	5025475	0.3024	rs7081875	-2.75	rs7908994	 5.15e-02	 -6.35	 1.1154	 700	24	lasso	0.15	1.4e-22	 0.0947	9.25e-01
NA	/data/songy4/twas/output/weights_control//ENSG00000151632.wgt.RDat	ENSG00000151632	10	5029967	5060223	0.6615	rs7081875	-2.75	rs7908994	 6.32e-01	 19.04	 1.1154	 658	 1	top1	0.63	8.9e-127	 1.1154	2.65e-01
NA	/data/songy4/twas/output/weights_control//ENSG00000196139.wgt.RDat	ENSG00000196139	10	5077546	5149878	0.1554	rs7081875	-2.75	rs7894961	 4.21e-02	 -6.44	 1.7217	 711	 9	lasso	0.086	4.7e-13	-0.5090	6.11e-01
NA	/data/songy4/twas/output/weights_control//ENSG00000178462.wgt.RDat	ENSG00000178462	10	5435061	5446793	0.0682	rs7071536	 2.98	rs11599464	 4.17e-02	  5.09	 1.0593	 623	 1	top1	0.042	4.7e-07	 1.0593	2.89e-01
NA	/data/songy4/twas/output/weights_control//ENSG00000196372.wgt.RDat	ENSG00000196372	10	5680830	5708558	0.1116	rs7071536	 2.98	rs1132305	 5.60e-03	  4.45	 0.8400	 684	22	enet	0.035	4e-06	-0.1331	8.94e-01
NA	/data/songy4/twas/output/weights_control//ENSG00000108021.wgt.RDat	ENSG00000108021	10	5726801	5805703	0.0612	rs7071536	 2.98	rs11259192	 5.39e-02	  5.83	-2.1304	 754	 1	top1	0.054	1.1e-08	-2.1304	3.31e-02
NA	/data/songy4/twas/output/weights_control//ENSG00000057608.wgt.RDat	ENSG00000057608	10	5807186	5884095	0.4668	rs7071536	 2.98	rs11594505	 2.99e-01	 13.44	 1.2721	 759	57	enet	0.44	1.5e-73	 1.3734	1.70e-01
NA	/data/songy4/twas/output/weights_control//ENSG00000134452.wgt.RDat	ENSG00000134452	10	5931535	5979556	0.0978	rs7071536	 2.98	rs649537	 4.82e-02	 -6.21	 0.6875	 736	16	enet	0.06	1.5e-09	 0.5007	6.17e-01
NA	/data/songy4/twas/output/weights_control//ENSG00000134470.wgt.RDat	ENSG00000134470	10	5990855	6020150	0.3781	rs7071536	 2.98	rs7904224	 2.24e-01	 11.41	-0.9505	 747	52	enet	0.31	5.5e-49	-1.7204	8.54e-02
NA	/data/songy4/twas/output/weights_control//ENSG00000065675.wgt.RDat	ENSG00000065675	10	6469105	6622263	0.0701	rs7069648	 2.89	rs943451	 9.49e-02	 -7.56	-0.2778	 909	 1	top1	0.095	2.5e-14	 0.2778	7.81e-01
NA	/data/songy4/twas/output/weights_control//ENSG00000151657.wgt.RDat	ENSG00000151657	10	7792925	7829990	0.1948	rs10752122	 3.66	rs1244422	 1.05e-01	 -8.22	 1.7752	 645	 8	lasso	0.12	1e-17	-1.1584	2.47e-01
NA	/data/songy4/twas/output/weights_control//ENSG00000148429.wgt.RDat	ENSG00000148429	10	11495945	11653753	0.1089	rs11257238	 3.30	rs1466696	 2.08e-02	 -4.54	-1.1721	 610	13	enet	0.061	1.3e-09	 1.0867	2.77e-01
NA	/data/songy4/twas/output/weights_control//ENSG00000134463.wgt.RDat	ENSG00000134463	10	11784365	11806069	0.1037	rs11257238	 3.30	rs3814626	 7.79e-02	 -6.89	-0.3628	 477	 1	top1	0.078	5.8e-12	 0.3628	7.17e-01
NA	/data/songy4/twas/output/weights_control//ENSG00000148426.wgt.RDat	ENSG00000148426	10	11865338	11914276	0.0955	rs11257238	 3.30	rs10906026	 4.87e-02	  5.62	 0.2609	 447	 1	top1	0.049	5.3e-08	 0.2609	7.94e-01
NA	/data/songy4/twas/output/weights_control//ENSG00000181192.wgt.RDat	ENSG00000181192	10	12110971	12165224	0.0570	rs11257238	 3.30	rs7894615	 6.01e-02	  6.09	-0.6289	 532	 1	top1	0.06	1.5e-09	-0.6289	5.29e-01
NA	/data/songy4/twas/output/weights_control//ENSG00000065665.wgt.RDat	ENSG00000065665	10	12171636	12211960	0.2878	rs11257238	 3.30	rs12267387	 1.25e-01	 -8.83	-0.6421	 551	34	enet	0.22	3.3e-33	-0.7383	4.60e-01
NA	/data/songy4/twas/output/weights_control//ENSG00000165609.wgt.RDat	ENSG00000165609	10	12207324	12238143	0.2709	rs11257238	 3.30	rs11257655	 1.41e-01	  9.07	-1.2203	 541	39	enet	0.2	5.7e-30	-1.0003	3.17e-01
NA	/data/songy4/twas/output/weights_control//ENSG00000151465.wgt.RDat	ENSG00000151465	10	12237964	12292588	0.1411	rs7078672	 3.00	rs11257655	 3.28e-02	  6.38	-1.2203	 543	28	enet	0.077	6.9e-12	-1.3396	1.80e-01
NA	/data/songy4/twas/output/weights_control//ENSG00000183049.wgt.RDat	ENSG00000183049	10	12391481	12877545	0.2922	rs7078672	 3.00	rs11257655	 2.91e-01	 13.00	-1.2203	 908	 1	top1	0.29	6e-45	-1.2203	2.22e-01
NA	/data/songy4/twas/output/weights_control//ENSG00000107537.wgt.RDat	ENSG00000107537	10	13319796	13344412	0.1095	rs11593289	 2.86	rs17512962	 4.77e-02	 -5.80	 1.0392	 724	16	enet	0.06	1.4e-09	-1.7730	7.62e-02
NA	/data/songy4/twas/output/weights_control//ENSG00000165626.wgt.RDat	ENSG00000165626	10	13480484	13570974	0.1432	rs11593289	 2.86	rs7922134	 7.66e-02	 -7.64	 1.1818	 749	 8	lasso	0.13	1.8e-19	-0.7755	4.38e-01
NA	/data/songy4/twas/output/weights_control//ENSG00000165630.wgt.RDat	ENSG00000165630	10	13628927	13672868	0.0447	rs2274110	-2.75	rs4750392	 3.22e-02	 -4.94	 0.2673	 737	 1	top1	0.032	8.8e-06	-0.2673	7.89e-01
NA	/data/songy4/twas/output/weights_control//ENSG00000151474.wgt.RDat	ENSG00000151474	10	13685706	14504141	0.2326	rs11258928	-3.34	rs11258541	 1.18e-01	 -8.38	 0.7647	1272	40	enet	0.13	7.3e-20	-0.8612	3.89e-01
NA	/data/songy4/twas/output/weights_control//ENSG00000065809.wgt.RDat	ENSG00000065809	10	14560556	14816896	0.3557	rs11258928	-3.34	rs17155703	 8.60e-02	  8.59	-0.6277	 829	48	enet	0.21	4.4e-32	-0.1150	9.08e-01
NA	/data/songy4/twas/output/weights_control//ENSG00000152457.wgt.RDat	ENSG00000152457	10	14939358	14996431	0.0525	rs7087109	 3.32	rs12259906	 4.03e-02	 -5.83	 0.9635	 608	 3	lasso	0.041	6.5e-07	-0.8051	4.21e-01
NA	/data/songy4/twas/output/weights_control//ENSG00000152463.wgt.RDat	ENSG00000152463	10	15074226	15115851	0.2020	rs896435	-7.28	rs11259454	 9.46e-02	  7.62	 0.3497	 594	24	enet	0.095	2.5e-14	 0.0740	9.41e-01
NA	/data/songy4/twas/output/weights_control//ENSG00000152464.wgt.RDat	ENSG00000152464	10	15139179	15181817	0.0712	rs896435	-7.28	rs12250830	 3.34e-02	  5.34	 0.0619	 576	 1	top1	0.033	6.1e-06	 0.0619	9.51e-01
NA	/data/songy4/twas/output/weights_control//ENSG00000152465.wgt.RDat	ENSG00000152465	10	15144583	15210692	0.5823	rs896435	-7.28	rs10906857	 2.73e-01	-12.59	 0.2059	 591	26	enet	0.44	1.5e-74	-0.2232	8.23e-01
NA	/data/songy4/twas/output/weights_control//ENSG00000148468.wgt.RDat	ENSG00000148468	10	15253642	15413061	0.1697	rs896435	-7.28	rs3814168	 5.79e-04	  5.40	-0.2741	 565	30	enet	0.066	2.1e-10	-0.8527	3.94e-01
NA	/data/songy4/twas/output/weights_control//ENSG00000148481.wgt.RDat	ENSG00000148481	10	15820169	15902519	0.1115	rs896435	-7.28	rs2297882	 6.77e-02	 -6.88	-0.1579	 505	13	enet	0.077	7.8e-12	 0.0431	9.66e-01
NA	/data/songy4/twas/output/weights_control//ENSG00000165983.wgt.RDat	ENSG00000165983	10	16478942	16555736	0.6135	rs17138783	-3.16	rs6602130	 3.89e-01	-15.18	-1.5760	 639	10	lasso	0.57	1.7e-106	 2.3202	2.03e-02
NA	/data/songy4/twas/output/weights_control//ENSG00000148484.wgt.RDat	ENSG00000148484	10	16632610	16859527	0.6288	rs17138783	-3.16	rs1797081	 5.88e-01	 18.55	 1.4020	 747	10	lasso	0.62	2.2e-123	 1.2215	2.22e-01
NA	/data/songy4/twas/output/weights_control//ENSG00000107611.wgt.RDat	ENSG00000107611	10	16865963	17171830	0.5634	rs17138783	-3.16	rs7084476	 5.23e-01	 17.69	 1.1549	 832	35	enet	0.58	2.5e-110	 1.2582	2.08e-01
NA	/data/songy4/twas/output/weights_control//ENSG00000107614.wgt.RDat	ENSG00000107614	10	17184253	17244053	0.2862	rs7900486	 3.01	rs17381591	 8.48e-02	  7.28	 1.2718	 692	16	lasso	0.19	1.9e-28	 1.3796	1.68e-01
NA	/data/songy4/twas/output/weights_control//ENSG00000026025.wgt.RDat	ENSG00000026025	10	17270258	17279592	0.1472	rs7900486	 3.01	rs429048	 4.79e-02	 -5.67	-0.9655	 665	45	enet	0.068	1.3e-10	-0.3848	7.00e-01
NA	/data/songy4/twas/output/weights_control//ENSG00000148488.wgt.RDat	ENSG00000148488	10	17360382	17496329	0.1563	rs7900486	 3.01	rs12246926	 4.44e-02	 -5.90	 0.6571	 600	32	enet	0.085	5.8e-13	-1.1870	2.35e-01
NA	/data/songy4/twas/output/weights_control//ENSG00000165996.wgt.RDat	ENSG00000165996	10	17631958	17659376	0.1310	rs7916058	-2.53	rs4556434	 5.09e-02	  5.76	 0.3235	 388	17	enet	0.054	9.7e-09	 1.0071	3.14e-01
NA	/data/songy4/twas/output/weights_control//ENSG00000136738.wgt.RDat	ENSG00000136738	10	17686124	17757913	0.1104	rs7081872	-2.59	rs4556434	 8.35e-02	  7.46	 0.3235	 380	11	enet	0.085	5.2e-13	 0.3218	7.48e-01
NA	/data/songy4/twas/output/weights_control//ENSG00000148483.wgt.RDat	ENSG00000148483	10	17794251	17842867	0.2165	rs7081872	-2.59	rs2688793	 1.46e-01	-10.05	 0.0614	 373	30	enet	0.2	3.2e-30	 0.3462	7.29e-01
NA	/data/songy4/twas/output/weights_control//ENSG00000241058.wgt.RDat	ENSG00000241058	10	18834490	18940551	0.1484	rs10829156	-3.50	rs7895709	 1.05e-01	 -8.72	-1.4536	 652	 7	lasso	0.12	2.3e-18	 2.2630	2.36e-02
NA	/data/songy4/twas/output/weights_control//ENSG00000165997.wgt.RDat	ENSG00000165997	10	18948334	18970568	0.0641	rs10829156	-3.50	rs10828975	 4.81e-04	  3.85	 1.8317	 588	 1	top1	0.00048	0.26	 1.8317	6.70e-02
NA	/data/songy4/twas/output/weights_control//ENSG00000120594.wgt.RDat	ENSG00000120594	10	20105168	20578785	0.0804	rs12775805	 3.57	rs12217228	 3.69e-02	  5.03	 1.0577	 906	 1	top1	0.037	2.1e-06	 1.0577	2.90e-01
NA	/data/songy4/twas/output/weights_control//ENSG00000078114.wgt.RDat	ENSG00000078114	10	21068902	21463116	0.8388	rs11012732	-3.10	rs7900067	 6.73e-01	 19.69	-0.4830	 670	84	enet	0.72	5.1e-159	-0.5193	6.04e-01
NA	/data/songy4/twas/output/weights_control//ENSG00000204683.wgt.RDat	ENSG00000204683	10	21414692	21435488	0.7457	rs11012732	-3.10	rs7900067	 6.04e-01	 18.67	-0.4830	 466	10	lasso	0.63	7.5e-125	-0.6505	5.15e-01
NA	/data/songy4/twas/output/weights_control//ENSG00000078403.wgt.RDat	ENSG00000078403	10	21823094	22032559	0.0416	rs11012732	-3.10	rs2050905	 4.22e-03	 -3.95	-2.1212	 320	 1	top1	0.0042	0.065	 2.1212	3.39e-02
NA	/data/songy4/twas/output/weights_control//ENSG00000136770.wgt.RDat	ENSG00000136770	10	22045466	22292698	0.0394	rs11012732	-3.10	rs4748793	 2.31e-02	 -4.05	 0.0619	 280	20	enet	0.029	2.3e-05	 0.0231	9.82e-01
NA	/data/songy4/twas/output/weights_control//ENSG00000165309.wgt.RDat	ENSG00000165309	10	23216953	23326518	0.0893	rs1778330	 4.18	rs10828351	 9.33e-02	 -7.41	 1.3043	 406	 1	top1	0.093	4.2e-14	-1.3043	1.92e-01
NA	/data/songy4/twas/output/weights_control//ENSG00000148450.wgt.RDat	ENSG00000148450	10	23384435	23410942	0.2439	rs1778330	 4.18	rs11013071	 1.08e-01	 -8.09	 0.6705	 375	50	enet	0.14	6.9e-21	-0.9389	3.48e-01
NA	/data/songy4/twas/output/weights_control//ENSG00000179133.wgt.RDat	ENSG00000179133	10	23556124	23633774	0.0750	rs1983880	 3.16	rs2209501	 1.60e-02	  4.58	-1.0959	 384	 6	lasso	0.019	0.00056	-0.9901	3.22e-01
NA	/data/songy4/twas/output/weights_control//ENSG00000107863.wgt.RDat	ENSG00000107863	10	24872538	25012597	0.1017	rs11013998	 2.11	rs2886851	 6.31e-02	  6.83	 1.6091	 528	 4	lasso	0.077	7.2e-12	 1.2171	2.24e-01
NA	/data/songy4/twas/output/weights_control//ENSG00000095777.wgt.RDat	ENSG00000095777	10	26223196	26501456	0.1046	rs11014762	 2.92	rs2153345	 4.21e-02	  5.17	 1.1060	 663	18	enet	0.05	3.1e-08	 1.3110	1.90e-01
NA	/data/songy4/twas/output/weights_control//ENSG00000077420.wgt.RDat	ENSG00000077420	10	26727132	26856732	0.2338	rs12358081	 2.72	rs2992333	 2.29e-01	 11.55	 0.4510	 493	10	lasso	0.25	1.6e-38	 0.5667	5.71e-01
NA	/data/songy4/twas/output/weights_control//ENSG00000148459.wgt.RDat	ENSG00000148459	10	26986588	27035727	0.0856	rs12358081	 2.72	rs1748343	 6.11e-02	  6.14	 1.1132	 470	 1	top1	0.061	1.1e-09	 1.1132	2.66e-01
NA	/data/songy4/twas/output/weights_control//ENSG00000136754.wgt.RDat	ENSG00000136754	10	27035522	27150016	0.0851	rs7088501	-3.19	rs12220461	 9.35e-02	  7.59	 0.8168	 478	 1	top1	0.094	3.9e-14	 0.8168	4.14e-01
NA	/data/songy4/twas/output/weights_control//ENSG00000107890.wgt.RDat	ENSG00000107890	10	27280843	27389421	0.2366	rs7088501	-3.19	rs11015603	 9.06e-02	  8.57	-0.6884	 494	 9	lasso	0.12	2e-18	-0.6782	4.98e-01
NA	/data/songy4/twas/output/weights_control//ENSG00000136758.wgt.RDat	ENSG00000136758	10	27399383	27444195	0.0436	rs7088501	-3.19	rs12775377	 1.98e-02	 -4.95	-1.7433	 473	 1	top1	0.02	0.00042	 1.7433	8.13e-02
NA	/data/songy4/twas/output/weights_control//ENSG00000120539.wgt.RDat	ENSG00000120539	10	27443753	27475853	0.4952	rs7088501	-3.19	rs7900024	 7.63e-01	-20.96	-0.1961	 489	16	lasso	0.77	1.6e-183	 0.2459	8.06e-01
NA	/data/songy4/twas/output/weights_control//ENSG00000150054.wgt.RDat	ENSG00000150054	10	28339922	28623415	0.3433	rs1775911	 2.85	rs1776127	 2.06e-01	-11.08	-0.6748	 656	10	lasso	0.21	1.6e-31	 0.4395	6.60e-01
NA	/data/songy4/twas/output/weights_control//ENSG00000095787.wgt.RDat	ENSG00000095787	10	28821422	28912041	0.0542	rs1775911	 2.85	rs11007131	 3.09e-02	  4.68	 0.7949	 653	 1	top1	0.031	1.3e-05	 0.7949	4.27e-01
NA	/data/songy4/twas/output/weights_control//ENSG00000095739.wgt.RDat	ENSG00000095739	10	28966271	28971868	0.2492	rs1775911	 2.85	rs1775908	 1.90e-01	 10.55	 2.1540	 617	28	enet	0.21	8.6e-31	 1.9693	4.89e-02
NA	/data/songy4/twas/output/weights_control//ENSG00000197321.wgt.RDat	ENSG00000197321	10	29746267	30025710	0.1683	rs17294753	 3.53	rs11007747	 7.83e-02	  7.60	-0.6538	 884	10	lasso	0.099	5.7e-15	-0.1432	8.86e-01
NA	/data/songy4/twas/output/weights_control//ENSG00000107951.wgt.RDat	ENSG00000107951	10	30598730	30663377	0.2037	rs17294753	 3.53	rs11818836	 1.49e-01	 -9.64	-0.7423	 631	 1	top1	0.15	5.1e-22	 0.7423	4.58e-01
NA	/data/songy4/twas/output/weights_control//ENSG00000107968.wgt.RDat	ENSG00000107968	10	30722866	30750762	0.0678	rs2994655	 3.08	rs8177029	 2.75e-02	  5.46	 0.9622	 582	14	enet	0.036	2.8e-06	 1.1058	2.69e-01
NA	/data/songy4/twas/output/weights_control//ENSG00000183621.wgt.RDat	ENSG00000183621	10	31109136	31320866	0.0430	rs2994655	 3.08	rs2994663	 6.21e-03	 -4.16	 0.2636	 542	 1	top1	0.0062	0.033	-0.2636	7.92e-01
NA	/data/songy4/twas/output/weights_control//ENSG00000165322.wgt.RDat	ENSG00000165322	10	32094365	32217742	0.0879	rs7100081	 2.90	rs7095322	 1.56e-01	  9.57	 0.7050	 388	 1	top1	0.16	3.8e-23	 0.7050	4.81e-01
NA	/data/songy4/twas/output/weights_control//ENSG00000170759.wgt.RDat	ENSG00000170759	10	32297938	32345359	0.1038	rs425411	-2.90	rs211268	 7.93e-02	  7.79	-0.8000	 381	 3	lasso	0.12	2.3e-17	-1.1165	2.64e-01
NA	/data/songy4/twas/output/weights_control//ENSG00000216937.wgt.RDat	ENSG00000216937	10	32735068	32863492	0.2209	rs1775115	 3.16	rs3004208	 1.95e-01	 10.62	-0.8450	 377	45	enet	0.3	9.8e-46	 0.3261	7.44e-01
NA	/data/songy4/twas/output/weights_control//ENSG00000108094.wgt.RDat	ENSG00000108094	10	35297479	35379570	0.0329	rs4934750	 3.17	rs4934726	 1.78e-02	 -4.35	 0.4062	 319	 1	top1	0.018	0.00079	-0.4063	6.85e-01
NA	/data/songy4/twas/output/weights_control//ENSG00000095794.wgt.RDat	ENSG00000095794	10	35415719	35501886	0.0233	rs4934750	 3.17	rs4007287	 3.61e-02	 -4.76	 0.6509	 348	 1	top1	0.036	2.6e-06	-0.6509	5.15e-01
NA	/data/songy4/twas/output/weights_control//ENSG00000108100.wgt.RDat	ENSG00000108100	10	35535953	35860852	0.0665	rs4934750	 3.17	rs1363000	 5.54e-02	 -5.97	 1.8208	 474	23	enet	0.061	1.4e-09	-1.3949	1.63e-01
NA	/data/songy4/twas/output/weights_control//ENSG00000198105.wgt.RDat	ENSG00000198105	10	38091751	38147034	0.0374	rs2749647	 3.88	rs17660144	-1.08e-03	  4.35	-0.2778	 313	63	enet	0.01	0.0087	-0.7689	4.42e-01
NA	/data/songy4/twas/output/weights_control//ENSG00000175395.wgt.RDat	ENSG00000175395	10	38238500	38265561	0.1086	rs2505192	 3.88	rs17575387	 8.71e-02	  7.41	-1.4251	 279	80	enet	0.11	2.1e-16	-1.3533	1.76e-01
NA	/data/songy4/twas/output/weights_control//ENSG00000075407.wgt.RDat	ENSG00000075407	10	38383264	38414472	0.0460	rs2505192	 3.86	rs3739992	 1.00e-02	  4.15	-0.7658	 237	 1	top1	0.01	0.0093	-0.7658	4.44e-01
NA	/data/songy4/twas/output/weights_control//ENSG00000196693.wgt.RDat	ENSG00000196693	10	43084555	43133992	0.3274	rs1255410	-4.04	rs603671	 1.67e-01	 10.36	 2.9179	 323	12	lasso	0.27	8.5e-41	 1.0724	2.84e-01
NA	/data/songy4/twas/output/weights_control//ENSG00000165731.wgt.RDat	ENSG00000165731	10	43572475	43625799	0.0616	rs590937	-3.53	rs2742234	-7.62e-05	 -4.25	 0.7091	 412	25	enet	0.0076	0.021	-1.0265	3.05e-01
NA	/data/songy4/twas/output/weights_control//ENSG00000169826.wgt.RDat	ENSG00000169826	10	43633934	43680756	0.0353	rs590937	-3.53	rs2503876	 1.29e-02	  3.89	 0.7604	 412	19	enet	0.015	0.002	 0.3756	7.07e-01
NA	/data/songy4/twas/output/weights_control//ENSG00000198915.wgt.RDat	ENSG00000198915	10	43689983	43762367	0.1598	rs2484304	-3.43	rs7093409	 5.84e-02	  7.55	 1.1066	 438	24	enet	0.12	2.5e-17	 0.8054	4.21e-01
NA	/data/songy4/twas/output/weights_control//ENSG00000243660.wgt.RDat	ENSG00000243660	10	43932282	43991517	0.0593	rs17154173	 2.80	rs10899795	 3.84e-02	 -5.02	-0.2301	 483	 1	top1	0.038	1.3e-06	 0.2301	8.18e-01
NA	/data/songy4/twas/output/weights_control//ENSG00000196793.wgt.RDat	ENSG00000196793	10	44051792	44070066	0.2660	rs17154173	 2.80	rs2999248	 1.20e-01	 -8.64	 0.4688	 480	19	enet	0.22	2e-32	-0.3461	7.29e-01
NA	/data/songy4/twas/output/weights_control//ENSG00000198298.wgt.RDat	ENSG00000198298	10	44101855	44113351	0.0581	rs17154173	 2.80	rs3006389	 1.43e-03	 -3.78	 0.0762	 476	37	enet	0.0083	0.016	-0.3904	6.96e-01
NA	/data/songy4/twas/output/weights_control//ENSG00000169740.wgt.RDat	ENSG00000169740	10	44139307	44144304	0.0678	rs17154173	 2.80	rs2999248	 2.56e-02	 -5.35	 0.4688	 466	 5	lasso	0.038	1.7e-06	-0.4958	6.20e-01
NA	/data/songy4/twas/output/weights_control//ENSG00000107551.wgt.RDat	ENSG00000107551	10	45454855	45491339	0.1512	rs915085	 2.76	rs11239344	 5.60e-02	  6.96	-0.4019	 478	 8	lasso	0.12	1.3e-17	 0.0711	9.43e-01
NA	/data/songy4/twas/output/weights_control//ENSG00000256574.wgt.RDat	ENSG00000256574	10	45798102	45811056	0.0803	rs17157106	 2.33	rs12356109	 8.44e-02	 -7.71	-0.7482	 373	 7	lasso	0.089	1.6e-13	 0.8323	4.05e-01
NA	/data/songy4/twas/output/weights_control//ENSG00000012779.wgt.RDat	ENSG00000012779	10	45869661	45941561	0.1094	rs17417060	 2.24	rs7915972	 3.64e-02	 -4.83	 0.0933	 345	 1	top1	0.036	2.5e-06	-0.0933	9.26e-01
NA	/data/songy4/twas/output/weights_control//ENSG00000165406.wgt.RDat	ENSG00000165406	10	45950035	46090354	0.1007	rs10751384	-2.20	rs17696005	 3.06e-02	  6.22	 1.2472	 292	 7	lasso	0.059	2e-09	 0.8555	3.92e-01
NA	/data/songy4/twas/output/weights_control//ENSG00000172671.wgt.RDat	ENSG00000172671	10	46111043	46168228	0.1401	rs10751384	-2.20	rs10751386	 1.27e-01	  8.71	-1.5361	 216	15	enet	0.14	2.6e-21	-1.0425	2.97e-01
NA	/data/songy4/twas/output/weights_control//ENSG00000172661.wgt.RDat	ENSG00000172661	10	46222648	46288409	0.2953	rs10751384	-2.20	rs10900229	 2.46e-01	-12.01	 1.3211	 173	 9	lasso	0.28	3.7e-43	-0.6781	4.98e-01
NA	/data/songy4/twas/output/weights_control//ENSG00000188234.wgt.RDat	ENSG00000188234	10	46321042	46349323	0.0903	rs10751384	-2.20	rs4949006	 8.17e-03	 -3.56	 1.7400	 129	35	enet	0.024	0.00011	-0.2315	8.17e-01
NA	/data/songy4/twas/output/weights_control//ENSG00000204172.wgt.RDat	ENSG00000204172	10	47191844	47239738	0.0686	rs4500424	 1.86	rs7072255	 2.70e-02	  4.31	-1.3938	  55	18	enet	0.031	1.4e-05	-1.8982	5.77e-02
NA	/data/songy4/twas/output/weights_control//ENSG00000107643.wgt.RDat	ENSG00000107643	10	49514698	49647403	0.1281	rs10857614	-4.74	rs7101060	 1.66e-01	-10.04	-0.1616	 486	20	enet	0.18	2.4e-27	 0.5088	6.11e-01
NA	/data/songy4/twas/output/weights_control//ENSG00000128805.wgt.RDat	ENSG00000128805	10	49654077	49864310	0.5572	rs10857614	-4.74	rs4838429	 1.35e-01	  9.95	-4.5914	 616	35	enet	0.41	3.2e-68	-4.6964	2.65e-06
NA	/data/songy4/twas/output/weights_control//ENSG00000128815.wgt.RDat	ENSG00000128815	10	49892921	50191001	0.3580	rs10857614	-4.74	rs7072606	 1.69e-01	 10.42	-0.6077	 780	42	enet	0.23	9.8e-35	-0.6331	5.27e-01
NA	/data/songy4/twas/output/weights_control//ENSG00000165633.wgt.RDat	ENSG00000165633	10	50222290	50323554	0.1188	rs10857614	-4.74	rs2663018	 2.57e-02	  5.94	 0.2463	 701	 5	lasso	0.064	4.3e-10	 0.8056	4.20e-01
NA	/data/songy4/twas/output/weights_control//ENSG00000172538.wgt.RDat	ENSG00000172538	10	50339199	50342053	0.1998	rs4838429	-4.59	rs12249370	 1.70e-01	 10.03	 0.5234	 622	13	lasso	0.19	8.9e-28	 0.7912	4.29e-01
NA	/data/songy4/twas/output/weights_control//ENSG00000204161.wgt.RDat	ENSG00000204161	10	50362773	50396630	0.3934	rs3729496	 4.09	rs12249370	 2.18e-01	 11.34	 0.5234	 648	42	enet	0.27	1.2e-41	 0.4602	6.45e-01
NA	/data/songy4/twas/output/weights_control//ENSG00000225830.wgt.RDat	ENSG00000225830	10	50663414	50747584	0.2414	rs3729496	 4.09	rs1949884	 1.39e-01	 -9.12	-1.2816	 474	 9	lasso	0.21	7.4e-32	 1.3153	1.88e-01
NA	/data/songy4/twas/output/weights_control//ENSG00000227345.wgt.RDat	ENSG00000227345	10	51026325	51130715	0.0385	rs3729496	 4.09	rs11101238	 2.77e-02	 -4.60	 0.6632	 294	 1	top1	0.028	3.6e-05	-0.6632	5.07e-01
NA	/data/songy4/twas/output/weights_control//ENSG00000204152.wgt.RDat	ENSG00000204152	10	51371390	51387768	0.1204	rs1153799	 2.29	rs3849145	 1.50e-01	 -9.73	 0.5263	 121	 4	lasso	0.17	6.9e-26	-0.3512	7.25e-01
NA	/data/songy4/twas/output/weights_control//ENSG00000204149.wgt.RDat	ENSG00000204149	10	51748078	51770259	0.4660	rs17721658	 3.70	rs4935050	 2.12e-01	-11.38	 0.5827	 233	19	enet	0.25	2.8e-38	-0.5555	5.79e-01
NA	/data/songy4/twas/output/weights_control//ENSG00000099290.wgt.RDat	ENSG00000099290	10	51827648	51893269	0.3278	rs17721658	 3.70	rs17776643	 7.89e-02	  7.17	-0.9315	 306	10	lasso	0.15	1e-22	-1.0476	2.95e-01
NA	/data/songy4/twas/output/weights_control//ENSG00000188611.wgt.RDat	ENSG00000188611	10	51942538	52008370	0.5218	rs17721658	 3.70	rs4497350	 3.64e-01	-14.48	 1.6027	 329	 8	lasso	0.38	3.3e-62	-1.8094	7.04e-02
NA	/data/songy4/twas/output/weights_control//ENSG00000198964.wgt.RDat	ENSG00000198964	10	52065360	52384923	0.0719	rs17721658	 3.70	rs4935737	 2.50e-02	 -4.91	-1.8800	 452	33	enet	0.058	3.5e-09	 0.0528	9.58e-01
NA	/data/songy4/twas/output/weights_control//ENSG00000204147.wgt.RDat	ENSG00000204147	10	52499078	52576255	0.3050	rs17721658	 3.70	rs4497350	 2.50e-01	 12.36	 1.5200	 505	 9	lasso	0.3	2.9e-46	 1.4340	1.52e-01
NA	/data/songy4/twas/output/weights_control//ENSG00000177613.wgt.RDat	ENSG00000177613	10	53455247	53459355	0.1044	rs7477839	 3.37	rs7896346	-1.21e-03	 -4.07	 0.6436	 592	31	enet	0.015	0.0017	-0.8999	3.68e-01
NA	/data/songy4/twas/output/weights_control//ENSG00000151151.wgt.RDat	ENSG00000151151	10	59951278	60027694	0.2102	rs6481313	 2.87	rs4390300	 1.50e-01	 -9.34	 1.5842	 461	14	lasso	0.26	6.7e-39	-0.9975	3.19e-01
NA	/data/songy4/twas/output/weights_control//ENSG00000122873.wgt.RDat	ENSG00000122873	10	60028818	60049346	0.2555	rs10826175	 2.57	rs2790170	 3.77e-01	-15.09	 0.1858	 438	43	enet	0.42	2.4e-69	-0.4611	6.45e-01
NA	/data/songy4/twas/output/weights_control//ENSG00000072401.wgt.RDat	ENSG00000072401	10	60094735	60130513	0.7070	rs10826175	 2.57	rs4390300	 5.89e-01	-18.40	 1.5842	 450	 4	lasso	0.62	2.6e-123	-1.3568	1.75e-01
NA	/data/songy4/twas/output/weights_control//ENSG00000108064.wgt.RDat	ENSG00000108064	10	60144782	60158981	0.4584	rs10826175	 2.57	rs4390300	 3.72e-01	-14.64	 1.5842	 440	 4	lasso	0.38	3.9e-61	-1.4513	1.47e-01
NA	/data/songy4/twas/output/weights_control//ENSG00000122870.wgt.RDat	ENSG00000122870	10	60272900	60591195	0.0588	rs10826175	 2.57	rs10763559	 7.30e-02	 -6.97	 0.1262	 516	 2	lasso	0.094	3.7e-14	-0.0365	9.71e-01
NA	/data/songy4/twas/output/weights_control//ENSG00000108091.wgt.RDat	ENSG00000108091	10	61548521	61666414	0.0496	rs1171830	-3.32	rs1053266	 2.90e-02	  4.32	-1.4787	 629	 1	top1	0.029	2.4e-05	-1.4787	1.39e-01
NA	/data/songy4/twas/output/weights_control//ENSG00000151150.wgt.RDat	ENSG00000151150	10	61786056	62493248	0.3651	rs6479734	-3.36	rs1904418	 3.19e-01	-13.64	-0.6852	 876	 5	lasso	0.41	2.4e-67	 1.2746	2.02e-01
NA	/data/songy4/twas/output/weights_control//ENSG00000072422.wgt.RDat	ENSG00000072422	10	62629196	62761198	0.0680	rs6479734	-3.34	rs4948437	 4.79e-02	 -5.64	-1.1485	 461	 1	top1	0.048	6.8e-08	 1.1485	2.51e-01
NA	/data/songy4/twas/output/weights_control//ENSG00000150347.wgt.RDat	ENSG00000150347	10	63661059	63856703	0.1114	rs9804184	 4.08	rs6479789	 7.64e-02	  7.25	 2.1429	 546	 4	lasso	0.086	3.7e-13	 1.6196	1.05e-01
NA	/data/songy4/twas/output/weights_control//ENSG00000182010.wgt.RDat	ENSG00000182010	10	63942794	64028466	0.2272	rs9804184	 4.08	rs4381270	 1.78e-01	 10.96	-0.9820	 500	13	lasso	0.27	3.9e-42	 0.2511	8.02e-01
NA	/data/songy4/twas/output/weights_control//ENSG00000148572.wgt.RDat	ENSG00000148572	10	64893050	64914783	0.1552	rs2500953	 2.49	rs16913026	 9.27e-02	  7.36	-0.7222	 395	 4	lasso	0.1	4.6e-15	-0.8363	4.03e-01
NA	/data/songy4/twas/output/weights_control//ENSG00000183230.wgt.RDat	ENSG00000183230	10	67672276	69455927	0.1857	rs10997908	-3.79	rs12263424	 1.70e-01	  9.97	 0.6640	1399	 1	top1	0.17	2.9e-25	 0.6640	5.07e-01
NA	/data/songy4/twas/output/weights_control//ENSG00000096717.wgt.RDat	ENSG00000096717	10	69644427	69678147	0.1960	rs10997908	-3.79	rs3758391	 3.01e-01	 13.28	 1.2925	 366	 1	top1	0.3	1.1e-46	 1.2925	1.96e-01
NA	/data/songy4/twas/output/weights_control//ENSG00000138346.wgt.RDat	ENSG00000138346	10	70173821	70231879	0.2410	rs10997908	-3.79	rs1535539	 1.83e-01	-10.62	 0.4101	 406	 8	lasso	0.21	1.2e-31	-0.8621	3.89e-01
NA	/data/songy4/twas/output/weights_control//ENSG00000165730.wgt.RDat	ENSG00000165730	10	70587298	70655188	0.6745	rs10762281	-3.47	rs12268631	 7.34e-01	 20.52	 0.1910	 444	 9	lasso	0.76	8e-178	 0.2682	7.89e-01
NA	/data/songy4/twas/output/weights_control//ENSG00000122862.wgt.RDat	ENSG00000122862	10	70847862	70864567	0.0592	rs10762281	-3.47	rs12780588	 5.48e-02	  5.95	 0.8016	 486	 1	top1	0.055	8e-09	 0.8016	4.23e-01
NA	/data/songy4/twas/output/weights_control//ENSG00000122958.wgt.RDat	ENSG00000122958	10	70883268	70932617	0.1780	rs10762281	-3.47	rs12774307	 1.60e-01	 10.08	-0.2281	 542	 6	lasso	0.16	1.9e-24	-0.3256	7.45e-01
NA	/data/songy4/twas/output/weights_control//ENSG00000156502.wgt.RDat	ENSG00000156502	10	70939988	70968855	0.1372	rs10762281	-3.47	rs5030937	 1.09e-01	  8.43	 1.5243	 549	11	enet	0.13	7.5e-20	 1.3364	1.81e-01
NA	/data/songy4/twas/output/weights_control//ENSG00000156510.wgt.RDat	ENSG00000156510	10	70980059	71027315	0.4365	rs10762281	-3.47	rs17566219	 2.59e-01	-12.67	-1.4484	 595	19	enet	0.33	6.4e-53	 1.9806	4.76e-02
NA	/data/songy4/twas/output/weights_control//ENSG00000099282.wgt.RDat	ENSG00000099282	10	71211229	71267425	0.1951	rs10762281	-3.47	rs17569412	 6.99e-02	  6.94	-1.8667	 749	11	lasso	0.07	6.6e-11	-1.3597	1.74e-01
NA	/data/songy4/twas/output/weights_control//ENSG00000197467.wgt.RDat	ENSG00000197467	10	71561644	71724031	0.1427	rs2704521	 3.03	rs4314981	 5.59e-03	  4.82	 0.1891	 838	25	enet	0.044	2.2e-07	-0.3259	7.45e-01
NA	/data/songy4/twas/output/weights_control//ENSG00000099284.wgt.RDat	ENSG00000099284	10	71812552	71872036	0.0582	rs2704521	 3.03	rs3998777	 6.49e-03	 -4.09	 1.2371	 791	 1	top1	0.0065	0.03	-1.2371	2.16e-01
NA	/data/songy4/twas/output/weights_control//ENSG00000042286.wgt.RDat	ENSG00000042286	10	71857979	71892690	0.2042	rs2704521	 3.03	rs6480442	 1.46e-01	 -9.51	-2.1500	 759	 7	lasso	0.16	2.6e-23	 2.0537	4.00e-02
NA	/data/songy4/twas/output/weights_control//ENSG00000156521.wgt.RDat	ENSG00000156521	10	71897737	71906432	0.1546	rs2704521	 3.03	rs3763735	 8.49e-02	  7.23	 0.2716	 730	 1	top1	0.085	6.2e-13	 0.2716	7.86e-01
NA	/data/songy4/twas/output/weights_control//ENSG00000079332.wgt.RDat	ENSG00000079332	10	71907045	71930279	0.0647	rs2704521	 3.03	rs6480442	 8.68e-03	  4.56	-2.1500	 732	14	enet	0.037	1.9e-06	-1.7187	8.57e-02
NA	/data/songy4/twas/output/weights_control//ENSG00000180817.wgt.RDat	ENSG00000180817	10	71962586	71993667	0.4115	rs2704521	 3.03	rs7072230	 4.50e-01	 16.09	-1.5794	 731	15	enet	0.5	8.7e-88	-0.9402	3.47e-01
NA	/data/songy4/twas/output/weights_control//ENSG00000166224.wgt.RDat	ENSG00000166224	10	72575717	72640930	0.1292	rs3740462	-2.84	rs11594622	 8.34e-02	  7.20	-2.3529	 728	37	enet	0.088	2e-13	-1.3913	1.64e-01
NA	/data/songy4/twas/output/weights_control//ENSG00000166228.wgt.RDat	ENSG00000166228	10	72642037	72648541	0.1572	rs3740462	-2.84	rs2691148	 5.61e-02	 -6.34	-0.2000	 685	12	lasso	0.061	1.1e-09	 0.1731	8.63e-01
NA	/data/songy4/twas/output/weights_control//ENSG00000107731.wgt.RDat	ENSG00000107731	10	72972327	73062621	0.2591	rs3740462	-2.84	rs10999739	 1.65e-01	 10.48	-0.1802	 813	19	enet	0.22	1.1e-32	 0.0238	9.81e-01
NA	/data/songy4/twas/output/weights_control//ENSG00000107736.wgt.RDat	ENSG00000107736	10	73156691	73575702	0.2403	rs2394862	 3.01	rs7913396	 1.67e-01	-10.45	 0.9000	 884	 8	lasso	0.19	6.6e-29	-0.3865	6.99e-01
NA	/data/songy4/twas/output/weights_control//ENSG00000197746.wgt.RDat	ENSG00000197746	10	73576055	73611126	0.0666	rs2394862	 3.01	rs4747192	 1.93e-02	  4.57	-1.1811	 610	14	enet	0.032	9.3e-06	-0.6152	5.38e-01
NA	/data/songy4/twas/output/weights_control//ENSG00000107742.wgt.RDat	ENSG00000107742	10	73818793	73848790	0.1394	rs2394862	 3.01	rs3180	 1.39e-01	  9.81	 0.1471	 534	 4	lasso	0.15	5.8e-22	 0.4224	6.73e-01
NA	/data/songy4/twas/output/weights_control//ENSG00000168209.wgt.RDat	ENSG00000168209	10	74033678	74035794	0.0618	rs2394862	 3.01	rs8316	 2.68e-02	 -4.41	 1.6311	 396	 1	top1	0.027	4.7e-05	-1.6311	1.03e-01
NA	/data/songy4/twas/output/weights_control//ENSG00000148719.wgt.RDat	ENSG00000148719	10	74092588	74114988	0.0422	rs2394862	 3.01	rs9415064	 6.66e-02	  6.42	 1.5192	 387	 1	top1	0.067	2e-10	 1.5192	1.29e-01
NA	/data/songy4/twas/output/weights_control//ENSG00000122884.wgt.RDat	ENSG00000122884	10	74766975	74856732	0.1219	rs7901986	 3.09	rs7083344	 2.91e-02	  4.61	-1.6500	 253	 1	top1	0.029	2.3e-05	-1.6500	9.89e-02
NA	/data/songy4/twas/output/weights_control//ENSG00000166321.wgt.RDat	ENSG00000166321	10	74870217	74891586	0.1006	rs6480640	 3.03	rs3736278	 2.05e-01	-10.83	-1.9536	 225	 1	top1	0.21	1.2e-30	 1.9536	5.07e-02
NA	/data/songy4/twas/output/weights_control//ENSG00000213551.wgt.RDat	ENSG00000213551	10	74943120	75008620	0.0703	rs6480640	 2.94	rs1064020	 9.88e-02	 -7.96	-1.4194	 230	 7	lasso	0.1	2e-15	 1.4485	1.47e-01
NA	/data/songy4/twas/output/weights_control//ENSG00000156042.wgt.RDat	ENSG00000156042	10	75013517	75118617	0.0317	rs6480640	 3.00	rs16930346	 4.45e-03	 -4.68	-1.3232	 255	 8	lasso	0.014	0.0027	 1.4133	1.58e-01
NA	/data/songy4/twas/output/weights_control//ENSG00000172650.wgt.RDat	ENSG00000172650	10	75434033	75457639	0.0595	rs2675661	-2.84	rs10824031	 1.41e-02	 -5.27	-1.0426	 253	 4	lasso	0.025	9.1e-05	 1.3413	1.80e-01
NA	/data/songy4/twas/output/weights_control//ENSG00000196968.wgt.RDat	ENSG00000196968	10	75532049	75540009	0.0719	rs2675661	-2.84	rs10762563	 3.26e-02	 -4.98	-1.1691	 241	13	enet	0.035	4.2e-06	 1.2643	2.06e-01
NA	/data/songy4/twas/output/weights_control//ENSG00000148660.wgt.RDat	ENSG00000148660	10	75572259	75634343	0.0379	rs2675661	-2.84	rs11000801	 2.19e-02	  4.85	-1.3307	 250	 1	top1	0.022	0.00022	-1.3307	1.83e-01
NA	/data/songy4/twas/output/weights_control//ENSG00000122861.wgt.RDat	ENSG00000122861	10	75668935	75677255	0.1916	rs2675661	-2.84	rs2227564	 4.08e-02	  6.66	-1.5294	 239	26	enet	0.072	3.5e-11	-1.5747	1.15e-01
NA	/data/songy4/twas/output/weights_control//ENSG00000185009.wgt.RDat	ENSG00000185009	10	75881524	75910821	0.1510	rs2675661	-2.84	rs11596526	 8.95e-02	  7.38	 0.6806	 244	 4	lasso	0.093	4.3e-14	 0.5422	5.88e-01
NA	/data/songy4/twas/output/weights_control//ENSG00000156110.wgt.RDat	ENSG00000156110	10	75910960	76469061	0.4960	rs2675661	-2.84	rs7914469	 3.60e-01	 14.57	 0.5175	 407	19	enet	0.39	8.5e-63	 0.3341	7.38e-01
NA	/data/songy4/twas/output/weights_control//ENSG00000156650.wgt.RDat	ENSG00000156650	10	76585340	76792380	0.0506	rs11594014	 3.23	rs1538311	 2.07e-02	  4.57	 1.5417	 339	 1	top1	0.021	0.00032	 1.5417	1.23e-01
NA	/data/songy4/twas/output/weights_control//ENSG00000079393.wgt.RDat	ENSG00000079393	10	76854192	76868979	0.0377	rs11594014	 3.23	rs3088142	 1.73e-02	  4.57	 0.6064	 313	21	enet	0.029	2.6e-05	 0.3394	7.34e-01
NA	/data/songy4/twas/output/weights_control//ENSG00000165637.wgt.RDat	ENSG00000165637	10	76969912	76991206	0.1258	rs16932556	-3.91	rs4746272	 5.52e-02	 -6.92	 0.6042	 343	13	enet	0.073	2.5e-11	-0.5547	5.79e-01
NA	/data/songy4/twas/output/weights_control//ENSG00000165644.wgt.RDat	ENSG00000165644	10	76993727	76995788	0.1688	rs16932556	-3.91	rs7893833	 4.81e-02	  6.97	 0.3094	 336	13	enet	0.076	1e-11	 1.2685	2.05e-01
NA	/data/songy4/twas/output/weights_control//ENSG00000165655.wgt.RDat	ENSG00000165655	10	77157588	77161664	0.0772	rs16932556	-3.91	rs17769639	 6.66e-02	 -6.40	-1.5481	 369	 1	top1	0.067	2e-10	 1.5481	1.22e-01
NA	/data/songy4/twas/output/weights_control//ENSG00000148655.wgt.RDat	ENSG00000148655	10	77360998	78319925	0.2535	rs846578	-4.70	rs7078507	 2.14e-01	-11.17	 0.9048	 898	 1	top1	0.21	4e-32	-0.9048	3.66e-01
NA	/data/songy4/twas/output/weights_control//ENSG00000156113.wgt.RDat	ENSG00000156113	10	78629359	79398353	0.4674	rs846578	-4.70	rs816868	 5.00e-01	 16.99	-0.5941	 918	 1	top1	0.5	2.1e-88	-0.5941	5.52e-01
NA	/data/songy4/twas/output/weights_control//ENSG00000151208.wgt.RDat	ENSG00000151208	10	79550549	79686378	0.2480	rs3862499	-3.28	rs2812443	 3.37e-01	-14.24	 0.7477	 603	 7	lasso	0.35	7.2e-55	-0.7829	4.34e-01
NA	/data/songy4/twas/output/weights_control//ENSG00000108175.wgt.RDat	ENSG00000108175	10	80828792	81076276	0.0681	rs10762854	 4.10	rs10824696	 3.95e-03	 -3.73	 2.0352	 575	19	enet	0.012	0.0052	 0.1018	9.19e-01
NA	/data/songy4/twas/output/weights_control//ENSG00000165424.wgt.RDat	ENSG00000165424	10	81142081	81205383	0.0598	rs10762854	 4.10	rs2145995	-1.46e-03	  3.85	-0.2913	 409	18	enet	0.006	0.035	-0.6403	5.22e-01
NA	/data/songy4/twas/output/weights_control//ENSG00000188199.wgt.RDat	ENSG00000188199	10	81462983	81474437	0.1914	rs10762854	 4.10	rs10885307	 1.58e-01	 -9.63	 0.3273	 327	 8	lasso	0.16	4.6e-24	-0.4520	6.51e-01
NA	/data/songy4/twas/output/weights_control//ENSG00000228570.wgt.RDat	ENSG00000228570	10	81601114	81610632	0.4378	rs2245168	-3.08	rs10885307	 2.26e-01	 11.50	 0.3273	 320	 7	lasso	0.24	2.2e-36	 0.0838	9.33e-01
NA	/data/songy4/twas/output/weights_control//ENSG00000133661.wgt.RDat	ENSG00000133661	10	81697496	81742370	0.0645	rs2245168	-3.08	rs7908468	 5.45e-02	 -5.74	-0.3093	 327	 1	top1	0.055	8.8e-09	 0.3093	7.57e-01
NA	/data/songy4/twas/output/weights_control//ENSG00000133678.wgt.RDat	ENSG00000133678	10	81838402	81852313	0.1088	rs2245168	-3.08	rs10887450	 4.80e-02	  5.38	-0.2596	 364	 1	top1	0.048	6.7e-08	-0.2596	7.95e-01
NA	/data/songy4/twas/output/weights_control//ENSG00000122359.wgt.RDat	ENSG00000122359	10	81910645	81965328	0.1459	rs2245168	-3.08	rs12779955	 9.69e-02	  7.72	 0.2662	 451	31	enet	0.12	3.8e-18	-0.4236	6.72e-01
NA	/data/songy4/twas/output/weights_control//ENSG00000122378.wgt.RDat	ENSG00000122378	10	82167585	82192753	0.1938	rs12098864	-3.41	rs1870145	 2.62e-01	-12.33	 0.1800	 567	17	enet	0.29	2.8e-44	 0.1219	9.03e-01
NA	/data/songy4/twas/output/weights_control//ENSG00000148600.wgt.RDat	ENSG00000148600	10	85954410	85979377	0.0925	rs11591654	 2.45	rs7099098	 6.74e-02	  6.46	 0.8585	 562	 3	lasso	0.068	1.3e-10	 0.5045	6.14e-01
NA	/data/songy4/twas/output/weights_control//ENSG00000107771.wgt.RDat	ENSG00000107771	10	86088342	86278273	0.4311	rs11591654	 2.45	rs17663697	 5.06e-01	-17.08	-0.7606	 617	 7	lasso	0.52	1.3e-92	 0.9426	3.46e-01
NA	/data/songy4/twas/output/weights_control//ENSG00000107779.wgt.RDat	ENSG00000107779	10	88516407	88692595	0.1461	rs17107098	 2.62	rs12765929	 3.51e-02	  6.32	 0.7257	 343	40	enet	0.076	1.1e-11	-0.9492	3.43e-01
NA	/data/songy4/twas/output/weights_control//ENSG00000148671.wgt.RDat	ENSG00000148671	10	88727949	88743691	0.0483	rs17107098	 2.62	rs4869	 1.56e-03	  3.78	 0.1400	 251	22	enet	0.002	0.14	-0.8605	3.90e-01
NA	/data/songy4/twas/output/weights_control//ENSG00000184923.wgt.RDat	ENSG00000184923	10	88985205	88996665	0.2193	rs17107098	 2.62	rs11202326	 6.75e-02	  6.50	-0.8882	 276	37	enet	0.14	1.5e-20	-0.7690	4.42e-01
NA	/data/songy4/twas/output/weights_control//ENSG00000138138.wgt.RDat	ENSG00000138138	10	89511269	89601100	0.0479	rs12412656	-3.69	rs7068497	 5.32e-02	 -6.16	-0.2778	 411	 1	top1	0.053	1.3e-08	 0.2778	7.81e-01
NA	/data/songy4/twas/output/weights_control//ENSG00000204020.wgt.RDat	ENSG00000204020	10	90521163	90537999	0.4911	rs3802658	-3.52	rs10509554	 5.18e-01	 17.32	-0.0571	 566	26	enet	0.52	3.5e-94	 0.1330	8.94e-01
NA	/data/songy4/twas/output/weights_control//ENSG00000138134.wgt.RDat	ENSG00000138134	10	90639491	90734910	0.0793	NA	   NA	NA	       NA	    NA	     NA	   0	 0	enet	0.0058	0.037	     NA	      NA
NA	/data/songy4/twas/output/weights_control//ENSG00000107796.wgt.RDat	ENSG00000107796	10	90694831	90751147	0.5479	rs3802658	-3.52	rs7097572	 5.40e-01	-17.64	 0.1158	 593	 1	top1	0.54	6e-99	-0.1158	9.08e-01
NA	/data/songy4/twas/output/weights_control//ENSG00000026103.wgt.RDat	ENSG00000026103	10	90750414	90775542	0.3663	rs3802658	-3.52	rs7097572	 3.22e-01	-13.64	 0.1158	 575	29	enet	0.34	2.1e-53	-0.2144	8.30e-01
NA	/data/songy4/twas/output/weights_control//ENSG00000107798.wgt.RDat	ENSG00000107798	10	90973326	91174314	0.5919	rs3802658	-3.52	rs1412444	 4.80e-01	 16.66	-1.1316	 691	 6	lasso	0.5	2.9e-89	-1.1718	2.41e-01
NA	/data/songy4/twas/output/weights_control//ENSG00000204010.wgt.RDat	ENSG00000204010	10	91137813	91144962	0.1082	rs3802658	-3.52	rs304502	 2.67e-02	  5.59	-0.4065	 572	28	enet	0.054	1.1e-08	-0.2472	8.05e-01
NA	/data/songy4/twas/output/weights_control//ENSG00000185745.wgt.RDat	ENSG00000185745	10	91152303	91163745	0.0655	rs3802658	-3.52	rs184236	 9.95e-03	 -4.21	-0.0968	 574	 1	top1	0.0099	0.0095	 0.0968	9.23e-01
NA	/data/songy4/twas/output/weights_control//ENSG00000152778.wgt.RDat	ENSG00000152778	10	91174343	91180758	0.1620	rs3802658	-3.52	rs304437	 9.46e-02	 -8.49	-0.1220	 557	 6	lasso	0.098	8.7e-15	 0.2107	8.33e-01
NA	/data/songy4/twas/output/weights_control//ENSG00000152782.wgt.RDat	ENSG00000152782	10	91342745	91405215	0.2564	rs3802658	-3.52	rs10881606	 1.15e-01	  8.25	-0.4412	 543	14	lasso	0.21	3.4e-32	 0.6405	5.22e-01
NA	/data/songy4/twas/output/weights_control//ENSG00000165338.wgt.RDat	ENSG00000165338	10	93170096	93274586	0.1633	rs12777523	 3.99	rs7910115	 1.64e-01	 10.57	-0.2708	 427	30	enet	0.18	6e-27	-0.9660	3.34e-01
NA	/data/songy4/twas/output/weights_control//ENSG00000107854.wgt.RDat	ENSG00000107854	10	93558069	93625033	0.0872	rs17347197	 2.22	rs11186722	 3.89e-02	 -6.11	-0.5555	 326	31	enet	0.066	2.1e-10	 0.5062	6.13e-01
NA	/data/songy4/twas/output/weights_control//ENSG00000107864.wgt.RDat	ENSG00000107864	10	93806449	94050844	0.0262	rs2275220	 2.30	rs11186894	 7.79e-03	  4.02	 1.1456	 400	 1	top1	0.0078	0.019	 1.1456	2.52e-01
NA	/data/songy4/twas/output/weights_control//ENSG00000198060.wgt.RDat	ENSG00000198060	10	94050920	94113721	0.0681	rs2275220	 2.30	rs11186884	 6.14e-02	  6.82	 1.1635	 334	 9	lasso	0.073	2.4e-11	 1.0123	3.11e-01
NA	/data/songy4/twas/output/weights_control//ENSG00000152804.wgt.RDat	ENSG00000152804	10	94447945	94455403	0.0974	rs17108061	-2.42	rs11187167	 4.20e-02	 -6.12	 0.4122	 398	 7	lasso	0.075	1.6e-11	-0.2675	7.89e-01
NA	/data/songy4/twas/output/weights_control//ENSG00000138119.wgt.RDat	ENSG00000138119	10	95066186	95242074	0.0529	rs7902822	 4.18	rs34497165	 4.37e-02	 -5.53	 0.9485	 663	 1	top1	0.044	2.5e-07	-0.9485	3.43e-01
NA	/data/songy4/twas/output/weights_control//ENSG00000186188.wgt.RDat	ENSG00000186188	10	95326422	95364237	0.2403	rs7902822	 4.18	rs2280605	 9.07e-02	  9.03	 1.5304	 577	 9	lasso	0.16	2.9e-24	 1.7111	8.71e-02
NA	/data/songy4/twas/output/weights_control//ENSG00000148690.wgt.RDat	ENSG00000148690	10	95427640	95462329	0.1029	rs7902822	 4.18	rs7094280	 2.67e-02	  5.22	 1.5954	 549	 4	lasso	0.063	5.8e-10	-0.3908	6.96e-01
NA	/data/songy4/twas/output/weights_control//ENSG00000108231.wgt.RDat	ENSG00000108231	10	95517566	95557916	0.0573	rs7902822	 4.18	rs11187429	-1.59e-03	 -3.35	 1.2317	 544	 3	lasso	-0.00046	0.39	-1.0215	3.07e-01
NA	/data/songy4/twas/output/weights_control//ENSG00000176273.wgt.RDat	ENSG00000176273	10	95653730	95715819	0.1163	rs7902822	 4.18	rs11187728	 5.26e-02	 -6.71	-0.1471	 488	18	enet	0.071	5.2e-11	-0.8157	4.15e-01
NA	/data/songy4/twas/output/weights_control//ENSG00000173145.wgt.RDat	ENSG00000173145	10	96075004	96122716	0.1302	rs7915414	-2.77	rs12780491	 1.66e-01	 10.28	 1.0278	 344	 1	top1	0.17	1.5e-24	 1.0278	3.04e-01
NA	/data/songy4/twas/output/weights_control//ENSG00000108239.wgt.RDat	ENSG00000108239	10	96162261	96295687	0.1649	rs4918766	-2.80	rs12780491	 2.29e-02	  5.36	 1.0278	 396	51	enet	0.08	3.2e-12	 1.7257	8.44e-02
NA	/data/songy4/twas/output/weights_control//ENSG00000119969.wgt.RDat	ENSG00000119969	10	96305547	96373662	0.2171	rs4918766	-2.80	rs4918402	 3.22e-01	 13.79	-2.3333	 391	 7	lasso	0.32	1.3e-50	-2.1851	2.89e-02
NA	/data/songy4/twas/output/weights_control//ENSG00000059573.wgt.RDat	ENSG00000059573	10	97365696	97416463	0.1227	rs1410601	-3.75	rs10509687	 7.35e-02	  6.65	-0.5431	 524	35	enet	0.091	1e-13	-0.6008	5.48e-01
NA	/data/songy4/twas/output/weights_control//ENSG00000119977.wgt.RDat	ENSG00000119977	10	97423158	97453900	0.1123	rs1410601	-3.75	rs3176893	 8.58e-02	  7.22	 2.6429	 527	 1	top1	0.086	4.6e-13	 2.6429	8.22e-03
NA	/data/songy4/twas/output/weights_control//ENSG00000138185.wgt.RDat	ENSG00000138185	10	97471536	97637023	0.3584	rs1410601	-3.75	rs3176893	 2.89e-01	 13.11	 2.6429	 631	18	lasso	0.29	3.8e-45	 2.5546	1.06e-02
NA	/data/songy4/twas/output/weights_control//ENSG00000188649.wgt.RDat	ENSG00000188649	10	97733786	97792441	0.3332	rs10736098	 3.59	rs3176893	 2.23e-01	 11.42	 2.6429	 551	26	enet	0.29	1.4e-44	 2.3373	1.94e-02
NA	/data/songy4/twas/output/weights_control//ENSG00000197430.wgt.RDat	ENSG00000197430	10	98102973	98119092	0.0544	rs10736098	 3.59	rs17111598	 3.37e-04	 -3.26	 0.7325	 470	35	enet	0.0067	0.028	-3.3846	7.13e-04
NA	/data/songy4/twas/output/weights_control//ENSG00000187122.wgt.RDat	ENSG00000187122	10	98757795	98945677	0.2484	rs2151932	-4.28	rs953097	 3.30e-01	 14.04	-1.5455	 537	31	enet	0.35	6.7e-55	-1.5210	1.28e-01
NA	/data/songy4/twas/output/weights_control//ENSG00000213390.wgt.RDat	ENSG00000213390	10	98978996	99052413	0.4329	rs2151932	-4.28	rs11189080	 3.74e-01	 14.71	-1.6893	 481	27	enet	0.4	8.6e-65	-1.7109	8.71e-02
NA	/data/songy4/twas/output/weights_control//ENSG00000165879.wgt.RDat	ENSG00000165879	10	99079022	99081672	0.1760	rs2151932	-4.28	rs11189080	 1.50e-01	  9.69	-1.6893	 472	17	enet	0.2	1.3e-30	-2.3623	1.82e-02
NA	/data/songy4/twas/output/weights_control//ENSG00000181274.wgt.RDat	ENSG00000181274	10	99092255	99094458	0.1350	rs2151932	-4.28	rs10882904	 1.56e-01	  9.82	-1.5686	 475	 8	lasso	0.17	1.5e-24	-1.1004	2.71e-01
NA	/data/songy4/twas/output/weights_control//ENSG00000052749.wgt.RDat	ENSG00000052749	10	99116115	99161127	0.2710	rs2151932	-4.28	rs954149	 4.04e-01	 15.54	-1.4851	 509	 5	lasso	0.42	4.8e-69	-1.4491	1.47e-01
NA	/data/songy4/twas/output/weights_control//ENSG00000171314.wgt.RDat	ENSG00000171314	10	99185917	99193198	0.1356	rs2151932	-4.28	rs4418736	 1.06e-01	 -8.07	-0.8434	 506	 1	top1	0.11	6.6e-16	 0.8434	3.99e-01
NA	/data/songy4/twas/output/weights_control//ENSG00000155229.wgt.RDat	ENSG00000155229	10	99218081	99258551	0.0885	rs2151932	-4.28	rs10882942	 4.21e-02	  5.74	 1.5684	 517	12	enet	0.049	5e-08	 1.2854	1.99e-01
NA	/data/songy4/twas/output/weights_control//ENSG00000171160.wgt.RDat	ENSG00000171160	10	99374310	99393344	0.1129	rs2151932	-4.28	rs10786360	 9.91e-02	 -7.75	-1.5254	 488	 1	top1	0.099	6.5e-15	 1.5254	1.27e-01
NA	/data/songy4/twas/output/weights_control//ENSG00000119986.wgt.RDat	ENSG00000119986	10	99437181	99447080	0.0656	rs2151932	-4.28	rs11189339	 3.30e-02	 -4.54	-0.8114	 454	30	enet	0.034	5.7e-06	 0.7531	4.51e-01
NA	/data/songy4/twas/output/weights_control//ENSG00000155256.wgt.RDat	ENSG00000155256	10	99496878	99520664	0.0775	rs2151932	-4.28	rs1981237	 7.71e-02	 -6.83	-3.1304	 435	 1	top1	0.077	7.3e-12	 3.1304	1.75e-03
NA	/data/songy4/twas/output/weights_control//ENSG00000155265.wgt.RDat	ENSG00000155265	10	99609996	99631337	0.0996	rs2151932	-4.28	rs11189414	 1.03e-02	  4.23	-0.1604	 468	30	enet	0.021	0.00031	-1.5547	1.20e-01
NA	/data/songy4/twas/output/weights_control//ENSG00000166024.wgt.RDat	ENSG00000166024	10	99894387	100004654	0.0468	rs2151932	-4.28	rs10786408	 4.72e-02	  5.71	-0.1667	 576	 1	top1	0.047	8.6e-08	-0.1667	8.68e-01
NA	/data/songy4/twas/output/weights_control//ENSG00000119943.wgt.RDat	ENSG00000119943	10	100143322	100174941	0.2491	rs11189457	-2.54	rs1061115	 2.32e-01	-11.60	-0.5980	 506	 1	top1	0.23	6.2e-35	 0.5980	5.50e-01
NA	/data/songy4/twas/output/weights_control//ENSG00000107521.wgt.RDat	ENSG00000107521	10	100175955	100206684	0.2756	rs11189457	-2.54	rs11189619	 1.86e-01	-10.45	-0.6064	 501	22	enet	0.24	4.2e-36	-0.1040	9.17e-01
NA	/data/songy4/twas/output/weights_control//ENSG00000198018.wgt.RDat	ENSG00000198018	10	101419263	101465997	0.0826	rs2862595	-4.09	rs3740078	 5.75e-02	 -6.21	 0.6389	 460	 1	top1	0.057	3.5e-09	-0.6389	5.23e-01
NA	/data/songy4/twas/output/weights_control//ENSG00000014919.wgt.RDat	ENSG00000014919	10	101471601	101491857	0.0996	rs2862595	-4.09	rs3184991	 5.61e-02	  7.30	 0.5524	 454	 4	lasso	0.061	1.3e-09	 0.5312	5.95e-01
NA	/data/songy4/twas/output/weights_control//ENSG00000023839.wgt.RDat	ENSG00000023839	10	101542489	101611949	0.0849	rs2862595	-4.09	rs2862920	 2.02e-02	 -5.02	-1.0510	 491	12	lasso	0.031	1.3e-05	 1.1739	2.40e-01
NA	/data/songy4/twas/output/weights_control//ENSG00000107554.wgt.RDat	ENSG00000107554	10	101635334	101769676	0.0649	rs2862595	-4.09	rs7922447	 5.73e-03	  4.72	-1.2500	 510	 5	lasso	0.0081	0.017	-1.6875	9.15e-02
NA	/data/songy4/twas/output/weights_control//ENSG00000095485.wgt.RDat	ENSG00000095485	10	101992055	102027437	0.2829	rs10786607	-2.90	rs12784396	 3.01e-01	 13.26	-2.1900	 406	27	enet	0.32	8e-50	-1.9702	4.88e-02
NA	/data/songy4/twas/output/weights_control//ENSG00000196072.wgt.RDat	ENSG00000196072	10	102033713	102046469	0.2172	rs10786607	-2.90	rs6584356	 2.00e-01	 11.29	 0.0439	 409	22	enet	0.27	3.3e-41	-0.5701	5.69e-01
NA	/data/songy4/twas/output/weights_control//ENSG00000107593.wgt.RDat	ENSG00000107593	10	102047903	102090243	0.2325	rs4917911	 3.06	rs6584356	 2.28e-01	 11.47	 0.0439	 425	19	enet	0.23	4.2e-35	-0.0368	9.71e-01
NA	/data/songy4/twas/output/weights_control//ENSG00000075826.wgt.RDat	ENSG00000075826	10	102246399	102289628	0.0887	rs3740484	 4.14	rs11190578	 1.74e-01	-10.21	-1.4196	 442	15	lasso	0.18	1.3e-26	 1.3489	1.77e-01
NA	/data/songy4/twas/output/weights_control//ENSG00000166135.wgt.RDat	ENSG00000166135	10	102288829	102319755	0.1681	rs3740484	 4.14	rs2295772	 2.25e-01	-11.80	-1.1491	 443	16	lasso	0.23	7.3e-35	 1.2178	2.23e-01
NA	/data/songy4/twas/output/weights_control//ENSG00000119906.wgt.RDat	ENSG00000119906	10	102672326	102724893	0.0788	rs3740484	 4.14	rs10883567	 3.52e-02	 -5.43	-1.2188	 435	 1	top1	0.035	3.5e-06	 1.2188	2.23e-01
NA	/data/songy4/twas/output/weights_control//ENSG00000055950.wgt.RDat	ENSG00000055950	10	102729215	102747272	0.0548	rs3740484	 4.14	rs722435	 3.16e-02	  5.25	 3.2966	 421	 1	top1	0.032	1.1e-05	 3.2966	9.79e-04
NA	/data/songy4/twas/output/weights_control//ENSG00000107816.wgt.RDat	ENSG00000107816	10	102756375	102767593	0.0703	rs3740484	 4.14	rs701834	 6.45e-02	 -6.75	 3.3667	 417	 1	top1	0.064	3.9e-10	-3.3667	7.61e-04
NA	/data/songy4/twas/output/weights_control//ENSG00000107819.wgt.RDat	ENSG00000107819	10	102790991	102800998	0.3222	rs3740484	 4.14	rs1998249	 4.10e-02	  6.71	 0.6288	 415	35	enet	0.23	3.8e-35	 3.1526	1.62e-03
NA	/data/songy4/twas/output/weights_control//ENSG00000166171.wgt.RDat	ENSG00000166171	10	103330317	103369425	0.0326	rs3758557	-4.75	rs3127258	 6.98e-04	  4.25	 0.9706	 313	 5	enet	0.0018	0.16	 0.7950	4.27e-01
NA	/data/songy4/twas/output/weights_control//ENSG00000166169.wgt.RDat	ENSG00000166169	10	103338639	103348027	0.0907	rs3758557	-4.75	rs3730478	 2.91e-02	  4.66	-1.0387	 307	 1	top1	0.029	2.3e-05	-1.0387	2.99e-01
NA	/data/songy4/twas/output/weights_control//ENSG00000120029.wgt.RDat	ENSG00000120029	10	103605356	103815950	0.0453	rs11598856	-5.42	rs1348870	 5.81e-03	 -4.01	 1.4082	 339	 1	top1	0.0058	0.037	-1.4082	1.59e-01
NA	/data/songy4/twas/output/weights_control//ENSG00000166189.wgt.RDat	ENSG00000166189	10	103825147	103827792	0.1749	rs11598856	-5.42	rs17778015	 1.54e-01	  9.55	-1.3220	 289	 1	top1	0.15	7.2e-23	-1.3220	1.86e-01
NA	/data/songy4/twas/output/weights_control//ENSG00000198728.wgt.RDat	ENSG00000198728	10	103867317	103880210	0.1019	rs11598856	-5.42	rs2152903	 3.21e-02	 -5.37	 2.5129	 285	 5	lasso	0.046	1.4e-07	-1.3097	1.90e-01
NA	/data/songy4/twas/output/weights_control//ENSG00000138111.wgt.RDat	ENSG00000138111	10	104221149	104236802	0.2165	rs11598856	-5.42	rs3740409	 1.10e-01	  8.29	-2.5882	 345	28	enet	0.17	1.5e-24	-3.2648	1.10e-03
NA	/data/songy4/twas/output/weights_control//ENSG00000138107.wgt.RDat	ENSG00000138107	10	104238986	104262482	0.0497	rs11598856	-5.42	rs2274351	 4.12e-02	 -5.67	-0.4149	 345	 2	lasso	0.044	2.3e-07	 0.0674	9.46e-01
NA	/data/songy4/twas/output/weights_control//ENSG00000171206.wgt.RDat	ENSG00000171206	10	104404253	104418164	0.0770	rs11598856	-5.42	rs3850699	 5.05e-02	  5.93	-1.1456	 368	 1	top1	0.05	3.1e-08	-1.1456	2.52e-01
NA	/data/songy4/twas/output/weights_control//ENSG00000138175.wgt.RDat	ENSG00000138175	10	104433488	104474164	0.0739	rs11598856	-5.42	rs11191375	 7.43e-02	  6.69	-2.4303	 372	 1	top1	0.074	1.8e-11	-2.4303	1.51e-02
NA	/data/songy4/twas/output/weights_control//ENSG00000156398.wgt.RDat	ENSG00000156398	10	104474295	104503249	0.0591	rs12572826	 4.99	rs11191381	 8.66e-02	  7.15	-0.3168	 369	 1	top1	0.087	3.6e-13	-0.3168	7.51e-01
NA	/data/songy4/twas/output/weights_control//ENSG00000166272.wgt.RDat	ENSG00000166272	10	104503727	104576021	0.1045	rs12572826	 4.99	rs11191383	 1.39e-02	 -5.02	 0.7965	 374	24	enet	0.036	2.5e-06	 1.2717	2.03e-01
NA	/data/songy4/twas/output/weights_control//ENSG00000166275.wgt.RDat	ENSG00000166275	10	104613980	104624718	0.2644	rs12572826	 4.99	rs9527	 3.66e-01	-14.59	-1.6296	 345	 1	top1	0.37	7.5e-59	 1.6296	1.03e-01
NA	/data/songy4/twas/output/weights_control//ENSG00000214435.wgt.RDat	ENSG00000214435	10	104629273	104661656	0.1277	rs12572826	 4.99	rs9527	 1.16e-01	 -8.81	-1.6296	 350	10	lasso	0.14	2.7e-20	 2.3192	2.04e-02
NA	/data/songy4/twas/output/weights_control//ENSG00000148842.wgt.RDat	ENSG00000148842	10	104678050	104849978	0.0262	rs2489744	 4.76	rs1926029	 2.24e-02	  5.35	-0.9100	 417	12	enet	0.026	5.3e-05	-1.2974	1.94e-01
NA	/data/songy4/twas/output/weights_control//ENSG00000076685.wgt.RDat	ENSG00000076685	10	104845940	104953056	0.2176	rs2489744	 4.76	rs11191560	 1.56e-01	  9.60	-2.6982	 392	36	enet	0.16	2.2e-23	-2.5184	1.18e-02
NA	/data/songy4/twas/output/weights_control//ENSG00000156374.wgt.RDat	ENSG00000156374	10	105062553	105110891	0.0806	rs17115073	 4.19	rs6584547	 1.07e-01	 -8.03	-1.8316	 378	 1	top1	0.11	4.9e-16	 1.8316	6.70e-02
NA	/data/songy4/twas/output/weights_control//ENSG00000138172.wgt.RDat	ENSG00000138172	10	105206543	105212660	0.2824	rs3781283	 3.84	rs3014190	 1.30e-01	 -9.03	-0.4008	 359	 6	lasso	0.16	3.6e-23	 0.3367	7.36e-01
NA	/data/songy4/twas/output/weights_control//ENSG00000107957.wgt.RDat	ENSG00000107957	10	105348285	105615301	0.0970	rs12573221	 3.78	rs3824774	 1.48e-02	 -4.97	-1.4643	 484	21	enet	0.058	3.3e-09	-0.3445	7.30e-01
NA	/data/songy4/twas/output/weights_control//ENSG00000107960.wgt.RDat	ENSG00000107960	10	105642300	105677963	0.1123	rs2986015	 3.28	rs7100920	 3.58e-02	 -5.34	 1.4375	 437	25	enet	0.036	2.7e-06	-0.5820	5.61e-01
NA	/data/songy4/twas/output/weights_control//ENSG00000065613.wgt.RDat	ENSG00000065613	10	105726959	105788991	0.0348	rs911547	 3.08	rs10883974	 2.53e-03	  3.89	-0.4679	 458	 1	top1	0.0025	0.12	-0.4679	6.40e-01
NA	/data/songy4/twas/output/weights_control//ENSG00000148834.wgt.RDat	ENSG00000148834	10	105995114	106027217	0.0422	rs911547	 3.08	rs7896809	 3.73e-02	  5.45	-1.5146	 438	 1	top1	0.037	1.8e-06	-1.5146	1.30e-01
NA	/data/songy4/twas/output/weights_control//ENSG00000065621.wgt.RDat	ENSG00000065621	10	106028631	106064703	0.2858	rs911547	 3.08	rs17823862	 1.25e-02	  5.54	-1.7287	 446	55	enet	0.13	1.2e-18	-1.2674	2.05e-01
NA	/data/songy4/twas/output/weights_control//ENSG00000148841.wgt.RDat	ENSG00000148841	10	106071894	106098162	0.0571	rs911547	 3.08	rs157077	 2.95e-02	  5.33	-0.7423	 442	 3	lasso	0.058	2.7e-09	-1.3388	1.81e-01
NA	/data/songy4/twas/output/weights_control//ENSG00000120051.wgt.RDat	ENSG00000120051	10	106113522	106214848	0.0857	rs911547	 3.08	rs7095770	 2.44e-02	  5.98	-1.9083	 511	 4	lasso	0.049	4.5e-08	-1.7690	7.69e-02
NA	/data/songy4/twas/output/weights_control//ENSG00000156395.wgt.RDat	ENSG00000156395	10	106400859	107024993	0.0562	rs1362991	-3.19	rs1340052	 4.30e-02	  5.49	 0.2513	 751	 1	top1	0.043	3.2e-07	 0.2513	8.02e-01
NA	/data/songy4/twas/output/weights_control//ENSG00000108039.wgt.RDat	ENSG00000108039	10	111624524	111683311	0.1811	rs1245931	-3.08	rs10884916	 2.11e-01	 11.16	-0.3137	 340	 3	lasso	0.22	2.8e-32	-0.6383	5.23e-01
NA	/data/songy4/twas/output/weights_control//ENSG00000148700.wgt.RDat	ENSG00000148700	10	111756126	111895323	0.1233	rs1245931	-3.08	rs1009532	 1.16e-01	  9.27	-1.3622	 392	13	lasso	0.13	1.4e-19	-1.7257	8.44e-02
NA	/data/songy4/twas/output/weights_control//ENSG00000119950.wgt.RDat	ENSG00000119950	10	111967363	112047123	0.0707	rs1245931	-3.08	rs17127166	 1.33e-03	  4.09	-1.7627	 437	28	enet	0.0037	0.076	-1.1616	2.45e-01
NA	/data/songy4/twas/output/weights_control//ENSG00000138166.wgt.RDat	ENSG00000138166	10	112257596	112271302	0.0511	rs17127145	-2.57	rs17127384	 8.56e-03	  4.08	-0.2763	 432	 5	lasso	0.01	0.0088	-0.6234	5.33e-01
NA	/data/songy4/twas/output/weights_control//ENSG00000108055.wgt.RDat	ENSG00000108055	10	112327449	112364394	0.0607	rs17127145	-2.57	rs7908495	-1.72e-03	  3.24	-1.1727	 451	 2	lasso	-0.00099	0.51	-1.2554	2.09e-01
NA	/data/songy4/twas/output/weights_control//ENSG00000203867.wgt.RDat	ENSG00000203867	10	112404155	112599227	0.0903	rs17127145	-2.57	rs3737293	 5.13e-03	  4.65	 0.6667	 569	25	enet	0.018	0.00068	 0.7133	4.76e-01
NA	/data/songy4/twas/output/weights_control//ENSG00000150593.wgt.RDat	ENSG00000150593	10	112631565	112659764	0.0445	rs7084236	 2.39	rs7911973	-1.30e-03	  3.55	 1.2143	 523	 9	enet	0.0037	0.077	-0.1194	9.05e-01
NA	/data/songy4/twas/output/weights_control//ENSG00000214413.wgt.RDat	ENSG00000214413	10	112658488	112679032	0.0611	rs7084236	 2.39	rs10732804	 1.44e-03	 -3.89	-0.8082	 513	 7	lasso	0.013	0.0034	 1.1106	2.67e-01
NA	/data/songy4/twas/output/weights_control//ENSG00000119927.wgt.RDat	ENSG00000119927	10	113909624	113975135	0.3754	rs10749108	-2.91	rs10749108	 3.10e-01	 13.58	-2.9053	 483	 1	top1	0.31	2.3e-48	-2.9053	3.67e-03
NA	/data/songy4/twas/output/weights_control//ENSG00000197142.wgt.RDat	ENSG00000197142	10	114133776	114188138	0.2142	rs12265047	-2.95	rs11195940	 3.14e-01	 13.60	-1.0900	 478	 9	lasso	0.33	7.6e-52	-1.2207	2.22e-01
NA	/data/songy4/twas/output/weights_control//ENSG00000023041.wgt.RDat	ENSG00000023041	10	114190058	114206672	0.1355	rs12265047	-2.95	rs2277205	 6.38e-02	 -6.28	 0.4051	 457	 5	lasso	0.074	1.9e-11	 0.0792	9.37e-01
NA	/data/songy4/twas/output/weights_control//ENSG00000148737.wgt.RDat	ENSG00000148737	10	114710009	114927437	0.0788	rs11196391	 3.09	rs11196152	 2.27e-02	  4.95	 1.7300	 689	 4	lasso	0.049	4.8e-08	 2.3291	1.99e-02
NA	/data/songy4/twas/output/weights_control//ENSG00000165806.wgt.RDat	ENSG00000165806	10	115438942	115490662	0.4696	rs11196391	 3.09	rs3814231	 2.05e-01	-11.25	-1.2547	 617	16	lasso	0.44	8.8e-75	 0.9717	3.31e-01
NA	/data/songy4/twas/output/weights_control//ENSG00000148735.wgt.RDat	ENSG00000148735	10	115511213	115543188	0.0494	rs11196391	 3.09	rs2227309	 2.37e-02	  4.90	-1.2056	 622	 1	top1	0.024	0.00013	-1.2056	2.28e-01
NA	/data/songy4/twas/output/weights_control//ENSG00000043591.wgt.RDat	ENSG00000043591	10	115803806	115806667	0.3698	rs11196391	 3.09	rs7915120	 2.63e-01	 12.34	-0.1927	 566	44	enet	0.27	1.3e-40	-0.0275	9.78e-01
NA	/data/songy4/twas/output/weights_control//ENSG00000151553.wgt.RDat	ENSG00000151553	10	116581503	116659591	0.1391	rs4751639	-3.21	rs4752255	 1.86e-01	-10.52	 0.4255	 372	 1	top1	0.19	1e-27	-0.4255	6.70e-01
NA	/data/songy4/twas/output/weights_control//ENSG00000165868.wgt.RDat	ENSG00000165868	10	118430703	118502085	0.1608	rs10886017	 3.02	rs1681752	 1.38e-01	 -9.73	 1.9434	 493	 9	enet	0.14	1.2e-20	-1.6059	1.08e-01
NA	/data/songy4/twas/output/weights_control//ENSG00000187164.wgt.RDat	ENSG00000187164	10	118643742	118886097	0.3221	rs2255385	 3.56	rs1905542	 4.75e-01	 16.67	 2.4775	 584	 2	lasso	0.48	3.3e-83	 2.4833	1.30e-02
NA	/data/songy4/twas/output/weights_control//ENSG00000165646.wgt.RDat	ENSG00000165646	10	119000604	119038941	0.0901	rs2255385	 3.56	rs363387	 1.58e-02	  4.64	 0.1554	 507	19	enet	0.029	2.5e-05	 0.0896	9.29e-01
NA	/data/songy4/twas/output/weights_control//ENSG00000165650.wgt.RDat	ENSG00000165650	10	119040000	119134978	0.5753	rs2255385	 3.56	rs1638670	 5.45e-01	 17.70	-0.1743	 573	12	enet	0.55	5.4e-103	-0.5941	5.52e-01
NA	/data/songy4/twas/output/weights_control//ENSG00000119973.wgt.RDat	ENSG00000119973	10	120352916	120355160	0.0533	rs17586536	 4.25	rs7919327	 1.03e-02	  4.26	-1.3148	 499	 1	top1	0.01	0.0085	-1.3148	1.89e-01
NA	/data/songy4/twas/output/weights_control//ENSG00000151893.wgt.RDat	ENSG00000151893	10	120433679	120514761	0.1067	rs17586536	 4.25	rs10886288	 7.43e-02	  7.24	-2.7395	 549	 5	lasso	0.083	1.2e-12	-3.4361	5.90e-04
NA	/data/songy4/twas/output/weights_control//ENSG00000119979.wgt.RDat	ENSG00000119979	10	120863598	120897496	0.0974	rs7075684	-5.86	rs7906373	 1.00e-01	 -7.94	 1.2647	 500	 1	top1	0.1	4.6e-15	-1.2647	2.06e-01
NA	/data/songy4/twas/output/weights_control//ENSG00000183605.wgt.RDat	ENSG00000183605	10	120900279	120925179	0.4538	rs7075684	-5.86	rs10749291	 4.96e-01	 16.92	 1.1287	 496	 1	top1	0.5	1.5e-87	 1.1287	2.59e-01
NA	/data/songy4/twas/output/weights_control//ENSG00000165672.wgt.RDat	ENSG00000165672	10	120927215	120938345	0.0685	rs196325	 6.77	rs34179455	 5.68e-02	  5.83	 2.4216	 503	 1	top1	0.057	4.3e-09	 2.4216	1.55e-02
NA	/data/songy4/twas/output/weights_control//ENSG00000198873.wgt.RDat	ENSG00000198873	10	120967101	121215131	0.1642	rs2223082	 7.32	rs4752275	 1.93e-02	 -5.83	 0.1071	 585	24	enet	0.091	7.7e-14	-1.1006	2.71e-01
NA	/data/songy4/twas/output/weights_control//ENSG00000148908.wgt.RDat	ENSG00000148908	10	121259340	121302220	0.2834	rs2223082	 7.32	rs4752333	 7.37e-02	 -6.98	-3.1572	 480	72	enet	0.14	2.4e-20	 2.9193	3.51e-03
NA	/data/songy4/twas/output/weights_control//ENSG00000197771.wgt.RDat	ENSG00000197771	10	121588972	121652068	0.2470	rs2223082	 7.32	rs196214	 2.59e-02	 -7.27	 1.1059	 542	15	lasso	0.1	2e-15	-1.6452	9.99e-02
NA	/data/songy4/twas/output/weights_control//ENSG00000120008.wgt.RDat	ENSG00000120008	10	122610687	122669036	0.3588	rs4752460	 3.37	rs1254178	 2.15e-01	 11.19	 2.4269	 679	 8	lasso	0.25	9.2e-38	 2.5084	1.21e-02
NA	/data/songy4/twas/output/weights_control//ENSG00000066468.wgt.RDat	ENSG00000066468	10	123237848	123357972	0.4033	rs11199862	 2.78	rs1896422	 4.16e-01	 15.54	-0.3465	 657	22	enet	0.43	6e-72	-0.7144	4.75e-01
NA	/data/songy4/twas/output/weights_control//ENSG00000107669.wgt.RDat	ENSG00000107669	10	123499939	123688316	0.0537	rs11199862	 2.78	rs7095093	 2.23e-02	 -4.74	 1.6757	 755	 3	lasso	0.035	3.9e-06	-1.4765	1.40e-01
NA	/data/songy4/twas/output/weights_control//ENSG00000107679.wgt.RDat	ENSG00000107679	10	124134212	124191867	0.1888	rs2672595	 2.97	rs10788284	 1.52e-01	-10.15	-1.8152	 635	10	enet	0.2	2.9e-29	 1.4605	1.44e-01
NA	/data/songy4/twas/output/weights_control//ENSG00000166033.wgt.RDat	ENSG00000166033	10	124221041	124274424	0.1108	rs2672595	 2.97	rs11528748	 2.31e-02	 -4.86	 0.8966	 650	23	enet	0.037	2.3e-06	-1.4815	1.38e-01
NA	/data/songy4/twas/output/weights_control//ENSG00000179988.wgt.RDat	ENSG00000179988	10	124713897	124757029	0.0835	rs7916600	-3.18	rs9423239	 6.72e-02	 -6.40	 1.1386	 624	 1	top1	0.067	1.7e-10	-1.1386	2.55e-01
NA	/data/songy4/twas/output/weights_control//ENSG00000196177.wgt.RDat	ENSG00000196177	10	124768495	124817827	0.1232	rs7916600	-3.18	rs7070793	 1.01e-02	 -5.28	 0.3200	 623	 4	lasso	0.036	2.8e-06	-0.4086	6.83e-01
NA	/data/songy4/twas/output/weights_control//ENSG00000065154.wgt.RDat	ENSG00000065154	10	126085872	126107545	0.2658	rs2807068	-3.27	rs12252469	 1.23e-02	 -5.31	-1.8730	 489	69	enet	0.073	2.6e-11	 1.6149	1.06e-01
NA	/data/songy4/twas/output/weights_control//ENSG00000107902.wgt.RDat	ENSG00000107902	10	126150403	126306457	0.2071	rs2807068	-3.27	rs11245086	 7.47e-02	 -6.64	-2.4272	 608	18	enet	0.094	3.2e-14	 1.6196	1.05e-01
NA	/data/songy4/twas/output/weights_control//ENSG00000189319.wgt.RDat	ENSG00000189319	10	126307861	126432838	0.1024	rs2209684	-4.16	rs11245366	 6.58e-02	  6.67	 0.8218	 615	 8	lasso	0.093	5.1e-14	 0.6693	5.03e-01
NA	/data/songy4/twas/output/weights_control//ENSG00000203791.wgt.RDat	ENSG00000203791	10	126436718	126480439	0.0626	rs2209684	-4.16	rs10901818	 3.78e-02	  5.36	 0.7624	 593	 1	top1	0.038	1.6e-06	 0.7624	4.46e-01
NA	/data/songy4/twas/output/weights_control//ENSG00000188690.wgt.RDat	ENSG00000188690	10	127477146	127511817	0.0480	rs4962337	-3.44	rs10794023	 2.36e-02	  4.13	-1.1949	 601	 1	top1	0.024	0.00013	-1.1949	2.32e-01
NA	/data/songy4/twas/output/weights_control//ENSG00000089876.wgt.RDat	ENSG00000089876	10	127524906	127585005	0.2834	rs4962337	-3.44	rs11244686	 4.74e-01	-16.56	 2.0561	 628	 1	top1	0.47	3.6e-82	-2.0561	3.98e-02
NA	/data/songy4/twas/output/weights_control//ENSG00000203780.wgt.RDat	ENSG00000203780	10	127585108	127698161	0.0845	rs4962337	-3.44	rs898325	 1.08e-01	  8.08	 1.0000	 654	 1	top1	0.11	3.3e-16	 1.0000	3.17e-01
NA	/data/songy4/twas/output/weights_control//ENSG00000148848.wgt.RDat	ENSG00000148848	10	127700950	128077024	0.1130	rs4962337	-3.44	rs898325	 7.92e-02	  6.98	 1.0000	 848	22	enet	0.099	7.3e-15	 0.1462	8.84e-01
NA	/data/songy4/twas/output/weights_control//ENSG00000188916.wgt.RDat	ENSG00000188916	10	128933694	128994422	0.1306	rs7082785	 2.63	rs1892135	 8.85e-02	  7.60	-0.6952	 659	25	enet	0.093	4.8e-14	 0.2958	7.67e-01
NA	/data/songy4/twas/output/weights_control//ENSG00000132334.wgt.RDat	ENSG00000132334	10	129705325	129884119	0.0968	rs10741141	-2.98	rs7912703	 2.96e-02	 -5.88	-2.5648	 848	 5	lasso	0.062	7.6e-10	 1.7664	7.73e-02
NA	/data/songy4/twas/output/weights_control//ENSG00000170430.wgt.RDat	ENSG00000170430	10	131265448	131566271	0.3573	rs626545	 2.41	rs12243040	 3.02e-01	-13.21	 1.5865	 768	68	enet	0.41	1e-67	-1.9926	4.63e-02
NA	/data/songy4/twas/output/weights_control//ENSG00000237489.wgt.RDat	ENSG00000237489	10	131864638	131909081	0.1082	rs626545	 2.41	rs1180610	 2.56e-02	  4.92	 0.0000	 640	 1	top1	0.026	6.9e-05	 0.0000	1.00e+00
NA	/data/songy4/twas/output/weights_control//ENSG00000188385.wgt.RDat	ENSG00000188385	10	133918175	133998313	0.1380	rs3000528	-3.61	rs869251	 6.06e-02	 -6.01	-0.7533	 505	20	enet	0.087	3.5e-13	-0.7913	4.29e-01
NA	/data/songy4/twas/output/weights_control//ENSG00000151640.wgt.RDat	ENSG00000151640	10	134000404	134019280	0.3295	rs3000528	-3.61	rs2101613	 2.38e-01	-12.00	 1.2100	 465	39	enet	0.35	1.3e-56	-1.6049	1.09e-01
NA	/data/songy4/twas/output/weights_control//ENSG00000165752.wgt.RDat	ENSG00000165752	10	134020996	134145351	0.4359	rs3000528	-3.61	rs2818400	 3.11e-01	 13.46	-2.5701	 515	12	lasso	0.45	2.7e-76	-2.2834	2.24e-02
NA	/data/songy4/twas/output/weights_control//ENSG00000148814.wgt.RDat	ENSG00000148814	10	134145614	134195010	0.3052	rs3000528	-3.61	rs2748391	 1.71e-01	-10.51	 0.0476	 490	 6	lasso	0.3	5.7e-47	 0.7040	4.81e-01
NA	/data/songy4/twas/output/weights_control//ENSG00000068383.wgt.RDat	ENSG00000068383	10	134351324	134596979	0.0553	rs3000528	-3.61	rs2246288	 2.06e-02	 -4.36	-0.7143	 586	 1	top1	0.021	0.00032	 0.7143	4.75e-01
NA	/data/songy4/twas/output/weights_control//ENSG00000171811.wgt.RDat	ENSG00000171811	10	134621896	134756327	0.1693	rs4880275	 3.40	rs10870228	 6.10e-02	  6.45	 0.0800	 484	 8	lasso	0.073	2.4e-11	-0.1504	8.80e-01
NA	/data/songy4/twas/output/weights_control//ENSG00000171798.wgt.RDat	ENSG00000171798	10	134973951	135039916	0.3562	rs4880275	 3.40	rs10857669	 1.62e-01	  9.77	 0.3311	 451	 8	lasso	0.21	1.4e-31	 0.1474	8.83e-01
NA	/data/songy4/twas/output/weights_control//ENSG00000151650.wgt.RDat	ENSG00000151650	10	135050908	135055433	0.0948	rs4880275	 3.40	rs34130117	 1.58e-02	  4.73	 0.8636	 426	 6	lasso	0.03	2e-05	 1.4401	1.50e-01
NA	/data/songy4/twas/output/weights_control//ENSG00000151651.wgt.RDat	ENSG00000151651	10	135075907	135090372	0.0504	rs4880275	 3.40	rs12220781	 1.58e-02	  4.13	 1.4074	 414	 1	top1	0.016	0.0015	 1.4074	1.59e-01
NA	/data/songy4/twas/output/weights_control//ENSG00000130640.wgt.RDat	ENSG00000130640	10	135093135	135125841	0.1082	rs10745297	-2.98	rs2230576	 5.26e-02	 -6.66	-0.2340	 407	26	enet	0.09	1.3e-13	 1.2314	2.18e-01
NA	/data/songy4/twas/output/weights_control//ENSG00000148803.wgt.RDat	ENSG00000148803	10	135168658	135171529	0.1403	rs10745297	-2.98	rs4838740	 3.57e-02	 -5.39	 0.0442	 365	10	lasso	0.087	3.2e-13	 0.1475	8.83e-01
NA	/data/songy4/twas/output/weights_control//ENSG00000127884.wgt.RDat	ENSG00000127884	10	135175984	135187193	0.2103	rs10745297	-2.98	rs4838721	 1.81e-01	 10.26	 0.4560	 362	 9	lasso	0.19	7.1e-28	 0.3271	7.44e-01
NA	/data/songy4/twas/output/weights_control//ENSG00000148832.wgt.RDat	ENSG00000148832	10	135192695	135205198	0.0652	rs10745297	-2.98	rs7921501	 2.94e-02	  4.31	-0.4254	 351	20	enet	0.042	5e-07	 0.9149	3.60e-01
NA	/data/songy4/twas/output/weights_control//ENSG00000148824.wgt.RDat	ENSG00000148824	10	135207598	135234811	0.0986	rs10745297	-2.98	rs2265638	 8.82e-02	  7.63	-0.2793	 345	 1	top1	0.088	2.2e-13	-0.2793	7.80e-01
NA	/data/songy4/twas/output/weights_control//ENSG00000214279.wgt.RDat	ENSG00000214279	10	135267432	135337062	0.0553	rs10745297	-2.98	rs2255518	 3.33e-02	  5.12	-0.3798	 321	 1	top1	0.033	6.3e-06	-0.3798	7.04e-01
NA	/data/songy4/twas/output/weights_control//ENSG00000130649.wgt.RDat	ENSG00000130649	10	135333910	135374724	0.0830	rs10745297	-2.98	rs6537606	 2.82e-02	 -4.40	 0.3859	 292	 1	top1	0.028	3.1e-05	-0.3859	7.00e-01
