PANEL	FILE	ID	CHR	P0	P1	HSQ	BEST.GWAS.ID	BEST.GWAS.Z	EQTL.ID	EQTL.R2	EQTL.Z	EQTL.GWAS.Z	NSNP	NWGT	MODEL	MODELCV.R2	MODELCV.PV	TWAS.Z	TWAS.P
NA	/data/songy4/twas/output/weights_control//ENSG00000112685.wgt.RDat	ENSG00000112685	6	485133	693117	0.3361	rs872468	 3.40	rs1890361	 2.34e-01	 11.78	 0.8100	 590	 13	lasso	0.28	1e-43	  0.90055	3.68e-01
NA	/data/songy4/twas/output/weights_control//ENSG00000124588.wgt.RDat	ENSG00000124588	6	2988221	3019996	0.6510	rs1773013	 3.06	rs1885300	 2.63e-01	 13.30	 0.0917	 690	 52	enet	0.62	1.2e-122	 -0.73814	4.60e-01
NA	/data/songy4/twas/output/weights_control//ENSG00000137275.wgt.RDat	ENSG00000137275	6	3064225	3115421	0.1078	rs4515424	-2.94	rs11967255	 2.20e-02	  4.88	-0.4579	 684	  7	lasso	0.034	4.8e-06	 -0.73250	4.64e-01
NA	/data/songy4/twas/output/weights_control//ENSG00000137267.wgt.RDat	ENSG00000137267	6	3153903	3157760	0.8910	rs4515424	-2.94	rs9392465	 8.51e-01	 22.09	-0.4679	 634	  1	top1	0.85	2e-239	 -0.46789	6.40e-01
NA	/data/songy4/twas/output/weights_control//ENSG00000137285.wgt.RDat	ENSG00000137285	6	3224495	3231964	0.4108	rs4515424	-2.94	rs4448134	 7.82e-02	  7.10	-0.6797	 616	 12	lasso	0.32	1.1e-50	  0.54829	5.83e-01
NA	/data/songy4/twas/output/weights_control//ENSG00000180822.wgt.RDat	ENSG00000180822	6	3231637	3303607	0.0579	rs4515424	-2.94	rs9392472	 3.63e-03	 -3.66	-1.4186	 639	 22	enet	0.013	0.0037	  1.35432	1.76e-01
NA	/data/songy4/twas/output/weights_control//ENSG00000137266.wgt.RDat	ENSG00000137266	6	3269196	3457256	0.1712	rs4515424	-2.94	rs10498660	 1.10e-01	 -8.54	 0.3627	 708	 11	enet	0.17	7.1e-25	 -0.89293	3.72e-01
NA	/data/songy4/twas/output/weights_control//ENSG00000145945.wgt.RDat	ENSG00000145945	6	3849620	3851551	0.0973	rs17500205	-3.12	rs4959877	 4.95e-02	 -5.57	-0.6433	 603	  1	top1	0.05	4.2e-08	  0.64331	5.20e-01
NA	/data/songy4/twas/output/weights_control//ENSG00000145975.wgt.RDat	ENSG00000145975	6	4049668	4087578	0.0561	rs17500205	-3.12	rs583881	-1.63e-03	  3.65	 0.0972	 646	  7	lasso	-0.0015	0.69	  0.93268	3.51e-01
NA	/data/songy4/twas/output/weights_control//ENSG00000198721.wgt.RDat	ENSG00000198721	6	4115923	4135831	0.2754	rs17500205	-3.12	rs661404	 2.48e-01	-12.94	 0.0104	 649	 26	enet	0.31	1.5e-48	  0.23879	8.11e-01
NA	/data/songy4/twas/output/weights_control//ENSG00000219607.wgt.RDat	ENSG00000219607	6	5085720	5087455	0.2920	rs200856	-2.95	rs1247000	 2.67e-01	 12.47	-1.9805	 635	 13	enet	0.27	5.3e-42	 -2.12908	3.32e-02
NA	/data/songy4/twas/output/weights_control//ENSG00000214113.wgt.RDat	ENSG00000214113	6	5102827	5261172	0.2690	rs12206147	-3.23	rs10498665	 7.40e-02	  7.59	 1.6400	 744	 37	enet	0.21	6.4e-32	  0.53400	5.93e-01
NA	/data/songy4/twas/output/weights_control//ENSG00000145982.wgt.RDat	ENSG00000145982	6	5261277	5771813	0.2316	rs9502417	-4.15	rs9504370	 1.26e-01	 -8.63	-0.1712	 968	 65	enet	0.14	5.9e-21	  0.26101	7.94e-01
NA	/data/songy4/twas/output/weights_control//ENSG00000124785.wgt.RDat	ENSG00000124785	6	5998232	6007200	0.3091	rs9502417	-4.15	rs6935425	 3.31e-01	-13.84	 0.2589	 709	  7	lasso	0.34	5.4e-54	  0.16683	8.68e-01
NA	/data/songy4/twas/output/weights_control//ENSG00000112799.wgt.RDat	ENSG00000112799	6	6588341	6655216	0.1795	rs9502417	-4.15	rs6597220	 1.27e-01	 -8.73	 0.0442	 804	  5	lasso	0.16	1.8e-23	 -0.19775	8.43e-01
NA	/data/songy4/twas/output/weights_control//ENSG00000124782.wgt.RDat	ENSG00000124782	6	7107830	7252213	0.0951	rs2757632	-4.10	rs7751058	 2.84e-02	  5.24	-0.9103	 718	 12	enet	0.039	1e-06	 -1.24817	2.12e-01
NA	/data/songy4/twas/output/weights_control//ENSG00000124783.wgt.RDat	ENSG00000124783	6	7268539	7347679	0.4917	rs2757632	-4.10	rs41337347	 3.08e-01	-13.35	 0.2699	 671	 11	lasso	0.33	1.3e-52	 -0.09441	9.25e-01
NA	/data/songy4/twas/output/weights_control//ENSG00000096696.wgt.RDat	ENSG00000096696	6	7541808	7586950	0.3877	rs2757632	-4.10	rs11243180	 5.60e-01	-17.97	-1.0495	 607	  1	top1	0.56	1.4e-104	  1.04950	2.94e-01
NA	/data/songy4/twas/output/weights_control//ENSG00000188428.wgt.RDat	ENSG00000188428	6	8013800	8064647	0.0748	rs2757632	-4.10	rs9328449	 9.51e-03	 -4.35	-0.4286	 653	  7	lasso	0.021	0.00028	  0.06196	9.51e-01
NA	/data/songy4/twas/output/weights_control//ENSG00000124802.wgt.RDat	ENSG00000124802	6	8073593	8102811	0.0520	rs1535429	 3.63	rs12215113	 5.14e-02	 -6.21	-0.2252	 619	  5	enet	0.052	1.9e-08	 -0.05613	9.55e-01
NA	/data/songy4/twas/output/weights_control//ENSG00000124786.wgt.RDat	ENSG00000124786	6	8413301	8435794	0.0873	rs17188761	 3.12	rs3823110	 1.01e-01	 -7.71	 1.3137	 493	  8	lasso	0.1	2.6e-15	 -1.50806	1.32e-01
NA	/data/songy4/twas/output/weights_control//ENSG00000111846.wgt.RDat	ENSG00000111846	6	10492456	10629601	0.6155	rs11751970	 2.84	rs504117	 5.05e-01	-17.05	 1.0891	 581	  1	top1	0.51	7.6e-90	 -1.08911	2.76e-01
NA	/data/songy4/twas/output/weights_control//ENSG00000111843.wgt.RDat	ENSG00000111843	6	10723148	10731362	0.2273	rs4713064	-2.66	rs1045911	 2.45e-02	  6.80	-0.0777	 483	 24	enet	0.13	6.8e-20	  1.40104	1.61e-01
NA	/data/songy4/twas/output/weights_control//ENSG00000153157.wgt.RDat	ENSG00000153157	6	10748027	10979553	0.6404	rs4713064	-2.66	rs9379896	 5.60e-01	 17.92	-0.7920	 599	  9	lasso	0.63	2.5e-126	 -0.90176	3.67e-01
NA	/data/songy4/twas/output/weights_control//ENSG00000111837.wgt.RDat	ENSG00000111837	6	10762956	10838764	0.1423	rs4713064	-2.63	rs518204	 5.33e-02	 -5.87	-1.3929	 527	 47	enet	0.078	6e-12	 -0.99994	3.17e-01
NA	/data/songy4/twas/output/weights_control//ENSG00000224531.wgt.RDat	ENSG00000224531	6	11094266	11138964	0.1224	rs4713064	-2.69	rs10946968	 1.26e-01	  8.60	-0.4519	 526	  3	lasso	0.13	6.6e-19	 -0.27071	7.87e-01
NA	/data/songy4/twas/output/weights_control//ENSG00000205269.wgt.RDat	ENSG00000205269	6	11537938	11583757	0.0662	rs9469853	 3.18	rs620729	 3.84e-02	 -5.97	 1.9208	 662	  1	top1	0.038	1.3e-06	 -1.92079	5.48e-02
NA	/data/songy4/twas/output/weights_control//ENSG00000111863.wgt.RDat	ENSG00000111863	6	11712287	11807279	0.1464	rs9469853	 3.18	rs2235422	 3.93e-02	 -6.16	-1.5094	 719	 30	enet	0.12	2.1e-17	  0.19661	8.44e-01
NA	/data/songy4/twas/output/weights_control//ENSG00000095951.wgt.RDat	ENSG00000095951	6	12008995	12165232	0.0746	rs9469853	 3.18	rs16872104	 5.13e-03	 -4.30	 0.6774	 726	 28	enet	0.019	5e-04	 -1.73574	8.26e-02
NA	/data/songy4/twas/output/weights_control//ENSG00000078401.wgt.RDat	ENSG00000078401	6	12290596	12297427	0.0565	rs950719	-2.84	rs2144221	-1.38e-03	 -3.88	 1.1600	 572	 19	enet	0.012	0.0043	 -0.56411	5.73e-01
NA	/data/songy4/twas/output/weights_control//ENSG00000112137.wgt.RDat	ENSG00000112137	6	12717893	13288645	0.1863	rs3800506	-4.75	rs1150595	 1.56e-01	 -9.66	 1.1058	 827	  9	lasso	0.19	6.6e-28	 -1.13018	2.58e-01
NA	/data/songy4/twas/output/weights_control//ENSG00000145979.wgt.RDat	ENSG00000145979	6	13266774	13328815	0.4022	rs3800506	-4.75	rs2496132	 3.13e-01	 13.45	 0.9640	 547	 33	enet	0.33	7.3e-52	  0.07073	9.44e-01
NA	/data/songy4/twas/output/weights_control//ENSG00000124523.wgt.RDat	ENSG00000124523	6	13574816	13614790	0.0856	rs3800506	-4.75	rs2804916	 4.91e-02	 -6.19	-2.5825	 539	  5	lasso	0.061	1.3e-09	  3.41969	6.27e-04
NA	/data/songy4/twas/output/weights_control//ENSG00000050393.wgt.RDat	ENSG00000050393	6	13786789	13814800	0.0912	rs3800506	-4.75	rs6924799	 2.06e-02	  5.60	 3.3269	 513	 16	enet	0.046	1.1e-07	  3.10814	1.88e-03
NA	/data/songy4/twas/output/weights_control//ENSG00000180537.wgt.RDat	ENSG00000180537	6	13924677	13980533	0.7613	rs3800506	-4.75	rs9475771	 5.61e-01	 18.03	-1.1800	 472	 56	enet	0.78	3.9e-188	 -0.33737	7.36e-01
NA	/data/songy4/twas/output/weights_control//ENSG00000112149.wgt.RDat	ENSG00000112149	6	14117872	14137149	0.0823	rs3800506	-4.75	rs2235369	 3.52e-02	 -5.23	-0.1065	 493	  5	lasso	0.04	7.8e-07	  1.26496	2.06e-01
NA	/data/songy4/twas/output/weights_control//ENSG00000008083.wgt.RDat	ENSG00000008083	6	15246527	15522252	0.1551	rs233492	-3.18	rs12527988	 1.00e-01	 -7.76	-0.2032	 609	  8	lasso	0.1	2.2e-15	  0.17398	8.62e-01
NA	/data/songy4/twas/output/weights_control//ENSG00000047579.wgt.RDat	ENSG00000047579	6	15523032	15663289	0.2341	rs2876400	 2.90	rs11753919	 1.75e-01	 10.54	-0.1098	 587	 11	lasso	0.28	1.1e-42	  0.15701	8.75e-01
NA	/data/songy4/twas/output/weights_control//ENSG00000007944.wgt.RDat	ENSG00000007944	6	16129356	16148479	0.0596	rs2876400	 2.90	rs6459417	 1.06e-03	  3.76	-1.2111	 588	  7	lasso	0.0045	0.058	 -1.89607	5.80e-02
NA	/data/songy4/twas/output/weights_control//ENSG00000124788.wgt.RDat	ENSG00000124788	6	16299343	16761722	0.1155	rs16879127	 3.38	rs2301594	 8.90e-02	 -7.40	 2.9462	 814	  1	top1	0.089	1.6e-13	 -2.94615	3.22e-03
NA	/data/songy4/twas/output/weights_control//ENSG00000137414.wgt.RDat	ENSG00000137414	6	17600586	17611950	0.0735	rs2296197	 2.95	rs12199222	 4.55e-02	 -6.02	-0.3312	 366	  1	top1	0.045	1.5e-07	  0.33121	7.40e-01
NA	/data/songy4/twas/output/weights_control//ENSG00000137177.wgt.RDat	ENSG00000137177	6	17759414	17987854	0.1020	rs2296197	 2.95	rs2876471	 1.06e-01	  7.94	 0.9437	 533	  1	top1	0.11	8e-16	  0.94366	3.45e-01
NA	/data/songy4/twas/output/weights_control//ENSG00000187566.wgt.RDat	ENSG00000187566	6	18120718	18122851	0.0675	rs2296197	 2.95	rs6915893	 2.58e-02	 -5.25	-1.0680	 483	 10	enet	0.049	5.2e-08	  0.33683	7.36e-01
NA	/data/songy4/twas/output/weights_control//ENSG00000137364.wgt.RDat	ENSG00000137364	6	18128542	18155305	0.4176	rs2296197	 2.95	rs214621	 7.83e-02	 -8.26	 0.0898	 495	 27	enet	0.28	1.2e-42	 -0.09555	9.24e-01
NA	/data/songy4/twas/output/weights_control//ENSG00000165097.wgt.RDat	ENSG00000165097	6	18155560	18224084	0.2677	rs2296197	 2.95	rs214621	 1.55e-01	 -9.85	 0.0898	 527	 21	enet	0.17	5.5e-25	 -0.45570	6.49e-01
NA	/data/songy4/twas/output/weights_control//ENSG00000124795.wgt.RDat	ENSG00000124795	6	18224099	18265054	0.0838	rs2296197	 2.95	rs3476	 2.95e-02	  5.63	 0.3680	 527	  8	lasso	0.039	1.1e-06	  0.53546	5.92e-01
NA	/data/songy4/twas/output/weights_control//ENSG00000137393.wgt.RDat	ENSG00000137393	6	18368779	18469105	0.1765	rs1033822	 2.60	rs2328226	 8.75e-02	 -7.30	 0.5490	 553	 47	enet	0.15	1.4e-21	 -0.11195	9.11e-01
NA	/data/songy4/twas/output/weights_control//ENSG00000066379.wgt.RDat	ENSG00000066379	6	30026676	30032686	0.0457	rs2517910	 3.62	rs7759272	-8.46e-04	  3.02	-1.8207	  42	 27	enet	0.0046	0.056	 -3.36953	7.53e-04
NA	/data/songy4/twas/output/weights_control//ENSG00000204616.wgt.RDat	ENSG00000204616	6	30070674	30080883	0.0782	NA	   NA	NA	       NA	    NA	     NA	  42	  0	top1	0.043	3.2e-07	       NA	      NA
NA	/data/songy4/twas/output/weights_control//ENSG00000204613.wgt.RDat	ENSG00000204613	6	30119722	30128711	0.2300	rs2517910	 3.62	rs3129063	 3.32e-02	 -5.20	 2.3496	  42	 18	enet	0.067	1.9e-10	 -1.13998	2.54e-01
NA	/data/songy4/twas/output/weights_control//ENSG00000234127.wgt.RDat	ENSG00000234127	6	30152232	30181204	0.0238	rs2517910	 3.62	rs1362126	 2.74e-02	 -4.21	-1.5300	  25	  1	top1	0.027	3.9e-05	  1.53000	1.26e-01
NA	/data/songy4/twas/output/weights_control//ENSG00000137312.wgt.RDat	ENSG00000137312	6	30695486	30710510	0.0790	rs1265096	-4.28	rs3130975	 4.24e-02	  5.89	-1.2381	  76	 12	enet	0.075	1.3e-11	 -0.30119	7.63e-01
NA	/data/songy4/twas/output/weights_control//ENSG00000137331.wgt.RDat	ENSG00000137331	6	30710976	30712331	0.1671	rs1265096	-4.28	rs3130557	 6.14e-02	  6.08	 1.8235	  77	 23	enet	0.078	5.3e-12	 -0.55218	5.81e-01
NA	/data/songy4/twas/output/weights_control//ENSG00000204580.wgt.RDat	ENSG00000204580	6	30844198	30867933	0.1129	rs1265096	-4.28	rs28732100	 2.47e-02	  3.96	 2.2798	  91	 42	enet	0.047	9.7e-08	 -0.64599	5.18e-01
NA	/data/songy4/twas/output/weights_control//ENSG00000137411.wgt.RDat	ENSG00000137411	6	30876019	30894236	0.3634	rs1265096	-4.28	rs1265048	 1.25e-01	  8.55	-1.9902	  91	 62	enet	0.19	4.2e-28	 -3.65431	2.58e-04
NA	/data/songy4/twas/output/weights_control//ENSG00000204536.wgt.RDat	ENSG00000204536	6	31110216	31126015	0.3298	rs1265096	-4.28	rs1265087	 1.90e-01	 10.53	 2.2782	 174	 35	enet	0.26	2.7e-40	  0.42794	6.69e-01
NA	/data/songy4/twas/output/weights_control//ENSG00000137310.wgt.RDat	ENSG00000137310	6	31126319	31134936	0.5018	rs1265096	-4.28	rs2233976	 5.11e-01	 17.13	-1.2289	 174	  1	top1	0.51	3.2e-91	 -1.22892	2.19e-01
NA	/data/songy4/twas/output/weights_control//ENSG00000204531.wgt.RDat	ENSG00000204531	6	31132119	31148508	0.2315	rs1265096	-4.28	rs1265098	 4.24e-02	  5.34	-3.4918	 174	 36	enet	0.083	1.2e-12	 -3.64296	2.70e-04
NA	/data/songy4/twas/output/weights_control//ENSG00000204525.wgt.RDat	ENSG00000204525	6	31236526	31239907	0.7365	rs3131382	 5.97	rs9263699	 2.26e-01	 11.56	 1.1261	 205	130	enet	0.53	4e-95	  3.19241	1.41e-03
NA	/data/songy4/twas/output/weights_control//ENSG00000234745.wgt.RDat	ENSG00000234745	6	31321649	31324965	0.6255	rs3131382	 5.97	rs2596501	 1.81e-01	 11.95	 2.0263	 216	 33	enet	0.53	2.4e-96	  3.05507	2.25e-03
NA	/data/songy4/twas/output/weights_control//ENSG00000204520.wgt.RDat	ENSG00000204520	6	31371356	31383092	0.2980	rs9267659	 6.64	rs2523578	 1.88e-02	 -5.65	 3.0000	 240	 87	enet	0.066	2.5e-10	  2.37466	1.76e-02
NA	/data/songy4/twas/output/weights_control//ENSG00000204516.wgt.RDat	ENSG00000204516	6	31462658	31478901	0.6536	rs9267659	 6.64	rs3828917	 4.18e-01	-15.57	 1.4476	 277	 42	enet	0.54	6.4e-99	 -1.94905	5.13e-02
NA	/data/songy4/twas/output/weights_control//ENSG00000213760.wgt.RDat	ENSG00000213760	6	31512239	31516204	0.1163	rs9267659	 6.64	rs2857605	 6.63e-02	 -6.64	 1.6529	 279	 28	enet	0.087	3e-13	 -3.68487	2.29e-04
NA	/data/songy4/twas/output/weights_control//ENSG00000204498.wgt.RDat	ENSG00000204498	6	31514647	31526606	0.0516	rs9267659	 6.64	rs389883	 6.73e-03	  3.67	 6.2025	 283	  1	top1	0.0067	0.027	  6.20252	5.56e-10
NA	/data/songy4/twas/output/weights_control//ENSG00000204482.wgt.RDat	ENSG00000204482	6	31553901	31556686	0.0849	rs9267659	 6.64	rs2229094	 1.03e-02	 -4.48	-2.0000	 300	 12	enet	0.024	0.00013	 -0.64364	5.20e-01
NA	/data/songy4/twas/output/weights_control//ENSG00000204475.wgt.RDat	ENSG00000204475	6	31556672	31560762	0.2637	rs9267659	 6.64	rs3869145	 4.27e-02	 -6.29	-0.0207	 302	  7	lasso	0.15	2.3e-22	  0.91519	3.60e-01
NA	/data/songy4/twas/output/weights_control//ENSG00000204472.wgt.RDat	ENSG00000204472	6	31582961	31584798	0.0410	rs9267659	 6.64	rs707938	 6.70e-03	 -4.10	 1.5619	 294	  6	enet	0.0096	0.011	 -2.77580	5.51e-03
NA	/data/songy4/twas/output/weights_control//ENSG00000204463.wgt.RDat	ENSG00000204463	6	31606805	31620482	0.0733	rs9267659	 6.64	rs3101018	-1.73e-03	  3.73	 1.7730	 255	 32	enet	0.0067	0.028	  2.28584	2.23e-02
NA	/data/songy4/twas/output/weights_control//ENSG00000204438.wgt.RDat	ENSG00000204438	6	31629006	31634060	0.1548	rs9267659	 6.64	rs35444838	 1.56e-02	  5.17	 0.5777	 243	 42	enet	0.058	3.2e-09	 -0.11157	9.11e-01
NA	/data/songy4/twas/output/weights_control//ENSG00000204435.wgt.RDat	ENSG00000204435	6	31633013	31638120	0.0467	rs9267659	 6.64	rs707939	 7.38e-03	 -4.07	-5.0000	 243	  1	top1	0.0074	0.022	  5.00000	5.73e-07
NA	/data/songy4/twas/output/weights_control//ENSG00000240053.wgt.RDat	ENSG00000240053	6	31637944	31641553	0.0571	rs9267659	 6.64	rs1144709	 1.35e-02	 -4.49	 0.1204	 243	  1	top1	0.014	0.003	 -0.12039	9.04e-01
NA	/data/songy4/twas/output/weights_control//ENSG00000204428.wgt.RDat	ENSG00000204428	6	31644461	31651817	0.2961	rs9267659	 6.64	rs1144709	 1.64e-01	 -9.89	 0.1204	 243	 25	enet	0.21	6.6e-32	  1.41490	1.57e-01
NA	/data/songy4/twas/output/weights_control//ENSG00000213722.wgt.RDat	ENSG00000213722	6	31694815	31698394	0.0800	rs9267659	 6.64	rs2534671	 6.79e-03	  4.61	-0.4303	 243	 14	enet	0.032	9.4e-06	  1.26597	2.06e-01
NA	/data/songy4/twas/output/weights_control//ENSG00000204410.wgt.RDat	ENSG00000204410	6	31707725	31732622	0.0422	rs9267659	 6.64	rs1048709	 3.41e-03	 -4.07	 6.0569	 243	 11	enet	0.021	0.00026	 -4.46129	8.15e-06
NA	/data/songy4/twas/output/weights_control//ENSG00000204389.wgt.RDat	ENSG00000204389	6	31783291	31785723	0.0474	rs9267659	 6.64	rs3020644	 4.16e-03	 -3.82	-4.6667	 240	 29	enet	0.011	0.0069	 -0.14038	8.88e-01
NA	/data/songy4/twas/output/weights_control//ENSG00000204388.wgt.RDat	ENSG00000204388	6	31795512	31798031	0.1344	rs9267659	 6.64	rs769177	-1.49e-03	  3.16	 0.3353	 240	 85	enet	0.16	5.1e-24	  1.43509	1.51e-01
NA	/data/songy4/twas/output/weights_control//ENSG00000204385.wgt.RDat	ENSG00000204385	6	31830969	31846823	0.3025	rs9267659	 6.64	rs605203	 3.08e-01	 13.45	 6.5674	 228	 30	enet	0.34	3.8e-53	  6.80174	1.03e-11
NA	/data/songy4/twas/output/weights_control//ENSG00000166278.wgt.RDat	ENSG00000166278	6	31865562	31913449	0.0333	rs9267659	 6.64	rs2239705	 2.72e-03	 -3.55	 0.1919	 228	  1	top1	0.0027	0.11	 -0.19191	8.48e-01
NA	/data/songy4/twas/output/weights_control//ENSG00000204351.wgt.RDat	ENSG00000204351	6	31926857	31937532	0.0442	rs9267659	 6.64	rs498240	 2.42e-02	  4.44	 0.3316	 224	  7	lasso	0.025	9e-05	  0.62292	5.33e-01
NA	/data/songy4/twas/output/weights_control//ENSG00000244731.wgt.RDat	ENSG00000244731	6	31949801	31970458	0.1962	rs9267659	 6.64	rs1150752	 1.90e-01	-11.17	 1.4910	 224	 21	enet	0.23	2.3e-35	 -1.94902	5.13e-02
NA	/data/songy4/twas/output/weights_control//ENSG00000224389.wgt.RDat	ENSG00000224389	6	31982539	32003195	0.2881	rs9267659	 6.64	rs1150753	 2.51e-01	 12.20	 1.5090	 190	 34	enet	0.33	6.4e-52	  2.50960	1.21e-02
NA	/data/songy4/twas/output/weights_control//ENSG00000231852.wgt.RDat	ENSG00000231852	6	32006042	32009447	0.1415	rs9267659	 6.64	rs1270942	 6.46e-02	  6.51	 1.7099	 190	 41	enet	0.093	4.8e-14	 -1.74689	8.07e-02
NA	/data/songy4/twas/output/weights_control//ENSG00000204315.wgt.RDat	ENSG00000204315	6	32096484	32098068	0.0873	rs660895	-9.87	rs12153855	 4.77e-02	  6.27	 2.1465	 163	 19	enet	0.05	3.4e-08	  2.41657	1.57e-02
NA	/data/songy4/twas/output/weights_control//ENSG00000241404.wgt.RDat	ENSG00000241404	6	32132360	32136058	0.0658	rs660895	-9.87	rs2227956	 3.45e-02	  4.73	 3.6943	 170	  1	top1	0.035	4.3e-06	  3.69427	2.21e-04
NA	/data/songy4/twas/output/weights_control//ENSG00000204308.wgt.RDat	ENSG00000204308	6	32146131	32151930	0.1153	rs660895	-9.87	rs521977	 2.91e-02	  5.65	 6.0000	 170	 29	enet	0.12	3.3e-18	  4.25414	2.10e-05
NA	/data/songy4/twas/output/weights_control//ENSG00000204305.wgt.RDat	ENSG00000204305	6	32148745	32152101	0.0348	rs660895	-9.87	rs204895	 1.06e-02	  3.92	-0.4613	 170	 12	lasso	0.018	0.00064	  2.08285	3.73e-02
NA	/data/songy4/twas/output/weights_control//ENSG00000204301.wgt.RDat	ENSG00000204301	6	32162620	32191844	0.0754	rs660895	-9.87	rs2072634	 1.79e-03	  3.38	-2.1926	 170	 48	enet	0.015	0.0017	  1.83205	6.69e-02
NA	/data/songy4/twas/output/weights_control//ENSG00000198502.wgt.RDat	ENSG00000198502	6	32485120	32498064	0.9204	rs660895	-9.87	rs9271055	 6.35e-01	 19.11	 3.9441	 259	 70	enet	0.84	4.9e-230	  2.35161	1.87e-02
NA	/data/songy4/twas/output/weights_control//ENSG00000196126.wgt.RDat	ENSG00000196126	6	32546546	32557625	0.3909	rs660895	-9.87	rs532098	 1.74e-01	-10.48	-7.8020	 244	 40	enet	0.31	1.7e-48	  7.51307	5.78e-14
NA	/data/songy4/twas/output/weights_control//ENSG00000196735.wgt.RDat	ENSG00000196735	6	32595956	32614839	0.5348	rs660895	-9.87	rs1063355	 3.20e-01	 13.63	 4.0648	 217	  8	lasso	0.36	3.9e-57	  3.11368	1.85e-03
NA	/data/songy4/twas/output/weights_control//ENSG00000179344.wgt.RDat	ENSG00000179344	6	32627244	32636160	0.8969	rs660895	-9.87	rs1063355	 6.01e-01	 18.60	 4.0648	 224	 72	enet	0.81	1.5e-211	  2.04370	4.10e-02
NA	/data/songy4/twas/output/weights_control//ENSG00000237541.wgt.RDat	ENSG00000237541	6	32709119	32714992	0.9012	rs660895	-9.87	rs28366298	 6.68e-01	 19.59	-7.6317	 256	100	enet	0.84	9.3e-231	-10.28640	8.12e-25
NA	/data/songy4/twas/output/weights_control//ENSG00000232629.wgt.RDat	ENSG00000232629	6	32723875	32731311	0.8188	rs660895	-9.87	rs1063355	 7.18e-01	-20.34	 4.0648	 256	  6	lasso	0.79	9e-196	 -3.79098	1.50e-04
NA	/data/songy4/twas/output/weights_control//ENSG00000241106.wgt.RDat	ENSG00000241106	6	32780540	32784825	0.5459	rs660895	-9.87	rs4148876	 3.79e-01	 14.81	-5.2737	 268	  4	lasso	0.45	7.1e-77	 -5.34616	8.98e-08
NA	/data/songy4/twas/output/weights_control//ENSG00000250264.wgt.RDat	ENSG00000250264	6	32781544	32806599	0.4984	rs660895	-9.87	rs4148876	 3.26e-01	 13.82	-5.2737	 268	  5	lasso	0.34	8.6e-54	 -5.47635	4.34e-08
NA	/data/songy4/twas/output/weights_control//ENSG00000204267.wgt.RDat	ENSG00000204267	6	32789610	32806557	0.2828	rs660895	-9.87	rs2621323	 3.59e-01	-14.47	 1.6078	 268	 40	enet	0.39	8.8e-63	 -2.08080	3.75e-02
NA	/data/songy4/twas/output/weights_control//ENSG00000204264.wgt.RDat	ENSG00000204264	6	32808494	32812480	0.0988	rs660895	-9.87	rs2127680	 6.32e-02	  6.55	 0.0471	 268	  1	top1	0.063	5.9e-10	  0.04710	9.62e-01
NA	/data/songy4/twas/output/weights_control//ENSG00000240065.wgt.RDat	ENSG00000240065	6	32811913	32827362	0.3047	rs660895	-9.87	rs1351383	 3.38e-01	 13.95	-0.8557	 268	  6	lasso	0.35	4.2e-55	 -0.88974	3.74e-01
NA	/data/songy4/twas/output/weights_control//ENSG00000204252.wgt.RDat	ENSG00000204252	6	32971955	32977389	0.0806	rs660895	-9.87	rs396090	 5.81e-02	  5.90	 1.2316	 289	  1	top1	0.058	2.9e-09	  1.23158	2.18e-01
NA	/data/songy4/twas/output/weights_control//ENSG00000231389.wgt.RDat	ENSG00000231389	6	33032346	33048552	0.1607	rs660895	-9.87	rs9276991	 3.44e-02	 -6.01	-0.0187	 325	 25	enet	0.072	3.8e-11	 -0.56735	5.70e-01
NA	/data/songy4/twas/output/weights_control//ENSG00000223865.wgt.RDat	ENSG00000223865	6	33043703	33054978	0.2731	rs660895	-9.87	rs4713603	 1.11e-01	  8.04	 0.6842	 330	 10	lasso	0.17	5.4e-25	 -0.09988	9.20e-01
NA	/data/songy4/twas/output/weights_control//ENSG00000204231.wgt.RDat	ENSG00000204231	6	33161365	33168630	0.0628	rs3763355	-5.50	rs973233	 1.09e-02	 -4.27	 0.2971	 396	  1	top1	0.011	0.007	 -0.29710	7.66e-01
NA	/data/songy4/twas/output/weights_control//ENSG00000231925.wgt.RDat	ENSG00000231925	6	33267471	33282164	0.0415	rs3763355	-5.50	rs3130099	 1.16e-02	  4.40	-1.4286	 504	  1	top1	0.012	0.0056	 -1.42857	1.53e-01
NA	/data/songy4/twas/output/weights_control//ENSG00000236104.wgt.RDat	ENSG00000236104	6	33282183	33285719	0.0624	rs3763355	-5.50	rs6910721	-1.32e-04	 -4.12	-0.9202	 495	 16	enet	0.0064	0.031	 -2.20511	2.74e-02
NA	/data/songy4/twas/output/weights_control//ENSG00000030110.wgt.RDat	ENSG00000030110	6	33540329	33548019	0.5340	rs2076311	 3.03	rs513349	 3.76e-01	-14.81	-0.7684	 496	  4	lasso	0.52	8.3e-93	  0.52838	5.97e-01
NA	/data/songy4/twas/output/weights_control//ENSG00000096433.wgt.RDat	ENSG00000096433	6	33588142	33664351	0.2763	rs2076311	 3.03	rs4711336	 1.92e-01	-11.66	-0.4442	 547	 30	enet	0.38	3.3e-62	  0.29350	7.69e-01
NA	/data/songy4/twas/output/weights_control//ENSG00000272325.wgt.RDat	ENSG00000272325	6	34247456	34360451	0.0374	rs13194133	-2.81	rs3798557	 3.62e-02	  5.41	 0.7123	 486	  1	top1	0.036	2.6e-06	  0.71233	4.76e-01
NA	/data/songy4/twas/output/weights_control//ENSG00000196821.wgt.RDat	ENSG00000196821	6	34555065	34664636	0.0581	rs13194133	-2.81	rs17644393	 6.13e-02	  6.00	 1.2373	 390	  2	lasso	0.065	3.6e-10	  0.86532	3.87e-01
NA	/data/songy4/twas/output/weights_control//ENSG00000124562.wgt.RDat	ENSG00000124562	6	34725183	34741571	0.0475	rs13194133	-2.81	rs9469917	 6.76e-02	 -6.54	-0.7576	 362	  1	top1	0.068	1.5e-10	  0.75758	4.49e-01
NA	/data/songy4/twas/output/weights_control//ENSG00000065060.wgt.RDat	ENSG00000065060	6	34759857	34850915	0.4098	rs13194133	-2.81	rs13220394	 6.54e-01	 19.47	-0.8200	 400	 27	enet	0.67	1.5e-138	 -0.79089	4.29e-01
NA	/data/songy4/twas/output/weights_control//ENSG00000023892.wgt.RDat	ENSG00000023892	6	35265595	35289548	0.1096	rs2820223	-2.40	rs10755687	 1.45e-01	 -9.26	-0.3613	 447	  1	top1	0.15	1.6e-21	  0.36134	7.18e-01
NA	/data/songy4/twas/output/weights_control//ENSG00000112039.wgt.RDat	ENSG00000112039	6	35420138	35434880	0.0855	rs2820223	-2.40	rs3800377	 7.02e-02	  6.81	-0.6000	 435	  1	top1	0.07	6.5e-11	 -0.60000	5.49e-01
NA	/data/songy4/twas/output/weights_control//ENSG00000198755.wgt.RDat	ENSG00000198755	6	35436185	35438562	0.1895	rs2820223	-2.40	rs12525930	 1.03e-01	  7.99	-0.5000	 431	  1	top1	0.1	2.2e-15	 -0.50000	6.17e-01
NA	/data/songy4/twas/output/weights_control//ENSG00000096063.wgt.RDat	ENSG00000096063	6	35800743	35889119	0.0673	rs6457896	 2.98	rs6457858	 4.52e-02	  5.85	-1.9231	 483	  1	top1	0.045	1.6e-07	 -1.92308	5.45e-02
NA	/data/songy4/twas/output/weights_control//ENSG00000112053.wgt.RDat	ENSG00000112053	6	35911291	35992645	0.0552	rs6457896	 2.98	rs7754088	 2.28e-02	  4.84	 0.0312	 433	  1	top1	0.023	0.00017	  0.03125	9.75e-01
NA	/data/songy4/twas/output/weights_control//ENSG00000156711.wgt.RDat	ENSG00000156711	6	36095586	36107842	0.1666	rs6457896	 2.98	rs2859136	 1.37e-01	  8.91	 0.7624	 375	  1	top1	0.14	2.6e-20	  0.76238	4.46e-01
NA	/data/songy4/twas/output/weights_control//ENSG00000010030.wgt.RDat	ENSG00000010030	6	36322419	36356164	0.3611	rs6457896	 2.98	rs2234071	 5.19e-01	-17.29	 0.0928	 501	  5	lasso	0.52	3.9e-94	 -0.09127	9.27e-01
NA	/data/songy4/twas/output/weights_control//ENSG00000112079.wgt.RDat	ENSG00000112079	6	36461669	36515247	0.0438	rs6457896	 2.98	rs1076929	 6.28e-03	 -4.32	-0.1262	 588	  1	top1	0.0063	0.032	  0.12621	9.00e-01
NA	/data/songy4/twas/output/weights_control//ENSG00000124762.wgt.RDat	ENSG00000124762	6	36644305	36655116	0.1147	rs6457896	 2.98	rs6906101	-1.67e-03	 -3.72	 1.2857	 559	 10	enet	0.00049	0.26	 -1.83690	6.62e-02
NA	/data/songy4/twas/output/weights_control//ENSG00000255587.wgt.RDat	ENSG00000255587	6	36683256	36699870	0.1461	rs6457896	 2.98	rs12528085	 1.36e-01	  9.35	 1.1237	 579	 15	enet	0.16	5.3e-24	  1.32680	1.85e-01
NA	/data/songy4/twas/output/weights_control//ENSG00000164530.wgt.RDat	ENSG00000164530	6	36922209	36932613	0.2716	rs831481	 2.74	rs3778022	 2.06e-01	 11.16	-0.8310	 541	  6	lasso	0.25	3.3e-37	 -0.66823	5.04e-01
NA	/data/songy4/twas/output/weights_control//ENSG00000137193.wgt.RDat	ENSG00000137193	6	37137979	37143202	0.0720	rs831481	 2.74	rs149708	-1.73e-03	  3.96	 1.1275	 648	 14	enet	0.0062	0.033	  1.37170	1.70e-01
NA	/data/songy4/twas/output/weights_control//ENSG00000172738.wgt.RDat	ENSG00000172738	6	37179956	37225931	0.0644	rs831481	 2.74	rs9368993	 2.49e-02	 -4.58	 0.0849	 658	  1	top1	0.025	8.6e-05	 -0.08491	9.32e-01
NA	/data/songy4/twas/output/weights_control//ENSG00000065491.wgt.RDat	ENSG00000065491	6	37225548	37300746	0.0961	rs831481	 2.74	rs149709	 2.93e-02	 -5.15	-0.5000	 633	  1	top1	0.029	2.2e-05	  0.50000	6.17e-01
NA	/data/songy4/twas/output/weights_control//ENSG00000112130.wgt.RDat	ENSG00000112130	6	37321748	37362514	0.1541	rs831481	 2.74	rs2284923	 1.30e-01	 -8.77	-1.3800	 573	  3	lasso	0.13	1e-19	  1.34526	1.79e-01
NA	/data/songy4/twas/output/weights_control//ENSG00000198937.wgt.RDat	ENSG00000198937	6	37450696	37467698	0.2672	rs831481	 2.74	rs1757181	 3.51e-01	-14.39	 0.6869	 510	  8	lasso	0.38	2e-62	 -0.90338	3.66e-01
NA	/data/songy4/twas/output/weights_control//ENSG00000112139.wgt.RDat	ENSG00000112139	6	37600284	37667082	0.7999	rs3901254	-2.48	rs6938061	 6.54e-01	 19.41	-1.8824	 504	  8	lasso	0.7	1.8e-153	 -1.57084	1.16e-01
NA	/data/songy4/twas/output/weights_control//ENSG00000156639.wgt.RDat	ENSG00000156639	6	37787275	38122400	0.0842	rs2246023	-3.11	rs2036124	 5.51e-02	  5.95	-2.0960	 611	  1	top1	0.055	7.3e-09	 -2.09605	3.61e-02
NA	/data/songy4/twas/output/weights_control//ENSG00000124767.wgt.RDat	ENSG00000124767	6	38643701	38670917	0.0483	rs2246023	-3.11	rs1049346	 9.01e-03	 -4.85	-1.7423	 578	 19	enet	0.017	0.00089	  2.42620	1.53e-02
NA	/data/songy4/twas/output/weights_control//ENSG00000124721.wgt.RDat	ENSG00000124721	6	38683117	38998301	0.1253	rs2246023	-3.11	rs1678699	 7.64e-02	 -7.15	 0.6211	 759	  1	top1	0.076	9e-12	 -0.62105	5.35e-01
NA	/data/songy4/twas/output/weights_control//ENSG00000112164.wgt.RDat	ENSG00000112164	6	39016574	39055519	0.1699	rs6899384	 2.88	rs9283907	 4.37e-02	  6.64	 0.2071	 652	 46	enet	0.094	3.3e-14	 -0.50060	6.17e-01
NA	/data/songy4/twas/output/weights_control//ENSG00000112167.wgt.RDat	ENSG00000112167	6	39071840	39082965	0.4542	rs6899384	 2.88	rs179271	 3.92e-01	 15.45	-0.5510	 635	  6	lasso	0.43	2.3e-72	 -0.53024	5.96e-01
NA	/data/songy4/twas/output/weights_control//ENSG00000124780.wgt.RDat	ENSG00000124780	6	39266777	39282329	0.5229	rs6899384	 2.88	rs11756091	 4.03e-01	-15.25	 0.0319	 615	  1	top1	0.4	1.9e-66	 -0.03191	9.75e-01
NA	/data/songy4/twas/output/weights_control//ENSG00000124615.wgt.RDat	ENSG00000124615	6	39867354	39902290	0.3409	rs9689513	-2.41	rs3800349	 2.78e-01	 12.75	-0.7040	 547	  1	top1	0.28	1.3e-42	 -0.70404	4.81e-01
NA	/data/songy4/twas/output/weights_control//ENSG00000156564.wgt.RDat	ENSG00000156564	6	40359325	40555204	0.3009	rs7773686	-3.12	rs17681421	 9.50e-02	  8.48	 0.3462	 710	 16	lasso	0.22	2.4e-33	 -0.36616	7.14e-01
NA	/data/songy4/twas/output/weights_control//ENSG00000124602.wgt.RDat	ENSG00000124602	6	40994772	41006928	0.0452	rs4711658	-3.20	rs1534995	-1.52e-03	 -3.33	-1.1780	 588	  4	lasso	0.0093	0.012	  1.13550	2.56e-01
NA	/data/songy4/twas/output/weights_control//ENSG00000124701.wgt.RDat	ENSG00000124701	6	41021043	41032250	0.1256	rs4711658	-3.20	rs9367093	 1.13e-01	  8.74	-1.7632	 577	 13	lasso	0.12	5e-18	 -1.84656	6.48e-02
NA	/data/songy4/twas/output/weights_control//ENSG00000001167.wgt.RDat	ENSG00000001167	6	41040684	41067715	0.1089	rs4711658	-3.20	rs878998	 6.51e-02	  6.54	-0.9870	 581	 22	enet	0.09	1.3e-13	 -1.85518	6.36e-02
NA	/data/songy4/twas/output/weights_control//ENSG00000112195.wgt.RDat	ENSG00000112195	6	41158015	41168932	0.0733	rs4711658	-3.20	rs7748513	 1.80e-02	 -4.75	-1.4963	 557	 17	enet	0.041	6.4e-07	  2.27108	2.31e-02
NA	/data/songy4/twas/output/weights_control//ENSG00000188056.wgt.RDat	ENSG00000188056	6	41196062	41206620	0.7725	rs4711658	-3.20	rs986030	 8.85e-01	 22.52	-1.4261	 549	  1	top1	0.88	3.3e-271	 -1.42609	1.54e-01
NA	/data/songy4/twas/output/weights_control//ENSG00000124731.wgt.RDat	ENSG00000124731	6	41235664	41254457	0.2284	rs4711658	-3.20	rs4714441	 1.85e-01	-10.35	-0.2500	 537	 31	enet	0.26	1e-39	  1.02149	3.07e-01
NA	/data/songy4/twas/output/weights_control//ENSG00000164663.wgt.RDat	ENSG00000164663	6	41757634	41863099	0.1122	rs6920885	-3.31	rs9394833	 1.04e-01	  8.01	 1.4561	 549	  1	top1	0.1	1.4e-15	  1.45614	1.45e-01
NA	/data/songy4/twas/output/weights_control//ENSG00000112578.wgt.RDat	ENSG00000112578	6	41888926	41900784	0.0984	rs6920885	-3.31	rs3218108	 5.14e-02	  6.19	 0.8073	 475	  1	top1	0.051	2.3e-08	  0.80734	4.19e-01
NA	/data/songy4/twas/output/weights_control//ENSG00000112599.wgt.RDat	ENSG00000112599	6	42152139	42162654	0.1458	rs6920885	-3.31	rs3749920	 9.50e-02	  7.57	-0.0570	 423	  6	lasso	0.12	1.4e-17	 -0.07635	9.39e-01
NA	/data/songy4/twas/output/weights_control//ENSG00000048544.wgt.RDat	ENSG00000048544	6	42174539	42185603	0.1693	rs6920885	-3.31	rs9471799	 9.09e-02	 -8.22	 0.8148	 425	  5	lasso	0.13	1.3e-18	 -1.45347	1.46e-01
NA	/data/songy4/twas/output/weights_control//ENSG00000146223.wgt.RDat	ENSG00000146223	6	42847356	42857663	0.0555	rs1129187	 3.22	rs2894484	 2.70e-02	 -5.01	 0.4636	 364	  3	lasso	0.034	4.7e-06	 -0.92218	3.56e-01
NA	/data/songy4/twas/output/weights_control//ENSG00000124587.wgt.RDat	ENSG00000124587	6	42931608	42946958	0.7246	rs1129187	 3.22	rs10948059	 7.40e-01	 20.73	 2.8817	 381	  8	lasso	0.82	8.5e-216	  2.57635	9.98e-03
NA	/data/songy4/twas/output/weights_control//ENSG00000044090.wgt.RDat	ENSG00000044090	6	43005355	43021683	0.1699	rs1129187	 3.22	rs4714658	 1.49e-01	 -9.98	-0.0246	 377	 29	enet	0.16	2.8e-23	  0.32536	7.45e-01
NA	/data/songy4/twas/output/weights_control//ENSG00000137171.wgt.RDat	ENSG00000137171	6	43008515	43042837	0.0706	rs1129187	 3.22	rs2277122	 4.16e-03	  4.15	-0.1991	 382	 46	enet	0.014	0.0029	 -0.21226	8.32e-01
NA	/data/songy4/twas/output/weights_control//ENSG00000112655.wgt.RDat	ENSG00000112655	6	43044006	43129457	0.0951	rs1129187	 3.22	rs7776045	 5.09e-03	 -4.16	 0.1057	 394	 20	enet	0.022	0.00023	  0.62026	5.35e-01
NA	/data/songy4/twas/output/weights_control//ENSG00000112659.wgt.RDat	ENSG00000112659	6	43149913	43192325	0.0450	rs1129187	 3.22	rs2651195	 9.49e-03	 -3.81	-2.4356	 388	 11	enet	0.019	6e-04	  1.17856	2.39e-01
NA	/data/songy4/twas/output/weights_control//ENSG00000112667.wgt.RDat	ENSG00000112667	6	43193367	43197222	0.0955	rs1129187	 3.22	rs7832	 6.48e-02	 -6.29	 0.1258	 368	  1	top1	0.065	3.6e-10	 -0.12579	9.00e-01
NA	/data/songy4/twas/output/weights_control//ENSG00000146215.wgt.RDat	ENSG00000146215	6	43267448	43276535	0.0744	rs1129187	 3.22	rs6901866	 6.61e-02	  6.32	-1.2692	 386	  1	top1	0.066	2.4e-10	 -1.26923	2.04e-01
NA	/data/songy4/twas/output/weights_control//ENSG00000171467.wgt.RDat	ENSG00000171467	6	43274872	43337216	0.0660	rs1129187	 3.22	rs1574430	 3.83e-02	  5.54	-0.8842	 428	  2	lasso	0.052	1.9e-08	 -0.30915	7.57e-01
NA	/data/songy4/twas/output/weights_control//ENSG00000137207.wgt.RDat	ENSG00000137207	6	43479565	43484728	0.1145	rs3025000	 2.76	rs3734690	 8.13e-02	  7.20	 0.3965	 430	  1	top1	0.081	1.9e-12	  0.39649	6.92e-01
NA	/data/songy4/twas/output/weights_control//ENSG00000170734.wgt.RDat	ENSG00000170734	6	43543887	43586701	0.0549	rs9381282	 2.80	rs17287935	 2.11e-02	  4.51	-1.0377	 452	 13	enet	0.026	5.4e-05	 -2.30244	2.13e-02
NA	/data/songy4/twas/output/weights_control//ENSG00000112715.wgt.RDat	ENSG00000112715	6	43737921	43754224	0.2224	rs9381282	 2.85	rs9472113	 4.20e-02	  6.12	 0.8288	 466	 51	enet	0.14	4.8e-20	  1.31709	1.88e-01
NA	/data/songy4/twas/output/weights_control//ENSG00000180992.wgt.RDat	ENSG00000180992	6	44081194	44095194	0.0912	rs9381282	 2.79	rs4711767	 5.03e-02	 -5.57	 0.1000	 558	  1	top1	0.05	3.3e-08	 -0.10000	9.20e-01
NA	/data/songy4/twas/output/weights_control//ENSG00000137225.wgt.RDat	ENSG00000137225	6	44126548	44152139	0.2046	rs4714732	 2.79	rs914503	 1.29e-01	 -8.74	-1.4779	 590	 40	enet	0.13	9e-20	  1.94794	5.14e-02
NA	/data/songy4/twas/output/weights_control//ENSG00000146232.wgt.RDat	ENSG00000146232	6	44225903	44233500	0.0939	rs4714732	 2.79	rs28385699	 8.95e-02	 -7.28	 2.4007	 576	 18	enet	0.096	1.7e-14	 -2.24707	2.46e-02
NA	/data/songy4/twas/output/weights_control//ENSG00000146221.wgt.RDat	ENSG00000146221	6	44246480	44265458	0.0667	rs4714732	 2.79	rs325001	 7.66e-03	  4.21	 1.1771	 569	 21	enet	0.027	4e-05	  1.18634	2.35e-01
NA	/data/songy4/twas/output/weights_control//ENSG00000196284.wgt.RDat	ENSG00000196284	6	44777054	45345690	0.1062	rs1407564	 2.27	rs9395084	 1.53e-01	 -9.44	 0.7980	 671	 18	enet	0.17	1.1e-25	 -0.10367	9.17e-01
NA	/data/songy4/twas/output/weights_control//ENSG00000124813.wgt.RDat	ENSG00000124813	6	45295894	45632086	0.1725	rs6458477	-3.19	rs2677101	 4.61e-02	 -5.78	-0.7282	 573	 35	enet	0.077	7.7e-12	 -0.82157	4.11e-01
NA	/data/songy4/twas/output/weights_control//ENSG00000112782.wgt.RDat	ENSG00000112782	6	45868045	46048132	0.0555	rs4714910	 4.55	rs1547605	 2.90e-02	  5.58	 0.6569	 537	  3	lasso	0.036	2.4e-06	  0.68763	4.92e-01
NA	/data/songy4/twas/output/weights_control//ENSG00000001561.wgt.RDat	ENSG00000001561	6	46097730	46114436	0.1754	rs4714910	 4.55	rs7775082	 1.54e-01	 -9.57	-2.1277	 516	 45	enet	0.17	5.5e-25	  1.91498	5.55e-02
NA	/data/songy4/twas/output/weights_control//ENSG00000112796.wgt.RDat	ENSG00000112796	6	46126924	46138708	0.1402	rs4714910	 4.55	rs995564	 1.42e-01	 -9.26	-2.0860	 521	  5	lasso	0.15	1.6e-21	  2.15125	3.15e-02
NA	/data/songy4/twas/output/weights_control//ENSG00000153291.wgt.RDat	ENSG00000153291	6	46620678	46645930	0.1634	rs4714910	 4.55	rs9296504	 9.68e-02	 -7.88	-0.2688	 536	 44	enet	0.1	2.4e-15	  1.37611	1.69e-01
NA	/data/songy4/twas/output/weights_control//ENSG00000146070.wgt.RDat	ENSG00000146070	6	46671938	46703430	0.1160	rs4714910	 4.55	rs6458516	 5.27e-02	 -5.87	 1.3611	 540	  4	lasso	0.068	1.4e-10	 -0.88931	3.74e-01
NA	/data/songy4/twas/output/weights_control//ENSG00000198087.wgt.RDat	ENSG00000198087	6	47445525	47594999	0.0773	rs4711895	 3.04	rs9395285	 2.71e-04	  3.45	 1.7434	 578	  1	top1	0.00027	0.28	  1.74336	8.13e-02
NA	/data/songy4/twas/output/weights_control//ENSG00000146085.wgt.RDat	ENSG00000146085	6	49398073	49430904	0.5448	rs476144	 3.28	rs3806988	 4.48e-01	 16.10	 1.7113	 331	 10	lasso	0.5	1.7e-88	  1.65809	9.73e-02
NA	/data/songy4/twas/output/weights_control//ENSG00000031691.wgt.RDat	ENSG00000031691	6	49431091	49460820	0.1007	rs476144	 3.28	rs2501966	 1.30e-01	  8.99	-0.7447	 327	  6	lasso	0.13	5.6e-20	 -0.86361	3.88e-01
NA	/data/songy4/twas/output/weights_control//ENSG00000124490.wgt.RDat	ENSG00000124490	6	49660073	49681274	0.0311	rs476144	 3.28	rs1268282	-1.75e-03	  3.43	-0.4715	 330	  9	enet	-0.00066	0.43	 -0.64621	5.18e-01
NA	/data/songy4/twas/output/weights_control//ENSG00000096006.wgt.RDat	ENSG00000096006	6	49695097	49712150	0.0565	rs476144	 3.28	rs13202956	 9.15e-03	  4.75	 0.4792	 329	 30	enet	0.023	0.00013	 -0.00490	9.96e-01
NA	/data/songy4/twas/output/weights_control//ENSG00000170927.wgt.RDat	ENSG00000170927	6	51480098	51952423	0.0501	rs1266922	-3.38	rs11757861	-1.60e-03	  3.77	-1.2963	 755	 25	enet	0.0019	0.15	 -1.68012	9.29e-02
NA	/data/songy4/twas/output/weights_control//ENSG00000170915.wgt.RDat	ENSG00000170915	6	52226219	52272575	0.3199	rs1266922	-3.38	rs560243	 2.22e-01	-11.31	 0.1651	 553	 30	enet	0.26	2.1e-40	 -0.08255	9.34e-01
NA	/data/songy4/twas/output/weights_control//ENSG00000096093.wgt.RDat	ENSG00000096093	6	52285106	52387892	0.0640	rs1266922	-3.38	rs614570	 2.37e-02	 -4.59	 0.0851	 614	  1	top1	0.024	0.00012	 -0.08511	9.32e-01
NA	/data/songy4/twas/output/weights_control//ENSG00000065308.wgt.RDat	ENSG00000065308	6	52362200	52441713	0.1310	rs17650503	 3.38	rs2067002	 1.90e-02	 -5.03	 0.1210	 600	 24	enet	0.07	7.3e-11	 -0.97885	3.28e-01
NA	/data/songy4/twas/output/weights_control//ENSG00000243955.wgt.RDat	ENSG00000243955	6	52656462	52668708	0.1558	rs2744457	 3.41	rs9474334	 1.63e-01	  9.90	 1.1584	 565	  1	top1	0.16	3.5e-24	  1.15842	2.47e-01
NA	/data/songy4/twas/output/weights_control//ENSG00000170899.wgt.RDat	ENSG00000170899	6	52842751	52860176	0.0580	rs2744457	 3.41	rs387853	 2.10e-02	  4.52	-0.5588	 541	  6	lasso	0.03	1.9e-05	  0.40399	6.86e-01
NA	/data/songy4/twas/output/weights_control//ENSG00000137270.wgt.RDat	ENSG00000137270	6	52991762	53013627	0.1859	rs2744457	 3.41	rs11756086	 1.39e-01	 -9.08	-2.5778	 556	 19	enet	0.15	9.4e-22	  2.30632	2.11e-02
NA	/data/songy4/twas/output/weights_control//ENSG00000124743.wgt.RDat	ENSG00000124743	6	53512699	53530506	0.1936	rs2816373	-2.88	rs3823111	 9.39e-02	 -8.25	 0.9426	 556	  1	top1	0.094	3.5e-14	 -0.94258	3.46e-01
NA	/data/songy4/twas/output/weights_control//ENSG00000137269.wgt.RDat	ENSG00000137269	6	53659295	53788919	0.1527	rs17191803	 2.52	rs3813850	 1.49e-01	  9.53	-0.3719	 609	  8	lasso	0.16	1.8e-23	 -0.53343	5.94e-01
NA	/data/songy4/twas/output/weights_control//ENSG00000168116.wgt.RDat	ENSG00000168116	6	56911347	56920023	0.0925	rs6459182	 3.14	rs3778515	 1.10e-01	 -8.09	 1.2143	 255	  1	top1	0.11	1.7e-16	 -1.21429	2.25e-01
NA	/data/songy4/twas/output/weights_control//ENSG00000112210.wgt.RDat	ENSG00000112210	6	57053607	57087078	0.2710	rs6459182	 3.14	rs16888392	 3.25e-01	 13.71	 2.1894	 200	  1	top1	0.32	4.5e-51	  2.18939	2.86e-02
NA	/data/songy4/twas/output/weights_control//ENSG00000146166.wgt.RDat	ENSG00000146166	6	63985856	64029882	0.4743	rs9344015	 2.46	rs2800017	 4.23e-01	-15.86	-1.9118	 280	 10	lasso	0.45	1.6e-77	  1.62480	1.04e-01
NA	/data/songy4/twas/output/weights_control//ENSG00000135298.wgt.RDat	ENSG00000135298	6	69345259	70099403	0.3015	rs3799112	 4.79	rs9346233	 3.18e-01	-13.63	-1.1226	 729	  4	lasso	0.33	5.6e-52	  1.10310	2.70e-01
NA	/data/songy4/twas/output/weights_control//ENSG00000082269.wgt.RDat	ENSG00000082269	6	71122644	71270877	0.0471	rs17751154	 3.03	rs17713105	 3.49e-02	 -5.26	-1.3053	 555	 10	enet	0.039	1.2e-06	  1.74188	8.15e-02
NA	/data/songy4/twas/output/weights_control//ENSG00000154079.wgt.RDat	ENSG00000154079	6	71276620	71299272	0.1655	rs17751154	 3.03	rs1917344	 1.16e-01	 -8.28	-1.0800	 520	 12	lasso	0.12	1.5e-17	  1.56279	1.18e-01
NA	/data/songy4/twas/output/weights_control//ENSG00000112305.wgt.RDat	ENSG00000112305	6	71377479	71571718	0.1291	rs17751154	 3.03	rs746121	 1.87e-01	-10.62	 1.8021	 556	  1	top1	0.19	7.6e-28	 -1.80208	7.15e-02
NA	/data/songy4/twas/output/weights_control//ENSG00000119900.wgt.RDat	ENSG00000119900	6	71998506	72018653	0.1114	rs9442714	 6.38	rs9455391	 5.21e-02	 -6.33	-0.6644	 479	  8	lasso	0.08	3.2e-12	  0.14858	8.82e-01
NA	/data/songy4/twas/output/weights_control//ENSG00000185760.wgt.RDat	ENSG00000185760	6	73331520	73908574	0.3756	rs1339226	 4.14	rs13212681	 1.31e-01	  9.87	 0.4361	 596	 20	lasso	0.29	8.4e-45	  0.02816	9.78e-01
NA	/data/songy4/twas/output/weights_control//ENSG00000080007.wgt.RDat	ENSG00000080007	6	74104471	74127292	0.0737	rs10498886	 2.64	rs311686	 1.51e-02	 -5.12	-0.7553	 374	  9	lasso	0.025	7.6e-05	  0.33300	7.39e-01
NA	/data/songy4/twas/output/weights_control//ENSG00000135297.wgt.RDat	ENSG00000135297	6	74171301	74218959	0.1554	rs9447092	 3.05	rs7453831	 1.38e-01	 -9.04	 0.0645	 386	 19	enet	0.14	4.5e-21	  0.12127	9.03e-01
NA	/data/songy4/twas/output/weights_control//ENSG00000119899.wgt.RDat	ENSG00000119899	6	74303102	74363878	0.0607	rs9447092	 3.05	rs657212	 5.46e-02	  6.15	-0.4667	 394	  1	top1	0.055	8.5e-09	 -0.46667	6.41e-01
NA	/data/songy4/twas/output/weights_control//ENSG00000156535.wgt.RDat	ENSG00000156535	6	74405508	74538040	0.1748	rs4708134	 3.11	rs12215671	 5.86e-02	 -7.04	-0.0309	 406	 34	enet	0.083	1.2e-12	  0.17247	8.63e-01
NA	/data/songy4/twas/output/weights_control//ENSG00000112697.wgt.RDat	ENSG00000112697	6	75962640	75994684	0.1180	rs1332021	-2.91	rs240432	 2.93e-02	 -6.24	 1.3395	 285	 27	enet	0.11	4.2e-16	 -2.25546	2.41e-02
NA	/data/songy4/twas/output/weights_control//ENSG00000112701.wgt.RDat	ENSG00000112701	6	76311225	76427997	0.3442	rs1332021	-2.91	rs9350589	 3.39e-01	-14.45	-0.2128	 370	 24	enet	0.41	1.1e-68	 -0.00696	9.94e-01
NA	/data/songy4/twas/output/weights_control//ENSG00000196586.wgt.RDat	ENSG00000196586	6	76458909	76629254	0.0578	rs9293999	-2.29	rs2295936	 1.95e-02	  5.08	-0.2157	 374	 17	enet	0.036	2.8e-06	 -0.85532	3.92e-01
NA	/data/songy4/twas/output/weights_control//ENSG00000269964.wgt.RDat	ENSG00000269964	6	78400375	78636691	0.0352	rs1343485	 2.96	rs1213366	 1.02e-02	  4.51	 1.8660	 484	  1	top1	0.01	0.0088	  1.86598	6.20e-02
NA	/data/songy4/twas/output/weights_control//ENSG00000146243.wgt.RDat	ENSG00000146243	6	79577189	79656157	0.3780	rs11751263	-2.55	rs9350789	 4.57e-01	 16.21	 0.1722	 437	  4	lasso	0.46	1.3e-79	  0.18097	8.56e-01
NA	/data/songy4/twas/output/weights_control//ENSG00000146247.wgt.RDat	ENSG00000146247	6	79645584	79787953	0.0534	rs11751263	-2.55	rs9443644	 1.09e-02	 -4.94	-0.9423	 475	  5	lasso	0.019	0.00057	  0.84554	3.98e-01
NA	/data/songy4/twas/output/weights_control//ENSG00000118418.wgt.RDat	ENSG00000118418	6	79910962	79944406	0.0679	rs11751263	-2.55	rs1335533	 1.30e-02	  4.40	 0.5294	 440	 29	enet	0.029	2.2e-05	 -0.48026	6.31e-01
NA	/data/songy4/twas/output/weights_control//ENSG00000118402.wgt.RDat	ENSG00000118402	6	80624529	80657297	0.0454	rs9341795	 3.00	rs151583	 4.95e-02	  5.59	 0.4554	 504	  1	top1	0.049	4.2e-08	  0.45545	6.49e-01
NA	/data/songy4/twas/output/weights_control//ENSG00000146242.wgt.RDat	ENSG00000146242	6	83072923	83080545	0.5994	rs12527551	 2.25	rs17176924	 3.90e-02	  6.95	 1.7852	 374	 73	enet	0.26	4.7e-39	  0.50479	6.14e-01
NA	/data/songy4/twas/output/weights_control//ENSG00000083097.wgt.RDat	ENSG00000083097	6	83777385	83881069	0.5577	rs1170348	-2.94	rs12213255	 5.46e-01	-17.73	-1.8966	 395	  1	top1	0.55	1.3e-100	  1.89655	5.79e-02
NA	/data/songy4/twas/output/weights_control//ENSG00000013392.wgt.RDat	ENSG00000013392	6	83903098	83908651	0.0811	rs1170348	-2.94	rs6902437	 1.88e-02	 -4.67	 0.5913	 352	  4	lasso	0.026	6.4e-05	 -0.93939	3.48e-01
NA	/data/songy4/twas/output/weights_control//ENSG00000065609.wgt.RDat	ENSG00000065609	6	84262599	84419410	0.6262	rs1170348	-2.94	rs2147860	 2.95e-02	  5.26	 0.3311	 361	 86	enet	0.2	5.9e-30	 -0.20854	8.35e-01
NA	/data/songy4/twas/output/weights_control//ENSG00000135318.wgt.RDat	ENSG00000135318	6	86159809	86205500	0.3581	rs6916224	 2.13	rs4487548	 3.24e-01	-13.93	 1.6165	 442	 30	enet	0.36	3.7e-57	 -1.44255	1.49e-01
NA	/data/songy4/twas/output/weights_control//ENSG00000188994.wgt.RDat	ENSG00000188994	6	87862551	87973914	0.0332	rs9294383	 3.42	rs9353450	 3.47e-02	  5.26	 1.5979	 426	  1	top1	0.035	4.1e-06	  1.59794	1.10e-01
NA	/data/songy4/twas/output/weights_control//ENSG00000111850.wgt.RDat	ENSG00000111850	6	88032301	88052043	0.2331	rs9294383	 3.42	rs1753153	 4.98e-01	-17.09	 1.5000	 415	  9	lasso	0.51	6.9e-91	 -1.57514	1.15e-01
NA	/data/songy4/twas/output/weights_control//ENSG00000203872.wgt.RDat	ENSG00000203872	6	88054567	88075181	0.1958	rs9294383	 3.42	rs1753153	 3.81e-01	-14.95	 1.5000	 422	 52	enet	0.39	4.4e-63	 -1.46207	1.44e-01
NA	/data/songy4/twas/output/weights_control//ENSG00000272514.wgt.RDat	ENSG00000272514	6	88117701	88174183	0.0419	rs9294383	 3.42	rs9450667	 7.00e-03	  4.28	-1.2056	 464	  8	lasso	0.015	0.0018	  0.18720	8.52e-01
NA	/data/songy4/twas/output/weights_control//ENSG00000164414.wgt.RDat	ENSG00000164414	6	88180341	88222054	0.0616	rs9294383	 3.42	rs2207146	 8.94e-02	 -7.52	 2.5000	 475	  1	top1	0.089	1.5e-13	 -2.50000	1.24e-02
NA	/data/songy4/twas/output/weights_control//ENSG00000146282.wgt.RDat	ENSG00000146282	6	88224096	88299721	0.0760	rs9294383	 3.42	rs10755484	 9.56e-02	  7.49	 2.7579	 483	  1	top1	0.096	2e-14	  2.75789	5.82e-03
NA	/data/songy4/twas/output/weights_control//ENSG00000118432.wgt.RDat	ENSG00000118432	6	88849583	88876078	0.4549	rs7772351	-3.02	rs1870832	 4.55e-01	 16.22	-0.4948	 508	  4	lasso	0.47	2e-81	 -0.29770	7.66e-01
NA	/data/songy4/twas/output/weights_control//ENSG00000111880.wgt.RDat	ENSG00000111880	6	89319985	89673348	0.1412	rs7744005	-2.70	rs10944413	 5.57e-02	  5.87	 2.2202	 615	 31	enet	0.068	1.2e-10	  1.19216	2.33e-01
NA	/data/songy4/twas/output/weights_control//ENSG00000146278.wgt.RDat	ENSG00000146278	6	89790470	89794879	0.1318	rs7744005	-2.70	rs765798	 1.56e-01	  9.72	 0.0283	 400	  7	enet	0.16	3e-23	 -0.09266	9.26e-01
NA	/data/songy4/twas/output/weights_control//ENSG00000146281.wgt.RDat	ENSG00000146281	6	89855769	89875284	0.0711	rs7744005	-2.70	rs989454	 1.51e-02	 -5.55	-1.1261	 415	 22	enet	0.025	8.2e-05	  1.42369	1.55e-01
NA	/data/songy4/twas/output/weights_control//ENSG00000111886.wgt.RDat	ENSG00000111886	6	89966927	90025018	0.3834	rs7744005	-2.70	rs7744352	 1.88e-01	 10.46	-1.6842	 458	  7	lasso	0.21	1.1e-30	 -1.40756	1.59e-01
NA	/data/songy4/twas/output/weights_control//ENSG00000025039.wgt.RDat	ENSG00000025039	6	90074355	90121989	0.1310	rs7744005	-2.70	rs6454756	-4.01e-05	  4.84	 2.0588	 456	 39	enet	0.049	5e-08	 -0.03927	9.69e-01
NA	/data/songy4/twas/output/weights_control//ENSG00000083099.wgt.RDat	ENSG00000083099	6	90277863	90348472	0.1414	rs7744005	-2.70	rs17293240	 1.02e-01	  8.12	-1.1639	 521	  9	lasso	0.11	1.4e-16	 -1.10141	2.71e-01
NA	/data/songy4/twas/output/weights_control//ENSG00000112182.wgt.RDat	ENSG00000112182	6	90636248	91006627	0.0527	rs13202876	-2.83	rs10944479	 2.52e-03	 -4.35	 1.6861	 678	 21	enet	0.015	0.0016	 -1.01938	3.08e-01
NA	/data/songy4/twas/output/weights_control//ENSG00000135341.wgt.RDat	ENSG00000135341	6	91223292	91296764	0.0395	rs13202876	-2.83	rs157432	 2.70e-02	  4.29	 0.0561	 567	  1	top1	0.027	4.5e-05	  0.05607	9.55e-01
NA	/data/songy4/twas/output/weights_control//ENSG00000172469.wgt.RDat	ENSG00000172469	6	96025419	96057333	0.3463	rs7741978	-3.35	rs9489578	 4.79e-01	 16.67	-0.9495	 344	 25	enet	0.5	3.5e-89	 -0.12291	9.02e-01
NA	/data/songy4/twas/output/weights_control//ENSG00000014123.wgt.RDat	ENSG00000014123	6	96969471	97003152	0.1143	rs6911299	 2.66	rs9386528	 1.34e-01	  8.94	-0.9519	 447	  1	top1	0.13	6.2e-20	 -0.95192	3.41e-01
NA	/data/songy4/twas/output/weights_control//ENSG00000112218.wgt.RDat	ENSG00000112218	6	97242002	97285353	0.4413	rs2388041	 2.89	rs6568629	 3.04e-01	-13.22	-0.2613	 421	 36	enet	0.42	4e-69	  0.11136	9.11e-01
NA	/data/songy4/twas/output/weights_control//ENSG00000123545.wgt.RDat	ENSG00000123545	6	97337189	97345757	0.2303	rs2388041	 2.89	rs392242	 1.53e-01	  9.52	 0.3929	 408	  7	lasso	0.16	5.5e-23	  0.31322	7.54e-01
NA	/data/songy4/twas/output/weights_control//ENSG00000186231.wgt.RDat	ENSG00000186231	6	97372605	97588630	0.1459	rs2388041	 2.89	rs850583	 3.96e-02	  5.88	 1.1765	 432	 42	enet	0.068	1.3e-10	  1.18459	2.36e-01
NA	/data/songy4/twas/output/weights_control//ENSG00000146263.wgt.RDat	ENSG00000146263	6	97590037	97731093	0.1455	rs2388041	 2.89	rs4839903	 1.32e-01	 -8.88	 1.9259	 424	  3	lasso	0.16	2.6e-23	 -1.07283	2.83e-01
NA	/data/songy4/twas/output/weights_control//ENSG00000112234.wgt.RDat	ENSG00000112234	6	99316420	99395849	0.0779	rs9372961	-3.31	rs1392	 4.72e-02	 -6.01	 1.1845	 472	 24	enet	0.054	1.1e-08	 -1.59609	1.10e-01
NA	/data/songy4/twas/output/weights_control//ENSG00000123552.wgt.RDat	ENSG00000123552	6	99880190	99969604	0.2884	rs9389810	-3.75	rs9402863	 1.48e-01	  9.31	 0.2473	 502	 32	enet	0.24	1.4e-36	 -0.39337	6.94e-01
NA	/data/songy4/twas/output/weights_control//ENSG00000085382.wgt.RDat	ENSG00000085382	6	105175968	105307794	0.1091	rs13196925	-3.03	rs7769270	 9.37e-02	 -8.16	-0.9263	 450	 15	enet	0.1	3e-15	  1.30326	1.92e-01
NA	/data/songy4/twas/output/weights_control//ENSG00000085377.wgt.RDat	ENSG00000085377	6	105725440	105850959	0.0720	rs9386482	-3.05	rs6902999	 7.41e-03	 -4.40	-1.0865	 483	 16	enet	0.02	0.00043	  0.85837	3.91e-01
NA	/data/songy4/twas/output/weights_control//ENSG00000112297.wgt.RDat	ENSG00000112297	6	106959730	107018326	0.1484	rs2787540	-3.72	rs12525311	 7.97e-02	  6.88	 0.3118	 587	 13	lasso	0.098	9.5e-15	  0.00706	9.94e-01
NA	/data/songy4/twas/output/weights_control//ENSG00000130347.wgt.RDat	ENSG00000130347	6	107018903	107077373	0.1369	rs2787540	-3.72	rs2054365	 1.85e-01	 10.46	-0.4510	 586	  1	top1	0.18	1.7e-27	 -0.45098	6.52e-01
NA	/data/songy4/twas/output/weights_control//ENSG00000130348.wgt.RDat	ENSG00000130348	6	107077453	107116292	0.0678	rs2787540	-3.72	rs2054365	 4.49e-02	 -5.21	-0.4510	 562	  1	top1	0.045	1.7e-07	  0.45098	6.52e-01
NA	/data/songy4/twas/output/weights_control//ENSG00000146285.wgt.RDat	ENSG00000146285	6	108025308	108145521	0.1416	rs9486801	 3.14	rs938971	 6.59e-02	 -7.46	 1.1524	 466	 28	enet	0.12	6.9e-18	 -0.91409	3.61e-01
NA	/data/songy4/twas/output/weights_control//ENSG00000118690.wgt.RDat	ENSG00000118690	6	109169619	109295186	0.0859	rs12206094	-3.02	rs2754821	 3.29e-02	  6.04	 1.6667	 438	 19	enet	0.055	7.9e-09	  0.94539	3.44e-01
NA	/data/songy4/twas/output/weights_control//ENSG00000080546.wgt.RDat	ENSG00000080546	6	109307640	109416022	0.1762	rs12206094	-3.02	rs12200578	 1.76e-01	 10.57	-2.4000	 446	  7	enet	0.18	2.3e-27	 -2.06895	3.86e-02
NA	/data/songy4/twas/output/weights_control//ENSG00000135535.wgt.RDat	ENSG00000135535	6	109687717	109703762	0.1329	rs4142466	 2.85	rs2224550	 8.50e-02	  8.00	 0.6211	 386	 11	lasso	0.14	4.1e-21	 -0.21331	8.31e-01
NA	/data/songy4/twas/output/weights_control//ENSG00000135587.wgt.RDat	ENSG00000135587	6	109761966	109765122	0.1969	rs4142466	 2.85	rs6916579	 5.19e-02	  6.94	-1.2424	 387	 12	lasso	0.11	6.1e-16	 -1.58426	1.13e-01
NA	/data/songy4/twas/output/weights_control//ENSG00000135596.wgt.RDat	ENSG00000135596	6	109765265	109787171	0.1622	rs4142466	 2.85	rs10080925	 3.86e-02	  6.09	 0.8824	 399	 37	enet	0.09	1.4e-13	  1.00361	3.16e-01
NA	/data/songy4/twas/output/weights_control//ENSG00000155085.wgt.RDat	ENSG00000155085	6	109814059	110012420	0.2417	rs4142466	 2.85	rs4947012	 1.48e-01	 -9.75	 0.9286	 476	 26	enet	0.24	6.8e-37	 -0.52785	5.98e-01
NA	/data/songy4/twas/output/weights_control//ENSG00000112367.wgt.RDat	ENSG00000112367	6	110012499	110146631	0.0340	rs4142466	 2.85	rs2224550	 3.80e-02	  4.97	 0.6211	 488	  1	top1	0.038	1.5e-06	  0.62105	5.35e-01
NA	/data/songy4/twas/output/weights_control//ENSG00000146360.wgt.RDat	ENSG00000146360	6	110299514	110301921	0.0876	rs2428192	-3.30	rs6933557	 3.33e-02	  4.82	-0.7755	 454	  4	lasso	0.034	4.5e-06	 -0.23716	8.13e-01
NA	/data/songy4/twas/output/weights_control//ENSG00000112290.wgt.RDat	ENSG00000112290	6	110421022	110501207	0.0807	rs2428192	-3.30	rs12660119	 5.25e-02	 -6.39	 0.6689	 487	  1	top1	0.053	1.6e-08	 -0.66887	5.04e-01
NA	/data/songy4/twas/output/weights_control//ENSG00000053328.wgt.RDat	ENSG00000053328	6	110567131	110679475	0.0609	rs2428192	-3.30	rs2334324	 3.26e-02	 -4.57	 1.0265	 453	 13	lasso	0.036	2.9e-06	 -0.10946	9.13e-01
NA	/data/songy4/twas/output/weights_control//ENSG00000203797.wgt.RDat	ENSG00000203797	6	110712974	110736765	0.4589	rs2428192	-3.30	rs9481066	 4.42e-01	 16.00	 1.2264	 417	  5	lasso	0.46	9.4e-80	  1.87672	6.06e-02
NA	/data/songy4/twas/output/weights_control//ENSG00000004809.wgt.RDat	ENSG00000004809	6	110745890	110797844	0.5662	rs2428192	-3.30	rs2428190	 1.66e-01	 10.56	-0.1367	 420	 33	enet	0.4	9.4e-66	  0.39757	6.91e-01
NA	/data/songy4/twas/output/weights_control//ENSG00000123505.wgt.RDat	ENSG00000123505	6	111195973	111216916	0.0425	rs2428192	-3.30	rs1027914	 2.07e-02	 -4.45	 1.9835	 385	  2	lasso	0.033	7.2e-06	 -2.22673	2.60e-02
NA	/data/songy4/twas/output/weights_control//ENSG00000197498.wgt.RDat	ENSG00000197498	6	111303218	111349466	0.4332	rs4458728	 3.16	rs12527783	 3.32e-01	 13.86	 0.1417	 334	 11	lasso	0.39	1.8e-64	 -0.47695	6.33e-01
NA	/data/songy4/twas/output/weights_control//ENSG00000173214.wgt.RDat	ENSG00000173214	6	111580551	111592370	0.1336	rs2071927	-4.50	rs11153277	 1.81e-01	 10.26	-0.9528	 393	  1	top1	0.18	6.4e-27	 -0.95283	3.41e-01
NA	/data/songy4/twas/output/weights_control//ENSG00000056972.wgt.RDat	ENSG00000056972	6	111877657	111927481	0.1555	rs997368	-6.00	rs3777910	 3.65e-02	 -5.88	-1.5981	 460	  4	lasso	0.06	1.7e-09	  0.53848	5.90e-01
NA	/data/songy4/twas/output/weights_control//ENSG00000074935.wgt.RDat	ENSG00000074935	6	112391980	112408732	0.0672	rs997368	-6.00	rs1230345	 4.81e-02	 -5.62	 0.1238	 515	  1	top1	0.048	6.4e-08	 -0.12381	9.01e-01
NA	/data/songy4/twas/output/weights_control//ENSG00000111816.wgt.RDat	ENSG00000111816	6	116252312	116381921	0.0878	rs6908592	 2.46	rs9400887	 3.25e-02	  5.04	 0.9897	 444	  1	top1	0.032	8.1e-06	  0.98969	3.22e-01
NA	/data/songy4/twas/output/weights_control//ENSG00000178425.wgt.RDat	ENSG00000178425	6	116422012	116570660	0.0495	rs6908592	 2.46	rs13213124	 2.60e-02	 -4.72	-0.6286	 434	  7	lasso	0.03	1.8e-05	  0.43101	6.66e-01
NA	/data/songy4/twas/output/weights_control//ENSG00000111817.wgt.RDat	ENSG00000111817	6	116575336	116762424	0.3640	rs6908592	 2.46	rs7745080	 3.32e-01	-13.89	 0.1700	 446	 37	enet	0.36	1.1e-57	 -0.17251	8.63e-01
NA	/data/songy4/twas/output/weights_control//ENSG00000188820.wgt.RDat	ENSG00000188820	6	116782533	116784934	0.4773	rs3777424	 2.31	rs11755235	 1.94e-01	-10.99	 0.6000	 377	 67	enet	0.25	4e-38	  0.46161	6.44e-01
NA	/data/songy4/twas/output/weights_control//ENSG00000173626.wgt.RDat	ENSG00000173626	6	116816152	116866773	0.0588	rs7770769	 2.03	rs2858844	 6.36e-02	  6.13	 1.3535	 381	  1	top1	0.064	5.2e-10	  1.35354	1.76e-01
NA	/data/songy4/twas/output/weights_control//ENSG00000111834.wgt.RDat	ENSG00000111834	6	116937642	116954148	0.2502	rs7770769	 2.03	rs2637660	 1.01e-01	 -8.27	-1.1569	 361	  1	top1	0.1	3.3e-15	  1.15693	2.47e-01
NA	/data/songy4/twas/output/weights_control//ENSG00000047932.wgt.RDat	ENSG00000047932	6	117639374	117923691	0.0683	rs473494	 2.83	rs2071825	 4.94e-02	 -5.84	 0.7755	 533	  1	top1	0.049	4.4e-08	 -0.77551	4.38e-01
NA	/data/songy4/twas/output/weights_control//ENSG00000164465.wgt.RDat	ENSG00000164465	6	117774980	117891021	0.4374	rs473494	 2.83	rs2104064	 4.45e-01	-16.02	 0.0177	 461	 12	lasso	0.54	5.4e-98	  0.18948	8.50e-01
NA	/data/songy4/twas/output/weights_control//ENSG00000111860.wgt.RDat	ENSG00000111860	6	118781935	119031238	0.2146	rs6929403	 5.19	rs9489520	 1.12e-01	 -8.15	 3.6476	 490	 11	lasso	0.18	7e-27	 -3.69940	2.16e-04
NA	/data/songy4/twas/output/weights_control//ENSG00000111877.wgt.RDat	ENSG00000111877	6	119134605	119256327	0.2043	rs6929403	 5.24	rs17826675	 1.10e-01	 -8.74	-1.3491	 428	 11	lasso	0.16	3.2e-23	  2.80111	5.09e-03
NA	/data/songy4/twas/output/weights_control//ENSG00000111875.wgt.RDat	ENSG00000111875	6	119215384	119230332	0.1756	rs6929403	 5.25	rs11968468	 3.83e-02	  6.26	-0.2736	 389	 32	enet	0.067	1.6e-10	  2.37205	1.77e-02
NA	/data/songy4/twas/output/weights_control//ENSG00000111879.wgt.RDat	ENSG00000111879	6	119280928	119470552	0.0510	rs6929403	 5.24	rs7742473	 3.94e-04	  3.63	-2.7914	 464	 10	lasso	0.0036	0.08	 -1.07852	2.81e-01
NA	/data/songy4/twas/output/weights_control//ENSG00000111885.wgt.RDat	ENSG00000111885	6	119498374	119670926	0.1719	rs6929403	 5.21	rs7754482	 6.67e-02	 -7.98	-1.7019	 474	 42	enet	0.14	2.9e-20	  1.96957	4.89e-02
NA	/data/songy4/twas/output/weights_control//ENSG00000146350.wgt.RDat	ENSG00000146350	6	121400640	121655891	0.1202	rs12204216	-2.93	rs4946540	 3.41e-02	  5.81	-0.5474	 429	 28	enet	0.062	9.5e-10	 -0.29013	7.72e-01
NA	/data/songy4/twas/output/weights_control//ENSG00000025156.wgt.RDat	ENSG00000025156	6	122720691	122754264	0.2113	rs9490594	 3.64	rs1741820	 1.76e-01	-10.09	-0.0874	 445	  4	lasso	0.19	1.7e-28	  0.22048	8.25e-01
NA	/data/songy4/twas/output/weights_control//ENSG00000111897.wgt.RDat	ENSG00000111897	6	122764499	122792967	0.1009	rs9490594	 3.64	rs9490459	 1.05e-01	 -8.40	 0.1667	 444	 12	lasso	0.15	2.9e-22	 -0.32464	7.45e-01
NA	/data/songy4/twas/output/weights_control//ENSG00000135549.wgt.RDat	ENSG00000135549	6	122793076	123047518	0.0870	rs9490594	 3.64	rs3813492	 4.71e-02	 -6.24	 1.2752	 516	 16	enet	0.062	9.2e-10	 -0.62395	5.33e-01
NA	/data/songy4/twas/output/weights_control//ENSG00000172594.wgt.RDat	ENSG00000172594	6	123110315	123130865	0.2092	rs9490594	 3.64	rs9401572	 6.06e-02	 -7.44	-0.0924	 426	 41	enet	0.14	1.7e-21	 -2.15481	3.12e-02
NA	/data/songy4/twas/output/weights_control//ENSG00000146373.wgt.RDat	ENSG00000146373	6	125283691	125413779	0.0870	rs9385352	 3.16	rs1413594	 6.76e-02	  6.62	-0.8029	 540	  1	top1	0.068	1.5e-10	 -0.80292	4.22e-01
NA	/data/songy4/twas/output/weights_control//ENSG00000111906.wgt.RDat	ENSG00000111906	6	125541108	125623282	0.4405	rs9385352	 3.16	rs1040803	 4.83e-01	-16.67	-1.7041	 473	  8	lasso	0.62	2.8e-121	  1.41584	1.57e-01
NA	/data/songy4/twas/output/weights_control//ENSG00000111912.wgt.RDat	ENSG00000111912	6	126102307	126252266	0.0702	rs9401855	-5.06	rs604198	 4.58e-02	  5.40	-2.6667	 343	  1	top1	0.046	1.3e-07	 -2.66667	7.66e-03
NA	/data/songy4/twas/output/weights_control//ENSG00000093144.wgt.RDat	ENSG00000093144	6	127609855	127664754	0.1074	rs7739336	 3.16	rs6913350	 1.18e-01	  8.37	 0.5472	 346	  1	top1	0.12	1.5e-17	  0.54717	5.84e-01
NA	/data/songy4/twas/output/weights_control//ENSG00000214338.wgt.RDat	ENSG00000214338	6	127759551	127840500	0.0530	rs7739336	 3.16	rs12211079	 2.87e-02	  5.29	-0.2071	 374	  4	lasso	0.055	6.9e-09	 -0.37212	7.10e-01
NA	/data/songy4/twas/output/weights_control//ENSG00000189367.wgt.RDat	ENSG00000189367	6	127761488	127780536	0.0796	rs7739336	 3.16	rs6569504	 4.66e-02	 -6.45	-0.0385	 347	 22	enet	0.067	1.7e-10	 -0.10025	9.20e-01
NA	/data/songy4/twas/output/weights_control//ENSG00000203756.wgt.RDat	ENSG00000203756	6	130152389	130182692	0.0904	rs12197456	-3.35	rs9492406	 8.30e-02	 -7.12	 0.6860	 588	  1	top1	0.083	1.1e-12	 -0.68595	4.93e-01
NA	/data/songy4/twas/output/weights_control//ENSG00000198945.wgt.RDat	ENSG00000198945	6	130334844	130462594	0.4266	rs12197456	-3.35	rs6569648	 4.69e-01	 16.43	-1.9730	 624	  8	lasso	0.47	8.2e-82	 -2.00467	4.50e-02
NA	/data/songy4/twas/output/weights_control//ENSG00000164483.wgt.RDat	ENSG00000164483	6	130465460	130686570	0.2775	rs6931817	 2.89	rs7749850	 1.69e-01	  9.97	 0.2885	 683	 10	lasso	0.21	1.4e-31	 -0.42575	6.70e-01
NA	/data/songy4/twas/output/weights_control//ENSG00000164484.wgt.RDat	ENSG00000164484	6	130686879	130764208	0.0769	rs6929703	 2.65	rs6924980	 1.79e-02	  5.34	-0.3831	 536	  5	lasso	0.035	4.1e-06	 -0.47150	6.37e-01
NA	/data/songy4/twas/output/weights_control//ENSG00000079819.wgt.RDat	ENSG00000079819	6	131160487	131384462	0.2029	rs6929703	 2.65	rs9492792	 9.65e-02	  7.58	 0.6000	 543	  9	lasso	0.13	2.3e-19	 -0.38037	7.04e-01
NA	/data/songy4/twas/output/weights_control//ENSG00000118507.wgt.RDat	ENSG00000118507	6	131456806	131604675	0.0705	rs13193246	 2.61	rs1359140	 7.99e-03	  5.11	-0.3742	 474	 21	enet	0.018	0.00085	 -0.45568	6.49e-01
NA	/data/songy4/twas/output/weights_control//ENSG00000118520.wgt.RDat	ENSG00000118520	6	131894284	131905472	0.1928	rs4897554	-2.64	rs2246012	 2.00e-01	-10.88	 0.0296	 404	  1	top1	0.2	7.1e-30	 -0.02963	9.76e-01
NA	/data/songy4/twas/output/weights_control//ENSG00000112282.wgt.RDat	ENSG00000112282	6	131895106	131949369	0.2078	rs4897554	-2.64	rs10499183	 2.31e-01	-11.96	 0.7760	 420	 22	enet	0.26	4.8e-39	 -0.46383	6.43e-01
NA	/data/songy4/twas/output/weights_control//ENSG00000118523.wgt.RDat	ENSG00000118523	6	132269316	132272513	0.0583	rs6917708	-2.72	rs233927	 4.11e-02	 -5.10	-0.8762	 419	  1	top1	0.041	5.6e-07	  0.87619	3.81e-01
NA	/data/songy4/twas/output/weights_control//ENSG00000112299.wgt.RDat	ENSG00000112299	6	133002729	133035188	0.6235	rs885488	 3.51	rs4897612	 4.65e-01	 16.34	 0.8400	 544	 34	enet	0.69	3.4e-147	  1.62970	1.03e-01
NA	/data/songy4/twas/output/weights_control//ENSG00000093134.wgt.RDat	ENSG00000093134	6	133043926	133055904	0.5304	rs885488	 3.51	rs6569843	 4.88e-01	-16.79	 1.7115	 533	 17	enet	0.51	6.3e-90	 -1.65186	9.86e-02
NA	/data/songy4/twas/output/weights_control//ENSG00000112303.wgt.RDat	ENSG00000112303	6	133065009	133084598	0.4593	rs885488	 3.51	rs9493423	 3.15e-01	-13.62	 1.8235	 542	  8	lasso	0.35	4.6e-55	 -1.56511	1.18e-01
NA	/data/songy4/twas/output/weights_control//ENSG00000146409.wgt.RDat	ENSG00000146409	6	133090509	133119701	0.4779	rs885488	 3.51	rs12211425	 4.07e-01	-15.80	-0.8396	 559	 30	enet	0.44	2.5e-73	  1.02812	3.04e-01
NA	/data/songy4/twas/output/weights_control//ENSG00000028839.wgt.RDat	ENSG00000028839	6	134273308	134311570	0.0717	rs1208276	 2.76	rs9321423	 8.09e-03	  4.66	-0.2913	 460	 26	enet	0.034	4.9e-06	  0.12976	8.97e-01
NA	/data/songy4/twas/output/weights_control//ENSG00000118515.wgt.RDat	ENSG00000118515	6	134490384	134639250	0.1275	rs1208276	 2.76	rs17827161	 1.04e-01	  7.94	 0.3522	 504	 20	enet	0.12	6.8e-18	  0.27344	7.85e-01
NA	/data/songy4/twas/output/weights_control//ENSG00000118514.wgt.RDat	ENSG00000118514	6	135238528	135271260	0.3751	rs6923895	 2.21	rs9399129	 5.54e-01	-18.03	 0.0833	 424	  8	lasso	0.59	9.7e-114	 -0.14560	8.84e-01
NA	/data/songy4/twas/output/weights_control//ENSG00000112339.wgt.RDat	ENSG00000112339	6	135281516	135424194	0.1473	rs6923895	 2.21	rs2150681	 1.78e-01	-10.15	 0.2292	 426	 25	enet	0.19	8.3e-29	 -0.10934	9.13e-01
NA	/data/songy4/twas/output/weights_control//ENSG00000135541.wgt.RDat	ENSG00000135541	6	135604670	135818914	0.6599	rs9399154	 2.25	rs7750586	 7.18e-01	-20.30	 0.1714	 456	 38	enet	0.73	2.6e-164	 -0.01484	9.88e-01
NA	/data/songy4/twas/output/weights_control//ENSG00000197442.wgt.RDat	ENSG00000197442	6	136878185	137113656	0.1352	rs175769	-3.87	rs932589	 2.32e-01	-11.71	 3.3474	 434	  7	lasso	0.24	2.8e-36	 -3.44231	5.77e-04
NA	/data/songy4/twas/output/weights_control//ENSG00000112357.wgt.RDat	ENSG00000112357	6	137143717	137235075	0.0785	rs175769	-3.87	rs932589	 3.37e-02	  5.61	 3.3474	 446	  5	lasso	0.051	2.8e-08	  2.84775	4.40e-03
NA	/data/songy4/twas/output/weights_control//ENSG00000182747.wgt.RDat	ENSG00000182747	6	137243402	137246777	0.1530	rs175769	-3.87	rs12191772	 1.13e-01	 -8.14	-2.1528	 434	  1	top1	0.11	7e-17	  2.15278	3.13e-02
NA	/data/songy4/twas/output/weights_control//ENSG00000118503.wgt.RDat	ENSG00000118503	6	138188351	138204449	0.0596	rs650434	 3.34	rs6932056	-1.03e-03	  3.49	-0.5000	 524	  1	top1	-0.001	0.52	 -0.50000	6.17e-01
NA	/data/songy4/twas/output/weights_control//ENSG00000051620.wgt.RDat	ENSG00000051620	6	138724668	138743334	0.4105	rs1188866	 3.04	rs4896353	 4.73e-01	-16.63	 0.1667	 474	  1	top1	0.47	6.5e-82	 -0.16667	8.68e-01
NA	/data/songy4/twas/output/weights_control//ENSG00000135540.wgt.RDat	ENSG00000135540	6	138743180	139013708	0.1617	rs1188866	 3.04	rs4397246	 7.16e-02	 -6.79	-1.4261	 584	 17	enet	0.086	4.8e-13	  1.72851	8.39e-02
NA	/data/songy4/twas/output/weights_control//ENSG00000024862.wgt.RDat	ENSG00000024862	6	139094657	139114456	0.0550	rs1188866	 3.04	rs11759005	 2.54e-02	  5.16	-0.3502	 446	  1	top1	0.025	7.2e-05	 -0.35019	7.26e-01
NA	/data/songy4/twas/output/weights_control//ENSG00000203734.wgt.RDat	ENSG00000203734	6	139117063	139225207	0.0705	rs1188866	 3.04	rs9389619	 1.56e-03	  4.00	-0.2913	 491	  9	enet	0.015	0.002	  0.09815	9.22e-01
NA	/data/songy4/twas/output/weights_control//ENSG00000135597.wgt.RDat	ENSG00000135597	6	139224630	139309398	0.1886	rs1188866	 3.04	rs9495298	 2.02e-02	  5.41	-1.7803	 503	 63	enet	0.069	1e-10	 -0.68197	4.95e-01
NA	/data/songy4/twas/output/weights_control//ENSG00000146386.wgt.RDat	ENSG00000146386	6	139349819	139364439	0.1987	rs1188866	 3.04	rs7761206	 6.03e-02	 -7.41	-0.5631	 477	 24	enet	0.17	6e-26	 -0.43622	6.63e-01
NA	/data/songy4/twas/output/weights_control//ENSG00000164440.wgt.RDat	ENSG00000164440	6	139561198	139613276	0.2328	rs1188866	 3.04	rs11754546	 7.37e-02	  6.61	-1.2685	 490	  8	lasso	0.1	1e-15	 -0.50761	6.12e-01
NA	/data/songy4/twas/output/weights_control//ENSG00000164442.wgt.RDat	ENSG00000164442	6	139693393	139695757	0.0715	rs1188866	 3.04	rs17513809	-1.65e-03	 -3.55	-0.2619	 470	 25	enet	-0.0013	0.61	  1.42482	1.54e-01
NA	/data/songy4/twas/output/weights_control//ENSG00000112414.wgt.RDat	ENSG00000112414	6	142622991	142767403	0.1953	rs262130	 2.61	rs12190271	 2.04e-01	-10.95	 1.6610	 443	  1	top1	0.2	1.5e-30	 -1.66102	9.67e-02
NA	/data/songy4/twas/output/weights_control//ENSG00000146416.wgt.RDat	ENSG00000146416	6	143381633	143661441	0.0546	rs17072527	 2.82	rs4896618	 4.90e-02	  5.47	-0.4516	 663	  2	lasso	0.054	1.2e-08	 -0.57370	5.66e-01
NA	/data/songy4/twas/output/weights_control//ENSG00000118495.wgt.RDat	ENSG00000118495	6	144261437	144385735	0.3379	rs6570569	-2.67	rs6930429	 1.32e-01	 -9.87	 0.5663	 503	  7	lasso	0.27	6.3e-42	  0.16250	8.71e-01
NA	/data/songy4/twas/output/weights_control//ENSG00000152818.wgt.RDat	ENSG00000152818	6	144606837	145174170	0.0560	rs4895634	-2.44	rs12204734	-1.27e-03	  3.38	-0.1709	 632	 26	enet	0.018	0.00074	  0.62636	5.31e-01
NA	/data/songy4/twas/output/weights_control//ENSG00000112425.wgt.RDat	ENSG00000112425	6	145822719	146057160	0.3029	rs9484972	-2.08	rs1292335	 3.15e-01	-13.49	-0.0312	 400	  9	lasso	0.35	6.3e-55	  0.30969	7.57e-01
NA	/data/songy4/twas/output/weights_control//ENSG00000118496.wgt.RDat	ENSG00000118496	6	146114638	146135889	0.0844	rs9484972	-2.08	rs12200607	 4.13e-02	 -5.33	 0.7895	 272	  1	top1	0.041	5.3e-07	 -0.78947	4.30e-01
NA	/data/songy4/twas/output/weights_control//ENSG00000111962.wgt.RDat	ENSG00000111962	6	149068464	149398126	0.1814	rs6931504	 3.53	rs17663626	 1.13e-01	 -8.15	 0.4233	 762	  7	lasso	0.18	2.6e-26	 -0.87762	3.80e-01
NA	/data/songy4/twas/output/weights_control//ENSG00000055208.wgt.RDat	ENSG00000055208	6	149539777	149732749	0.0405	rs9377188	-3.16	rs7758080	 6.76e-03	 -4.38	 1.7477	 580	 21	enet	0.018	0.00075	 -1.10687	2.68e-01
NA	/data/songy4/twas/output/weights_control//ENSG00000178199.wgt.RDat	ENSG00000178199	6	149768794	149806197	0.2100	rs9377188	-3.16	rs2880075	 1.17e-01	  8.52	 0.8485	 470	 30	enet	0.13	9.8e-20	  0.46255	6.44e-01
NA	/data/songy4/twas/output/weights_control//ENSG00000131013.wgt.RDat	ENSG00000131013	6	149825869	149867174	0.1296	rs9377188	-3.16	rs9373596	 9.65e-02	 -7.77	 0.7500	 453	 10	enet	0.1	2e-15	 -0.72715	4.67e-01
NA	/data/songy4/twas/output/weights_control//ENSG00000055211.wgt.RDat	ENSG00000055211	6	149887430	149912884	0.1271	rs9285516	-3.02	rs9322193	 2.79e-01	-13.11	 0.3200	 444	  6	lasso	0.29	3.4e-44	 -0.54663	5.85e-01
NA	/data/songy4/twas/output/weights_control//ENSG00000120253.wgt.RDat	ENSG00000120253	6	150045451	150070801	0.1351	rs9383862	 2.58	rs9393175	 2.01e-01	-11.38	 0.5918	 474	  8	lasso	0.21	5.9e-31	 -0.81682	4.14e-01
NA	/data/songy4/twas/output/weights_control//ENSG00000131019.wgt.RDat	ENSG00000131019	6	150384286	150390231	0.1026	rs7757381	 2.81	rs2009345	 4.99e-02	  6.30	-0.9192	 576	 20	enet	0.054	1.2e-08	 -1.16672	2.43e-01
NA	/data/songy4/twas/output/weights_control//ENSG00000198729.wgt.RDat	ENSG00000198729	6	150464212	150571493	0.1077	rs7757381	 2.81	rs4870465	 3.40e-02	  4.70	-0.3768	 679	  1	top1	0.034	5e-06	 -0.37681	7.06e-01
NA	/data/songy4/twas/output/weights_control//ENSG00000155906.wgt.RDat	ENSG00000155906	6	151725989	151773259	0.1533	rs9479008	-4.04	rs6916340	 1.75e-01	-10.10	 0.4200	 614	  1	top1	0.17	5.7e-26	 -0.42000	6.74e-01
NA	/data/songy4/twas/output/weights_control//ENSG00000146476.wgt.RDat	ENSG00000146476	6	151773422	151791236	0.1354	rs9479008	-4.04	rs17081262	 7.51e-02	  6.93	 0.6761	 584	  5	lasso	0.098	1e-14	  0.22864	8.19e-01
NA	/data/songy4/twas/output/weights_control//ENSG00000120262.wgt.RDat	ENSG00000120262	6	151815165	151942328	0.2527	rs9479008	-4.04	rs17081262	 9.73e-02	  7.84	 0.6761	 617	 10	lasso	0.1	3.9e-15	  0.68276	4.95e-01
NA	/data/songy4/twas/output/weights_control//ENSG00000091831.wgt.RDat	ENSG00000091831	6	151977826	152450754	0.0863	rs9479008	-4.04	rs1159327	 5.39e-02	 -6.54	-1.0189	 862	  7	enet	0.067	2e-10	  0.89305	3.72e-01
NA	/data/songy4/twas/output/weights_control//ENSG00000112031.wgt.RDat	ENSG00000112031	6	153308497	153323820	0.6090	rs6908893	 3.25	rs766127	 6.19e-01	 18.98	-0.3900	 549	  9	lasso	0.7	1.1e-153	  0.11241	9.10e-01
NA	/data/songy4/twas/output/weights_control//ENSG00000091844.wgt.RDat	ENSG00000091844	6	153325594	153452384	0.3753	rs6908893	 3.25	rs596359	 3.97e-01	 15.14	-0.8911	 608	 45	enet	0.42	2.4e-69	 -1.34878	1.77e-01
NA	/data/songy4/twas/output/weights_control//ENSG00000074706.wgt.RDat	ENSG00000074706	6	154475631	154677926	0.0742	rs7749948	-3.09	rs7759388	 2.52e-02	 -5.02	 1.0938	 596	  4	enet	0.047	8.6e-08	 -0.82508	4.09e-01
NA	/data/songy4/twas/output/weights_control//ENSG00000153721.wgt.RDat	ENSG00000153721	6	154708638	154831793	0.1854	rs7749948	-3.09	rs7757161	 1.48e-01	 -9.52	 0.6385	 553	 46	enet	0.17	5.6e-25	  0.01746	9.86e-01
NA	/data/songy4/twas/output/weights_control//ENSG00000146426.wgt.RDat	ENSG00000146426	6	155153831	155578857	0.7386	rs7749948	-3.09	rs162979	 2.44e-01	 12.28	 0.5350	 684	 81	enet	0.57	1.3e-108	 -0.17069	8.64e-01
NA	/data/songy4/twas/output/weights_control//ENSG00000029639.wgt.RDat	ENSG00000029639	6	155578643	155635627	0.1055	rs7756511	 2.86	rs162977	 3.65e-02	 -5.97	-1.1856	 535	 27	enet	0.059	2.4e-09	  1.11424	2.65e-01
NA	/data/songy4/twas/output/weights_control//ENSG00000171217.wgt.RDat	ENSG00000171217	6	155585147	155597682	0.0784	rs7756511	 2.86	rs162979	 2.87e-02	  5.05	 0.5350	 511	  1	top1	0.029	2.6e-05	  0.53495	5.93e-01
NA	/data/songy4/twas/output/weights_control//ENSG00000215712.wgt.RDat	ENSG00000215712	6	157710418	157744633	0.3318	rs6941159	-3.05	rs3199374	 2.54e-01	 12.18	-0.0807	 410	  1	top1	0.25	1.5e-38	 -0.08075	9.36e-01
NA	/data/songy4/twas/output/weights_control//ENSG00000175048.wgt.RDat	ENSG00000175048	6	157802165	158099178	0.1650	rs6941159	-3.05	rs9457464	 3.33e-02	 -5.64	 0.0803	 560	  8	lasso	0.054	1e-08	  0.32062	7.48e-01
NA	/data/songy4/twas/output/weights_control//ENSG00000078269.wgt.RDat	ENSG00000078269	6	158402888	158520208	0.3047	rs12202135	-2.26	rs350292	 3.11e-01	 13.48	 0.0864	 617	 11	lasso	0.32	2.5e-49	  0.12220	9.03e-01
NA	/data/songy4/twas/output/weights_control//ENSG00000122335.wgt.RDat	ENSG00000122335	6	158530536	158589312	0.6862	rs12202135	-2.26	rs11756587	 3.10e-01	 14.22	 1.8414	 582	 26	enet	0.57	1.8e-108	  1.88882	5.89e-02
NA	/data/songy4/twas/output/weights_control//ENSG00000272047.wgt.RDat	ENSG00000272047	6	158589384	158620376	0.2152	rs12202135	-2.26	rs662185	 1.03e-01	  8.02	 1.4623	 544	 21	enet	0.16	3.3e-23	  1.38598	1.66e-01
NA	/data/songy4/twas/output/weights_control//ENSG00000130338.wgt.RDat	ENSG00000130338	6	158733692	158932860	0.1216	rs7774277	 4.05	rs4478433	 1.01e-01	 -7.83	-1.0175	 591	 10	lasso	0.1	2.9e-15	  0.98528	3.24e-01
NA	/data/songy4/twas/output/weights_control//ENSG00000146433.wgt.RDat	ENSG00000146433	6	158957468	159056460	0.0714	rs7774277	 4.05	rs7754383	 6.00e-02	  6.07	 0.4128	 554	  1	top1	0.06	1.6e-09	  0.41284	6.80e-01
NA	/data/songy4/twas/output/weights_control//ENSG00000146425.wgt.RDat	ENSG00000146425	6	159057506	159065771	0.0546	rs7774277	 4.05	rs7754383	 8.85e-03	  4.53	 0.4128	 493	  3	lasso	0.014	0.0025	  0.90587	3.65e-01
NA	/data/songy4/twas/output/weights_control//ENSG00000130363.wgt.RDat	ENSG00000130363	6	159393903	159421219	0.4969	rs7774277	 4.05	rs12204826	 3.63e-01	-14.76	 0.1839	 556	 17	lasso	0.41	7.4e-67	 -0.25434	7.99e-01
NA	/data/songy4/twas/output/weights_control//ENSG00000112096.wgt.RDat	ENSG00000112096	6	160090089	160183561	0.0803	rs10455776	 2.52	rs7855	 2.35e-02	 -5.07	 0.4802	 622	  4	lasso	0.054	1.2e-08	 -0.56016	5.75e-01
NA	/data/songy4/twas/output/weights_control//ENSG00000146457.wgt.RDat	ENSG00000146457	6	160146617	160177351	0.2169	rs10455776	 2.52	rs11753885	 4.70e-02	  6.29	-0.1538	 561	 57	enet	0.15	1.7e-22	 -1.59969	1.10e-01
NA	/data/songy4/twas/output/weights_control//ENSG00000120437.wgt.RDat	ENSG00000120437	6	160181360	160200144	0.1166	rs10455776	 2.52	rs2842972	 8.21e-02	  7.34	-1.4316	 569	  1	top1	0.082	1.5e-12	 -1.43158	1.52e-01
NA	/data/songy4/twas/output/weights_control//ENSG00000112110.wgt.RDat	ENSG00000112110	6	160210844	160219468	0.2485	rs10455776	 2.52	rs9365097	 3.02e-01	 13.20	 0.1892	 565	  1	top1	0.3	6.4e-47	  0.18919	8.50e-01
NA	/data/songy4/twas/output/weights_control//ENSG00000146453.wgt.RDat	ENSG00000146453	6	160221298	160241736	0.1534	rs10455776	 2.52	rs4516970	 1.72e-02	  5.58	-0.1354	 577	  9	lasso	0.053	1.5e-08	  0.79231	4.28e-01
NA	/data/songy4/twas/output/weights_control//ENSG00000197081.wgt.RDat	ENSG00000197081	6	160390131	160534539	0.0546	rs10455776	 2.52	rs4709369	-1.73e-03	  3.44	-0.5373	 646	 17	enet	0.0023	0.13	  0.91372	3.61e-01
NA	/data/songy4/twas/output/weights_control//ENSG00000175003.wgt.RDat	ENSG00000175003	6	160542821	160579750	0.2802	rs6929124	-2.51	rs7753051	 1.58e-01	 -9.73	-0.5856	 547	 14	lasso	0.17	3.8e-25	  0.88561	3.76e-01
NA	/data/songy4/twas/output/weights_control//ENSG00000146477.wgt.RDat	ENSG00000146477	6	160769300	160876014	0.0484	rs3798221	 2.29	rs2504930	 1.80e-02	  4.49	-1.3445	 585	  1	top1	0.018	0.00075	 -1.34454	1.79e-01
NA	/data/songy4/twas/output/weights_control//ENSG00000112531.wgt.RDat	ENSG00000112531	6	163835032	163999628	0.5162	rs17449245	-3.45	rs2759386	 4.81e-01	-16.66	 0.5291	 705	 20	enet	0.48	2.1e-84	 -0.41740	6.76e-01
NA	/data/songy4/twas/output/weights_control//ENSG00000198818.wgt.RDat	ENSG00000198818	6	166733216	166756079	0.3309	rs9457203	-3.13	rs9366007	 1.54e-01	 -9.50	-1.2881	 736	  8	lasso	0.23	3.8e-35	  2.08455	3.71e-02
NA	/data/songy4/twas/output/weights_control//ENSG00000060762.wgt.RDat	ENSG00000060762	6	166778407	166796486	0.3222	rs9457203	-3.13	rs911200	 2.36e-01	 11.69	 1.7196	 739	 13	lasso	0.24	1.3e-36	  2.13326	3.29e-02
NA	/data/songy4/twas/output/weights_control//ENSG00000071242.wgt.RDat	ENSG00000071242	6	166822852	167319939	0.1316	rs9457203	-3.13	rs239935	 1.07e-01	  8.11	 0.7872	1008	 44	enet	0.11	3.3e-16	  0.35576	7.22e-01
NA	/data/songy4/twas/output/weights_control//ENSG00000249141.wgt.RDat	ENSG00000249141	6	167271582	167369612	0.3428	rs35455379	 3.28	rs400837	 2.25e-01	 11.56	 0.7957	 727	 56	enet	0.31	7.6e-48	  0.64660	5.18e-01
NA	/data/songy4/twas/output/weights_control//ENSG00000026297.wgt.RDat	ENSG00000026297	6	167342992	167370679	0.6105	rs35455379	 3.28	rs429083	 7.32e-01	 20.57	 0.8280	 704	  9	lasso	0.73	1e-166	  0.84649	3.97e-01
NA	/data/songy4/twas/output/weights_control//ENSG00000213066.wgt.RDat	ENSG00000213066	6	167412670	167466201	0.2193	rs35455379	 3.28	rs2282859	 5.13e-02	  6.80	-1.6417	 632	 38	enet	0.15	1e-21	 -0.73688	4.61e-01
NA	/data/songy4/twas/output/weights_control//ENSG00000112486.wgt.RDat	ENSG00000112486	6	167525295	167553184	0.0620	rs35455379	 3.28	rs4709143	 2.21e-02	 -4.72	-0.3565	 542	  1	top1	0.022	0.00021	  0.35652	7.21e-01
NA	/data/songy4/twas/output/weights_control//ENSG00000166984.wgt.RDat	ENSG00000166984	6	167559902	167610401	0.0708	rs35455379	 3.28	rs3093002	 5.85e-02	  6.01	 1.8972	 523	  1	top1	0.058	2.6e-09	  1.89720	5.78e-02
NA	/data/songy4/twas/output/weights_control//ENSG00000130396.wgt.RDat	ENSG00000130396	6	168227602	168372703	0.4500	rs9455996	-3.73	rs649905	 1.91e-01	 10.56	 1.2117	 530	 90	enet	0.35	1e-56	  0.70621	4.80e-01
NA	/data/songy4/twas/output/weights_control//ENSG00000184465.wgt.RDat	ENSG00000184465	6	169857307	170102159	0.1315	rs13203299	-2.64	rs2494688	 4.91e-02	 -5.58	-1.9624	 683	 45	enet	0.059	1.9e-09	  0.24057	8.10e-01
NA	/data/songy4/twas/output/weights_control//ENSG00000185127.wgt.RDat	ENSG00000185127	6	170102233	170106401	0.0876	rs9406333	 2.56	rs3211062	 5.19e-02	  6.97	-1.9223	 486	 13	enet	0.09	1.1e-13	 -1.16544	2.44e-01
NA	/data/songy4/twas/output/weights_control//ENSG00000130024.wgt.RDat	ENSG00000130024	6	170104001	170124151	0.1390	rs9406333	 2.56	rs7767980	 1.27e-01	  8.64	-1.8061	 495	  8	lasso	0.13	1.1e-19	 -1.48280	1.38e-01
NA	/data/songy4/twas/output/weights_control//ENSG00000130023.wgt.RDat	ENSG00000130023	6	170151718	170181680	0.0635	rs9406333	 2.56	rs11966349	 1.40e-02	  4.75	-0.5732	 477	 16	enet	0.023	0.00017	 -1.76602	7.74e-02
NA	/data/songy4/twas/output/weights_control//ENSG00000198719.wgt.RDat	ENSG00000198719	6	170591294	170599561	0.2219	rs9460102	 2.51	rs910425	 9.02e-02	  7.52	-0.9406	 383	 38	enet	0.15	7.4e-22	  0.37844	7.05e-01
NA	/data/songy4/twas/output/weights_control//ENSG00000112584.wgt.RDat	ENSG00000112584	6	170599791	170716153	0.1194	rs9460102	 2.51	rs9460170	 1.56e-02	  5.16	 0.8850	 379	 46	enet	0.06	1.8e-09	 -0.34246	7.32e-01
NA	/data/songy4/twas/output/weights_control//ENSG00000008018.wgt.RDat	ENSG00000008018	6	170844205	170862429	0.1692	rs9460102	 2.51	rs6928843	 1.67e-01	  9.98	 0.2755	 263	 18	enet	0.18	1.7e-26	  0.61620	5.38e-01
NA	/data/songy4/twas/output/weights_control//ENSG00000071994.wgt.RDat	ENSG00000071994	6	170884383	170893780	0.0926	rs9460102	 2.51	rs12213906	 5.27e-02	  6.02	-1.1728	 243	  8	enet	0.053	1.5e-08	 -1.18450	2.36e-01
