PANEL	FILE	ID	CHR	P0	P1	HSQ	BEST.GWAS.ID	BEST.GWAS.Z	EQTL.ID	EQTL.R2	EQTL.Z	EQTL.GWAS.Z	NSNP	NWGT	MODEL	MODELCV.R2	MODELCV.PV	TWAS.Z	TWAS.P
NA	/data/songy4/twas/output/weights_control//ENSG00000181404.wgt.RDat	ENSG00000181404	9	14511	29739	0.3635	rs7854418	 3.09	rs10757606	 2.05e-02	  5.19	-1.80769	 303	53	enet	0.07	6.1e-11	-1.79022	0.073418
NA	/data/songy4/twas/output/weights_control//ENSG00000170122.wgt.RDat	ENSG00000170122	9	116237	118417	0.0674	rs7854418	 3.02	rs10964703	 2.97e-02	  5.33	 0.56129	 386	 9	lasso	0.034	5.6e-06	-0.02782	0.977806
NA	/data/songy4/twas/output/weights_control//ENSG00000172785.wgt.RDat	ENSG00000172785	9	121041	188979	0.6261	rs7854418	 3.12	rs2992854	 4.20e-01	 15.57	 0.60504	 469	27	enet	0.53	2.9e-97	 0.61752	0.536892
NA	/data/songy4/twas/output/weights_control//ENSG00000107099.wgt.RDat	ENSG00000107099	9	214854	465259	0.4602	rs13300102	-2.93	rs12156499	 2.22e-01	 11.40	 1.65896	 686	48	enet	0.33	1.3e-52	 1.44078	0.149648
NA	/data/songy4/twas/output/weights_control//ENSG00000107104.wgt.RDat	ENSG00000107104	9	470291	746105	0.6288	rs13300102	-2.93	rs10815156	 2.81e-01	 12.77	-0.74545	 902	62	enet	0.42	6.4e-70	-0.51094	0.609396
NA	/data/songy4/twas/output/weights_control//ENSG00000173253.wgt.RDat	ENSG00000173253	9	1050354	1057552	0.1169	rs12553921	 2.81	rs7854435	 7.54e-02	  6.85	-1.27586	 873	 1	top1	0.075	1.3e-11	-1.27586	0.202004
NA	/data/songy4/twas/output/weights_control//ENSG00000147852.wgt.RDat	ENSG00000147852	9	2621834	2660053	0.3816	rs12683633	-3.00	rs10812379	 1.25e-01	  8.71	-0.20183	 798	48	enet	0.25	3.6e-37	 0.64729	0.517446
NA	/data/songy4/twas/output/weights_control//ENSG00000080608.wgt.RDat	ENSG00000080608	9	2720469	2844241	0.0643	rs12683633	-3.00	rs2270891	 1.63e-02	 -4.25	 0.67954	 774	 1	top1	0.016	0.0013	-0.67954	0.496798
NA	/data/songy4/twas/output/weights_control//ENSG00000107249.wgt.RDat	ENSG00000107249	9	3824127	4348392	0.1541	rs10974436	-3.27	rs2146423	 6.85e-02	 -6.61	-1.50495	1086	 1	top1	0.069	1.1e-10	 1.50495	0.132337
NA	/data/songy4/twas/output/weights_control//ENSG00000106686.wgt.RDat	ENSG00000106686	9	4553386	4666674	0.4343	rs10974436	-3.27	rs301488	 1.84e-01	 11.41	-0.31690	 804	68	enet	0.33	7.6e-53	-1.01603	0.309613
NA	/data/songy4/twas/output/weights_control//ENSG00000205808.wgt.RDat	ENSG00000205808	9	4662298	4665256	0.2714	rs10974436	-3.27	rs301488	 1.37e-01	  8.98	-0.31690	 689	 6	lasso	0.21	2e-31	 0.57388	0.566048
NA	/data/songy4/twas/output/weights_control//ENSG00000106993.wgt.RDat	ENSG00000106993	9	4679559	4708398	0.0630	rs10974436	-3.27	rs1385453	 4.17e-02	  5.36	 1.16038	 686	 1	top1	0.042	4.7e-07	 1.16038	0.245895
NA	/data/songy4/twas/output/weights_control//ENSG00000147853.wgt.RDat	ENSG00000147853	9	4711155	4742043	0.1264	rs10974436	-3.27	rs12349032	 7.29e-02	 -6.58	 0.18386	 657	15	enet	0.074	2.1e-11	 1.15536	0.247943
NA	/data/songy4/twas/output/weights_control//ENSG00000120158.wgt.RDat	ENSG00000120158	9	4792869	4885917	0.0928	rs4742057	-2.69	rs10072	 6.18e-02	 -6.48	-0.36634	 655	 4	lasso	0.073	2.3e-11	 0.32114	0.748108
NA	/data/songy4/twas/output/weights_control//ENSG00000107014.wgt.RDat	ENSG00000107014	9	5299868	5304969	0.1029	rs7846809	-3.00	rs2273782	 9.36e-02	  7.47	 1.56522	 484	 2	lasso	0.096	1.9e-14	 1.59654	0.110369
NA	/data/songy4/twas/output/weights_control//ENSG00000107018.wgt.RDat	ENSG00000107018	9	5334969	5339873	0.0601	rs7846809	-3.00	rs7875330	 4.19e-02	 -5.80	 0.06481	 475	 1	top1	0.042	4.5e-07	-0.06481	0.948321
NA	/data/songy4/twas/output/weights_control//ENSG00000107020.wgt.RDat	ENSG00000107020	9	5357973	5437878	0.1700	rs7041526	-3.48	rs2381277	 1.14e-01	  8.22	-0.33981	 502	18	enet	0.11	5.1e-17	-0.66419	0.506568
NA	/data/songy4/twas/output/weights_control//ENSG00000120217.wgt.RDat	ENSG00000120217	9	5450503	5470566	0.1331	rs7041526	-3.48	rs2890658	 8.52e-02	  7.57	 0.23729	 441	16	enet	0.1	1.4e-15	-0.46840	0.639497
NA	/data/songy4/twas/output/weights_control//ENSG00000197646.wgt.RDat	ENSG00000197646	9	5510545	5571282	0.0912	rs7041526	-3.48	rs16923189	 2.65e-02	  5.11	-0.74545	 457	15	enet	0.07	7.7e-11	-0.37208	0.709833
NA	/data/songy4/twas/output/weights_control//ENSG00000099219.wgt.RDat	ENSG00000099219	9	5765076	5833117	0.4841	rs7041526	-3.48	rs12377641	 3.28e-01	-13.75	 0.75926	 502	35	enet	0.44	3e-74	 0.13395	0.893443
NA	/data/songy4/twas/output/weights_control//ENSG00000147854.wgt.RDat	ENSG00000147854	9	6413151	6507054	0.0593	rs3765555	 3.18	rs10975615	 4.93e-03	  4.46	-0.92491	 522	 1	top1	0.0049	0.05	-0.92491	0.355010
NA	/data/songy4/twas/output/weights_control//ENSG00000178445.wgt.RDat	ENSG00000178445	9	6532464	6645650	0.0876	rs3765555	 3.18	rs7872937	 3.06e-02	  5.51	-0.24576	 604	 1	top1	0.031	1.4e-05	-0.24576	0.805866
NA	/data/songy4/twas/output/weights_control//ENSG00000107077.wgt.RDat	ENSG00000107077	9	6720863	7175648	0.0856	rs17600095	 3.31	rs10117618	 5.31e-02	  5.86	-0.50400	1042	 1	top1	0.053	1.3e-08	-0.50400	0.614261
NA	/data/songy4/twas/output/weights_control//ENSG00000137038.wgt.RDat	ENSG00000137038	9	7796490	7888380	0.1172	NA	   NA	NA	       NA	    NA	      NA	   0	 0	enet	-0.00078	0.46	      NA	      NA
NA	/data/songy4/twas/output/weights_control//ENSG00000147862.wgt.RDat	ENSG00000147862	9	14081842	14398982	0.0751	rs13300718	 2.99	rs10810110	 7.58e-02	 -6.71	-0.23776	 994	 1	top1	0.076	1.1e-11	 0.23776	0.812066
NA	/data/songy4/twas/output/weights_control//ENSG00000175893.wgt.RDat	ENSG00000175893	9	14611069	14693469	0.1922	rs10961780	 2.88	rs4740585	 1.85e-01	-10.35	-0.93333	 744	26	enet	0.21	3.5e-32	 1.06836	0.285359
NA	/data/songy4/twas/output/weights_control//ENSG00000164946.wgt.RDat	ENSG00000164946	9	14734664	14910993	0.0906	rs10961780	 2.88	rs1855142	 5.03e-02	 -5.72	 0.63566	 827	10	enet	0.066	2.5e-10	-0.83570	0.403326
NA	/data/songy4/twas/output/weights_control//ENSG00000155158.wgt.RDat	ENSG00000155158	9	15163620	15307358	0.5156	rs10961780	 2.88	rs10961965	 4.30e-01	-15.84	 1.21359	 602	45	enet	0.51	6.9e-90	-1.91600	0.055365
NA	/data/songy4/twas/output/weights_control//ENSG00000164975.wgt.RDat	ENSG00000164975	9	15422702	15465951	0.0886	rs971835	-2.81	rs10738395	 7.81e-02	 -6.85	-0.19048	 448	 1	top1	0.078	5.4e-12	 0.19048	0.848936
NA	/data/songy4/twas/output/weights_control//ENSG00000164989.wgt.RDat	ENSG00000164989	9	15552895	16061661	0.2168	rs971835	-2.81	rs1041529	 2.39e-01	 12.39	-0.67727	 858	 5	lasso	0.28	2e-42	-0.71299	0.475855
NA	/data/songy4/twas/output/weights_control//ENSG00000173068.wgt.RDat	ENSG00000173068	9	16409501	16870841	0.1857	rs10810661	 3.74	rs10962668	 9.14e-02	 -8.20	 3.31683	 894	 7	lasso	0.12	3.8e-18	-3.25831	0.001121
NA	/data/songy4/twas/output/weights_control//ENSG00000155875.wgt.RDat	ENSG00000155875	9	18927656	19033251	0.1891	rs12352272	-2.69	rs10963942	 1.45e-01	 -9.86	 0.00000	 694	 6	lasso	0.18	1.2e-26	 1.19731	0.231187
NA	/data/songy4/twas/output/weights_control//ENSG00000155876.wgt.RDat	ENSG00000155876	9	19049372	19051019	0.1257	rs12352272	-2.69	rs7869414	 8.49e-02	 -7.28	-1.88742	 630	 1	top1	0.085	6.2e-13	 1.88742	0.059104
NA	/data/songy4/twas/output/weights_control//ENSG00000147874.wgt.RDat	ENSG00000147874	9	19053141	19103117	0.0674	rs12352272	-2.69	rs4506313	 2.39e-02	 -4.70	-0.81818	 671	 4	lasso	0.025	8.7e-05	 0.16850	0.866191
NA	/data/songy4/twas/output/weights_control//ENSG00000137145.wgt.RDat	ENSG00000137145	9	19230433	19374139	0.0550	rs7030565	-2.69	rs10757033	 2.60e-02	  4.93	-0.47475	 688	 1	top1	0.026	6.1e-05	-0.47475	0.634967
NA	/data/songy4/twas/output/weights_control//ENSG00000171843.wgt.RDat	ENSG00000171843	9	20341663	20622542	0.0700	rs3892039	 3.38	rs1548377	-1.68e-03	 -3.35	 1.25510	 666	19	enet	0.0023	0.13	-1.34590	0.178333
NA	/data/songy4/twas/output/weights_control//ENSG00000188921.wgt.RDat	ENSG00000188921	9	20995306	21031635	0.1431	rs2480927	 3.16	rs17752740	 2.57e-04	 -4.57	 0.57396	 477	17	enet	0.041	5.1e-07	-0.59115	0.554418
NA	/data/songy4/twas/output/weights_control//ENSG00000198642.wgt.RDat	ENSG00000198642	9	21329670	21335379	0.0476	rs2480927	 3.16	rs7035600	 1.34e-02	  4.33	 1.19745	 484	 1	top1	0.013	0.0031	 1.19745	0.231130
NA	/data/songy4/twas/output/weights_control//ENSG00000099810.wgt.RDat	ENSG00000099810	9	21802542	21931646	0.0769	rs6475641	-3.21	rs10117507	 2.58e-02	 -4.43	-1.33884	 492	40	enet	0.028	3.4e-05	-1.18740	0.235071
NA	/data/songy4/twas/output/weights_control//ENSG00000147883.wgt.RDat	ENSG00000147883	9	22002902	22009362	0.2379	rs6475641	-3.21	rs662463	 1.95e-01	-10.82	-0.16542	 444	 3	lasso	0.2	2.2e-29	 0.08181	0.934796
NA	/data/songy4/twas/output/weights_control//ENSG00000176399.wgt.RDat	ENSG00000176399	9	22446840	22455739	0.2741	rs10811734	-3.29	rs693370	 2.05e-01	 10.93	-1.86875	 438	 1	top1	0.21	1.1e-30	-1.86875	0.061658
NA	/data/songy4/twas/output/weights_control//ENSG00000120156.wgt.RDat	ENSG00000120156	9	27109139	27230173	0.5512	rs2060410	 3.02	rs3117638	 2.85e-01	 13.11	 1.68293	 725	53	enet	0.52	1.2e-92	 1.63681	0.101671
NA	/data/songy4/twas/output/weights_control//ENSG00000147894.wgt.RDat	ENSG00000147894	9	27546544	27573864	0.3074	rs13691	-2.95	rs3849946	 2.09e-01	-11.11	-1.47872	 735	37	enet	0.24	4.9e-37	 2.56202	0.010406
NA	/data/songy4/twas/output/weights_control//ENSG00000174482.wgt.RDat	ENSG00000174482	9	27948076	28670283	0.1543	rs16914332	 3.05	rs10812910	 6.43e-02	  7.24	 0.08108	 997	 8	lasso	0.11	2e-16	-0.30517	0.760235
NA	/data/songy4/twas/output/weights_control//ENSG00000137074.wgt.RDat	ENSG00000137074	9	32972604	33025166	0.0836	rs1888871	 3.00	rs10971259	 4.26e-02	 -5.71	 0.93056	 504	 1	top1	0.043	3.6e-07	-0.93056	0.352084
NA	/data/songy4/twas/output/weights_control//ENSG00000122692.wgt.RDat	ENSG00000122692	9	33041762	33076665	0.0410	rs1888871	 3.00	rs17324756	-6.04e-05	  3.71	 0.67722	 483	 1	top1	-6e-05	0.33	 0.67722	0.498269
NA	/data/songy4/twas/output/weights_control//ENSG00000086062.wgt.RDat	ENSG00000086062	9	33104080	33167354	0.1062	rs1888871	 3.00	rs7019909	 4.89e-02	  6.36	 0.41818	 498	 8	lasso	0.072	3.5e-11	-0.45525	0.648930
NA	/data/songy4/twas/output/weights_control//ENSG00000230453.wgt.RDat	ENSG00000230453	9	33524392	33573007	0.1179	rs544169	 5.70	rs12005354	 7.67e-02	  7.02	-0.83036	 388	 1	top1	0.077	8.3e-12	-0.83036	0.406337
NA	/data/songy4/twas/output/weights_control//ENSG00000198876.wgt.RDat	ENSG00000198876	9	34086385	34127397	0.1278	rs544169	 5.70	rs10441723	 7.10e-02	  6.63	 1.22549	 339	 5	lasso	0.13	1.1e-18	 0.56316	0.573323
NA	/data/songy4/twas/output/weights_control//ENSG00000164978.wgt.RDat	ENSG00000164978	9	34329504	34343709	0.4597	rs544169	 5.70	rs4879775	 2.64e-01	 13.46	-0.65385	 347	28	enet	0.48	5.8e-84	 0.77213	0.440039
NA	/data/songy4/twas/output/weights_control//ENSG00000164967.wgt.RDat	ENSG00000164967	9	34610483	34612101	0.0849	rs17258448	 5.17	rs3763615	 8.52e-02	  7.19	 0.99038	 359	 1	top1	0.085	5.7e-13	 0.99038	0.321986
NA	/data/songy4/twas/output/weights_control//ENSG00000147955.wgt.RDat	ENSG00000147955	9	34634719	34637806	0.1418	rs17258448	 5.17	rs12553321	 5.26e-02	 -6.35	 1.00415	 365	10	enet	0.093	5e-14	-1.01374	0.310709
NA	/data/songy4/twas/output/weights_control//ENSG00000137070.wgt.RDat	ENSG00000137070	9	34650699	34661889	0.0813	rs17258448	 5.17	rs2070074	 5.81e-02	  6.85	 0.20122	 367	13	enet	0.069	1e-10	 0.23088	0.817412
NA	/data/songy4/twas/output/weights_control//ENSG00000137094.wgt.RDat	ENSG00000137094	9	34989638	34998897	0.2751	rs3793472	-2.76	rs813422	 1.20e-01	  8.87	-2.33628	 355	42	enet	0.13	1.7e-19	-2.66047	0.007803
NA	/data/songy4/twas/output/weights_control//ENSG00000165280.wgt.RDat	ENSG00000165280	9	35056061	35073246	0.0574	rs10972238	 2.75	rs10814192	 3.96e-03	 -3.80	-1.52427	 353	20	enet	0.0093	0.012	 0.66315	0.507234
NA	/data/songy4/twas/output/weights_control//ENSG00000198722.wgt.RDat	ENSG00000198722	9	35161999	35405335	0.0650	rs10972238	 2.75	rs4879879	 1.99e-02	 -5.12	 0.40299	 461	 4	lasso	0.04	7.3e-07	-0.59014	0.555100
NA	/data/songy4/twas/output/weights_control//ENSG00000198467.wgt.RDat	ENSG00000198467	9	35681989	35691017	0.3274	rs10972763	-2.55	rs2295795	 3.68e-01	-14.56	 1.76190	 404	 1	top1	0.37	3.2e-59	-1.76190	0.078085
NA	/data/songy4/twas/output/weights_control//ENSG00000070610.wgt.RDat	ENSG00000070610	9	35736863	35749983	0.3245	rs10972763	-2.55	rs10814274	 3.84e-01	 14.88	-0.45361	 420	 4	lasso	0.38	1.5e-62	-0.45352	0.650174
NA	/data/songy4/twas/output/weights_control//ENSG00000107185.wgt.RDat	ENSG00000107185	9	35749203	35758572	0.2139	rs10972763	-2.55	rs1322045	 1.89e-01	 10.53	-0.42718	 420	 8	lasso	0.22	9.7e-33	-0.08117	0.935310
NA	/data/songy4/twas/output/weights_control//ENSG00000204930.wgt.RDat	ENSG00000204930	9	35816388	35828744	0.1069	rs10972829	-2.64	rs2065039	 1.43e-01	 -9.44	 1.54701	 429	 5	lasso	0.15	3.3e-22	-1.58271	0.113487
NA	/data/songy4/twas/output/weights_control//ENSG00000122694.wgt.RDat	ENSG00000122694	9	36136732	36163910	0.0548	rs3780350	 3.47	rs10814339	 1.75e-02	 -4.45	 0.85088	 416	 1	top1	0.018	0.00086	-0.85088	0.394838
NA	/data/songy4/twas/output/weights_control//ENSG00000159921.wgt.RDat	ENSG00000159921	9	36214438	36277053	0.0637	rs3780350	 3.47	rs10114702	 1.53e-02	 -4.75	 0.74000	 415	 7	lasso	0.019	0.00052	-0.60260	0.546778
NA	/data/songy4/twas/output/weights_control//ENSG00000147905.wgt.RDat	ENSG00000147905	9	37120536	37358146	0.0859	rs3780350	 3.47	rs7034554	 7.74e-02	 -7.22	 2.11538	 609	 5	lasso	0.094	3e-14	-1.75500	0.079260
NA	/data/songy4/twas/output/weights_control//ENSG00000137106.wgt.RDat	ENSG00000137106	9	37422663	37436987	0.8106	rs3780335	 2.56	rs7856656	 7.10e-01	 20.20	-1.09434	 467	32	enet	0.72	6.2e-160	-1.22093	0.222111
NA	/data/songy4/twas/output/weights_control//ENSG00000137054.wgt.RDat	ENSG00000137054	9	37485932	37503694	0.0620	rs12345885	-2.83	rs10973441	 2.54e-02	 -4.85	-1.50769	 443	 1	top1	0.025	7.4e-05	 1.50769	0.131633
NA	/data/songy4/twas/output/weights_control//ENSG00000165275.wgt.RDat	ENSG00000165275	9	37753804	37778969	0.3232	rs2381775	 3.10	rs7861041	 1.46e-01	-10.18	-2.05303	 478	41	enet	0.21	1.4e-31	 2.93946	0.003288
NA	/data/songy4/twas/output/weights_control//ENSG00000107371.wgt.RDat	ENSG00000107371	9	37766975	37801434	0.0612	rs2381775	 3.10	rs870474	 1.23e-03	 -3.70	-0.24444	 494	 1	top1	0.0012	0.19	 0.24444	0.806887
NA	/data/songy4/twas/output/weights_control//ENSG00000122741.wgt.RDat	ENSG00000122741	9	37800499	37867663	0.1442	rs2381775	 3.10	rs3761671	 1.85e-01	-10.54	-0.65926	 522	 1	top1	0.18	1.8e-27	 0.65926	0.509729
NA	/data/songy4/twas/output/weights_control//ENSG00000122696.wgt.RDat	ENSG00000122696	9	37879400	37904350	0.1134	rs2381775	 3.10	rs1409145	 1.11e-01	 -8.10	-0.54074	 539	 8	lasso	0.11	6.1e-17	 0.65991	0.509309
NA	/data/songy4/twas/output/weights_control//ENSG00000180071.wgt.RDat	ENSG00000180071	9	38540566	38620657	0.1618	rs1885490	-2.37	rs13290916	 1.50e-02	  4.71	-0.21509	 402	58	enet	0.085	5.8e-13	 0.21711	0.828120
NA	/data/songy4/twas/output/weights_control//ENSG00000204849.wgt.RDat	ENSG00000204849	9	39355699	39361956	0.0485	rs2778209	 1.38	rs2778209	-1.63e-03	 -2.27	 1.38290	   5	 4	enet	0.0095	0.011	-0.74145	0.458421
NA	/data/songy4/twas/output/weights_control//ENSG00000154330.wgt.RDat	ENSG00000154330	9	70943224	71145977	0.6014	rs17055720	-2.73	rs6560175	 4.42e-01	 16.07	-1.29915	 337	51	enet	0.56	2.4e-105	-1.79592	0.072508
NA	/data/songy4/twas/output/weights_control//ENSG00000181778.wgt.RDat	ENSG00000181778	9	71151496	71155783	0.4274	rs17055720	-2.73	rs12375820	 2.55e-01	 12.23	-1.46729	 343	40	enet	0.4	3.1e-66	-1.41555	0.156907
NA	/data/songy4/twas/output/weights_control//ENSG00000107242.wgt.RDat	ENSG00000107242	9	71320575	71624092	0.0457	rs7859021	-2.91	rs424970	 1.29e-02	  4.39	-1.09167	 609	 1	top1	0.013	0.0037	-1.09167	0.274980
NA	/data/songy4/twas/output/weights_control//ENSG00000119139.wgt.RDat	ENSG00000119139	9	71736209	71870124	0.2568	rs7859021	-2.91	rs10781456	 2.73e-01	-12.78	 2.58947	 583	18	lasso	0.3	1e-45	-2.55490	0.010622
NA	/data/songy4/twas/output/weights_control//ENSG00000107282.wgt.RDat	ENSG00000107282	9	72042446	72287222	0.0973	rs7022623	 3.67	rs2781541	 2.40e-02	  5.41	 0.34653	 613	28	enet	0.065	3.1e-10	-1.07235	0.283563
NA	/data/songy4/twas/output/weights_control//ENSG00000188647.wgt.RDat	ENSG00000188647	9	72324438	72374875	0.1696	rs7022623	 3.67	rs11139996	 1.04e-01	  7.84	 0.04514	 488	 7	lasso	0.1	1e-15	-0.12277	0.902293
NA	/data/songy4/twas/output/weights_control//ENSG00000204711.wgt.RDat	ENSG00000204711	9	72435709	72521148	0.7438	rs7022623	 3.67	rs4366141	 6.48e-01	 19.34	-1.77848	 471	 1	top1	0.65	2e-132	-1.77848	0.075325
NA	/data/songy4/twas/output/weights_control//ENSG00000155621.wgt.RDat	ENSG00000155621	9	74526426	74600970	0.1016	rs10511999	 3.29	rs13299567	 4.80e-02	  5.47	 2.07500	 454	 1	top1	0.048	6.7e-08	 2.07500	0.037987
NA	/data/songy4/twas/output/weights_control//ENSG00000107372.wgt.RDat	ENSG00000107372	9	74966341	74980163	0.0686	rs6560284	-3.30	rs3012508	 2.99e-02	  6.25	 1.10204	 367	22	enet	0.041	5.6e-07	 2.04439	0.040915
NA	/data/songy4/twas/output/weights_control//ENSG00000165092.wgt.RDat	ENSG00000165092	9	75515578	75695358	0.0694	rs11143438	-3.35	rs10869243	 3.48e-02	 -5.50	-0.08000	 460	20	enet	0.052	2.2e-08	 0.08906	0.929032
NA	/data/songy4/twas/output/weights_control//ENSG00000135046.wgt.RDat	ENSG00000135046	9	75766673	75785309	0.0857	rs11143438	-3.35	rs7867580	 5.45e-02	 -5.88	-0.14679	 398	 1	top1	0.055	8.7e-09	 0.14679	0.883299
NA	/data/songy4/twas/output/weights_control//ENSG00000198963.wgt.RDat	ENSG00000198963	9	77112281	77308093	0.1985	rs4493972	 3.03	rs4745304	 2.25e-01	-11.56	 1.58879	 468	 4	lasso	0.24	1.1e-35	-1.95437	0.050657
NA	/data/songy4/twas/output/weights_control//ENSG00000119121.wgt.RDat	ENSG00000119121	9	77337411	77503010	0.2499	rs4493972	 3.03	rs2184118	 1.44e-01	 -9.18	 0.83810	 480	66	enet	0.16	4.7e-23	 0.17423	0.861683
NA	/data/songy4/twas/output/weights_control//ENSG00000156017.wgt.RDat	ENSG00000156017	9	77595936	77643339	0.1662	rs12551900	-2.99	rs2769058	 6.72e-02	  6.41	-0.39252	 465	 9	lasso	0.093	4.3e-14	 0.18310	0.854717
NA	/data/songy4/twas/output/weights_control//ENSG00000106733.wgt.RDat	ENSG00000106733	9	77675489	77703133	0.6914	rs12551900	-2.99	rs6560421	 4.71e-01	-16.98	-0.01942	 458	47	enet	0.7	1.5e-152	-0.28134	0.778451
NA	/data/songy4/twas/output/weights_control//ENSG00000134996.wgt.RDat	ENSG00000134996	9	77703459	77762181	0.2481	rs12551900	-2.99	rs2273770	 6.79e-02	  7.64	 0.02941	 487	47	enet	0.16	3.4e-23	-0.50316	0.614855
NA	/data/songy4/twas/output/weights_control//ENSG00000099139.wgt.RDat	ENSG00000099139	9	78505560	78977255	0.0952	rs11145041	 2.91	rs10869600	 5.63e-02	 -5.89	-0.33981	 970	22	enet	0.075	1.5e-11	 1.14670	0.251508
NA	/data/songy4/twas/output/weights_control//ENSG00000135002.wgt.RDat	ENSG00000135002	9	79000433	79009433	0.1175	rs11145041	 2.91	rs10869777	 6.53e-02	  6.45	 1.08000	 669	 1	top1	0.065	3e-10	 1.08000	0.280142
NA	/data/songy4/twas/output/weights_control//ENSG00000187210.wgt.RDat	ENSG00000187210	9	79034752	79122332	0.1541	rs11145041	 2.91	rs543677	 7.62e-02	 -7.35	-1.29825	 722	 5	lasso	0.13	4.7e-19	 0.45601	0.648380
NA	/data/songy4/twas/output/weights_control//ENSG00000106772.wgt.RDat	ENSG00000106772	9	79226292	79521003	0.6552	rs11145041	 2.91	rs620552	 7.49e-01	 20.85	-0.30631	 748	21	enet	0.77	7.1e-185	-0.19304	0.846928
NA	/data/songy4/twas/output/weights_control//ENSG00000197969.wgt.RDat	ENSG00000197969	9	79792269	80036457	0.0736	rs12340660	 3.03	rs2150902	 4.94e-02	 -6.08	-0.78740	 589	 8	lasso	0.062	9.4e-10	 1.57879	0.114384
NA	/data/songy4/twas/output/weights_control//ENSG00000148019.wgt.RDat	ENSG00000148019	9	80850978	80894606	0.3943	rs7868916	-3.21	rs1571777	 2.73e-01	-12.55	 1.40081	 423	 1	top1	0.27	8e-42	-1.40081	0.161271
NA	/data/songy4/twas/output/weights_control//ENSG00000135069.wgt.RDat	ENSG00000135069	9	80912059	80945009	0.2461	rs7868916	-3.21	rs2989571	 7.75e-02	  7.23	-0.55634	 450	39	enet	0.16	2.1e-24	 0.24846	0.803781
NA	/data/songy4/twas/output/weights_control//ENSG00000172159.wgt.RDat	ENSG00000172159	9	85857905	86153461	0.1364	rs1052690	 3.48	rs13296597	 3.43e-02	 -5.78	-0.53879	 633	27	enet	0.091	8.2e-14	 0.40221	0.687527
NA	/data/songy4/twas/output/weights_control//ENSG00000165113.wgt.RDat	ENSG00000165113	9	86354336	86444431	0.0717	rs1052690	 3.48	rs4298563	 4.96e-02	 -5.99	-0.47959	 630	19	enet	0.059	1.9e-09	 1.16010	0.246008
NA	/data/songy4/twas/output/weights_control//ENSG00000165115.wgt.RDat	ENSG00000165115	9	86451613	86536342	0.2426	rs1052690	 3.48	rs1421144	 6.00e-02	  6.73	 0.36207	 626	82	enet	0.12	2.2e-17	 0.63768	0.523684
NA	/data/songy4/twas/output/weights_control//ENSG00000165118.wgt.RDat	ENSG00000165118	9	86553226	86571901	0.1530	rs1052690	 3.48	rs296891	 1.34e-01	 -9.39	 0.88776	 561	 6	lasso	0.15	9.7e-22	-1.33332	0.182427
NA	/data/songy4/twas/output/weights_control//ENSG00000197506.wgt.RDat	ENSG00000197506	9	86890372	86955672	0.1072	rs3758318	-3.23	rs10868153	 7.77e-02	 -6.93	 1.20800	 585	 1	top1	0.078	6e-12	-1.20800	0.227047
NA	/data/songy4/twas/output/weights_control//ENSG00000135052.wgt.RDat	ENSG00000135052	9	88641061	88715088	0.3643	rs7854172	-3.78	rs7871899	 1.55e-01	  9.66	-0.14634	 342	 7	lasso	0.25	8.1e-38	 0.13053	0.896145
NA	/data/songy4/twas/output/weights_control//ENSG00000187753.wgt.RDat	ENSG00000187753	9	88835180	88874572	0.0514	rs7854172	-3.78	rs700759	 5.96e-02	 -6.02	-0.65179	 390	 1	top1	0.06	1.8e-09	 0.65179	0.514539
NA	/data/songy4/twas/output/weights_control//ENSG00000135070.wgt.RDat	ENSG00000135070	9	88879461	88897676	0.3685	rs7854172	-3.78	rs1547629	 4.53e-01	 16.23	 1.72642	 391	 8	lasso	0.46	2e-78	 1.74088	0.081705
NA	/data/songy4/twas/output/weights_control//ENSG00000180447.wgt.RDat	ENSG00000180447	9	89559279	89562104	0.2105	rs3824476	-2.92	rs4878053	 1.54e-01	  9.55	 1.36842	 555	 6	lasso	0.16	2.8e-24	 1.52235	0.127921
NA	/data/songy4/twas/output/weights_control//ENSG00000196730.wgt.RDat	ENSG00000196730	9	90112143	90323548	0.4762	rs10868644	-4.05	rs10512187	 3.38e-01	 14.58	-0.79612	 713	54	enet	0.47	3.5e-82	-0.54422	0.586288
NA	/data/songy4/twas/output/weights_control//ENSG00000135047.wgt.RDat	ENSG00000135047	9	90340434	90346308	0.3794	rs10868644	-4.05	rs3118869	 2.22e-01	-11.79	 1.43878	 614	 6	lasso	0.27	5.4e-42	-1.34267	0.179380
NA	/data/songy4/twas/output/weights_control//ENSG00000213694.wgt.RDat	ENSG00000213694	9	91606362	91619925	0.0931	rs1556384	-3.70	rs1779307	 3.17e-02	 -5.55	 0.28713	 413	 5	lasso	0.063	6.6e-10	 0.58240	0.560294
NA	/data/songy4/twas/output/weights_control//ENSG00000123975.wgt.RDat	ENSG00000123975	9	91926113	91931618	0.1335	rs7871395	-3.95	rs3211663	 1.09e-01	 -8.09	-2.24432	 449	 1	top1	0.11	2.6e-16	 2.24432	0.024812
NA	/data/songy4/twas/output/weights_control//ENSG00000187742.wgt.RDat	ENSG00000187742	9	91933421	91974557	0.0741	rs7871395	-3.95	rs11265783	 9.44e-03	  4.78	 1.97653	 469	12	lasso	0.028	3.7e-05	 1.94892	0.051305
NA	/data/songy4/twas/output/weights_control//ENSG00000187764.wgt.RDat	ENSG00000187764	9	91975702	92113045	0.2010	rs7871395	-3.95	rs17054919	 1.72e-01	 10.03	 0.83721	 492	 8	lasso	0.2	2.1e-30	 1.44028	0.149789
NA	/data/songy4/twas/output/weights_control//ENSG00000165025.wgt.RDat	ENSG00000165025	9	93564069	93660831	0.1988	rs7862334	-4.92	rs1319677	 1.99e-01	-10.73	-3.19000	 612	 1	top1	0.2	9.7e-30	 3.19000	0.001423
NA	/data/songy4/twas/output/weights_control//ENSG00000148090.wgt.RDat	ENSG00000148090	9	93976097	94124195	0.1115	rs290991	-3.23	rs7856089	 1.03e-01	 -8.37	 1.27679	 652	26	enet	0.12	4.7e-18	-1.42886	0.153046
NA	/data/songy4/twas/output/weights_control//ENSG00000169071.wgt.RDat	ENSG00000169071	9	94325373	94712444	0.1794	rs1970119	 3.19	rs4744101	 1.65e-01	  9.67	-0.68015	 643	 1	top1	0.17	1.7e-24	-0.68015	0.496411
NA	/data/songy4/twas/output/weights_control//ENSG00000090054.wgt.RDat	ENSG00000090054	9	94794281	94877666	0.0507	rs1970119	 3.19	rs1892268	 6.07e-03	  4.03	 1.26733	 497	 1	top1	0.0061	0.034	 1.26733	0.205038
NA	/data/songy4/twas/output/weights_control//ENSG00000198000.wgt.RDat	ENSG00000198000	9	95059640	95087918	0.1323	rs1810696	-3.44	rs1447114	 6.29e-02	 -6.13	 0.22951	 424	 1	top1	0.063	6.5e-10	-0.22951	0.818474
NA	/data/songy4/twas/output/weights_control//ENSG00000188312.wgt.RDat	ENSG00000188312	9	95087766	95382815	0.5465	rs1810696	-3.44	rs10992308	 6.40e-01	 19.20	 0.13433	 524	 1	top1	0.64	1.3e-129	 0.13433	0.893143
NA	/data/songy4/twas/output/weights_control//ENSG00000127080.wgt.RDat	ENSG00000127080	9	95375466	95432547	0.0605	rs1810696	-3.44	rs10992469	 3.10e-02	 -5.45	-2.86087	 420	11	enet	0.04	9.3e-07	 2.78851	0.005295
NA	/data/songy4/twas/output/weights_control//ENSG00000185963.wgt.RDat	ENSG00000185963	9	95473645	95527094	0.1760	rs10821101	-3.77	rs2277170	 7.79e-02	  6.87	-1.00000	 425	15	enet	0.14	2e-20	-0.52662	0.598454
NA	/data/songy4/twas/output/weights_control//ENSG00000127081.wgt.RDat	ENSG00000127081	9	95607874	95640304	0.4652	rs10821107	-4.12	rs10821027	 3.39e-01	-13.97	 1.32673	 434	10	lasso	0.34	8.5e-54	-1.62000	0.105233
NA	/data/songy4/twas/output/weights_control//ENSG00000127084.wgt.RDat	ENSG00000127084	9	95709733	95798518	0.1460	rs10821107	-4.12	rs10821046	 9.76e-02	 -7.58	 0.23301	 459	22	enet	0.1	4.1e-15	-1.08335	0.278652
NA	/data/songy4/twas/output/weights_control//ENSG00000157303.wgt.RDat	ENSG00000157303	9	95820989	95847420	0.1434	rs10821107	-4.12	rs10122401	 6.37e-02	 -6.73	-0.00980	 418	24	enet	0.081	1.9e-12	-0.52939	0.596532
NA	/data/songy4/twas/output/weights_control//ENSG00000165233.wgt.RDat	ENSG00000165233	9	95858500	95875565	0.3488	rs10821107	-4.12	rs4077822	 7.56e-02	 -8.22	 0.33898	 436	14	lasso	0.21	3.8e-32	-0.62838	0.529752
NA	/data/songy4/twas/output/weights_control//ENSG00000131669.wgt.RDat	ENSG00000131669	9	95883771	95896570	0.1046	rs10821107	-4.12	rs10821076	 4.24e-03	  4.90	 2.71287	 434	16	enet	0.032	1e-05	 2.11593	0.034350
NA	/data/songy4/twas/output/weights_control//ENSG00000165238.wgt.RDat	ENSG00000165238	9	95947198	96082854	0.0899	rs10821107	-4.12	rs6479466	 4.35e-02	 -6.26	-0.74603	 497	31	enet	0.072	3.4e-11	 0.43895	0.660696
NA	/data/songy4/twas/output/weights_control//ENSG00000188938.wgt.RDat	ENSG00000188938	9	96208776	96215874	0.2587	rs10821107	-4.12	rs7853605	 2.61e-01	 12.30	 0.47368	 496	16	enet	0.27	1.9e-40	 0.90603	0.364922
NA	/data/songy4/twas/output/weights_control//ENSG00000175787.wgt.RDat	ENSG00000175787	9	97021593	97063736	0.0856	rs356148	 3.36	rs10821325	 2.88e-02	  5.80	 0.83019	 441	 9	lasso	0.05	3.5e-08	 1.35888	0.174184
NA	/data/songy4/twas/output/weights_control//ENSG00000148110.wgt.RDat	ENSG00000148110	9	97136833	97223324	0.6102	rs2584805	 3.40	rs10821352	 5.01e-01	 16.99	 0.64935	 438	16	lasso	0.53	1.6e-97	 0.69900	0.484553
NA	/data/songy4/twas/output/weights_control//ENSG00000165140.wgt.RDat	ENSG00000165140	9	97365415	97402531	0.0406	rs2584805	 3.40	rs10821357	 2.39e-02	 -4.68	 1.17647	 390	 1	top1	0.024	0.00012	-1.17647	0.239407
NA	/data/songy4/twas/output/weights_control//ENSG00000148120.wgt.RDat	ENSG00000148120	9	97488983	97849441	0.4115	rs17368876	-3.97	rs10512234	 4.85e-01	 16.69	-0.48341	 475	 9	lasso	0.5	7e-88	-0.16204	0.871271
NA	/data/songy4/twas/output/weights_control//ENSG00000158169.wgt.RDat	ENSG00000158169	9	97861336	98079991	0.0485	rs17368876	-3.97	rs4743276	 4.97e-03	  3.95	-0.17000	 508	 1	top1	0.005	0.05	-0.17000	0.865010
NA	/data/songy4/twas/output/weights_control//ENSG00000185920.wgt.RDat	ENSG00000185920	9	98205262	98279339	0.3013	rs17368876	-3.97	rs10512249	 1.95e-01	 10.64	 1.28221	 440	37	enet	0.23	1.8e-34	 1.90124	0.057271
NA	/data/songy4/twas/output/weights_control//ENSG00000182150.wgt.RDat	ENSG00000182150	9	98637983	98776842	0.2074	rs17368876	-3.97	rs17303045	 1.63e-01	 10.00	 1.41212	 581	36	enet	0.17	9.4e-26	 1.80459	0.071138
NA	/data/songy4/twas/output/weights_control//ENSG00000165244.wgt.RDat	ENSG00000165244	9	99148223	99180611	0.0499	rs12341515	 3.01	rs12004815	 1.81e-02	  4.23	 0.54386	 385	 1	top1	0.018	0.00072	 0.54386	0.586538
NA	/data/songy4/twas/output/weights_control//ENSG00000130956.wgt.RDat	ENSG00000130956	9	99212483	99253618	0.0533	rs12341515	 3.01	rs1885427	 5.64e-02	 -6.33	-2.00800	 371	 1	top1	0.056	4.9e-09	 2.00800	0.044643
NA	/data/songy4/twas/output/weights_control//ENSG00000158122.wgt.RDat	ENSG00000158122	9	99401859	99417585	0.0949	rs12341515	 3.01	rs10739226	 2.21e-02	 -4.69	-1.92500	 306	 5	lasso	0.026	6.4e-05	 1.75807	0.078735
NA	/data/songy4/twas/output/weights_control//ENSG00000196312.wgt.RDat	ENSG00000196312	9	99660348	99775862	0.0791	rs13295628	 2.86	rs2479209	 9.08e-03	 -4.86	 0.55244	 287	13	enet	0.047	8.2e-08	-1.10555	0.268920
NA	/data/songy4/twas/output/weights_control//ENSG00000197816.wgt.RDat	ENSG00000197816	9	100000765	100140806	0.1416	rs7862883	 2.96	rs10817300	 1.26e-01	 -8.81	-0.48462	 381	14	lasso	0.13	6.6e-20	 0.49135	0.623179
NA	/data/songy4/twas/output/weights_control//ENSG00000136842.wgt.RDat	ENSG00000136842	9	100263462	100364030	0.1292	rs7862883	 2.96	rs2031999	 4.59e-02	  5.33	-0.69072	 412	 1	top1	0.046	1.3e-07	-0.69072	0.489740
NA	/data/songy4/twas/output/weights_control//ENSG00000136932.wgt.RDat	ENSG00000136932	9	100666771	100684852	0.1873	rs7862883	 2.96	rs907580	 1.63e-01	  9.74	-0.18692	 501	70	enet	0.17	3.2e-25	 0.56281	0.573567
NA	/data/songy4/twas/output/weights_control//ENSG00000106785.wgt.RDat	ENSG00000106785	9	100831557	100881494	0.0943	rs16913609	 2.66	rs751800	 8.95e-02	  7.40	 1.38211	 592	 4	lasso	0.11	3e-16	 0.81341	0.415984
NA	/data/songy4/twas/output/weights_control//ENSG00000106789.wgt.RDat	ENSG00000106789	9	100883257	100954922	0.4303	rs16913609	 2.66	rs942165	 4.95e-02	 -8.46	 0.96732	 618	32	enet	0.26	4.6e-40	 0.52826	0.597322
NA	/data/songy4/twas/output/weights_control//ENSG00000095383.wgt.RDat	ENSG00000095383	9	100961311	101017915	0.1274	rs16913609	 2.66	rs10739615	 6.13e-02	  7.57	 0.66667	 634	 9	lasso	0.11	8.4e-17	 1.37675	0.168589
NA	/data/songy4/twas/output/weights_control//ENSG00000165138.wgt.RDat	ENSG00000165138	9	101493611	101559247	0.0534	rs7035064	 2.42	rs10819308	 2.19e-02	  5.16	 0.36538	 608	29	enet	0.024	0.00013	 1.00347	0.315633
NA	/data/songy4/twas/output/weights_control//ENSG00000119514.wgt.RDat	ENSG00000119514	9	101569981	101612363	0.0809	rs7035064	 2.42	rs10739719	 1.56e-02	  4.65	 1.00000	 616	 3	lasso	0.024	0.00013	 1.30843	0.190727
NA	/data/songy4/twas/output/weights_control//ENSG00000106799.wgt.RDat	ENSG00000106799	9	101866320	101916474	0.0537	rs7035064	 2.42	rs334367	 7.67e-03	 -4.69	 1.89109	 459	 6	lasso	0.016	0.0012	-1.81047	0.070222
NA	/data/songy4/twas/output/weights_control//ENSG00000136874.wgt.RDat	ENSG00000136874	9	102668915	102732618	0.0942	rs16919024	 2.26	rs10760706	 7.47e-02	  6.95	-0.09000	 290	 4	lasso	0.078	5.2e-12	-0.13228	0.894765
NA	/data/songy4/twas/output/weights_control//ENSG00000119509.wgt.RDat	ENSG00000119509	9	102861538	103063282	0.1506	rs4348565	-2.75	rs3813712	 8.72e-02	 -7.68	-0.43878	 378	 5	lasso	0.11	5.2e-17	 0.61671	0.537427
NA	/data/songy4/twas/output/weights_control//ENSG00000136891.wgt.RDat	ENSG00000136891	9	103064359	103115221	0.2789	rs4348565	-2.75	rs6479013	 1.52e-01	 -9.78	-0.64286	 380	 3	lasso	0.21	6.7e-32	-0.34301	0.731591
NA	/data/songy4/twas/output/weights_control//ENSG00000066697.wgt.RDat	ENSG00000066697	9	103189438	103213511	0.0695	rs4348565	-2.75	rs17740576	 5.22e-02	 -6.15	-0.03846	 383	 1	top1	0.052	1.8e-08	 0.03846	0.969320
NA	/data/songy4/twas/output/weights_control//ENSG00000170681.wgt.RDat	ENSG00000170681	9	103340361	103350188	0.0558	rs4348565	-2.75	rs12684438	 1.45e-02	 -4.37	-0.02500	 389	20	enet	0.029	2.5e-05	-0.49039	0.623857
NA	/data/songy4/twas/output/weights_control//ENSG00000136870.wgt.RDat	ENSG00000136870	9	104161155	104172942	0.1022	rs11793523	 3.40	rs1929492	 8.40e-02	  7.26	-1.12209	 550	 1	top1	0.084	8.2e-13	-1.12209	0.261823
NA	/data/songy4/twas/output/weights_control//ENSG00000198785.wgt.RDat	ENSG00000198785	9	104331635	104500862	0.0434	rs10121972	-3.63	rs4743473	 5.56e-02	  5.82	-0.51042	 698	 1	top1	0.056	6.3e-09	-0.51042	0.609760
NA	/data/songy4/twas/output/weights_control//ENSG00000136824.wgt.RDat	ENSG00000136824	9	106856541	106903698	0.0713	rs3012359	-3.11	rs10991125	 9.42e-02	 -7.83	-0.24545	 531	10	lasso	0.1	1.8e-15	 0.48561	0.627244
NA	/data/songy4/twas/output/weights_control//ENSG00000136783.wgt.RDat	ENSG00000136783	9	107509969	107522403	0.1671	rs3012359	-3.11	rs12552611	 7.50e-02	 -8.63	 1.70286	 601	15	enet	0.17	5.3e-25	-1.42358	0.154567
NA	/data/songy4/twas/output/weights_control//ENSG00000165028.wgt.RDat	ENSG00000165028	9	107526438	107539738	0.1554	rs3012359	-3.11	rs2417562	 6.95e-02	  7.88	-0.39501	 601	30	enet	0.17	5.7e-25	-0.31436	0.753251
NA	/data/songy4/twas/output/weights_control//ENSG00000106701.wgt.RDat	ENSG00000106701	9	108210077	108314714	0.0589	rs724069	 3.94	rs2518116	 3.29e-02	  5.00	 0.59184	 497	 1	top1	0.033	7.2e-06	 0.59184	0.553960
NA	/data/songy4/twas/output/weights_control//ENSG00000148156.wgt.RDat	ENSG00000148156	9	111616871	111619239	0.0537	rs1537431	 2.32	rs3750467	 3.73e-03	  3.87	-0.26950	 622	 1	top1	0.0037	0.076	-0.26950	0.787542
NA	/data/songy4/twas/output/weights_control//ENSG00000119328.wgt.RDat	ENSG00000119328	9	111696461	111713024	0.1052	rs7847693	-2.87	rs2282206	 3.77e-02	 -6.00	-2.24490	 619	 1	top1	0.038	1.6e-06	 2.24490	0.024775
NA	/data/songy4/twas/output/weights_control//ENSG00000119326.wgt.RDat	ENSG00000119326	9	111704851	111775809	0.2594	rs7847693	-2.87	rs1140064	 2.01e-01	 11.04	-0.81271	 643	 3	lasso	0.2	4.2e-30	-0.89681	0.369818
NA	/data/songy4/twas/output/weights_control//ENSG00000106771.wgt.RDat	ENSG00000106771	9	111777432	111882225	0.3712	rs7847693	-2.87	rs12686736	 2.81e-01	 13.03	-1.23585	 686	31	enet	0.36	1.7e-58	-1.96017	0.049976
NA	/data/songy4/twas/output/weights_control//ENSG00000136810.wgt.RDat	ENSG00000136810	9	113006091	113018920	0.0834	rs7864423	 2.93	rs7035393	 4.89e-02	 -5.43	-0.03738	 660	 1	top1	0.049	5e-08	 0.03738	0.970179
NA	/data/songy4/twas/output/weights_control//ENSG00000165124.wgt.RDat	ENSG00000165124	9	113127531	113342160	0.1674	rs873287	-2.79	rs10453229	 7.74e-02	  7.39	 1.31068	 763	42	enet	0.081	1.8e-12	 1.11824	0.263466
NA	/data/songy4/twas/output/weights_control//ENSG00000198121.wgt.RDat	ENSG00000198121	9	113635543	113800981	0.5984	rs7850054	 3.08	rs2039183	 3.02e-01	 13.42	-0.76667	 632	70	enet	0.51	7e-92	 0.03180	0.974631
NA	/data/songy4/twas/output/weights_control//ENSG00000136813.wgt.RDat	ENSG00000136813	9	114122972	114247025	0.0645	rs7850054	 3.08	rs10759497	 3.45e-02	 -4.59	-0.57000	 593	 1	top1	0.035	4.3e-06	 0.57000	0.568678
NA	/data/songy4/twas/output/weights_control//ENSG00000173258.wgt.RDat	ENSG00000173258	9	114287439	114340124	0.0485	rs7850054	 3.08	rs41465450	 2.22e-02	  4.24	 2.15447	 525	 1	top1	0.022	2e-04	 2.15447	0.031203
NA	/data/songy4/twas/output/weights_control//ENSG00000106853.wgt.RDat	ENSG00000106853	9	114312002	114362135	0.0436	rs3849120	-3.20	rs7875749	 1.51e-02	 -3.89	 1.10526	 527	 1	top1	0.015	0.0018	-1.10526	0.269046
NA	/data/songy4/twas/output/weights_control//ENSG00000242616.wgt.RDat	ENSG00000242616	9	114423615	114432526	0.0414	rs3849120	-3.20	rs4979031	-1.11e-03	 -3.82	 1.39252	 510	 4	lasso	0.00061	0.25	-1.40402	0.160313
NA	/data/songy4/twas/output/weights_control//ENSG00000106868.wgt.RDat	ENSG00000106868	9	114803065	114937688	0.2303	rs3849120	-3.20	rs7020062	 2.12e-01	-11.57	 1.58879	 563	 4	lasso	0.22	7.2e-33	-1.61672	0.105940
NA	/data/songy4/twas/output/weights_control//ENSG00000119471.wgt.RDat	ENSG00000119471	9	115142217	115234690	0.1390	rs3849120	-3.20	rs4979108	 1.30e-01	 -9.21	 0.28972	 546	 4	lasso	0.15	1.5e-22	 0.00579	0.995377
NA	/data/songy4/twas/output/weights_control//ENSG00000165185.wgt.RDat	ENSG00000165185	9	115249127	115431677	0.0625	rs3849120	-3.20	rs12335731	 7.93e-04	  3.74	 0.18095	 581	 7	lasso	0.0047	0.055	-1.17470	0.240116
NA	/data/songy4/twas/output/weights_control//ENSG00000148153.wgt.RDat	ENSG00000148153	9	115446206	115480516	0.0435	rs12555881	 2.81	rs786965	 3.03e-02	  4.93	 0.66667	 510	 1	top1	0.03	1.6e-05	 0.66667	0.504985
NA	/data/songy4/twas/output/weights_control//ENSG00000148158.wgt.RDat	ENSG00000148158	9	115513118	115643951	0.1041	rs12555881	 2.81	rs2182046	 4.97e-02	 -6.56	 1.39640	 576	13	enet	0.06	1.5e-09	-0.90905	0.363322
NA	/data/songy4/twas/output/weights_control//ENSG00000119457.wgt.RDat	ENSG00000119457	9	115641200	115653193	0.2311	rs12555881	 2.81	rs4979189	 1.09e-01	 -8.53	-0.00971	 539	 7	lasso	0.19	1.5e-27	-0.10855	0.913559
NA	/data/songy4/twas/output/weights_control//ENSG00000136866.wgt.RDat	ENSG00000136866	9	115800660	115819039	0.1740	rs8177804	 2.94	rs10981622	 9.26e-02	  7.59	-0.85507	 540	23	enet	0.12	1.6e-18	-1.56998	0.116419
NA	/data/songy4/twas/output/weights_control//ENSG00000119321.wgt.RDat	ENSG00000119321	9	115923286	115983641	0.3616	rs8177804	 2.94	rs17762660	 2.67e-01	 12.40	-1.19192	 612	 7	lasso	0.32	1.8e-49	-1.47608	0.139923
NA	/data/songy4/twas/output/weights_control//ENSG00000136868.wgt.RDat	ENSG00000136868	9	115983808	116028674	0.1845	rs8177804	 2.94	rs17762660	 1.16e-01	  8.36	-1.19192	 610	14	enet	0.13	5.2e-20	-0.79611	0.425967
NA	/data/songy4/twas/output/weights_control//ENSG00000176386.wgt.RDat	ENSG00000176386	9	116018115	116037869	0.0761	rs8177804	 2.94	rs10817474	 4.20e-02	 -5.96	 0.76699	 611	 1	top1	0.042	4.3e-07	-0.76699	0.443087
NA	/data/songy4/twas/output/weights_control//ENSG00000119411.wgt.RDat	ENSG00000119411	9	116111821	116133513	0.1788	rs8177804	 2.94	rs7873862	 1.32e-01	 -9.05	 0.71901	 604	29	enet	0.14	7.5e-21	-0.79215	0.428275
NA	/data/songy4/twas/output/weights_control//ENSG00000119431.wgt.RDat	ENSG00000119431	9	116135699	116139279	0.3840	rs8177804	 2.94	rs3747815	 1.09e-01	 -8.59	 0.87500	 586	46	enet	0.23	2.6e-35	-0.16837	0.866290
NA	/data/songy4/twas/output/weights_control//ENSG00000148218.wgt.RDat	ENSG00000148218	9	116148597	116163613	0.1822	rs8177804	 2.94	rs10733605	 6.58e-02	 -6.32	 0.07767	 586	44	enet	0.077	7.7e-12	-0.01429	0.988602
NA	/data/songy4/twas/output/weights_control//ENSG00000138835.wgt.RDat	ENSG00000138835	9	116207011	116360018	0.2401	rs8177804	 2.94	rs10981835	 1.77e-01	-10.21	-1.52985	 659	 7	lasso	0.2	3.4e-29	 1.08692	0.277073
NA	/data/songy4/twas/output/weights_control//ENSG00000196739.wgt.RDat	ENSG00000196739	9	116917840	117074791	0.0935	rs16930798	-2.88	rs7855790	 4.72e-02	  5.55	 1.00990	 751	 1	top1	0.047	8.5e-08	 1.00990	0.312543
NA	/data/songy4/twas/output/weights_control//ENSG00000229314.wgt.RDat	ENSG00000229314	9	117085336	117088755	0.4232	rs16930798	-2.88	rs1631637	 3.03e-01	-13.28	 1.11000	 664	 9	lasso	0.33	6.2e-53	-0.70812	0.478870
NA	/data/songy4/twas/output/weights_control//ENSG00000228278.wgt.RDat	ENSG00000228278	9	117092149	117095532	0.2918	rs16930798	-2.88	rs1631637	 1.20e-01	 -8.56	 1.11000	 666	12	lasso	0.18	7.6e-27	-0.99286	0.320779
NA	/data/songy4/twas/output/weights_control//ENSG00000095397.wgt.RDat	ENSG00000095397	9	117164360	117267730	0.2597	rs16930798	-2.88	rs2296262	 2.30e-01	 11.69	 1.02000	 751	18	enet	0.23	8.6e-35	 0.90082	0.367682
NA	/data/songy4/twas/output/weights_control//ENSG00000157693.wgt.RDat	ENSG00000157693	9	117373486	117408702	0.0769	rs16930798	-2.88	rs7043282	 4.35e-02	  5.11	-0.01709	 720	 1	top1	0.044	2.7e-07	-0.01709	0.986362
NA	/data/songy4/twas/output/weights_control//ENSG00000181634.wgt.RDat	ENSG00000181634	9	117546915	117568406	0.3642	rs16930798	-2.88	rs6478109	 3.99e-01	 15.19	 0.29000	 670	 6	lasso	0.4	4.2e-66	 0.39013	0.696439
NA	/data/songy4/twas/output/weights_control//ENSG00000106952.wgt.RDat	ENSG00000106952	9	117656003	117692697	0.1631	rs16930798	-2.88	rs13300483	 1.06e-01	 -8.08	 0.89381	 659	 1	top1	0.11	6.5e-16	-0.89381	0.371426
NA	/data/songy4/twas/output/weights_control//ENSG00000119401.wgt.RDat	ENSG00000119401	9	119449581	119463579	0.1353	rs10759859	 3.28	rs4837659	 2.44e-02	  5.89	-1.09901	 635	 8	lasso	0.068	1.5e-10	-0.87674	0.380628
NA	/data/songy4/twas/output/weights_control//ENSG00000136869.wgt.RDat	ENSG00000136869	9	120466610	120479149	0.2846	rs4837494	-3.07	rs5030728	 2.63e-01	-12.58	 0.88288	 576	20	enet	0.27	5.3e-42	-0.86776	0.385525
NA	/data/songy4/twas/output/weights_control//ENSG00000136861.wgt.RDat	ENSG00000136861	9	123151147	123342448	0.0793	rs10818500	-3.76	rs10984944	 3.71e-02	 -5.87	 0.61749	 437	 8	lasso	0.04	7.2e-07	-0.88773	0.374685
NA	/data/songy4/twas/output/weights_control//ENSG00000119402.wgt.RDat	ENSG00000119402	9	123514256	123555690	0.0888	rs10818500	-3.76	rs4837796	 5.34e-02	 -5.73	-1.50000	 363	 1	top1	0.053	1.2e-08	 1.50000	0.133614
NA	/data/songy4/twas/output/weights_control//ENSG00000214654.wgt.RDat	ENSG00000214654	9	123555829	123561848	0.0817	rs10818500	-3.76	rs10818466	 2.47e-02	 -4.72	 0.94872	 354	25	enet	0.038	1.4e-06	-0.89370	0.371481
NA	/data/songy4/twas/output/weights_control//ENSG00000095261.wgt.RDat	ENSG00000095261	9	123577774	123605262	0.0449	rs306772	-3.84	rs4837796	 5.07e-02	  5.76	-1.50000	 383	 1	top1	0.051	2.9e-08	-1.50000	0.133614
NA	/data/songy4/twas/output/weights_control//ENSG00000119403.wgt.RDat	ENSG00000119403	9	123617977	123639606	0.0795	rs306772	-3.84	rs11794516	 8.21e-02	 -7.07	-1.87368	 383	13	enet	0.084	7.2e-13	 1.60183	0.109193
NA	/data/songy4/twas/output/weights_control//ENSG00000056558.wgt.RDat	ENSG00000056558	9	123664671	123691451	0.1123	rs306772	-3.84	rs3761846	 6.00e-02	  6.01	-1.92632	 358	17	enet	0.064	5e-10	-1.39651	0.162560
NA	/data/songy4/twas/output/weights_control//ENSG00000106804.wgt.RDat	ENSG00000106804	9	123714616	123812554	0.2858	rs306772	-3.84	rs7042135	 2.64e-01	 12.57	 3.42553	 394	 6	lasso	0.3	8.6e-46	 3.44103	0.000579
NA	/data/songy4/twas/output/weights_control//ENSG00000119397.wgt.RDat	ENSG00000119397	9	123837141	123939888	0.0529	rs306772	-3.84	rs2300939	 3.83e-02	 -4.87	-0.96825	 430	 1	top1	0.038	1.3e-06	 0.96825	0.332918
NA	/data/songy4/twas/output/weights_control//ENSG00000148180.wgt.RDat	ENSG00000148180	9	123970072	124095121	0.2062	rs306772	-3.84	rs7865779	 3.04e-01	 13.38	 3.36735	 449	 1	top1	0.3	2.8e-47	 3.36735	0.000759
NA	/data/songy4/twas/output/weights_control//ENSG00000175764.wgt.RDat	ENSG00000175764	9	124584207	124855885	0.0961	rs306772	-3.84	rs12551572	 5.88e-02	  6.79	 0.81132	 656	 4	lasso	0.07	8e-11	 0.94896	0.342640
NA	/data/songy4/twas/output/weights_control//ENSG00000119446.wgt.RDat	ENSG00000119446	9	124999903	125027118	0.2194	rs7034919	 2.71	rs1060586	 8.86e-02	  7.52	-0.36893	 546	75	enet	0.098	9.1e-15	-0.26401	0.791775
NA	/data/songy4/twas/output/weights_control//ENSG00000197233.wgt.RDat	ENSG00000197233	9	125273081	125274022	0.3859	rs7034919	 2.71	rs2416864	 2.40e-01	 11.82	 0.22308	 488	12	lasso	0.28	5.5e-43	-0.52022	0.602907
NA	/data/songy4/twas/output/weights_control//ENSG00000239590.wgt.RDat	ENSG00000239590	9	125281420	125282361	0.3329	rs7034919	 2.71	rs2416864	 2.27e-01	 11.50	 0.22308	 484	10	lasso	0.28	3.2e-43	-0.54322	0.586976
NA	/data/songy4/twas/output/weights_control//ENSG00000171501.wgt.RDat	ENSG00000171501	9	125315391	125316493	0.2490	rs7034919	 2.71	rs2416864	 1.58e-01	  9.62	 0.22308	 472	33	enet	0.2	2.2e-30	-1.06506	0.286849
NA	/data/songy4/twas/output/weights_control//ENSG00000165202.wgt.RDat	ENSG00000165202	9	125376948	125378026	0.3532	rs871368	 2.47	rs2416864	 2.36e-01	 11.72	 0.22308	 472	75	enet	0.29	1.5e-44	-0.72964	0.465611
NA	/data/songy4/twas/output/weights_control//ENSG00000186130.wgt.RDat	ENSG00000186130	9	125670335	125675609	0.0654	rs10985953	 3.31	rs2239540	 4.55e-02	 -5.87	-1.38562	 406	 5	lasso	0.058	3.1e-09	 0.93042	0.352155
NA	/data/songy4/twas/output/weights_control//ENSG00000171448.wgt.RDat	ENSG00000171448	9	125677845	125693779	0.0929	rs10985953	 3.31	rs10985820	 1.19e-01	  8.58	-0.85437	 415	 1	top1	0.12	1.1e-17	-0.85437	0.392901
NA	/data/songy4/twas/output/weights_control//ENSG00000011454.wgt.RDat	ENSG00000011454	9	125703112	125867145	0.0639	rs10985953	 3.31	rs7870805	-1.01e-04	 -3.71	-0.49239	 471	51	enet	0.0075	0.021	 1.94008	0.052370
NA	/data/songy4/twas/output/weights_control//ENSG00000119522.wgt.RDat	ENSG00000119522	9	126141933	126692431	0.0781	rs10985953	 3.31	rs589766	 5.54e-02	 -5.96	-1.91398	 623	 1	top1	0.055	6.8e-09	 1.91398	0.055623
NA	/data/songy4/twas/output/weights_control//ENSG00000119408.wgt.RDat	ENSG00000119408	9	127019885	127115586	0.3782	rs620578	-2.39	rs4838131	 2.81e-01	-13.32	-1.51181	 428	16	enet	0.36	5.6e-57	 1.57898	0.114340
NA	/data/songy4/twas/output/weights_control//ENSG00000148200.wgt.RDat	ENSG00000148200	9	127279554	127533589	0.0511	rs11792152	-2.43	rs7851142	 3.09e-02	 -5.38	-0.90099	 461	 1	top1	0.031	1.3e-05	 0.90099	0.367594
NA	/data/songy4/twas/output/weights_control//ENSG00000136935.wgt.RDat	ENSG00000136935	9	127640646	127710771	0.0621	rs2819622	 3.69	rs2304957	 3.45e-02	 -4.95	-0.61607	 313	 1	top1	0.035	4.3e-06	 0.61607	0.537847
NA	/data/songy4/twas/output/weights_control//ENSG00000119414.wgt.RDat	ENSG00000119414	9	127908852	127952218	0.0296	rs4838285	 4.35	rs633533	 1.09e-02	 -4.58	-0.05941	 329	 1	top1	0.011	0.0069	 0.05941	0.952629
NA	/data/songy4/twas/output/weights_control//ENSG00000136933.wgt.RDat	ENSG00000136933	9	127962821	127996437	0.1730	rs4838285	 4.35	rs10760394	 2.60e-01	-12.39	-1.48667	 326	 1	top1	0.26	1.5e-39	 1.48667	0.137103
NA	/data/songy4/twas/output/weights_control//ENSG00000167081.wgt.RDat	ENSG00000167081	9	128509624	128729656	0.0941	rs1411351	 4.37	rs4838298	 9.49e-02	 -7.71	-1.84158	 494	 1	top1	0.095	2.5e-14	 1.84158	0.065536
NA	/data/songy4/twas/output/weights_control//ENSG00000196814.wgt.RDat	ENSG00000196814	9	129089128	129269320	0.1679	rs1411351	 4.37	rs10122788	 1.49e-01	  9.43	 2.72277	 556	 1	top1	0.15	3.8e-22	 2.72277	0.006474
NA	/data/songy4/twas/output/weights_control//ENSG00000136828.wgt.RDat	ENSG00000136828	9	129677053	129985445	0.2097	rs2041543	 3.27	rs643940	 2.62e-01	 12.71	-0.52885	 492	39	enet	0.3	1.2e-45	-1.41875	0.155972
NA	/data/songy4/twas/output/weights_control//ENSG00000136895.wgt.RDat	ENSG00000136895	9	129986544	130155939	0.0742	rs10819295	 3.01	rs875382	 3.62e-02	  5.47	-2.28205	 413	 8	lasso	0.042	3.7e-07	-2.69811	0.006973
NA	/data/songy4/twas/output/weights_control//ENSG00000136856.wgt.RDat	ENSG00000136856	9	130159421	130170703	0.0852	rs10819295	 3.01	rs4240417	 9.13e-03	  4.58	 2.19266	 364	22	enet	0.021	0.00029	 0.71165	0.476683
NA	/data/songy4/twas/output/weights_control//ENSG00000196152.wgt.RDat	ENSG00000196152	9	130186661	130207651	0.0543	rs10819295	 3.01	rs2491101	 1.55e-02	 -4.35	 0.63830	 368	 2	lasso	0.022	0.00019	-0.78977	0.429663
NA	/data/songy4/twas/output/weights_control//ENSG00000197958.wgt.RDat	ENSG00000197958	9	130209953	130213684	0.1503	rs10819295	 3.01	rs2253669	 1.88e-01	-10.64	 0.29474	 359	15	enet	0.19	7.4e-29	 0.28583	0.775008
NA	/data/songy4/twas/output/weights_control//ENSG00000136854.wgt.RDat	ENSG00000136854	9	130374544	130457460	0.0273	rs10819295	 3.01	rs504434	 1.56e-02	 -4.17	-1.71277	 383	 1	top1	0.016	0.0016	 1.71277	0.086756
NA	/data/songy4/twas/output/weights_control//ENSG00000187024.wgt.RDat	ENSG00000187024	9	130455257	130487152	0.0894	rs10819295	 3.01	rs482712	 8.97e-02	  7.26	-1.78427	 377	 1	top1	0.09	1.3e-13	-1.78427	0.074380
NA	/data/songy4/twas/output/weights_control//ENSG00000167094.wgt.RDat	ENSG00000167094	9	130478345	130493879	0.0567	rs10819295	 3.01	rs913989	 2.90e-02	  5.31	 2.25263	 372	 8	lasso	0.032	9.6e-06	 2.41813	0.015601
NA	/data/songy4/twas/output/weights_control//ENSG00000136807.wgt.RDat	ENSG00000136807	9	130547958	130553066	0.0467	rs10819295	 3.01	rs4836578	 1.25e-02	 -4.72	 2.28421	 377	 1	top1	0.012	0.0042	-2.28421	0.022359
NA	/data/songy4/twas/output/weights_control//ENSG00000136877.wgt.RDat	ENSG00000136877	9	130556876	130576606	0.0788	rs10819295	 3.01	rs1544105	 6.53e-02	 -6.24	-1.34737	 379	 1	top1	0.065	3e-10	 1.34737	0.177862
NA	/data/songy4/twas/output/weights_control//ENSG00000160408.wgt.RDat	ENSG00000160408	9	130647600	130667687	0.5329	rs10819295	 3.01	rs10819317	 3.37e-01	-13.94	 0.19565	 360	 5	lasso	0.35	6.2e-55	 0.00810	0.993538
NA	/data/songy4/twas/output/weights_control//ENSG00000167103.wgt.RDat	ENSG00000167103	9	130683158	130693076	0.1412	rs10819295	 3.01	rs3780666	 1.41e-01	  9.07	-0.36691	 347	 1	top1	0.14	7.1e-21	-0.36691	0.713689
NA	/data/songy4/twas/output/weights_control//ENSG00000106976.wgt.RDat	ENSG00000106976	9	130965658	131017527	0.0601	rs10819309	 2.77	rs7030667	 5.14e-02	  6.02	-1.74394	 323	 3	lasso	0.053	1.2e-08	-1.74391	0.081176
NA	/data/songy4/twas/output/weights_control//ENSG00000167112.wgt.RDat	ENSG00000167112	9	131071382	131085021	0.0765	rs10819309	 2.77	rs7850697	 4.88e-02	 -5.65	-1.19048	 295	 1	top1	0.049	5.2e-08	 1.19048	0.233859
NA	/data/songy4/twas/output/weights_control//ENSG00000136811.wgt.RDat	ENSG00000136811	9	131217465	131263571	0.0364	rs10124204	-2.74	rs2275260	 2.73e-03	  4.42	-1.15385	 288	 3	lasso	0.0061	0.034	-1.12745	0.259552
NA	/data/songy4/twas/output/weights_control//ENSG00000119392.wgt.RDat	ENSG00000119392	9	131266979	131304567	0.0857	rs10124204	-2.74	rs7858642	 1.10e-03	  3.23	-0.34722	 293	48	enet	0.018	0.00076	-0.37576	0.707093
NA	/data/songy4/twas/output/weights_control//ENSG00000160447.wgt.RDat	ENSG00000160447	9	131464802	131483197	0.3427	rs10124204	-2.74	rs13289095	 1.74e-01	 10.21	 1.44937	 280	14	enet	0.18	1.1e-26	 1.74007	0.081846
NA	/data/songy4/twas/output/weights_control//ENSG00000167136.wgt.RDat	ENSG00000167136	9	131580753	131584956	0.1965	rs10124204	-2.74	rs2997922	 2.54e-01	-12.33	 0.95318	 317	15	enet	0.26	2.4e-39	-0.84125	0.400205
NA	/data/songy4/twas/output/weights_control//ENSG00000198917.wgt.RDat	ENSG00000198917	9	131581930	131592100	0.0527	rs10124204	-2.74	rs10988151	 9.66e-03	 -3.81	 0.59259	 324	17	enet	0.029	2.6e-05	-1.40472	0.160104
NA	/data/songy4/twas/output/weights_control//ENSG00000148341.wgt.RDat	ENSG00000148341	9	131769315	131790582	0.1861	rs7868621	-2.55	rs17455517	 1.24e-01	 -8.64	 0.68367	 355	17	enet	0.14	4.9e-21	-0.90587	0.365004
NA	/data/songy4/twas/output/weights_control//ENSG00000095321.wgt.RDat	ENSG00000095321	9	131857089	131873468	0.2374	rs7868621	-2.55	rs2768630	 2.93e-01	-13.02	-1.60952	 383	 1	top1	0.29	2.2e-45	 1.60952	0.107502
NA	/data/songy4/twas/output/weights_control//ENSG00000119383.wgt.RDat	ENSG00000119383	9	131873229	131911225	0.1278	rs7868621	-2.55	rs12346996	 1.13e-01	 -8.12	-1.82727	 403	 1	top1	0.11	7.1e-17	 1.82727	0.067659
NA	/data/songy4/twas/output/weights_control//ENSG00000148331.wgt.RDat	ENSG00000148331	9	132399171	132404444	0.1275	rs7873555	 3.33	rs3780695	 6.68e-02	 -6.48	-0.06316	 478	 1	top1	0.067	1.9e-10	 0.06316	0.949641
NA	/data/songy4/twas/output/weights_control//ENSG00000148344.wgt.RDat	ENSG00000148344	9	132500610	132515326	0.2166	rs7873555	 3.33	rs17418275	 1.31e-01	  8.85	 2.09009	 491	 3	lasso	0.15	6.3e-23	 1.92814	0.053838
NA	/data/songy4/twas/output/weights_control//ENSG00000136816.wgt.RDat	ENSG00000136816	9	132565432	132573560	0.2477	rs7873555	 3.33	rs10116248	 2.53e-01	-12.61	 2.55455	 479	 7	lasso	0.27	7.2e-41	-2.37857	0.017380
NA	/data/songy4/twas/output/weights_control//ENSG00000136827.wgt.RDat	ENSG00000136827	9	132575223	132586413	0.1202	rs7873555	 3.33	rs10116248	 9.92e-02	 -7.95	 2.55455	 472	 6	lasso	0.1	2.3e-15	-2.65596	0.007908
NA	/data/songy4/twas/output/weights_control//ENSG00000136819.wgt.RDat	ENSG00000136819	9	132589569	132598142	0.4740	rs7873555	 3.33	rs2287367	 6.20e-01	-19.13	 2.44144	 456	11	lasso	0.64	3.3e-128	-2.53065	0.011385
NA	/data/songy4/twas/output/weights_control//ENSG00000136878.wgt.RDat	ENSG00000136878	9	132596977	132644107	0.0878	rs7873555	 3.33	rs7040096	 3.18e-02	 -4.64	 2.37838	 450	 1	top1	0.032	9.9e-06	-2.37838	0.017389
NA	/data/songy4/twas/output/weights_control//ENSG00000187239.wgt.RDat	ENSG00000187239	9	132649466	132805473	0.0892	rs7873555	 3.33	rs2900279	 3.17e-02	 -5.08	 0.92398	 480	 1	top1	0.032	1e-05	-0.92398	0.355498
NA	/data/songy4/twas/output/weights_control//ENSG00000050555.wgt.RDat	ENSG00000050555	9	133884469	133969860	0.1493	rs4740196	-2.92	rs10901333	 1.25e-01	 -8.73	-0.49462	 500	 1	top1	0.12	1.4e-18	 0.49462	0.620866
NA	/data/songy4/twas/output/weights_control//ENSG00000126883.wgt.RDat	ENSG00000126883	9	134000948	134110057	0.1348	rs7857419	 2.56	rs7033993	 9.72e-02	  7.73	 0.34459	 518	 1	top1	0.097	1.2e-14	 0.34459	0.730399
NA	/data/songy4/twas/output/weights_control//ENSG00000130723.wgt.RDat	ENSG00000130723	9	134269480	134375584	0.0600	rs12683140	 2.76	rs12552460	 2.47e-02	 -4.35	 0.54074	 533	 1	top1	0.025	9.1e-05	-0.54074	0.588686
NA	/data/songy4/twas/output/weights_control//ENSG00000130714.wgt.RDat	ENSG00000130714	9	134378289	134399193	0.0791	rs12683140	 2.76	rs12555706	 4.97e-02	 -5.68	 0.31469	 472	 1	top1	0.05	4e-08	-0.31469	0.753001
NA	/data/songy4/twas/output/weights_control//ENSG00000130717.wgt.RDat	ENSG00000130717	9	134399188	134406655	0.0395	rs12683140	 2.76	rs7036709	-9.71e-06	 -3.53	 0.36364	 466	 5	lasso	0.0044	0.06	 0.76568	0.443869
NA	/data/songy4/twas/output/weights_control//ENSG00000107263.wgt.RDat	ENSG00000107263	9	134452157	134615461	0.3341	rs12683140	 2.76	rs11243480	 4.78e-01	-16.60	 1.18519	 521	 1	top1	0.48	4.4e-83	-1.18519	0.235944
NA	/data/songy4/twas/output/weights_control//ENSG00000160563.wgt.RDat	ENSG00000160563	9	134735494	134955295	0.0801	rs12683140	 2.76	rs9411438	 5.18e-02	  6.12	-1.11215	 604	 8	enet	0.052	2e-08	-1.07799	0.281039
NA	/data/songy4/twas/output/weights_control//ENSG00000125482.wgt.RDat	ENSG00000125482	9	135251008	135282209	0.0692	rs10491904	 2.93	rs13294925	-1.27e-03	  3.15	-1.23358	 497	20	enet	0.0045	0.059	-0.39960	0.689451
NA	/data/songy4/twas/output/weights_control//ENSG00000125485.wgt.RDat	ENSG00000125485	9	135468384	135545788	0.1878	rs10491904	 2.93	rs11243850	 1.54e-01	  9.51	 1.30769	 563	 1	top1	0.15	8.4e-23	 1.30769	0.190978
NA	/data/songy4/twas/output/weights_control//ENSG00000165699.wgt.RDat	ENSG00000165699	9	135766735	135820020	0.0880	rs10491904	 2.93	rs4962081	 8.68e-03	  4.59	 0.65193	 533	 2	lasso	0.014	0.0027	 0.88264	0.377433
NA	/data/songy4/twas/output/weights_control//ENSG00000160271.wgt.RDat	ENSG00000160271	9	135973107	136039301	0.1749	rs2007153	 3.60	rs482670	 8.00e-02	  7.96	 0.70297	 551	 2	lasso	0.1	3e-15	 0.52324	0.600807
NA	/data/songy4/twas/output/weights_control//ENSG00000175164.wgt.RDat	ENSG00000175164	9	136125788	136150617	0.5907	rs2007153	 3.60	rs11244079	 3.55e-01	 14.83	-0.32850	 533	51	enet	0.55	2.5e-101	 0.21999	0.825881
NA	/data/songy4/twas/output/weights_control//ENSG00000148296.wgt.RDat	ENSG00000148296	9	136197552	136203235	0.3422	rs2007153	 3.60	rs886090	 3.02e-01	-13.26	-0.84456	 537	11	lasso	0.36	4.8e-58	 1.04532	0.295875
NA	/data/songy4/twas/output/weights_control//ENSG00000148297.wgt.RDat	ENSG00000148297	9	136205160	136214986	0.3772	rs2007153	 3.60	rs3739890	 2.96e-01	 13.72	-0.31424	 537	50	enet	0.36	5.3e-57	 0.31761	0.750781
NA	/data/songy4/twas/output/weights_control//ENSG00000148290.wgt.RDat	ENSG00000148290	9	136218610	136223552	0.2123	rs2007153	 3.60	rs621907	 7.11e-02	  7.46	-1.61376	 539	38	enet	0.15	4.5e-22	-1.03722	0.299635
NA	/data/songy4/twas/output/weights_control//ENSG00000148300.wgt.RDat	ENSG00000148300	9	136271186	136283164	0.1589	rs2007153	 3.60	rs7857017	 1.19e-01	  9.13	 1.41212	 545	 8	lasso	0.15	5e-22	 1.27152	0.203545
NA	/data/songy4/twas/output/weights_control//ENSG00000160325.wgt.RDat	ENSG00000160325	9	136325089	136335970	0.1310	rs2007153	 3.60	rs28552957	 7.66e-02	  6.84	-1.13274	 560	 1	top1	0.077	8.5e-12	-1.13274	0.257322
NA	/data/songy4/twas/output/weights_control//ENSG00000160326.wgt.RDat	ENSG00000160326	9	136336217	136344259	0.0802	rs2007153	 3.60	rs2073935	 1.78e-02	  5.15	 0.29060	 562	 4	lasso	0.029	2.5e-05	-0.01209	0.990354
NA	/data/songy4/twas/output/weights_control//ENSG00000123453.wgt.RDat	ENSG00000123453	9	136528682	136605077	0.4595	rs2007153	 3.60	rs4979632	 9.78e-02	  8.43	 2.20536	 564	60	enet	0.31	2.4e-48	 3.25247	0.001144
NA	/data/songy4/twas/output/weights_control//ENSG00000160293.wgt.RDat	ENSG00000160293	9	136627016	136857726	0.1184	rs2007153	 3.60	rs2023664	 4.02e-02	  5.11	-0.53077	 641	 1	top1	0.04	7.5e-07	-0.53077	0.595579
NA	/data/songy4/twas/output/weights_control//ENSG00000235106.wgt.RDat	ENSG00000235106	9	136890561	136899788	0.0977	rs2007153	 3.60	rs11787841	 7.17e-02	  6.53	 1.83721	 562	 5	lasso	0.075	1.4e-11	 1.83461	0.066564
NA	/data/songy4/twas/output/weights_control//ENSG00000169925.wgt.RDat	ENSG00000169925	9	136895427	136933657	0.0828	rs2007153	 3.60	rs457420	 3.86e-02	 -5.67	 1.52427	 600	18	enet	0.049	5.4e-08	-1.66572	0.095769
NA	/data/songy4/twas/output/weights_control//ENSG00000085265.wgt.RDat	ENSG00000085265	9	137801431	137809809	0.2415	rs4428739	 3.35	rs10120023	 1.81e-01	 10.23	 0.13131	 687	 3	lasso	0.19	6.1e-28	 0.28733	0.773860
NA	/data/songy4/twas/output/weights_control//ENSG00000130558.wgt.RDat	ENSG00000130558	9	137967268	138013025	0.2936	rs4428739	 3.35	rs11103600	 1.29e-01	 10.00	 0.26549	 696	 6	lasso	0.28	1.4e-42	 0.01896	0.984872
NA	/data/songy4/twas/output/weights_control//ENSG00000107147.wgt.RDat	ENSG00000107147	9	138594031	138684992	0.0604	rs10776810	-2.97	rs12351198	 1.05e-03	  2.80	-1.30370	 521	 1	top1	0.0011	0.21	-1.30370	0.192335
NA	/data/songy4/twas/output/weights_control//ENSG00000130560.wgt.RDat	ENSG00000130560	9	138824815	138853226	0.0721	rs563	 3.28	rs6569	 5.10e-02	 -5.58	-0.50495	 446	 1	top1	0.051	2.6e-08	 0.50495	0.613594
NA	/data/songy4/twas/output/weights_control//ENSG00000148411.wgt.RDat	ENSG00000148411	9	138898383	138987131	0.1765	rs563	 3.28	rs11103315	 8.48e-02	  7.89	 0.96491	 453	19	enet	0.14	6.9e-21	 1.63172	0.102738
NA	/data/songy4/twas/output/weights_control//ENSG00000160360.wgt.RDat	ENSG00000160360	9	139221932	139254057	0.1663	rs11558192	-3.73	rs28380074	 8.76e-02	  7.25	-0.11538	 375	 6	lasso	0.13	7.6e-20	-0.00411	0.996721
NA	/data/songy4/twas/output/weights_control//ENSG00000213221.wgt.RDat	ENSG00000213221	9	139253932	139258241	0.2844	rs11558192	-3.73	rs11145958	 5.97e-02	  6.09	-1.43929	 373	49	enet	0.098	9.5e-15	-0.92675	0.354059
NA	/data/songy4/twas/output/weights_control//ENSG00000187796.wgt.RDat	ENSG00000187796	9	139256355	139268133	0.1525	rs11558192	-3.73	rs4077515	 1.95e-01	 10.66	 2.80851	 374	23	enet	0.2	4.2e-30	 2.99404	0.002753
NA	/data/songy4/twas/output/weights_control//ENSG00000165684.wgt.RDat	ENSG00000165684	9	139270029	139293249	0.1717	rs11558192	-3.73	rs3812556	 4.08e-02	 -5.16	-0.10569	 374	31	enet	0.059	2.5e-09	 1.44328	0.148940
NA	/data/songy4/twas/output/weights_control//ENSG00000165689.wgt.RDat	ENSG00000165689	9	139296377	139305061	0.2301	rs11558192	-3.73	rs3812561	 4.65e-02	 -6.69	-1.31086	 369	59	enet	0.11	7.1e-16	 0.95926	0.337428
NA	/data/songy4/twas/output/weights_control//ENSG00000148384.wgt.RDat	ENSG00000148384	9	139323071	139334274	0.0718	rs11558192	-3.73	rs10781511	 3.52e-02	  4.70	 3.21495	 372	16	enet	0.042	5e-07	 2.60992	0.009056
NA	/data/songy4/twas/output/weights_control//ENSG00000148396.wgt.RDat	ENSG00000148396	9	139334549	139372141	0.1120	rs11558192	-3.73	rs1128877	 6.32e-02	 -6.60	 0.59574	 388	33	enet	0.067	1.5e-10	-1.62990	0.103122
NA	/data/songy4/twas/output/weights_control//ENSG00000165716.wgt.RDat	ENSG00000165716	9	139607022	139618502	0.4153	rs11558192	-3.73	rs4880136	 2.54e-01	-12.14	 1.58163	 388	13	enet	0.3	7e-47	-1.00150	0.316583
NA	/data/songy4/twas/output/weights_control//ENSG00000204001.wgt.RDat	ENSG00000204001	9	139648838	139652678	0.5131	rs11558192	-3.73	rs2282259	 5.84e-01	 18.31	 1.57246	 396	 1	top1	0.58	2.3e-111	 1.57246	0.115843
NA	/data/songy4/twas/output/weights_control//ENSG00000196642.wgt.RDat	ENSG00000196642	9	139702374	139735639	0.1161	rs11558192	-3.73	rs2784093	 1.29e-01	  8.75	 0.67241	 417	 1	top1	0.13	3.7e-19	 0.67241	0.501320
NA	/data/songy4/twas/output/weights_control//ENSG00000127191.wgt.RDat	ENSG00000127191	9	139776364	139821059	0.0519	rs11558192	-3.73	rs872463	 4.05e-02	  5.67	-0.01709	 416	 1	top1	0.04	6.9e-07	-0.01709	0.986362
NA	/data/songy4/twas/output/weights_control//ENSG00000107317.wgt.RDat	ENSG00000107317	9	139871956	139879887	0.2781	rs11558192	-3.73	rs3814499	 3.31e-01	-13.84	 0.09524	 383	23	enet	0.39	1e-64	 0.06713	0.946481
NA	/data/songy4/twas/output/weights_control//ENSG00000214402.wgt.RDat	ENSG00000214402	9	139876356	139880862	0.0418	rs11558192	-3.73	rs11145948	 4.98e-02	  5.63	 0.52000	 382	 1	top1	0.05	3.8e-08	 0.52000	0.603064
NA	/data/songy4/twas/output/weights_control//ENSG00000107331.wgt.RDat	ENSG00000107331	9	139901686	139923367	0.1146	rs11558192	-3.73	rs7040705	 3.06e-02	 -5.84	-0.71845	 378	 8	lasso	0.067	2e-10	 1.47942	0.139029
NA	/data/songy4/twas/output/weights_control//ENSG00000180549.wgt.RDat	ENSG00000180549	9	139924626	139927462	0.2917	rs11558192	-3.73	rs13301354	 2.51e-01	 12.40	-2.41176	 367	 5	lasso	0.26	2e-39	-2.39780	0.016494
NA	/data/songy4/twas/output/weights_control//ENSG00000107281.wgt.RDat	ENSG00000107281	9	139933922	139940655	0.2964	rs11558192	-3.73	rs7388830	 2.05e-01	-11.08	-0.61818	 368	10	lasso	0.22	2e-32	 1.22304	0.221313
NA	/data/songy4/twas/output/weights_control//ENSG00000054179.wgt.RDat	ENSG00000054179	9	139942550	139948497	0.1640	rs11558192	-3.73	rs12115325	 1.40e-01	 -9.10	 0.95408	 369	 5	lasso	0.16	1.4e-23	-1.49690	0.134418
NA	/data/songy4/twas/output/weights_control//ENSG00000186193.wgt.RDat	ENSG00000186193	9	139956581	139965040	0.4596	rs11558192	-3.73	rs10870177	 5.57e-01	-17.91	 1.01357	 368	 4	lasso	0.58	8.4e-109	-1.18097	0.237616
NA	/data/songy4/twas/output/weights_control//ENSG00000197355.wgt.RDat	ENSG00000197355	9	139971953	139978991	0.4232	rs11558192	-3.73	rs10870177	 5.07e-01	-17.07	 1.01999	 368	27	enet	0.52	1.3e-94	-1.23256	0.217742
NA	/data/songy4/twas/output/weights_control//ENSG00000177239.wgt.RDat	ENSG00000177239	9	139981379	140003635	0.3792	rs11558192	-3.73	rs4880200	 3.33e-01	 13.88	-1.13393	 374	 7	lasso	0.4	6.8e-66	-1.31020	0.190129
NA	/data/songy4/twas/output/weights_control//ENSG00000176978.wgt.RDat	ENSG00000176978	9	140004994	140009629	0.1839	rs11558192	-3.73	rs11145996	 1.84e-01	 10.48	-1.25862	 369	10	lasso	0.21	1.1e-31	-1.30995	0.190212
NA	/data/songy4/twas/output/weights_control//ENSG00000176248.wgt.RDat	ENSG00000176248	9	140069236	140082989	0.0557	rs4880191	-2.48	rs28664164	 2.96e-02	  5.07	-0.57627	 361	 1	top1	0.03	2e-05	-0.57627	0.564432
NA	/data/songy4/twas/output/weights_control//ENSG00000176101.wgt.RDat	ENSG00000176101	9	140083099	140084822	0.0880	rs4880191	-2.48	rs13292648	-1.06e-03	  3.27	-0.21774	 354	40	enet	0.0033	0.088	-0.41172	0.680545
NA	/data/songy4/twas/output/weights_control//ENSG00000187609.wgt.RDat	ENSG00000187609	9	140201348	140317714	0.0963	rs4880191	-2.48	rs10867091	 4.77e-03	 -3.90	-0.07000	 392	37	enet	0.016	0.0013	-1.67428	0.094075
NA	/data/songy4/twas/output/weights_control//ENSG00000188747.wgt.RDat	ENSG00000188747	9	140317802	140328858	0.2937	rs4880191	-2.48	rs28563072	 1.71e-01	 -9.99	 0.05419	 362	 5	lasso	0.23	4.7e-34	-0.19716	0.843704
NA	/data/songy4/twas/output/weights_control//ENSG00000165802.wgt.RDat	ENSG00000165802	9	140342022	140353786	0.2651	rs4880191	-2.48	rs28699612	 1.25e-01	  9.15	-0.95395	 353	34	enet	0.2	6.7e-30	-0.90579	0.365045
NA	/data/songy4/twas/output/weights_control//ENSG00000130653.wgt.RDat	ENSG00000130653	9	140354404	140444986	0.3910	rs4880191	-2.48	rs928046	 1.83e-01	-10.28	 0.46154	 382	19	enet	0.27	5.2e-41	-0.85590	0.392051
NA	/data/songy4/twas/output/weights_control//ENSG00000197070.wgt.RDat	ENSG00000197070	9	140500106	140509812	0.0965	rs1531166	-3.27	rs13296028	 8.89e-02	  7.33	 0.73759	 352	 8	lasso	0.091	9.3e-14	 0.44749	0.654518
NA	/data/songy4/twas/output/weights_control//ENSG00000181090.wgt.RDat	ENSG00000181090	9	140513444	140764468	0.1170	rs3750508	-3.70	rs11137167	 8.84e-02	  7.82	 0.43537	 353	 7	lasso	0.11	5e-17	-0.09525	0.924113
