PANEL	FILE	ID	CHR	P0	P1	HSQ	BEST.GWAS.ID	BEST.GWAS.Z	EQTL.ID	EQTL.R2	EQTL.Z	EQTL.GWAS.Z	NSNP	NWGT	MODEL	MODELCV.R2	MODELCV.PV	TWAS.Z	TWAS.P
NA	/data/songy4/twas/output/weights_control//ENSG00000176269.wgt.RDat	ENSG00000176269	8	116049	117043	0.2967	rs3735925	 2.91	rs11780869	 1.73e-01	 10.13	 0.57292	 296	  5	lasso	0.19	6e-29	 0.52451	6.00e-01
NA	/data/songy4/twas/output/weights_control//ENSG00000172748.wgt.RDat	ENSG00000172748	8	182137	197342	0.0883	rs3735925	 2.91	rs3750097	 8.23e-02	 -6.94	-0.01835	 323	  1	top1	0.082	1.4e-12	 0.01835	9.85e-01
NA	/data/songy4/twas/output/weights_control//ENSG00000147364.wgt.RDat	ENSG00000147364	8	356428	421225	0.0676	rs3735925	 2.91	rs7836434	 2.23e-02	  4.36	 0.32692	 428	  1	top1	0.022	0.00019	 0.32692	7.44e-01
NA	/data/songy4/twas/output/weights_control//ENSG00000180190.wgt.RDat	ENSG00000180190	8	439803	495781	0.0898	rs3735925	 2.91	rs1703887	 3.99e-02	  5.61	-1.46535	 455	 24	enet	0.072	3.8e-11	-1.80479	7.11e-02
NA	/data/songy4/twas/output/weights_control//ENSG00000104714.wgt.RDat	ENSG00000104714	8	564746	688106	0.5808	rs3735925	 2.91	rs1669681	 4.68e-01	-16.44	-1.17000	 599	  9	lasso	0.59	4.9e-112	 2.07565	3.79e-02
NA	/data/songy4/twas/output/weights_control//ENSG00000182372.wgt.RDat	ENSG00000182372	8	1703944	1734738	0.2308	rs17829719	 3.39	rs11136424	 1.31e-01	 -9.13	-3.35455	 630	 30	enet	0.17	2.1e-25	 3.01687	2.55e-03
NA	/data/songy4/twas/output/weights_control//ENSG00000104728.wgt.RDat	ENSG00000104728	8	1772142	1906807	0.2950	rs17829719	 3.39	rs7007884	 1.74e-01	 10.04	-0.76786	 626	 12	lasso	0.19	2e-28	-1.01586	3.10e-01
NA	/data/songy4/twas/output/weights_control//ENSG00000176595.wgt.RDat	ENSG00000176595	8	1922044	1955102	0.2491	rs17829719	 3.39	rs9314445	 2.60e-02	  6.80	 0.30303	 560	 30	enet	0.18	7e-27	 0.62310	5.33e-01
NA	/data/songy4/twas/output/weights_control//ENSG00000036448.wgt.RDat	ENSG00000036448	8	1993155	2113475	0.6395	rs17829719	 3.39	rs9314453	 3.20e-01	 14.90	 0.33962	 568	 30	enet	0.64	1.7e-128	 0.04309	9.66e-01
NA	/data/songy4/twas/output/weights_control//ENSG00000183117.wgt.RDat	ENSG00000183117	8	2792875	4852494	0.3580	rs7837233	 3.48	rs10503195	 1.27e-01	  9.33	-0.61972	3136	 75	enet	0.28	2.1e-43	-0.50163	6.16e-01
NA	/data/songy4/twas/output/weights_control//ENSG00000147316.wgt.RDat	ENSG00000147316	8	6264113	6501144	0.1544	rs4841750	-3.53	rs1867385	 1.11e-01	  8.23	-0.35294	1116	  1	top1	0.11	1.6e-16	-0.35294	7.24e-01
NA	/data/songy4/twas/output/weights_control//ENSG00000239839.wgt.RDat	ENSG00000239839	8	6873391	6875823	0.3724	rs2515458	 3.50	rs6605579	 1.15e-01	 -8.33	-0.35593	 522	 11	lasso	0.21	6.2e-32	 0.53056	5.96e-01
NA	/data/songy4/twas/output/weights_control//ENSG00000236125.wgt.RDat	ENSG00000236125	8	7194637	7196229	0.0530	rs12680482	-2.39	rs7826831	 1.02e-02	 -3.64	 0.49180	 214	  6	lasso	0.011	0.0061	-0.04588	9.63e-01
NA	/data/songy4/twas/output/weights_control//ENSG00000253958.wgt.RDat	ENSG00000253958	8	8559448	8561616	0.3239	rs2921077	 4.08	rs17149208	 8.68e-02	  7.90	 0.33858	 629	 53	enet	0.14	1.8e-21	 0.03965	9.68e-01
NA	/data/songy4/twas/output/weights_control//ENSG00000147324.wgt.RDat	ENSG00000147324	8	8640864	8751155	0.2272	rs2921077	 4.08	rs1039912	 1.60e-01	 -9.67	-0.58559	 768	 25	enet	0.23	2.9e-35	 1.19617	2.32e-01
NA	/data/songy4/twas/output/weights_control//ENSG00000104626.wgt.RDat	ENSG00000104626	8	8859657	8974256	0.0712	rs7824019	 3.46	rs1045529	 3.28e-02	  5.83	 1.85577	 767	  7	lasso	0.064	4.2e-10	 2.64759	8.11e-03
NA	/data/songy4/twas/output/weights_control//ENSG00000173281.wgt.RDat	ENSG00000173281	8	8993765	9009084	0.1056	rs7824019	 3.46	rs2898208	 2.44e-02	 -5.32	-2.36601	 678	  7	lasso	0.036	3e-06	 2.53552	1.12e-02
NA	/data/songy4/twas/output/weights_control//ENSG00000173273.wgt.RDat	ENSG00000173273	8	9413424	9639856	0.0910	rs11249905	 3.22	rs17663095	 8.33e-03	  4.91	-0.10800	 790	 33	enet	0.032	1.1e-05	-1.98354	4.73e-02
NA	/data/songy4/twas/output/weights_control//ENSG00000175806.wgt.RDat	ENSG00000175806	8	9911778	10286401	0.1971	rs10110146	 3.18	rs877390	 9.74e-02	  7.60	-0.45659	 870	 11	lasso	0.14	3.3e-21	-0.92265	3.56e-01
NA	/data/songy4/twas/output/weights_control//ENSG00000253649.wgt.RDat	ENSG00000253649	8	10340388	10405095	0.3635	rs4841432	-3.07	rs12546950	 2.70e-01	 12.50	 1.25490	 748	  1	top1	0.27	2.4e-41	 1.25490	2.10e-01
NA	/data/songy4/twas/output/weights_control//ENSG00000184647.wgt.RDat	ENSG00000184647	8	10383056	10411676	0.0776	rs4841432	-3.07	rs7017819	 4.22e-03	  3.56	 0.03759	 731	 24	enet	0.0074	0.022	 1.14119	2.54e-01
NA	/data/songy4/twas/output/weights_control//ENSG00000183638.wgt.RDat	ENSG00000183638	8	10463859	10569697	0.2328	rs6986002	-3.72	rs7816990	 6.39e-02	  8.00	 1.31532	 766	 14	lasso	0.11	8.6e-16	 1.28904	1.97e-01
NA	/data/songy4/twas/output/weights_control//ENSG00000171044.wgt.RDat	ENSG00000171044	8	10753555	11058875	0.1367	rs17153607	-4.45	rs11250119	 9.48e-02	 -7.55	-0.88235	 843	  1	top1	0.095	2.6e-14	 0.88235	3.78e-01
NA	/data/songy4/twas/output/weights_control//ENSG00000177710.wgt.RDat	ENSG00000177710	8	11188397	11189717	0.0866	rs17756892	 6.13	rs1435277	 6.09e-02	  6.35	-1.97059	 643	  1	top1	0.061	1.2e-09	-1.97059	4.88e-02
NA	/data/songy4/twas/output/weights_control//ENSG00000154319.wgt.RDat	ENSG00000154319	8	11278972	11332224	0.6042	rs1293298	-8.16	rs4840568	 5.06e-01	 17.08	 0.99091	 656	 18	enet	0.52	3.9e-94	 1.16465	2.44e-01
NA	/data/songy4/twas/output/weights_control//ENSG00000136573.wgt.RDat	ENSG00000136573	8	11351510	11422113	0.1075	rs1293298	-8.16	rs13277113	 7.00e-02	 -7.33	 1.24107	 640	  5	lasso	0.076	1e-11	-1.66216	9.65e-02
NA	/data/songy4/twas/output/weights_control//ENSG00000154328.wgt.RDat	ENSG00000154328	8	11627148	11644855	0.3466	rs1293298	-8.16	rs1043180	 1.03e-01	  7.78	-3.50323	 476	 56	enet	0.24	1.3e-36	 2.42611	1.53e-02
NA	/data/songy4/twas/output/weights_control//ENSG00000079459.wgt.RDat	ENSG00000079459	8	11653082	11696818	0.3865	rs1293298	-8.16	rs1736067	 2.73e-01	-12.54	-5.58475	 469	 31	enet	0.34	1.5e-54	 5.73782	9.59e-09
NA	/data/songy4/twas/output/weights_control//ENSG00000164733.wgt.RDat	ENSG00000164733	8	11700033	11726957	0.3469	rs1293298	-8.16	rs3947	 2.44e-01	 11.91	-7.91892	 441	  8	lasso	0.25	2.8e-38	-7.92356	2.31e-15
NA	/data/songy4/twas/output/weights_control//ENSG00000154359.wgt.RDat	ENSG00000154359	8	12579403	12613582	0.0597	rs2073809	-2.85	rs6530970	 1.37e-02	 -4.70	-1.24265	 376	  4	enet	0.015	0.0017	 0.57988	5.62e-01
NA	/data/songy4/twas/output/weights_control//ENSG00000250305.wgt.RDat	ENSG00000250305	8	12803151	12889012	0.1456	rs2073809	-2.85	rs2948357	 3.62e-02	  5.38	 0.63291	 598	  1	top1	0.036	2.6e-06	 0.63291	5.27e-01
NA	/data/songy4/twas/output/weights_control//ENSG00000164741.wgt.RDat	ENSG00000164741	8	12940870	13373167	0.0996	rs2073809	-2.85	rs3802269	 1.84e-06	 -3.98	-0.30909	 990	 44	enet	0.0049	0.051	 0.00525	9.96e-01
NA	/data/songy4/twas/output/weights_control//ENSG00000104723.wgt.RDat	ENSG00000104723	8	15274724	15624158	0.1608	rs1353319	-2.79	rs1112883	 6.36e-02	  7.97	 0.12795	1031	 23	enet	0.097	1.5e-14	 0.14825	8.82e-01
NA	/data/songy4/twas/output/weights_control//ENSG00000038945.wgt.RDat	ENSG00000038945	8	15965387	16424999	0.3812	rs535283	-7.80	rs7823625	 2.59e-01	-12.36	-0.73267	 843	  9	lasso	0.33	1.2e-51	 0.36507	7.15e-01
NA	/data/songy4/twas/output/weights_control//ENSG00000155970.wgt.RDat	ENSG00000155970	8	16884747	16980153	0.2330	rs535283	-7.80	rs6988267	 3.69e-02	  6.63	 0.22816	 712	 35	enet	0.11	1.8e-16	 1.54844	1.22e-01
NA	/data/songy4/twas/output/weights_control//ENSG00000104219.wgt.RDat	ENSG00000104219	8	17013538	17082308	0.3838	rs535283	-7.80	rs2959592	 1.95e-01	 10.61	 3.39370	 781	 79	enet	0.23	5.9e-34	 3.19542	1.40e-03
NA	/data/songy4/twas/output/weights_control//ENSG00000198791.wgt.RDat	ENSG00000198791	8	17086737	17104387	0.0476	rs535283	-7.80	rs2904696	-1.74e-03	  3.66	 2.40566	 753	 13	enet	0.0041	0.066	 3.98549	6.73e-05
NA	/data/songy4/twas/output/weights_control//ENSG00000129422.wgt.RDat	ENSG00000129422	8	17501304	17658426	0.7838	rs730243	 3.50	rs17125481	 4.62e-01	 16.92	 0.33577	 970	 15	lasso	0.71	1.3e-156	-0.03114	9.75e-01
NA	/data/songy4/twas/output/weights_control//ENSG00000078674.wgt.RDat	ENSG00000078674	8	17780349	17885478	0.0611	rs2283115	-3.21	rs208752	 3.62e-02	  6.16	-0.10526	 938	  1	top1	0.036	2.6e-06	-0.10526	9.16e-01
NA	/data/songy4/twas/output/weights_control//ENSG00000104763.wgt.RDat	ENSG00000104763	8	17913934	17942494	0.4244	rs2283115	-3.21	rs4377998	 4.45e-01	 16.02	 0.38710	 894	  7	lasso	0.45	1.3e-77	 0.52818	5.97e-01
NA	/data/songy4/twas/output/weights_control//ENSG00000171428.wgt.RDat	ENSG00000171428	8	18027986	18081198	0.0572	rs2283115	-3.21	rs17641927	 5.70e-03	  4.04	 0.28467	 899	 17	enet	0.0085	0.015	-0.51615	6.06e-01
NA	/data/songy4/twas/output/weights_control//ENSG00000147408.wgt.RDat	ENSG00000147408	8	19261672	19615540	0.6329	rs4922115	 3.12	rs7835354	 4.17e-01	-15.51	-1.04000	 946	 27	enet	0.56	8.4e-106	 1.42362	1.55e-01
NA	/data/songy4/twas/output/weights_control//ENSG00000104613.wgt.RDat	ENSG00000104613	8	19674651	19709594	0.2863	rs4922115	 3.12	rs4599828	 1.50e-01	  9.71	 0.50495	 684	 47	enet	0.19	5.5e-29	 0.62573	5.31e-01
NA	/data/songy4/twas/output/weights_control//ENSG00000175445.wgt.RDat	ENSG00000175445	8	19759228	19824769	0.3391	rs4922115	 3.12	rs1569209	 2.37e-01	 12.44	-0.86228	 697	 42	enet	0.32	7.2e-51	-1.02380	3.06e-01
NA	/data/songy4/twas/output/weights_control//ENSG00000036565.wgt.RDat	ENSG00000036565	8	20002366	20040717	0.3132	rs4922115	 3.12	rs2270638	 3.12e-01	 13.48	 0.58763	 660	 13	enet	0.32	7e-51	 0.35848	7.20e-01
NA	/data/songy4/twas/output/weights_control//ENSG00000061337.wgt.RDat	ENSG00000061337	8	20103676	20161474	0.2051	rs4922115	 3.12	rs903998	 1.29e-01	  8.73	 0.06202	 660	  3	lasso	0.13	9.4e-20	-0.16884	8.66e-01
NA	/data/songy4/twas/output/weights_control//ENSG00000168546.wgt.RDat	ENSG00000168546	8	21547915	21669869	0.2524	rs7838257	-3.17	rs1479057	 2.49e-01	-12.01	 0.11111	 596	  4	lasso	0.26	2e-39	 0.12350	9.02e-01
NA	/data/songy4/twas/output/weights_control//ENSG00000147443.wgt.RDat	ENSG00000147443	8	21766384	21771371	0.1144	rs7838257	-3.17	rs17296501	 9.50e-02	 -7.70	-0.21898	 487	  4	lasso	0.13	7.1e-20	 0.12938	8.97e-01
NA	/data/songy4/twas/output/weights_control//ENSG00000130227.wgt.RDat	ENSG00000130227	8	21777180	21864096	0.0345	rs10101909	-3.47	rs11776272	 1.73e-02	 -4.57	 0.92233	 512	  3	lasso	0.022	0.00019	-0.69384	4.88e-01
NA	/data/songy4/twas/output/weights_control//ENSG00000168476.wgt.RDat	ENSG00000168476	8	21995533	21999464	0.1983	rs3736147	 5.54	rs12676497	 1.37e-01	  8.96	-3.00725	 458	  1	top1	0.14	2.2e-20	-3.00725	2.64e-03
NA	/data/songy4/twas/output/weights_control//ENSG00000168487.wgt.RDat	ENSG00000168487	8	22022249	22069839	0.3485	rs2280104	 5.67	rs7592	 1.62e-01	  9.79	 0.27358	 485	  7	lasso	0.23	1.1e-34	 0.43255	6.65e-01
NA	/data/songy4/twas/output/weights_control//ENSG00000168495.wgt.RDat	ENSG00000168495	8	22102617	22112113	0.0921	rs2280104	 5.67	rs34392777	 7.80e-02	  6.82	-0.71154	 479	  1	top1	0.078	5.6e-12	-0.71154	4.77e-01
NA	/data/songy4/twas/output/weights_control//ENSG00000104635.wgt.RDat	ENSG00000104635	8	22224762	22291642	0.0814	rs2280104	 5.67	rs10108011	 4.91e-02	 -6.07	 1.12745	 550	  1	top1	0.049	4.8e-08	-1.12745	2.60e-01
NA	/data/songy4/twas/output/weights_control//ENSG00000241852.wgt.RDat	ENSG00000241852	8	22457114	22461663	0.0708	rs2280104	 5.67	rs4872526	 4.56e-02	 -6.80	-5.06186	 525	  5	lasso	0.081	2e-12	 5.98693	2.14e-09
NA	/data/songy4/twas/output/weights_control//ENSG00000158941.wgt.RDat	ENSG00000158941	8	22462145	22479027	0.1333	rs2280104	 5.67	rs1545837	 1.44e-01	 -9.74	 5.39175	 533	  6	lasso	0.15	2.1e-22	-5.26856	1.37e-07
NA	/data/songy4/twas/output/weights_control//ENSG00000147439.wgt.RDat	ENSG00000147439	8	22477931	22526661	0.1027	rs2280104	 5.67	rs11779261	 2.01e-03	 -4.17	-2.91150	 539	  7	lasso	0.0059	0.036	 2.98862	2.80e-03
NA	/data/songy4/twas/output/weights_control//ENSG00000120889.wgt.RDat	ENSG00000120889	8	22877646	22926692	0.4798	rs2280104	 5.67	rs11784599	 3.84e-01	 14.92	-0.04878	 635	  1	top1	0.38	1.6e-62	-0.04878	9.61e-01
NA	/data/songy4/twas/output/weights_control//ENSG00000173535.wgt.RDat	ENSG00000173535	8	22941868	22974950	0.0922	rs2280104	 5.67	rs11135696	 7.15e-02	 -6.86	-0.17355	 648	  1	top1	0.072	4.2e-11	 0.17355	8.62e-01
NA	/data/songy4/twas/output/weights_control//ENSG00000104689.wgt.RDat	ENSG00000104689	8	23047965	23082639	0.2059	rs4284046	-3.18	rs11997323	 9.95e-02	  8.40	-0.50427	 642	 16	enet	0.14	3.4e-21	-0.24888	8.03e-01
NA	/data/songy4/twas/output/weights_control//ENSG00000104679.wgt.RDat	ENSG00000104679	8	23127633	23153792	0.0677	rs4284046	-3.18	rs2272762	 4.74e-02	  5.65	 0.82979	 638	  1	top1	0.047	8.1e-08	 0.82979	4.07e-01
NA	/data/songy4/twas/output/weights_control//ENSG00000134013.wgt.RDat	ENSG00000134013	8	23154702	23282841	0.1830	rs4284046	-3.18	rs12549539	 1.82e-01	-10.33	 0.24561	 684	  7	lasso	0.21	8.3e-32	-0.03859	9.69e-01
NA	/data/songy4/twas/output/weights_control//ENSG00000197217.wgt.RDat	ENSG00000197217	8	23243296	23315208	0.2366	rs2942202	 2.53	rs6557672	 1.56e-01	  9.57	-1.94898	 644	 48	enet	0.21	3.6e-31	-1.91822	5.51e-02
NA	/data/songy4/twas/output/weights_control//ENSG00000147454.wgt.RDat	ENSG00000147454	8	23386318	23432976	0.0721	rs2141560	-2.59	rs7009429	 2.08e-02	 -5.01	-1.94845	 584	  1	top1	0.021	0.00031	 1.94845	5.14e-02
NA	/data/songy4/twas/output/weights_control//ENSG00000167034.wgt.RDat	ENSG00000167034	8	23536206	23540440	0.7226	rs2141560	-2.59	rs7005539	 6.85e-01	 19.89	 1.09135	 549	 54	enet	0.74	5.8e-171	 0.87021	3.84e-01
NA	/data/songy4/twas/output/weights_control//ENSG00000042980.wgt.RDat	ENSG00000042980	8	24151553	24216531	0.0471	rs11135788	-3.09	rs4559243	 2.65e-02	 -4.78	 1.16000	 440	  1	top1	0.026	5.3e-05	-1.16000	2.46e-01
NA	/data/songy4/twas/output/weights_control//ENSG00000134028.wgt.RDat	ENSG00000134028	8	24241798	24263526	0.0614	rs11135788	-3.09	rs4559243	 4.53e-02	 -5.36	 1.16000	 414	  3	lasso	0.049	4.2e-08	-1.27978	2.01e-01
NA	/data/songy4/twas/output/weights_control//ENSG00000104756.wgt.RDat	ENSG00000104756	8	25285366	25315992	0.1139	rs2950320	-3.23	rs17053594	 7.87e-02	  7.02	-1.26923	 508	 19	enet	0.081	2e-12	-1.08423	2.78e-01
NA	/data/songy4/twas/output/weights_control//ENSG00000240694.wgt.RDat	ENSG00000240694	8	26362202	26371608	0.1342	rs6998529	-2.67	rs2197181	 1.08e-01	  7.99	-0.43299	 678	 35	enet	0.11	9.9e-17	 0.37529	7.07e-01
NA	/data/songy4/twas/output/weights_control//ENSG00000120907.wgt.RDat	ENSG00000120907	8	26605667	26724790	0.1748	rs6998529	-2.67	rs11775296	 7.35e-02	  6.91	 0.39086	 704	 74	enet	0.1	2.4e-15	 0.40429	6.86e-01
NA	/data/songy4/twas/output/weights_control//ENSG00000104228.wgt.RDat	ENSG00000104228	8	27142404	27168836	0.2467	rs1532278	-4.03	rs6999346	 1.63e-01	-10.60	 0.36735	 643	  7	lasso	0.19	1.2e-28	-0.59415	5.52e-01
NA	/data/songy4/twas/output/weights_control//ENSG00000120899.wgt.RDat	ENSG00000120899	8	27168999	27316903	0.1973	rs1532278	-4.03	rs17057043	 1.16e-01	  8.24	 0.53465	 746	 13	enet	0.13	7.6e-20	 0.75644	4.49e-01
NA	/data/songy4/twas/output/weights_control//ENSG00000120915.wgt.RDat	ENSG00000120915	8	27348296	27403081	0.0635	rs1532278	-4.03	rs17057310	 5.24e-02	  5.60	 1.34574	 675	  1	top1	0.052	1.7e-08	 1.34574	1.78e-01
NA	/data/songy4/twas/output/weights_control//ENSG00000147419.wgt.RDat	ENSG00000147419	8	27590835	27630170	0.2024	rs1532278	-4.03	rs13262948	 1.76e-01	 10.12	-1.07767	 656	 20	enet	0.23	4.4e-35	-0.90098	3.68e-01
NA	/data/songy4/twas/output/weights_control//ENSG00000168079.wgt.RDat	ENSG00000168079	8	27727399	27850244	0.1014	rs1532278	-4.03	rs4732768	 1.74e-02	  5.07	 0.27778	 707	 41	enet	0.022	0.00018	 0.87659	3.81e-01
NA	/data/songy4/twas/output/weights_control//ENSG00000189233.wgt.RDat	ENSG00000189233	8	27879481	27941388	0.0629	rs1532278	-4.03	rs13268953	-1.56e-03	  3.49	 0.43434	 622	  1	top1	-0.0016	0.74	 0.43434	6.64e-01
NA	/data/songy4/twas/output/weights_control//ENSG00000134014.wgt.RDat	ENSG00000134014	8	27947190	28048673	0.3968	rs1532278	-4.03	rs2305451	 4.38e-01	 15.97	 1.31068	 605	  4	lasso	0.44	6.2e-75	 1.10395	2.70e-01
NA	/data/songy4/twas/output/weights_control//ENSG00000104290.wgt.RDat	ENSG00000104290	8	28351729	28431775	0.2392	rs4732657	 4.02	rs352213	 1.32e-01	 -9.00	-0.26174	 473	 16	enet	0.15	7.6e-22	 0.71897	4.72e-01
NA	/data/songy4/twas/output/weights_control//ENSG00000120875.wgt.RDat	ENSG00000120875	8	29190581	29208185	0.0940	rs4732657	 4.02	rs12548021	 1.49e-02	  4.73	 0.03738	 436	 35	enet	0.016	0.0012	-0.09633	9.23e-01
NA	/data/songy4/twas/output/weights_control//ENSG00000133872.wgt.RDat	ENSG00000133872	8	29920528	29940723	0.0619	rs6468355	 3.51	rs10090988	 8.96e-03	  4.88	-0.76515	 394	  5	lasso	0.012	0.0054	-0.49716	6.19e-01
NA	/data/songy4/twas/output/weights_control//ENSG00000104695.wgt.RDat	ENSG00000104695	8	30631973	30671830	0.3636	rs12549436	 1.99	rs4733509	 3.28e-01	 13.94	-0.16667	 380	 25	enet	0.36	7.2e-58	-0.62238	5.34e-01
NA	/data/songy4/twas/output/weights_control//ENSG00000157168.wgt.RDat	ENSG00000157168	8	31496902	32622548	0.4213	rs1381874	 3.39	rs2439305	 3.87e-01	-14.93	-0.34737	 844	 58	enet	0.41	6.3e-68	 0.22867	8.19e-01
NA	/data/songy4/twas/output/weights_control//ENSG00000172728.wgt.RDat	ENSG00000172728	8	33228342	33330940	0.7625	rs16881133	 3.33	rs2676403	 8.62e-01	 22.25	 0.60417	 262	  3	lasso	0.87	8.2e-252	 0.62286	5.33e-01
NA	/data/songy4/twas/output/weights_control//ENSG00000129696.wgt.RDat	ENSG00000129696	8	33330904	33371119	0.0324	rs16881133	 3.33	rs6985239	 7.19e-03	 -3.48	 1.32673	 259	  1	top1	0.0072	0.024	-1.32673	1.85e-01
NA	/data/songy4/twas/output/weights_control//ENSG00000147475.wgt.RDat	ENSG00000147475	8	37594117	37616619	0.0912	rs16887273	 3.07	rs7831942	 1.08e-02	  4.84	 0.14286	 268	 44	enet	0.021	0.00034	-0.25436	7.99e-01
NA	/data/songy4/twas/output/weights_control//ENSG00000147471.wgt.RDat	ENSG00000147471	8	37620111	37637283	0.2202	rs7845911	 3.83	rs7463174	 1.37e-01	  9.02	-0.45802	 261	  1	top1	0.14	2.3e-20	-0.45802	6.47e-01
NA	/data/songy4/twas/output/weights_control//ENSG00000020181.wgt.RDat	ENSG00000020181	8	37641709	37702414	0.1380	rs28674538	 4.06	rs7827048	 9.90e-02	  7.78	-1.64286	 262	 16	enet	0.11	8e-16	-1.44938	1.47e-01
NA	/data/songy4/twas/output/weights_control//ENSG00000156735.wgt.RDat	ENSG00000156735	8	38034051	38070819	0.0818	rs12678205	 4.08	rs11986274	 3.71e-02	  5.31	 3.94643	 282	  1	top1	0.037	2e-06	 3.94643	7.93e-05
NA	/data/songy4/twas/output/weights_control//ENSG00000085788.wgt.RDat	ENSG00000085788	8	38082736	38133076	0.0452	rs12678205	 4.08	rs2306899	 3.88e-02	  4.96	 2.90090	 301	  1	top1	0.039	1.2e-06	 2.90090	3.72e-03
NA	/data/songy4/twas/output/weights_control//ENSG00000077782.wgt.RDat	ENSG00000077782	8	38268656	38326352	0.5364	rs12678205	 4.08	rs10958704	 2.33e-01	 11.62	 0.33010	 303	 30	enet	0.38	6.1e-61	 0.72102	4.71e-01
NA	/data/songy4/twas/output/weights_control//ENSG00000147526.wgt.RDat	ENSG00000147526	8	38585704	38710546	0.0619	rs12678205	 4.08	rs7009521	 4.79e-02	  6.09	 0.38614	 369	  4	lasso	0.05	3.8e-08	 0.36717	7.13e-01
NA	/data/songy4/twas/output/weights_control//ENSG00000169490.wgt.RDat	ENSG00000169490	8	38846327	38854343	0.0757	rs10958542	-3.62	rs7840746	 1.67e-02	 -4.41	 1.21622	 313	  1	top1	0.017	0.0011	-1.21622	2.24e-01
NA	/data/songy4/twas/output/weights_control//ENSG00000168615.wgt.RDat	ENSG00000168615	8	38854388	38962663	0.0625	rs10958542	-3.62	rs10093975	 4.31e-02	 -5.28	-2.21875	 337	  1	top1	0.043	3.1e-07	 2.21875	2.65e-02
NA	/data/songy4/twas/output/weights_control//ENSG00000197140.wgt.RDat	ENSG00000197140	8	38964509	39142430	0.1030	rs10958542	-3.62	rs9650347	 1.20e-01	  8.74	-2.58511	 359	  1	top1	0.12	7.1e-18	-2.58511	9.73e-03
NA	/data/songy4/twas/output/weights_control//ENSG00000131203.wgt.RDat	ENSG00000131203	8	39759794	39785963	0.1802	rs2955877	-2.93	rs10089078	 1.55e-01	  9.57	 0.54717	 425	  1	top1	0.15	6e-23	 0.54717	5.84e-01
NA	/data/songy4/twas/output/weights_control//ENSG00000188676.wgt.RDat	ENSG00000188676	8	39792133	39873910	0.0622	rs2955877	-2.93	rs10089533	 3.32e-03	 -3.97	 0.11905	 486	 32	enet	0.0088	0.014	-0.45045	6.52e-01
NA	/data/songy4/twas/output/weights_control//ENSG00000165061.wgt.RDat	ENSG00000165061	8	40388109	40755352	0.3985	rs7013843	-2.47	rs4430079	 3.96e-01	 15.17	 1.31455	 685	  1	top1	0.4	6.5e-65	 1.31455	1.89e-01
NA	/data/songy4/twas/output/weights_control//ENSG00000104332.wgt.RDat	ENSG00000104332	8	41119481	41167016	0.2481	rs7013843	-2.47	rs16890473	 5.36e-03	  5.86	-0.03529	 481	124	enet	0.18	1.4e-26	 0.79460	4.27e-01
NA	/data/songy4/twas/output/weights_control//ENSG00000165066.wgt.RDat	ENSG00000165066	8	41502697	41508855	0.3177	rs7018401	-2.42	rs7837006	 3.38e-01	-14.12	 0.73457	 416	 30	enet	0.35	1.2e-56	-1.06911	2.85e-01
NA	/data/songy4/twas/output/weights_control//ENSG00000029534.wgt.RDat	ENSG00000029534	8	41510739	41754280	0.1582	rs10099598	-3.31	rs4317621	 7.83e-02	 -7.01	-1.66667	 492	  8	lasso	0.13	3.6e-19	 0.79234	4.28e-01
NA	/data/songy4/twas/output/weights_control//ENSG00000083168.wgt.RDat	ENSG00000083168	8	41786997	41909508	0.0773	rs10099598	-3.31	rs6474375	 6.42e-02	  6.34	-1.78302	 434	  1	top1	0.064	4.3e-10	-1.78302	7.46e-02
NA	/data/songy4/twas/output/weights_control//ENSG00000070718.wgt.RDat	ENSG00000070718	8	42010464	42029191	0.0650	rs10099598	-3.31	rs10958709	 2.55e-02	 -4.81	-0.17895	 368	  1	top1	0.025	7.2e-05	 0.17895	8.58e-01
NA	/data/songy4/twas/output/weights_control//ENSG00000104368.wgt.RDat	ENSG00000104368	8	42032236	42065242	0.0866	rs10099598	-3.31	rs10109392	 7.11e-03	 -3.89	 1.14371	 372	 25	enet	0.015	0.0017	 0.09735	9.22e-01
NA	/data/songy4/twas/output/weights_control//ENSG00000078668.wgt.RDat	ENSG00000078668	8	42249142	42263415	0.0348	rs10099598	-3.31	rs2294098	 1.71e-02	  4.35	 0.80075	 280	  7	lasso	0.018	0.00064	 0.44114	6.59e-01
NA	/data/songy4/twas/output/weights_control//ENSG00000168575.wgt.RDat	ENSG00000168575	8	42273993	42397069	0.1871	rs10099598	-3.31	rs9643888	 1.78e-01	 10.79	 0.58252	 308	  5	lasso	0.2	1.4e-29	 0.57856	5.63e-01
NA	/data/songy4/twas/output/weights_control//ENSG00000176209.wgt.RDat	ENSG00000176209	8	42396298	42409603	0.1148	rs10099598	-3.31	rs7818789	 1.05e-01	  8.44	 0.26471	 268	  7	lasso	0.12	2.2e-17	 0.63000	5.29e-01
NA	/data/songy4/twas/output/weights_control//ENSG00000164808.wgt.RDat	ENSG00000164808	8	48173167	48648868	0.0175	rs12679739	 2.44	rs11781727	 1.37e-02	 -4.22	 0.00000	 225	  8	enet	0.023	0.00015	 0.07711	9.39e-01
NA	/data/songy4/twas/output/weights_control//ENSG00000104738.wgt.RDat	ENSG00000104738	8	48872745	48890720	0.0537	rs12679739	 2.44	rs4536257	 1.87e-03	 -3.28	 0.73000	 191	  2	lasso	0.0045	0.059	-1.33861	1.81e-01
NA	/data/songy4/twas/output/weights_control//ENSG00000034239.wgt.RDat	ENSG00000034239	8	49623348	49647870	0.1053	rs12114072	 3.02	rs16939010	 9.32e-03	  3.81	 0.31551	 296	 46	enet	0.022	2e-04	 1.01756	3.09e-01
NA	/data/songy4/twas/output/weights_control//ENSG00000147485.wgt.RDat	ENSG00000147485	8	52232138	52722005	0.0768	rs10958248	 2.27	rs6990379	 3.15e-02	 -6.03	 0.10680	 584	 47	enet	0.066	2.6e-10	-1.32605	1.85e-01
NA	/data/songy4/twas/output/weights_control//ENSG00000168300.wgt.RDat	ENSG00000168300	8	52730140	52811735	0.1406	rs13258413	 2.24	rs6999321	 9.18e-02	 -8.44	 1.95395	 467	 32	enet	0.15	8.2e-22	-1.07488	2.82e-01
NA	/data/songy4/twas/output/weights_control//ENSG00000147488.wgt.RDat	ENSG00000147488	8	53023399	53373519	0.2136	rs13258413	 2.24	rs1440793	 2.01e-01	-11.00	 0.43519	 547	 26	enet	0.25	8.4e-38	-1.10124	2.71e-01
NA	/data/songy4/twas/output/weights_control//ENSG00000167904.wgt.RDat	ENSG00000167904	8	56608983	56685966	0.1277	rs2939632	-3.20	rs6474016	 1.20e-01	 -8.42	-0.67785	 442	  2	lasso	0.12	5.2e-18	 1.05501	2.91e-01
NA	/data/songy4/twas/output/weights_control//ENSG00000137574.wgt.RDat	ENSG00000137574	8	56685701	56738007	0.1093	rs2939632	-3.20	rs11777822	 9.37e-02	 -7.52	-0.72297	 425	  1	top1	0.094	3.7e-14	 0.72297	4.70e-01
NA	/data/songy4/twas/output/weights_control//ENSG00000104331.wgt.RDat	ENSG00000104331	8	57870492	57906403	0.0431	rs7460769	 2.65	rs12676924	 1.78e-02	 -4.03	-1.36126	 459	  1	top1	0.018	0.00078	 1.36126	1.73e-01
NA	/data/songy4/twas/output/weights_control//ENSG00000169122.wgt.RDat	ENSG00000169122	8	58907068	59116838	0.0731	rs16922764	 2.91	rs10957052	-5.89e-04	 -3.40	-0.59649	 567	 34	enet	0.0071	0.025	-0.47398	6.36e-01
NA	/data/songy4/twas/output/weights_control//ENSG00000215114.wgt.RDat	ENSG00000215114	8	59323823	59364060	0.1718	rs17237877	 2.77	rs17202769	 1.01e-01	 -8.25	 0.56296	 535	 46	enet	0.13	9.6e-19	-1.42358	1.55e-01
NA	/data/songy4/twas/output/weights_control//ENSG00000035681.wgt.RDat	ENSG00000035681	8	59496063	59572403	0.1018	rs3780001	-2.64	rs2279460	 5.94e-02	  6.88	 1.02941	 564	 10	lasso	0.072	3.4e-11	 0.85162	3.94e-01
NA	/data/songy4/twas/output/weights_control//ENSG00000198846.wgt.RDat	ENSG00000198846	8	59717977	60031767	0.0484	rs3780001	-2.64	rs6996674	 3.98e-02	  5.14	-0.49145	 569	  6	lasso	0.044	2e-07	-1.01398	3.11e-01
NA	/data/songy4/twas/output/weights_control//ENSG00000178538.wgt.RDat	ENSG00000178538	8	61099906	61193971	0.0612	rs2981277	-3.02	rs1552071	 3.80e-02	 -5.19	-2.34694	 393	  1	top1	0.038	1.5e-06	 2.34694	1.89e-02
NA	/data/songy4/twas/output/weights_control//ENSG00000104388.wgt.RDat	ENSG00000104388	8	61429416	61536186	0.1739	rs2981277	-3.02	rs671275	 1.75e-01	 10.08	-1.57522	 459	  1	top1	0.18	5.4e-26	-1.57522	1.15e-01
NA	/data/songy4/twas/output/weights_control//ENSG00000171316.wgt.RDat	ENSG00000171316	8	61591337	61779465	0.0976	rs2981277	-3.02	rs4237036	 7.26e-02	 -7.37	-1.28302	 500	 24	enet	0.085	5.7e-13	 1.48355	1.38e-01
NA	/data/songy4/twas/output/weights_control//ENSG00000198363.wgt.RDat	ENSG00000198363	8	62413116	62627155	0.4372	rs1812576	 2.74	rs11785234	 1.88e-01	 10.63	 0.13750	 564	 65	enet	0.27	1.8e-40	-1.75109	7.99e-02
NA	/data/songy4/twas/output/weights_control//ENSG00000137563.wgt.RDat	ENSG00000137563	8	63927638	63951730	0.1443	rs7845898	-3.44	rs1031551	 5.05e-02	  6.41	 0.19231	 424	  8	lasso	0.068	1.4e-10	 0.15161	8.79e-01
NA	/data/songy4/twas/output/weights_control//ENSG00000185728.wgt.RDat	ENSG00000185728	8	64081112	64125346	0.0838	rs7845898	-3.44	rs1435457	 2.32e-02	 -5.37	 0.59690	 407	 13	lasso	0.043	3.2e-07	-1.07995	2.80e-01
NA	/data/songy4/twas/output/weights_control//ENSG00000104442.wgt.RDat	ENSG00000104442	8	66514694	66546442	0.0575	rs6985187	 2.09	rs7006732	 2.51e-02	 -4.07	-0.31159	 368	  1	top1	0.025	8.1e-05	 0.31159	7.55e-01
NA	/data/songy4/twas/output/weights_control//ENSG00000066855.wgt.RDat	ENSG00000066855	8	66556969	66683496	0.2117	rs6985187	 2.09	rs10504389	 1.19e-01	  8.78	-0.75887	 412	 25	enet	0.16	1.5e-23	-1.07712	2.81e-01
NA	/data/songy4/twas/output/weights_control//ENSG00000205268.wgt.RDat	ENSG00000205268	8	66629745	66754557	0.0484	rs11779466	 2.31	rs7841695	 1.59e-02	  4.42	-1.45763	 416	  1	top1	0.016	0.0014	-1.45763	1.45e-01
NA	/data/songy4/twas/output/weights_control//ENSG00000147576.wgt.RDat	ENSG00000147576	8	67342420	67383836	0.1307	rs2454667	-2.99	rs2719007	 8.67e-02	  8.34	-1.27559	 307	 14	enet	0.15	3.7e-22	 0.20273	8.39e-01
NA	/data/songy4/twas/output/weights_control//ENSG00000147596.wgt.RDat	ENSG00000147596	8	70963886	70983928	0.0408	rs16936921	-3.52	rs2977982	-6.17e-04	 -3.57	 1.81290	 395	 20	enet	0.0031	0.095	-1.82835	6.75e-02
NA	/data/songy4/twas/output/weights_control//ENSG00000140396.wgt.RDat	ENSG00000140396	8	71021997	71316040	0.0333	rs16936921	-3.52	rs2926715	 2.87e-02	  4.56	-0.59375	 433	  1	top1	0.029	2.6e-05	-0.59375	5.53e-01
NA	/data/songy4/twas/output/weights_control//ENSG00000067167.wgt.RDat	ENSG00000067167	8	71485677	71520622	0.0890	rs16936921	-3.52	rs6991329	 6.55e-02	 -6.38	-1.31000	 293	  7	lasso	0.068	1.4e-10	 1.63218	1.03e-01
NA	/data/songy4/twas/output/weights_control//ENSG00000147592.wgt.RDat	ENSG00000147592	8	71547553	71581409	0.1237	rs16936921	-3.52	rs2035929	 1.99e-01	 11.51	 0.80198	 317	 45	enet	0.22	1.4e-33	 0.84809	3.96e-01
NA	/data/songy4/twas/output/weights_control//ENSG00000221947.wgt.RDat	ENSG00000221947	8	71581600	71702606	0.3126	rs16936921	-3.52	rs6991329	 5.90e-01	-18.43	-1.31000	 378	 10	lasso	0.59	5.4e-114	 1.25270	2.10e-01
NA	/data/songy4/twas/output/weights_control//ENSG00000178860.wgt.RDat	ENSG00000178860	8	72753784	72756703	0.2056	rs11776476	 2.76	rs3919904	 6.30e-02	 -7.24	 1.32000	 552	 30	enet	0.16	2.2e-23	-0.83944	4.01e-01
NA	/data/songy4/twas/output/weights_control//ENSG00000164764.wgt.RDat	ENSG00000164764	8	73976775	74036323	0.0442	rs2291220	 3.55	rs13248977	 3.54e-02	  5.00	-1.30374	 598	  1	top1	0.035	3.3e-06	-1.30374	1.92e-01
NA	/data/songy4/twas/output/weights_control//ENSG00000121039.wgt.RDat	ENSG00000121039	8	74206847	74237516	0.0365	rs2291220	 3.55	rs2975842	-1.73e-03	  3.30	-2.16162	 545	 15	enet	9.7e-05	0.3	-0.56857	5.70e-01
NA	/data/songy4/twas/output/weights_control//ENSG00000154589.wgt.RDat	ENSG00000154589	8	74903587	74941322	0.1500	rs16938752	-3.01	rs3816751	 1.50e-01	  9.39	-2.98540	 409	  1	top1	0.15	3e-22	-2.98540	2.83e-03
NA	/data/songy4/twas/output/weights_control//ENSG00000104381.wgt.RDat	ENSG00000104381	8	75233365	75401107	0.0986	rs16938752	-3.01	rs4410896	 7.32e-02	  7.35	 1.54737	 473	  1	top1	0.073	2.6e-11	 1.54737	1.22e-01
NA	/data/songy4/twas/output/weights_control//ENSG00000137558.wgt.RDat	ENSG00000137558	8	75736772	75767264	0.5577	rs6472855	-2.75	rs10504581	 3.28e-01	 14.98	-0.89492	 385	 10	lasso	0.38	9.6e-62	-0.92502	3.55e-01
NA	/data/songy4/twas/output/weights_control//ENSG00000164751.wgt.RDat	ENSG00000164751	8	77892494	77913280	0.0837	rs7828279	 3.65	rs4263735	 4.24e-02	 -5.19	-0.27248	 361	 25	enet	0.047	9e-08	-0.61255	5.40e-01
NA	/data/songy4/twas/output/weights_control//ENSG00000171033.wgt.RDat	ENSG00000171033	8	79428374	79517502	0.3216	rs11780588	 2.32	rs1062248	 3.51e-01	-14.42	 0.85271	 357	 19	enet	0.36	1.3e-57	-0.80250	4.22e-01
NA	/data/songy4/twas/output/weights_control//ENSG00000104427.wgt.RDat	ENSG00000104427	8	79578282	79632000	0.3999	rs17515867	-2.04	rs1384804	 5.26e-01	-17.54	-0.30088	 338	  4	lasso	0.53	1e-95	 0.32964	7.42e-01
NA	/data/songy4/twas/output/weights_control//ENSG00000164683.wgt.RDat	ENSG00000164683	8	80676245	80680098	0.1379	rs2467779	 2.80	rs2457398	 6.01e-02	  6.15	 0.73438	 390	  3	lasso	0.11	1.3e-16	 1.45912	1.45e-01
NA	/data/songy4/twas/output/weights_control//ENSG00000076554.wgt.RDat	ENSG00000076554	8	80870571	81143467	0.1853	rs2467779	 2.80	rs7836507	 1.17e-01	  8.32	 2.41584	 469	  9	lasso	0.13	1.7e-19	 2.46854	1.36e-02
NA	/data/songy4/twas/output/weights_control//ENSG00000205189.wgt.RDat	ENSG00000205189	8	81397854	81438500	0.0349	rs3857875	-2.86	rs11784307	 1.96e-02	  4.53	 0.19588	 370	  1	top1	0.02	0.00045	 0.19588	8.45e-01
NA	/data/songy4/twas/output/weights_control//ENSG00000076641.wgt.RDat	ENSG00000076641	8	81880045	82024303	0.3952	rs3857875	-2.86	rs4739794	 1.62e-01	 10.41	-0.53153	 430	 29	enet	0.31	5.9e-49	-1.13929	2.55e-01
NA	/data/songy4/twas/output/weights_control//ENSG00000133731.wgt.RDat	ENSG00000133731	8	82570196	82598928	0.1217	rs13274868	-2.93	rs2142316	 7.15e-02	 -6.52	-0.05455	 352	  1	top1	0.071	4.4e-11	 0.05455	9.57e-01
NA	/data/songy4/twas/output/weights_control//ENSG00000104497.wgt.RDat	ENSG00000104497	8	82711816	82755101	0.2693	rs13274868	-2.93	rs4272332	 2.75e-01	-12.62	 1.38596	 348	 14	lasso	0.32	5.7e-50	-0.92901	3.53e-01
NA	/data/songy4/twas/output/weights_control//ENSG00000133739.wgt.RDat	ENSG00000133739	8	86019382	86058311	0.0329	rs7837606	-3.42	rs3779899	 2.32e-02	 -4.51	-1.64356	 265	  1	top1	0.023	0.00014	 1.64356	1.00e-01
NA	/data/songy4/twas/output/weights_control//ENSG00000185015.wgt.RDat	ENSG00000185015	8	86132816	86196302	0.1297	rs7837606	-3.42	rs7004871	 1.57e-01	 -9.65	-1.60000	 247	  1	top1	0.16	2.4e-23	 1.60000	1.10e-01
NA	/data/songy4/twas/output/weights_control//ENSG00000164879.wgt.RDat	ENSG00000164879	8	86285665	86361269	0.0495	rs1427065	-2.52	rs16913721	 5.33e-02	 -6.13	-1.63000	 205	  1	top1	0.053	1.3e-08	 1.63000	1.03e-01
NA	/data/songy4/twas/output/weights_control//ENSG00000104267.wgt.RDat	ENSG00000104267	8	86376081	86393722	0.3010	rs1905635	 2.44	rs2930553	 1.22e-01	  8.47	-0.19588	 174	  1	top1	0.12	3.5e-18	-0.19588	8.45e-01
NA	/data/songy4/twas/output/weights_control//ENSG00000123124.wgt.RDat	ENSG00000123124	8	87354967	87490649	0.1166	rs4509347	-2.91	rs5025329	 1.44e-02	 -5.59	-0.65657	 468	 18	enet	0.032	9.8e-06	 0.23637	8.13e-01
NA	/data/songy4/twas/output/weights_control//ENSG00000176623.wgt.RDat	ENSG00000176623	8	87480486	87526586	0.1709	rs4509347	-2.91	rs7830128	 1.88e-01	 10.51	-1.36000	 457	  1	top1	0.19	5.7e-28	-1.36000	1.74e-01
NA	/data/songy4/twas/output/weights_control//ENSG00000085719.wgt.RDat	ENSG00000085719	8	87497059	87573726	0.0437	rs4509347	-2.91	rs2304790	 1.10e-02	 -4.01	-1.07273	 466	  1	top1	0.011	0.0068	 1.07273	2.83e-01
NA	/data/songy4/twas/output/weights_control//ENSG00000156103.wgt.RDat	ENSG00000156103	8	89044237	89340254	0.0273	rs7842248	-3.11	rs1685549	 2.55e-02	  5.19	-0.12381	 397	  1	top1	0.026	7e-05	-0.12381	9.01e-01
NA	/data/songy4/twas/output/weights_control//ENSG00000104312.wgt.RDat	ENSG00000104312	8	90769975	90803291	0.0685	rs2735886	 2.58	rs39765	 2.20e-02	  5.39	 1.25000	 391	 15	enet	0.023	0.00013	 1.14321	2.53e-01
NA	/data/songy4/twas/output/weights_control//ENSG00000164823.wgt.RDat	ENSG00000164823	8	90914087	90940116	0.1101	rs2735886	 2.58	rs2141408	 6.77e-02	  6.98	-0.50427	 373	 17	enet	0.086	4e-13	-0.64983	5.16e-01
NA	/data/songy4/twas/output/weights_control//ENSG00000104320.wgt.RDat	ENSG00000104320	8	90945564	91015456	0.0564	rs2735886	 2.58	rs1011683	 3.90e-02	 -5.93	-0.58000	 391	  7	lasso	0.041	5.8e-07	 0.43872	6.61e-01
NA	/data/songy4/twas/output/weights_control//ENSG00000104325.wgt.RDat	ENSG00000104325	8	91013633	91064320	0.7185	rs2735886	 2.58	rs17623400	 3.65e-01	-14.52	 0.20476	 392	  1	top1	0.36	1.1e-58	-0.20476	8.38e-01
NA	/data/songy4/twas/output/weights_control//ENSG00000180694.wgt.RDat	ENSG00000180694	8	91634223	91803860	0.0916	rs10956539	 1.77	rs2023626	 5.03e-02	 -6.24	 0.53704	 379	  4	lasso	0.088	2.6e-13	-1.37666	1.69e-01
NA	/data/songy4/twas/output/weights_control//ENSG00000155100.wgt.RDat	ENSG00000155100	8	92082424	92099323	0.1272	rs9643322	-1.96	rs10113205	 1.03e-01	  7.84	 0.42966	 297	  1	top1	0.1	2.2e-15	 0.42966	6.67e-01
NA	/data/songy4/twas/output/weights_control//ENSG00000147606.wgt.RDat	ENSG00000147606	8	92221722	92410378	0.1673	rs4310163	 2.37	rs4620242	 1.83e-01	-10.51	 0.29474	 342	 15	enet	0.19	7.1e-28	-0.36690	7.14e-01
NA	/data/songy4/twas/output/weights_control//ENSG00000164951.wgt.RDat	ENSG00000164951	8	94870035	94938294	0.1067	rs7011618	-3.34	rs4735246	 5.19e-02	  6.34	 1.94681	 454	 26	enet	0.083	1.2e-12	 0.98931	3.23e-01
NA	/data/songy4/twas/output/weights_control//ENSG00000197275.wgt.RDat	ENSG00000197275	8	95384188	95487337	0.2570	rs7011618	-3.34	rs2931632	 3.06e-01	 13.37	-1.25000	 526	  5	lasso	0.31	5.8e-48	-1.16588	2.44e-01
NA	/data/songy4/twas/output/weights_control//ENSG00000265817.wgt.RDat	ENSG00000265817	8	95390605	95449180	0.1884	rs7011618	-3.34	rs2931632	 2.61e-01	 12.41	-1.25000	 502	 15	enet	0.26	2.5e-40	-1.07173	2.84e-01
NA	/data/songy4/twas/output/weights_control//ENSG00000164944.wgt.RDat	ENSG00000164944	8	95499921	95565757	0.2321	rs17716665	 3.10	rs1055800	 2.23e-01	-11.42	-1.39640	 493	  6	lasso	0.23	4e-35	 1.09076	2.75e-01
NA	/data/songy4/twas/output/weights_control//ENSG00000104413.wgt.RDat	ENSG00000104413	8	95653302	95719694	0.0597	rs17716665	 3.10	rs6988635	 1.79e-02	 -4.04	-0.07368	 484	 20	enet	0.021	0.00033	 1.15025	2.50e-01
NA	/data/songy4/twas/output/weights_control//ENSG00000156170.wgt.RDat	ENSG00000156170	8	95907995	96128683	0.1413	rs17716665	 3.10	rs10097930	 8.81e-02	  7.87	 0.88811	 638	  1	top1	0.088	2.2e-13	 0.88811	3.74e-01
NA	/data/songy4/twas/output/weights_control//ENSG00000164938.wgt.RDat	ENSG00000164938	8	95938200	95961639	0.0958	rs17716665	 3.10	rs10098778	 8.04e-02	  6.96	 1.38542	 506	  1	top1	0.08	2.6e-12	 1.38542	1.66e-01
NA	/data/songy4/twas/output/weights_control//ENSG00000175895.wgt.RDat	ENSG00000175895	8	96146032	96168912	0.1964	rs10090946	 3.02	rs6995298	 7.89e-02	  6.87	-0.51200	 570	 15	enet	0.11	4.7e-17	 0.54317	5.87e-01
NA	/data/songy4/twas/output/weights_control//ENSG00000156172.wgt.RDat	ENSG00000156172	8	96257147	96281429	0.1358	rs10090946	 3.02	rs7815085	 8.19e-02	  6.96	-1.16477	 597	  6	lasso	0.084	9.1e-13	-0.88187	3.78e-01
NA	/data/songy4/twas/output/weights_control//ENSG00000169439.wgt.RDat	ENSG00000169439	8	97505579	97624000	0.0529	rs2678332	-2.48	rs10282845	 1.18e-02	  4.00	 0.35106	 466	  4	lasso	0.036	2.7e-06	-0.28850	7.73e-01
NA	/data/songy4/twas/output/weights_control//ENSG00000104324.wgt.RDat	ENSG00000104324	8	97657455	98161882	0.1593	rs6468539	-2.75	rs2651447	 7.35e-02	 -6.54	-1.36239	 645	  9	lasso	0.094	3.2e-14	 0.91503	3.60e-01
NA	/data/songy4/twas/output/weights_control//ENSG00000180543.wgt.RDat	ENSG00000180543	8	98285717	98290176	0.2068	rs6468539	-2.75	rs6468543	 5.10e-02	  5.80	-1.38333	 382	 46	enet	0.068	1.3e-10	 0.08757	9.30e-01
NA	/data/songy4/twas/output/weights_control//ENSG00000104341.wgt.RDat	ENSG00000104341	8	98787285	98865241	0.2616	rs2122930	-3.52	rs2449508	 1.67e-01	 -9.91	-0.86755	 547	 26	enet	0.19	5.6e-28	 1.19146	2.33e-01
NA	/data/songy4/twas/output/weights_control//ENSG00000132561.wgt.RDat	ENSG00000132561	8	98881068	99048944	0.2823	rs2122930	-3.52	rs7007655	 1.27e-01	 -8.76	-1.61594	 583	 53	enet	0.16	2.2e-24	 1.98598	4.70e-02
NA	/data/songy4/twas/output/weights_control//ENSG00000132541.wgt.RDat	ENSG00000132541	8	99114572	99129469	0.0977	rs2122930	-3.52	rs2514337	 7.77e-02	  6.82	-1.38614	 492	  9	enet	0.078	5.6e-12	-2.00466	4.50e-02
NA	/data/songy4/twas/output/weights_control//ENSG00000104361.wgt.RDat	ENSG00000104361	8	99202061	99306621	0.7946	rs2122930	-3.52	rs7461545	 5.84e-01	-18.33	-1.05825	 492	  1	top1	0.58	1.5e-111	 1.05825	2.90e-01
NA	/data/songy4/twas/output/weights_control//ENSG00000104450.wgt.RDat	ENSG00000104450	8	101170134	101271506	0.2489	rs1693551	 3.40	rs1440573	 3.53e-01	 14.26	-0.35789	 415	  1	top1	0.35	2.2e-56	-0.35789	7.20e-01
NA	/data/songy4/twas/output/weights_control//ENSG00000164924.wgt.RDat	ENSG00000164924	8	101928753	101965616	0.0551	rs1693551	 3.40	rs11994674	 1.09e-03	 -3.20	-1.41026	 497	  5	lasso	0.0017	0.16	 1.06644	2.86e-01
NA	/data/songy4/twas/output/weights_control//ENSG00000104490.wgt.RDat	ENSG00000104490	8	102698771	103137135	0.0976	rs16868356	 3.15	rs17507464	 9.64e-02	  7.55	-1.44633	 725	  1	top1	0.096	1.5e-14	-1.44633	1.48e-01
NA	/data/songy4/twas/output/weights_control//ENSG00000048392.wgt.RDat	ENSG00000048392	8	103216730	103251346	0.1516	rs7010198	-4.20	rs9650000	 6.32e-02	  6.54	-2.59155	 512	 35	enet	0.076	1.1e-11	-2.18557	2.88e-02
NA	/data/songy4/twas/output/weights_control//ENSG00000155097.wgt.RDat	ENSG00000155097	8	104033291	104085279	0.1973	rs7010198	-4.20	rs3808551	 1.17e-01	 -8.24	 0.96040	 540	  4	lasso	0.16	7e-24	-0.26283	7.93e-01
NA	/data/songy4/twas/output/weights_control//ENSG00000164929.wgt.RDat	ENSG00000164929	8	104152938	104242533	0.0852	rs7010198	-4.20	rs6999622	 7.91e-02	  7.30	 0.58015	 498	  1	top1	0.079	3.9e-12	 0.58015	5.62e-01
NA	/data/songy4/twas/output/weights_control//ENSG00000164930.wgt.RDat	ENSG00000164930	8	104310661	104345094	0.3948	rs2249255	 3.51	rs827528	 3.08e-01	-13.33	-2.37037	 432	 37	enet	0.34	2.8e-54	 2.15124	3.15e-02
NA	/data/songy4/twas/output/weights_control//ENSG00000164933.wgt.RDat	ENSG00000164933	8	104410863	104427417	0.0299	rs2249255	 3.51	rs3134287	 3.13e-02	  4.58	-0.82292	 416	  1	top1	0.031	1.2e-05	-0.82292	4.11e-01
NA	/data/songy4/twas/output/weights_control//ENSG00000164934.wgt.RDat	ENSG00000164934	8	104426942	104455681	0.0868	rs2249255	 3.51	rs3134254	 5.47e-02	 -6.71	 0.16296	 421	 22	enet	0.073	2.4e-11	-0.78823	4.31e-01
NA	/data/songy4/twas/output/weights_control//ENSG00000147647.wgt.RDat	ENSG00000147647	8	105342552	105479281	0.3040	rs12681417	-4.13	rs7014456	 1.55e-01	 10.06	 0.64000	 444	 29	enet	0.16	3.2e-24	 0.50270	6.15e-01
NA	/data/songy4/twas/output/weights_control//ENSG00000164935.wgt.RDat	ENSG00000164935	8	105351315	105368917	0.2205	rs12681417	-4.13	rs2514666	 1.69e-01	 -9.94	-2.15789	 391	 34	enet	0.19	1.4e-28	 2.04247	4.11e-02
NA	/data/songy4/twas/output/weights_control//ENSG00000147650.wgt.RDat	ENSG00000147650	8	105501459	105601252	0.2019	rs12681417	-4.13	rs1438353	 1.57e-01	-10.05	-3.37143	 455	 20	enet	0.16	6.7e-24	 2.67305	7.52e-03
NA	/data/songy4/twas/output/weights_control//ENSG00000154188.wgt.RDat	ENSG00000154188	8	108261721	108510283	0.4753	rs11784856	-2.85	rs1353308	 2.08e-01	-10.96	 0.80583	 598	 12	lasso	0.38	7.2e-61	-0.36048	7.18e-01
NA	/data/songy4/twas/output/weights_control//ENSG00000104412.wgt.RDat	ENSG00000104412	8	109455830	109499145	0.0842	rs2882102	-2.32	rs16782	 7.29e-02	 -6.69	-0.74227	 357	  1	top1	0.073	2.8e-11	 0.74227	4.58e-01
NA	/data/songy4/twas/output/weights_control//ENSG00000174417.wgt.RDat	ENSG00000174417	8	110098850	110131813	0.1663	rs2844241	 5.12	rs4349964	 1.23e-01	  8.65	-2.26042	 376	  1	top1	0.12	2.6e-18	-2.26042	2.38e-02
NA	/data/songy4/twas/output/weights_control//ENSG00000120533.wgt.RDat	ENSG00000120533	8	110346553	110358182	0.0674	rs2844241	 5.12	rs1026439	 3.56e-02	  6.26	-3.37234	 356	  3	lasso	0.077	8.5e-12	-2.63848	8.33e-03
NA	/data/songy4/twas/output/weights_control//ENSG00000147654.wgt.RDat	ENSG00000147654	8	110551940	110578225	0.0587	rs2844241	 5.12	rs1044230	 6.72e-02	  6.50	 1.81356	 350	  1	top1	0.067	1.6e-10	 1.81356	6.97e-02
NA	/data/songy4/twas/output/weights_control//ENSG00000164758.wgt.RDat	ENSG00000164758	8	118532952	118552501	0.1060	rs16889867	 2.60	rs6469696	 6.24e-02	 -6.56	-1.03846	 459	  1	top1	0.062	7.5e-10	 1.03846	2.99e-01
NA	/data/songy4/twas/output/weights_control//ENSG00000182197.wgt.RDat	ENSG00000182197	8	118806729	119124092	0.2791	rs16889867	 2.60	rs11989463	 1.61e-01	  9.65	 0.38655	 635	 18	enet	0.17	1.1e-24	 0.39702	6.91e-01
NA	/data/songy4/twas/output/weights_control//ENSG00000177570.wgt.RDat	ENSG00000177570	8	119201698	119634234	0.6025	rs13256814	-2.54	rs2460970	 6.06e-01	 18.69	-1.33617	 765	 14	lasso	0.68	2.1e-144	-1.61505	1.06e-01
NA	/data/songy4/twas/output/weights_control//ENSG00000136960.wgt.RDat	ENSG00000136960	8	120569326	120685693	0.0665	rs17804798	 3.46	rs11775668	 2.34e-02	  4.93	 2.68696	 495	  4	lasso	0.043	3.1e-07	 2.17346	2.97e-02
NA	/data/songy4/twas/output/weights_control//ENSG00000064313.wgt.RDat	ENSG00000064313	8	120743015	120845103	0.0994	rs17804798	 3.46	rs16893214	 7.59e-02	 -6.87	 0.68468	 484	  1	top1	0.076	1.1e-11	-0.68468	4.94e-01
NA	/data/songy4/twas/output/weights_control//ENSG00000136982.wgt.RDat	ENSG00000136982	8	120846216	120868250	0.2666	rs17804798	 3.46	rs7815122	 2.45e-01	 11.93	 0.81955	 468	  1	top1	0.24	4.5e-37	 0.81955	4.12e-01
NA	/data/songy4/twas/output/weights_control//ENSG00000155792.wgt.RDat	ENSG00000155792	8	120885957	121063152	0.1663	rs17804798	 3.46	rs1467044	 1.88e-01	-10.48	 1.31843	 505	  6	lasso	0.2	4.1e-30	-1.29915	1.94e-01
NA	/data/songy4/twas/output/weights_control//ENSG00000178764.wgt.RDat	ENSG00000178764	8	123793633	123986750	0.1887	rs4316158	-3.51	rs3204141	 1.28e-02	 -4.95	 0.26667	 565	 80	enet	0.049	4.3e-08	-0.47705	6.33e-01
NA	/data/songy4/twas/output/weights_control//ENSG00000136986.wgt.RDat	ENSG00000136986	8	124025404	124054663	0.1154	rs11776799	 3.03	rs6470132	 1.71e-02	  4.68	 0.07865	 499	 36	enet	0.052	2e-08	-0.50162	6.16e-01
NA	/data/songy4/twas/output/weights_control//ENSG00000147689.wgt.RDat	ENSG00000147689	8	124191200	124222314	0.2670	rs11776799	 3.03	rs4282551	 3.16e-01	 13.50	-2.90708	 545	  1	top1	0.32	1.8e-49	-2.90708	3.65e-03
NA	/data/songy4/twas/output/weights_control//ENSG00000156795.wgt.RDat	ENSG00000156795	8	124428965	124479470	0.2355	rs4282551	-2.91	rs7014678	 2.85e-01	-12.92	 0.62245	 573	 16	lasso	0.29	1.2e-44	-0.70170	4.83e-01
NA	/data/songy4/twas/output/weights_control//ENSG00000164983.wgt.RDat	ENSG00000164983	8	125324231	125384933	0.0896	rs17299208	 4.71	rs11786409	 2.80e-02	  5.37	-1.29808	 574	  7	lasso	0.05	3.4e-08	-1.34522	1.79e-01
NA	/data/songy4/twas/output/weights_control//ENSG00000183665.wgt.RDat	ENSG00000183665	8	125463048	125474391	0.4782	rs17299208	 4.71	rs3812475	 5.81e-01	 18.27	 1.87097	 533	  4	lasso	0.59	3e-114	 1.87908	6.02e-02
NA	/data/songy4/twas/output/weights_control//ENSG00000147687.wgt.RDat	ENSG00000147687	8	125500726	125551699	0.0570	rs17299208	 4.71	rs12548235	 2.53e-03	 -3.95	 1.96842	 549	  3	lasso	0.0054	0.043	-2.69870	6.96e-03
NA	/data/songy4/twas/output/weights_control//ENSG00000168672.wgt.RDat	ENSG00000168672	8	127564687	127570638	0.2904	rs780323	 3.27	rs12546489	 2.68e-01	-12.51	-0.03390	 492	 11	enet	0.29	2.6e-44	-0.22866	8.19e-01
NA	/data/songy4/twas/output/weights_control//ENSG00000153317.wgt.RDat	ENSG00000153317	8	131064353	131455906	0.1190	rs298616	 5.52	rs2894508	 1.03e-01	  8.14	 1.27551	 719	 29	enet	0.13	1.3e-18	 0.64158	5.21e-01
NA	/data/songy4/twas/output/weights_control//ENSG00000132294.wgt.RDat	ENSG00000132294	8	132916335	133025889	0.0893	rs2597331	 3.30	rs6471017	 1.19e-02	  4.10	-0.63636	 620	  1	top1	0.012	0.0051	-0.63636	5.25e-01
NA	/data/songy4/twas/output/weights_control//ENSG00000184156.wgt.RDat	ENSG00000184156	8	133133108	133493200	0.0938	rs17683567	 3.53	rs3824245	 1.04e-02	 -4.90	 0.00806	 773	  5	lasso	0.023	0.00017	-1.21443	2.25e-01
NA	/data/songy4/twas/output/weights_control//ENSG00000129295.wgt.RDat	ENSG00000129295	8	133584320	133687838	0.6537	rs17683567	 3.53	rs11988034	 6.31e-01	-19.06	 0.20619	 700	  9	lasso	0.69	3.6e-148	 0.07038	9.44e-01
NA	/data/songy4/twas/output/weights_control//ENSG00000165071.wgt.RDat	ENSG00000165071	8	133697253	133772958	0.0428	rs17683567	 3.53	rs2247049	 1.22e-02	  4.39	-0.92000	 690	  3	lasso	0.016	0.0014	-0.83024	4.06e-01
NA	/data/songy4/twas/output/weights_control//ENSG00000129292.wgt.RDat	ENSG00000129292	8	133787618	133861052	0.1082	rs17683567	 3.53	rs10092556	 2.20e-02	 -5.50	-0.86458	 709	 37	enet	0.06	1.6e-09	-0.20687	8.36e-01
NA	/data/songy4/twas/output/weights_control//ENSG00000042832.wgt.RDat	ENSG00000042832	8	133879203	134147147	0.2937	rs17683567	 3.53	rs180194	 3.16e-01	-14.13	-0.87368	 894	 29	enet	0.43	1.5e-72	-0.06346	9.49e-01
NA	/data/songy4/twas/output/weights_control//ENSG00000155926.wgt.RDat	ENSG00000155926	8	134048973	134115298	0.0675	rs17683567	 3.53	rs17630941	 3.81e-02	  5.40	-0.50000	 741	  5	lasso	0.051	2.8e-08	-0.62124	5.34e-01
NA	/data/songy4/twas/output/weights_control//ENSG00000104419.wgt.RDat	ENSG00000104419	8	134249414	134314265	0.1273	rs17683567	 3.53	rs10505606	 3.45e-02	 -5.85	 0.98587	 795	 17	enet	0.082	1.5e-12	-1.73724	8.23e-02
NA	/data/songy4/twas/output/weights_control//ENSG00000008513.wgt.RDat	ENSG00000008513	8	134467091	134584183	0.3064	rs16904929	 3.18	rs16904940	 1.19e-01	 -8.95	-0.25000	 844	 35	enet	0.14	4.7e-20	 0.06126	9.51e-01
NA	/data/songy4/twas/output/weights_control//ENSG00000066827.wgt.RDat	ENSG00000066827	8	135490031	135725292	0.0774	rs11995190	 3.30	rs7012866	-1.64e-03	  4.50	-1.75532	 727	  6	enet	-0.00017	0.34	-2.33292	1.97e-02
NA	/data/songy4/twas/output/weights_control//ENSG00000167632.wgt.RDat	ENSG00000167632	8	140742586	141468678	0.5991	rs1060832	 4.96	rs3735799	 3.66e-01	-14.55	-0.21649	 862	 20	enet	0.48	1.8e-84	-0.89557	3.70e-01
NA	/data/songy4/twas/output/weights_control//ENSG00000123908.wgt.RDat	ENSG00000123908	8	141541264	141645718	0.0547	rs1060832	 4.96	rs2944765	 3.07e-02	 -4.89	 1.22772	 430	  1	top1	0.031	1.4e-05	-1.22772	2.20e-01
NA	/data/songy4/twas/output/weights_control//ENSG00000022567.wgt.RDat	ENSG00000022567	8	142217265	142318404	0.4049	rs4434666	 3.80	rs6985508	 3.86e-01	-14.93	 0.84158	 466	  1	top1	0.39	6.4e-63	-0.84158	4.00e-01
NA	/data/songy4/twas/output/weights_control//ENSG00000204882.wgt.RDat	ENSG00000204882	8	142366600	142377367	0.1414	rs13270490	 3.68	rs3934583	 1.52e-01	 -9.61	-1.30303	 455	  1	top1	0.15	1.4e-22	 1.30303	1.93e-01
NA	/data/songy4/twas/output/weights_control//ENSG00000184489.wgt.RDat	ENSG00000184489	8	142402093	142441620	0.0971	rs7824374	 3.60	rs6987971	 3.26e-02	 -5.52	-1.18812	 479	  4	lasso	0.09	1.2e-13	 1.95343	5.08e-02
NA	/data/songy4/twas/output/weights_control//ENSG00000171045.wgt.RDat	ENSG00000171045	8	143293441	143484601	0.1898	rs7357419	-3.15	rs7387891	 1.68e-01	 10.58	-1.89109	 488	  4	lasso	0.21	4.7e-32	-2.58232	9.81e-03
NA	/data/songy4/twas/output/weights_control//ENSG00000181790.wgt.RDat	ENSG00000181790	8	143530791	143626370	0.0933	rs7357419	-3.15	rs7822554	 5.33e-02	 -6.21	-1.44355	 453	  6	lasso	0.054	1.2e-08	 1.47665	1.40e-01
NA	/data/songy4/twas/output/weights_control//ENSG00000167653.wgt.RDat	ENSG00000167653	8	143751726	143764142	0.1597	rs7357419	-3.15	rs12155758	 5.79e-02	  6.96	-0.99091	 395	  8	lasso	0.11	1.8e-16	-1.41842	1.56e-01
NA	/data/songy4/twas/output/weights_control//ENSG00000130193.wgt.RDat	ENSG00000130193	8	143808621	143818345	0.1551	rs7357419	-3.15	rs2289071	 6.85e-02	  7.05	-0.50000	 387	 31	enet	0.096	1.8e-14	-0.76609	4.44e-01
NA	/data/songy4/twas/output/weights_control//ENSG00000197353.wgt.RDat	ENSG00000197353	8	143831568	143833952	0.0402	rs7357419	-3.15	rs1036385	 4.41e-02	  5.45	-0.23711	 384	  1	top1	0.044	2.2e-07	-0.23711	8.13e-01
NA	/data/songy4/twas/output/weights_control//ENSG00000180155.wgt.RDat	ENSG00000180155	8	143845752	143859640	0.1121	rs7357419	-3.15	rs2572874	 1.56e-01	  9.60	-0.37374	 391	  1	top1	0.16	3.6e-23	-0.37374	7.09e-01
NA	/data/songy4/twas/output/weights_control//ENSG00000181638.wgt.RDat	ENSG00000181638	8	144328991	144344875	0.0499	rs4282549	 3.01	rs7819483	 1.06e-02	 -3.78	-0.57692	 384	  1	top1	0.011	0.0078	 0.57692	5.64e-01
NA	/data/songy4/twas/output/weights_control//ENSG00000185730.wgt.RDat	ENSG00000185730	8	144371846	144380231	0.2950	rs4282549	 3.01	rs7386378	 3.46e-01	 14.28	 1.50000	 379	  1	top1	0.35	5.1e-55	 1.50000	1.34e-01
NA	/data/songy4/twas/output/weights_control//ENSG00000184428.wgt.RDat	ENSG00000184428	8	144386554	144442149	0.1301	rs4282549	 3.01	rs4977138	 2.35e-03	  4.24	 0.68831	 396	  8	lasso	0.031	1.5e-05	 0.42737	6.69e-01
NA	/data/songy4/twas/output/weights_control//ENSG00000158106.wgt.RDat	ENSG00000158106	8	144451057	144466390	0.1136	rs4282549	 3.01	rs11786665	 1.65e-02	  4.94	 2.96791	 363	  3	lasso	0.033	6e-06	 2.73381	6.26e-03
NA	/data/songy4/twas/output/weights_control//ENSG00000182759.wgt.RDat	ENSG00000182759	8	144501352	144512576	0.0725	rs4282549	 3.01	rs2450776	 2.56e-02	 -4.58	-0.80982	 343	  1	top1	0.026	6.8e-05	 0.80982	4.18e-01
NA	/data/songy4/twas/output/weights_control//ENSG00000104518.wgt.RDat	ENSG00000104518	8	144635377	144645232	0.1216	rs4282549	 3.01	rs10099003	 9.28e-02	  7.42	 0.89091	 350	  6	lasso	0.093	4.9e-14	 0.60607	5.44e-01
NA	/data/songy4/twas/output/weights_control//ENSG00000204839.wgt.RDat	ENSG00000204839	8	144648357	144655141	0.2559	rs12680363	 3.00	rs896954	 1.48e-01	  9.28	 0.72222	 347	 10	lasso	0.21	3.4e-31	 1.14415	2.53e-01
NA	/data/songy4/twas/output/weights_control//ENSG00000147813.wgt.RDat	ENSG00000147813	8	144656955	144660819	0.5305	rs12680363	 3.00	rs10282929	 3.95e-01	-15.15	-0.11864	 349	  8	lasso	0.42	5.2e-70	 0.37877	7.05e-01
NA	/data/songy4/twas/output/weights_control//ENSG00000183309.wgt.RDat	ENSG00000183309	8	144718183	144735900	0.0560	rs11786665	 2.97	rs4874146	 2.57e-03	 -3.67	-0.41489	 340	 17	enet	0.011	0.0067	 1.87517	6.08e-02
NA	/data/songy4/twas/output/weights_control//ENSG00000180921.wgt.RDat	ENSG00000180921	8	144806103	144815971	0.0484	rs11786665	 2.97	rs6988451	 1.42e-03	 -3.42	 0.58654	 315	 25	enet	0.0082	0.017	-1.31859	1.87e-01
NA	/data/songy4/twas/output/weights_control//ENSG00000178209.wgt.RDat	ENSG00000178209	8	144989321	145050902	0.0607	rs11786665	 2.97	rs11775434	 7.97e-02	 -6.94	 2.51429	 259	  1	top1	0.08	3.2e-12	-2.51429	1.19e-02
NA	/data/songy4/twas/output/weights_control//ENSG00000178719.wgt.RDat	ENSG00000178719	8	145064226	145067583	0.1851	rs7015323	-2.82	rs9100	 3.35e-01	-14.03	 2.16667	 235	  6	lasso	0.34	5.6e-54	-2.33784	1.94e-02
NA	/data/songy4/twas/output/weights_control//ENSG00000186583.wgt.RDat	ENSG00000186583	8	145086582	145101933	0.0429	rs12056725	-3.57	rs7010330	 3.13e-02	 -5.20	 2.14737	 237	  1	top1	0.031	1.2e-05	-2.14737	3.18e-02
NA	/data/songy4/twas/output/weights_control//ENSG00000197858.wgt.RDat	ENSG00000197858	8	145137493	145141119	0.0336	rs12056725	-3.57	rs7004867	 2.44e-02	  4.44	-1.05911	 220	  9	lasso	0.026	6.7e-05	-1.12530	2.60e-01
NA	/data/songy4/twas/output/weights_control//ENSG00000179526.wgt.RDat	ENSG00000179526	8	145153536	145163027	0.0967	rs12056725	-3.57	rs12550729	 1.01e-01	  8.22	-0.68391	 221	  6	lasso	0.1	3.2e-15	-0.82974	4.07e-01
NA	/data/songy4/twas/output/weights_control//ENSG00000179632.wgt.RDat	ENSG00000179632	8	145159402	145162514	0.2082	rs12056725	-3.57	rs11990558	 2.22e-01	-11.79	-0.94382	 218	 32	enet	0.25	1.5e-37	 0.53020	5.96e-01
NA	/data/songy4/twas/output/weights_control//ENSG00000179698.wgt.RDat	ENSG00000179698	8	145162629	145173218	0.1220	rs12056725	-3.57	rs11990558	 1.64e-01	-10.33	-0.94382	 224	 10	enet	0.18	2.8e-26	 0.98655	3.24e-01
NA	/data/songy4/twas/output/weights_control//ENSG00000185000.wgt.RDat	ENSG00000185000	8	145539954	145550573	0.1391	rs12056725	-3.57	rs4977219	 6.08e-02	  6.27	 1.23711	 173	 23	enet	0.064	4.3e-10	 2.24682	2.47e-02
NA	/data/songy4/twas/output/weights_control//ENSG00000071894.wgt.RDat	ENSG00000071894	8	145618444	145634753	0.5169	rs12056725	-3.57	rs7838766	 5.57e-01	-17.91	-2.28125	 175	  9	lasso	0.57	1.4e-108	 2.34918	1.88e-02
NA	/data/songy4/twas/output/weights_control//ENSG00000160948.wgt.RDat	ENSG00000160948	8	145649000	145653931	0.6587	rs12056725	-3.57	rs11992877	 3.69e-01	 14.55	-1.16940	 172	 10	lasso	0.45	1.1e-76	-0.62075	5.35e-01
NA	/data/songy4/twas/output/weights_control//ENSG00000167702.wgt.RDat	ENSG00000167702	8	145691426	145699585	0.1005	rs12056725	-3.57	rs13254911	 5.74e-02	  5.90	-2.10638	 176	 12	enet	0.072	3.4e-11	-0.82591	4.09e-01
NA	/data/songy4/twas/output/weights_control//ENSG00000160972.wgt.RDat	ENSG00000160972	8	145703352	145727504	0.2387	rs12056725	-3.57	rs1480000	 2.90e-01	-13.08	-1.94792	 190	 11	enet	0.31	2.5e-48	 1.64652	9.97e-02
NA	/data/songy4/twas/output/weights_control//ENSG00000167701.wgt.RDat	ENSG00000167701	8	145728356	145732557	0.0404	rs12056725	-3.57	rs750472	 2.25e-02	 -4.66	-1.94845	 191	  5	lasso	0.024	0.00012	 2.16419	3.04e-02
NA	/data/songy4/twas/output/weights_control//ENSG00000160959.wgt.RDat	ENSG00000160959	8	145743376	145750557	0.1485	rs12056725	-3.57	rs13254911	 2.12e-01	-11.36	-2.10638	 195	  1	top1	0.21	1.1e-31	 2.10638	3.52e-02
NA	/data/songy4/twas/output/weights_control//ENSG00000196378.wgt.RDat	ENSG00000196378	8	145998499	146012730	0.2102	rs12056725	-3.57	rs11784860	 3.44e-01	-14.13	-0.38542	 204	  1	top1	0.34	1.4e-54	 0.38542	7.00e-01
NA	/data/songy4/twas/output/weights_control//ENSG00000161016.wgt.RDat	ENSG00000161016	8	146015150	146017972	0.2224	rs12056725	-3.57	rs11784860	 2.23e-01	 11.57	-0.38542	 198	  5	lasso	0.23	3.9e-34	-0.37958	7.04e-01
NA	/data/songy4/twas/output/weights_control//ENSG00000197363.wgt.RDat	ENSG00000197363	8	146024261	146036554	0.1194	rs12056725	-3.57	rs7833780	 1.72e-01	 10.34	-0.25773	 196	  6	lasso	0.17	6.7e-26	-0.37614	7.07e-01
NA	/data/songy4/twas/output/weights_control//ENSG00000147789.wgt.RDat	ENSG00000147789	8	146052849	146072894	0.0286	rs12056725	-3.57	rs1209879	 9.08e-03	  3.81	-0.08247	 194	  1	top1	0.0091	0.013	-0.08247	9.34e-01
NA	/data/songy4/twas/output/weights_control//ENSG00000170619.wgt.RDat	ENSG00000170619	8	146066427	146079121	0.0221	rs12056725	-3.57	rs1625919	 1.28e-02	 -4.18	-0.08247	 194	  1	top1	0.013	0.0038	 0.08247	9.34e-01
NA	/data/songy4/twas/output/weights_control//ENSG00000182307.wgt.RDat	ENSG00000182307	8	146277764	146281416	0.0981	rs2722469	-2.61	rs6599560	 4.80e-02	  5.41	 0.61702	 130	  4	lasso	0.065	3.4e-10	-0.20724	8.36e-01
