PANEL	FILE	ID	CHR	P0	P1	HSQ	BEST.GWAS.ID	BEST.GWAS.Z	EQTL.ID	EQTL.R2	EQTL.Z	EQTL.GWAS.Z	NSNP	NWGT	MODEL	MODELCV.R2	MODELCV.PV	TWAS.Z	TWAS.P
NA	/data/songy4/twas/output/weights_control//ENSG00000272636.wgt.RDat	ENSG00000272636	17	5810	31427	0.2148	rs7215271	 -2.85	rs11150893	 0.078862	 -6.88	  0.00962	196	 32	enet	0.1	3.7e-15	  1.6365	1.02e-01
NA	/data/songy4/twas/output/weights_control//ENSG00000181031.wgt.RDat	ENSG00000181031	17	62293	236045	0.1700	rs7215271	 -2.85	rs11150882	 0.025404	  5.26	 -0.01681	293	 25	enet	0.073	2.5e-11	  0.6502	5.16e-01
NA	/data/songy4/twas/output/weights_control//ENSG00000187624.wgt.RDat	ENSG00000187624	17	260118	273510	0.6447	rs7215271	 -2.85	rs11150882	 0.578981	 18.25	 -0.01681	305	  1	top1	0.58	6.1e-110	 -0.0168	9.87e-01
NA	/data/songy4/twas/output/weights_control//ENSG00000183688.wgt.RDat	ENSG00000183688	17	289769	295730	0.0939	rs7215271	 -2.85	rs3867591	 0.022713	  5.54	 -2.11650	322	 20	enet	0.048	6.2e-08	 -1.3308	1.83e-01
NA	/data/songy4/twas/output/weights_control//ENSG00000141252.wgt.RDat	ENSG00000141252	17	411908	624957	0.4234	rs7215271	 -2.85	rs17616389	 0.371293	-14.64	  1.84821	474	 41	enet	0.54	3.7e-98	 -1.8494	6.44e-02
NA	/data/songy4/twas/output/weights_control//ENSG00000179409.wgt.RDat	ENSG00000179409	17	647654	657239	0.0558	rs4556857	 -2.55	rs394061	 0.007482	 -4.58	 -1.38065	394	  6	enet	0.017	0.00094	  1.9325	5.33e-02
NA	/data/songy4/twas/output/weights_control//ENSG00000177370.wgt.RDat	ENSG00000177370	17	900357	906911	0.2172	rs9393	 -3.48	rs3744750	 0.136508	 -8.95	  0.38211	439	 12	enet	0.16	3.5e-23	 -0.7140	4.75e-01
NA	/data/songy4/twas/output/weights_control//ENSG00000159842.wgt.RDat	ENSG00000159842	17	906758	1132315	0.0946	rs9393	 -3.48	rs2440743	 0.020043	  5.07	  1.60000	527	 24	enet	0.055	7.5e-09	  1.3452	1.79e-01
NA	/data/songy4/twas/output/weights_control//ENSG00000167193.wgt.RDat	ENSG00000167193	17	1323983	1366456	0.1710	rs9393	 -3.48	rs15948	 0.145871	 -9.21	 -1.60606	451	 16	enet	0.19	9.7e-28	  2.2324	2.56e-02
NA	/data/songy4/twas/output/weights_control//ENSG00000132376.wgt.RDat	ENSG00000132376	17	1397865	1420182	0.1541	rs9393	 -3.48	rs8069517	 0.102489	 -7.95	 -0.74603	436	  1	top1	0.1	2.2e-15	  0.7460	4.56e-01
NA	/data/songy4/twas/output/weights_control//ENSG00000174238.wgt.RDat	ENSG00000174238	17	1421012	1466110	0.1819	rs9393	 -3.48	rs10521113	 0.133711	  8.97	  0.28767	446	  1	top1	0.13	7.5e-20	  0.2877	7.74e-01
NA	/data/songy4/twas/output/weights_control//ENSG00000185561.wgt.RDat	ENSG00000185561	17	1611064	1613732	0.4231	rs9393	 -3.48	rs3809872	 0.208065	 10.98	 -1.18750	436	  9	lasso	0.37	4.8e-59	 -1.7215	8.52e-02
NA	/data/songy4/twas/output/weights_control//ENSG00000167716.wgt.RDat	ENSG00000167716	17	1619817	1641893	0.1118	rs9393	 -3.48	rs1136287	 0.119749	  8.39	  0.01020	445	  1	top1	0.12	7.7e-18	  0.0102	9.92e-01
NA	/data/songy4/twas/output/weights_control//ENSG00000167711.wgt.RDat	ENSG00000167711	17	1646130	1658562	0.2584	rs9393	 -3.48	rs2070862	 0.192725	 10.60	 -0.27434	440	 16	enet	0.26	4.7e-39	 -1.2002	2.30e-01
NA	/data/songy4/twas/output/weights_control//ENSG00000186532.wgt.RDat	ENSG00000186532	17	1682779	1733928	0.2513	rs9393	 -3.48	rs5005394	 0.125773	  8.81	  1.69748	462	  7	lasso	0.23	1.9e-34	  1.0105	3.12e-01
NA	/data/songy4/twas/output/weights_control//ENSG00000132383.wgt.RDat	ENSG00000132383	17	1732996	1803376	0.4438	rs9393	 -3.48	rs3744768	 0.360203	-14.43	  0.00000	486	  8	lasso	0.37	6.8e-60	 -0.1231	9.02e-01
NA	/data/songy4/twas/output/weights_control//ENSG00000108963.wgt.RDat	ENSG00000108963	17	1933404	1946724	0.1551	rs16952108	  2.93	rs8065878	 0.088442	  7.26	  1.10619	469	  7	lasso	0.098	8.1e-15	  0.3673	7.13e-01
NA	/data/songy4/twas/output/weights_control//ENSG00000167720.wgt.RDat	ENSG00000167720	17	2206677	2228554	0.2750	rs16952108	  2.93	rs12450028	 0.332889	-13.93	  0.65347	425	  1	top1	0.33	1.5e-52	 -0.6535	5.13e-01
NA	/data/songy4/twas/output/weights_control//ENSG00000141258.wgt.RDat	ENSG00000141258	17	2240792	2284352	0.0860	rs16952108	  2.93	rs35343613	 0.038996	 -4.78	  0.79167	434	  1	top1	0.039	1.1e-06	 -0.7917	4.29e-01
NA	/data/songy4/twas/output/weights_control//ENSG00000070444.wgt.RDat	ENSG00000070444	17	2287354	2304412	0.2831	rs16952108	  2.93	rs2429919	 0.091718	  9.77	  1.30827	431	 10	lasso	0.25	9.4e-38	  1.1853	2.36e-01
NA	/data/songy4/twas/output/weights_control//ENSG00000007168.wgt.RDat	ENSG00000007168	17	2496504	2588909	0.3378	rs6502671	  3.50	rs8081803	 0.372954	 14.68	 -0.28814	478	 18	enet	0.37	1.5e-60	 -0.2723	7.85e-01
NA	/data/songy4/twas/output/weights_control//ENSG00000132359.wgt.RDat	ENSG00000132359	17	2680350	2941033	0.1671	rs3829957	  3.70	rs12603123	 0.051055	 -5.79	  1.75615	606	 31	enet	0.079	4e-12	 -1.6927	9.05e-02
NA	/data/songy4/twas/output/weights_control//ENSG00000221882.wgt.RDat	ENSG00000221882	17	3181193	3182268	0.2636	rs3829957	  4.02	rs226357	 0.290835	-13.02	  2.25532	546	  6	lasso	0.32	1.3e-49	 -2.1444	3.20e-02
NA	/data/songy4/twas/output/weights_control//ENSG00000180090.wgt.RDat	ENSG00000180090	17	3194929	3195876	0.1831	rs3829957	  3.98	rs226357	 0.200450	-10.88	  2.25532	545	  1	top1	0.2	6.5e-30	 -2.2553	2.41e-02
NA	/data/songy4/twas/output/weights_control//ENSG00000197417.wgt.RDat	ENSG00000197417	17	3511556	3539616	0.0715	rs3829957	  3.91	rs224498	 0.053825	  6.44	 -0.03093	546	  4	lasso	0.081	2.2e-12	  0.5890	5.56e-01
NA	/data/songy4/twas/output/weights_control//ENSG00000213977.wgt.RDat	ENSG00000213977	17	3566196	3571976	0.3731	rs9889588	  3.94	rs222757	 0.398869	 15.21	  0.43299	531	  4	lasso	0.4	1.1e-65	  0.4940	6.21e-01
NA	/data/songy4/twas/output/weights_control//ENSG00000108405.wgt.RDat	ENSG00000108405	17	3799886	3819794	0.6771	rs9889588	  3.98	rs11078477	 0.618168	-18.88	 -0.15455	501	 64	enet	0.64	3.9e-131	  0.2645	7.91e-01
NA	/data/songy4/twas/output/weights_control//ENSG00000074755.wgt.RDat	ENSG00000074755	17	3907739	4046314	0.0900	rs35773449	 -2.96	rs8068804	 0.081326	  7.07	 -1.12871	573	  1	top1	0.081	1.9e-12	 -1.1287	2.59e-01
NA	/data/songy4/twas/output/weights_control//ENSG00000167740.wgt.RDat	ENSG00000167740	17	4046462	4090605	0.0591	rs35773449	 -2.96	rs1049523	 0.021030	  5.13	 -1.44068	479	  5	lasso	0.031	1.4e-05	 -1.1300	2.58e-01
NA	/data/songy4/twas/output/weights_control//ENSG00000185722.wgt.RDat	ENSG00000185722	17	4067201	4167274	0.0229	rs35773449	 -2.96	rs8069769	 0.006083	  3.94	 -1.94059	509	  1	top1	0.0061	0.034	 -1.9406	5.23e-02
NA	/data/songy4/twas/output/weights_control//ENSG00000161905.wgt.RDat	ENSG00000161905	17	4534197	4545589	0.2420	rs1567238	  3.61	rs4346260	 0.243630	-12.27	 -0.54545	445	  4	lasso	0.26	5.6e-39	  0.4519	6.51e-01
NA	/data/songy4/twas/output/weights_control//ENSG00000141480.wgt.RDat	ENSG00000141480	17	4613784	4624794	0.1368	rs1567238	  3.61	rs34230287	 0.122911	  8.64	 -0.57522	436	  1	top1	0.12	2.7e-18	 -0.5752	5.65e-01
NA	/data/songy4/twas/output/weights_control//ENSG00000161920.wgt.RDat	ENSG00000161920	17	4634723	4636905	0.0812	rs1567238	  3.61	rs8123	 0.057793	  5.98	 -0.77966	438	  1	top1	0.058	3.2e-09	 -0.7797	4.36e-01
NA	/data/songy4/twas/output/weights_control//ENSG00000161921.wgt.RDat	ENSG00000161921	17	4636821	4643217	0.3316	rs1567238	  3.61	rs2277680	 0.183567	-10.32	  0.64894	443	 25	enet	0.23	3.7e-34	 -0.6952	4.87e-01
NA	/data/songy4/twas/output/weights_control//ENSG00000182853.wgt.RDat	ENSG00000182853	17	4688580	4689728	0.1299	rs1567238	  3.61	rs11869640	 0.103265	 -7.80	 -0.90769	431	  1	top1	0.1	1.7e-15	  0.9077	3.64e-01
NA	/data/songy4/twas/output/weights_control//ENSG00000129219.wgt.RDat	ENSG00000129219	17	4710391	4726729	0.2526	rs1567238	  3.61	rs2286670	 0.257255	 12.20	  1.50746	436	  1	top1	0.26	3.9e-39	  1.5075	1.32e-01
NA	/data/songy4/twas/output/weights_control//ENSG00000141503.wgt.RDat	ENSG00000141503	17	4736683	4801356	0.0874	rs1567238	  3.61	rs9897420	 0.055153	 -5.95	  1.47423	454	 20	enet	0.086	3.8e-13	  0.2501	8.02e-01
NA	/data/songy4/twas/output/weights_control//ENSG00000108556.wgt.RDat	ENSG00000108556	17	4801069	4806369	0.1563	rs1567238	  3.61	rs34461890	 0.190802	 10.51	  2.94410	442	  1	top1	0.19	2.1e-28	  2.9441	3.24e-03
NA	/data/songy4/twas/output/weights_control//ENSG00000205710.wgt.RDat	ENSG00000205710	17	4802713	4806227	0.0551	rs1567238	  3.61	rs2302321	 0.049301	  6.62	  2.70186	442	  1	top1	0.049	4.4e-08	  2.7019	6.90e-03
NA	/data/songy4/twas/output/weights_control//ENSG00000108528.wgt.RDat	ENSG00000108528	17	4840425	4843546	0.0666	rs1567238	  3.61	rs2586532	 0.002705	 -4.60	  1.19820	445	  4	lasso	0.0092	0.012	 -0.7490	4.54e-01
NA	/data/songy4/twas/output/weights_control//ENSG00000108518.wgt.RDat	ENSG00000108518	17	4848947	4852356	0.0343	rs1567238	  3.61	rs2871188	 0.002410	 -3.90	 -1.66667	446	  5	lasso	0.01	0.0087	  1.7747	7.59e-02
NA	/data/songy4/twas/output/weights_control//ENSG00000091640.wgt.RDat	ENSG00000091640	17	4862521	4871167	0.2355	rs1567238	  3.61	rs16942615	 0.202693	 10.84	 -0.59218	442	  5	lasso	0.2	2e-30	 -0.5664	5.71e-01
NA	/data/songy4/twas/output/weights_control//ENSG00000108509.wgt.RDat	ENSG00000108509	17	4871287	4890960	0.0424	rs1567238	  3.61	rs2286010	 0.045804	  5.40	 -0.37652	447	  1	top1	0.046	1.3e-07	 -0.3765	7.07e-01
NA	/data/songy4/twas/output/weights_control//ENSG00000129250.wgt.RDat	ENSG00000129250	17	4901243	4931696	0.0588	rs1567238	  3.61	rs2243100	 0.009624	  3.96	  2.58571	455	  1	top1	0.0096	0.011	  2.5857	9.72e-03
NA	/data/songy4/twas/output/weights_control//ENSG00000129204.wgt.RDat	ENSG00000129204	17	5019733	5078329	0.5084	rs1567238	  3.61	rs2585266	 0.263352	 12.31	  0.89617	468	 48	enet	0.29	3.4e-44	  1.1558	2.48e-01
NA	/data/songy4/twas/output/weights_control//ENSG00000029725.wgt.RDat	ENSG00000029725	17	5185558	5289129	0.1686	rs1567238	  3.61	rs7212681	 0.182377	-10.49	 -0.84815	565	  1	top1	0.18	4.1e-27	  0.8481	3.96e-01
NA	/data/songy4/twas/output/weights_control//ENSG00000108561.wgt.RDat	ENSG00000108561	17	5336097	5352150	0.0528	rs1567238	  3.61	rs1065483	 0.068679	 -6.68	  0.95440	549	  1	top1	0.069	1e-10	 -0.9544	3.40e-01
NA	/data/songy4/twas/output/weights_control//ENSG00000167842.wgt.RDat	ENSG00000167842	17	5389605	5394134	0.0936	rs8076995	  3.11	rs11869909	 0.033148	 -5.31	  0.77961	533	 31	enet	0.051	2.8e-08	 -0.1432	8.86e-01
NA	/data/songy4/twas/output/weights_control//ENSG00000091622.wgt.RDat	ENSG00000091622	17	6354584	6459814	0.1495	rs1983177	  2.89	rs1557916	 0.082175	  6.97	  0.69725	630	  1	top1	0.082	1.5e-12	  0.6972	4.86e-01
NA	/data/songy4/twas/output/weights_control//ENSG00000198920.wgt.RDat	ENSG00000198920	17	6481468	6544247	0.1911	rs12941354	  3.38	rs7221587	 0.170074	-10.11	  0.94792	618	  1	top1	0.17	3.1e-25	 -0.9479	3.43e-01
NA	/data/songy4/twas/output/weights_control//ENSG00000129235.wgt.RDat	ENSG00000129235	17	6544078	6547861	0.1080	rs12941354	  3.38	rs11078642	 0.090851	 -7.49	  0.42105	570	  1	top1	0.091	9.2e-14	 -0.4211	6.74e-01
NA	/data/songy4/twas/output/weights_control//ENSG00000108590.wgt.RDat	ENSG00000108590	17	6546635	6554954	0.1044	rs12941354	  3.38	rs12945502	 0.069743	  6.54	 -0.36923	571	  1	top1	0.07	7.5e-11	 -0.3692	7.12e-01
NA	/data/songy4/twas/output/weights_control//ENSG00000256806.wgt.RDat	ENSG00000256806	17	6555059	6556617	0.0889	rs12941354	  3.38	rs1808213	 0.087948	  7.38	 -0.17647	567	  1	top1	0.088	2.3e-13	 -0.1765	8.60e-01
NA	/data/songy4/twas/output/weights_control//ENSG00000177294.wgt.RDat	ENSG00000177294	17	6679542	6700420	0.1714	rs2521985	 -4.12	rs9891567	 0.156776	  9.55	  2.34694	533	  1	top1	0.16	3.1e-23	  2.3469	1.89e-02
NA	/data/songy4/twas/output/weights_control//ENSG00000132514.wgt.RDat	ENSG00000132514	17	6977856	6983626	0.0965	rs9217	  5.63	rs10459916	 0.069160	  6.51	  2.31776	499	  5	enet	0.085	5.3e-13	  1.6339	1.02e-01
NA	/data/songy4/twas/output/weights_control//ENSG00000161944.wgt.RDat	ENSG00000161944	17	7004641	7019019	0.3418	rs9217	  5.63	rs425694	 0.187687	 10.44	 -0.64423	503	 29	enet	0.26	5.7e-39	 -0.2252	8.22e-01
NA	/data/songy4/twas/output/weights_control//ENSG00000072778.wgt.RDat	ENSG00000072778	17	7120444	7128592	0.1243	rs9217	  5.63	rs446994	 0.136211	  9.00	 -3.43750	477	  1	top1	0.14	3.3e-20	 -3.4375	5.87e-04
NA	/data/songy4/twas/output/weights_control//ENSG00000040633.wgt.RDat	ENSG00000040633	17	7138347	7143041	0.0705	rs9217	  5.63	rs1215	 0.017527	 -4.49	  2.14815	475	  3	lasso	0.024	1e-04	 -1.9130	5.57e-02
NA	/data/songy4/twas/output/weights_control//ENSG00000175826.wgt.RDat	ENSG00000175826	17	7146910	7155810	0.0860	rs9217	  5.63	rs2654189	 0.039328	 -5.46	 -3.44231	474	  1	top1	0.039	9.8e-07	  3.4423	5.77e-04
NA	/data/songy4/twas/output/weights_control//ENSG00000181856.wgt.RDat	ENSG00000181856	17	7184986	7191576	0.0643	rs9217	  5.63	rs222852	 0.039945	  5.28	 -3.25263	468	  3	lasso	0.041	5.1e-07	 -3.1111	1.86e-03
NA	/data/songy4/twas/output/weights_control//ENSG00000072818.wgt.RDat	ENSG00000072818	17	7239848	7254797	0.1381	rs9217	  5.63	rs35776863	 0.114888	 -8.20	 -2.49593	462	  6	lasso	0.12	2.1e-18	  2.7695	5.61e-03
NA	/data/songy4/twas/output/weights_control//ENSG00000213859.wgt.RDat	ENSG00000213859	17	7255208	7258258	0.2093	rs9217	  5.63	rs35776863	 0.129270	  8.77	 -2.49593	459	  6	lasso	0.13	2.3e-19	 -2.7504	5.95e-03
NA	/data/songy4/twas/output/weights_control//ENSG00000174292.wgt.RDat	ENSG00000174292	17	7283853	7293093	0.0729	rs9217	  5.63	rs4613118	 0.016266	  5.44	 -1.13636	476	  5	lasso	0.02	0.00036	 -1.1692	2.42e-01
NA	/data/songy4/twas/output/weights_control//ENSG00000170175.wgt.RDat	ENSG00000170175	17	7348380	7361026	0.1428	rs9217	  5.63	rs17732878	 0.131409	  8.86	  4.64602	497	  4	lasso	0.14	1.8e-20	  5.3989	6.71e-08
NA	/data/songy4/twas/output/weights_control//ENSG00000239697.wgt.RDat	ENSG00000239697	17	7452208	7464925	0.0638	rs9217	  5.63	rs34790908	 0.023788	  5.38	 -3.47222	487	  3	lasso	0.039	1e-06	 -4.3316	1.48e-05
NA	/data/songy4/twas/output/weights_control//ENSG00000248871.wgt.RDat	ENSG00000248871	17	7452416	7464918	0.2239	rs9217	  5.63	rs28625968	 0.118863	  9.33	 -2.03093	487	 30	enet	0.19	2.2e-28	 -3.2379	1.20e-03
NA	/data/songy4/twas/output/weights_control//ENSG00000161960.wgt.RDat	ENSG00000161960	17	7476024	7482323	0.0646	rs9217	  5.63	rs9908405	 0.060278	  6.29	  2.00714	484	  1	top1	0.06	1.5e-09	  2.0071	4.47e-02
NA	/data/songy4/twas/output/weights_control//ENSG00000183011.wgt.RDat	ENSG00000183011	17	7760003	7788556	0.0983	rs9217	  5.63	rs872346	 0.000667	 -4.44	 -1.42202	518	 15	enet	0.03	1.9e-05	 -0.3006	7.64e-01
NA	/data/songy4/twas/output/weights_control//ENSG00000182224.wgt.RDat	ENSG00000182224	17	7761064	7765600	0.1123	rs9217	  5.63	rs2270517	 0.066382	 -6.92	 -1.95652	508	 13	enet	0.071	4.3e-11	  3.3620	7.74e-04
NA	/data/songy4/twas/output/weights_control//ENSG00000170004.wgt.RDat	ENSG00000170004	17	7788124	7816078	0.0508	rs9217	  5.63	rs9889453	-0.001150	  4.01	  1.03030	517	 17	enet	0.0014	0.18	  1.4422	1.49e-01
NA	/data/songy4/twas/output/weights_control//ENSG00000170049.wgt.RDat	ENSG00000170049	17	7825177	7833121	0.0318	rs9217	  5.63	rs11650083	 0.015693	 -4.36	 -2.79570	506	  1	top1	0.016	0.0015	  2.7957	5.18e-03
NA	/data/songy4/twas/output/weights_control//ENSG00000178971.wgt.RDat	ENSG00000178971	17	8130191	8151362	0.2457	rs4792199	 -4.10	rs3027247	 0.335882	-13.94	 -2.28571	457	  1	top1	0.34	4.1e-53	  2.2857	2.23e-02
NA	/data/songy4/twas/output/weights_control//ENSG00000184619.wgt.RDat	ENSG00000184619	17	8271955	8280029	0.2541	rs4792199	 -3.92	rs9911562	 0.183974	 10.56	 -0.09091	456	  2	lasso	0.21	8.5e-32	  0.5976	5.50e-01
NA	/data/songy4/twas/output/weights_control//ENSG00000183318.wgt.RDat	ENSG00000183318	17	8656424	8661877	0.1044	rs4442859	  3.24	rs8065624	 0.013416	 -4.09	  0.77570	457	  5	lasso	0.027	4.2e-05	 -0.7914	4.29e-01
NA	/data/songy4/twas/output/weights_control//ENSG00000185156.wgt.RDat	ENSG00000185156	17	8700436	8702667	0.0827	rs4442859	  3.24	rs4791764	 0.034932	 -5.04	  0.46429	454	  3	lasso	0.036	2.7e-06	 -0.1666	8.68e-01
NA	/data/songy4/twas/output/weights_control//ENSG00000109047.wgt.RDat	ENSG00000109047	17	9799637	9808938	0.2440	rs8074576	  2.93	rs1047334	 0.242998	 11.87	  0.36364	642	 16	enet	0.25	4.1e-37	  0.0202	9.84e-01
NA	/data/songy4/twas/output/weights_control//ENSG00000007237.wgt.RDat	ENSG00000007237	17	9813926	10101868	0.1616	rs8074576	  2.93	rs7222805	 0.002419	  5.04	 -0.65563	741	 34	enet	0.066	2.3e-10	 -0.5826	5.60e-01
NA	/data/songy4/twas/output/weights_control//ENSG00000109063.wgt.RDat	ENSG00000109063	17	10531843	10560626	0.2167	rs16944055	  3.22	rs8075503	 0.098239	  8.17	 -1.65979	556	 50	enet	0.14	3.8e-21	 -1.7999	7.19e-02
NA	/data/songy4/twas/output/weights_control//ENSG00000133028.wgt.RDat	ENSG00000133028	17	10583654	10601692	0.1614	rs16944055	  3.22	rs9904211	 0.140842	  9.28	 -1.64000	507	  1	top1	0.14	6.9e-21	 -1.6400	1.01e-01
NA	/data/songy4/twas/output/weights_control//ENSG00000170222.wgt.RDat	ENSG00000170222	17	10600911	10614550	0.2920	rs16944055	  3.22	rs483734	 0.402092	-15.23	 -1.60638	505	  1	top1	0.4	3.2e-66	  1.6064	1.08e-01
NA	/data/songy4/twas/output/weights_control//ENSG00000187824.wgt.RDat	ENSG00000187824	17	10602332	10633633	0.1308	rs16944055	  3.22	rs10521170	 0.118912	  8.40	 -1.51000	517	  1	top1	0.12	1e-17	 -1.5100	1.31e-01
NA	/data/songy4/twas/output/weights_control//ENSG00000065559.wgt.RDat	ENSG00000065559	17	11924141	12047147	0.0624	rs8065503	  3.61	rs12451415	 0.004762	  4.01	  0.41803	512	 14	enet	0.014	0.0025	  1.9606	4.99e-02
NA	/data/songy4/twas/output/weights_control//ENSG00000006744.wgt.RDat	ENSG00000006744	17	12895708	12921504	0.1276	rs4791503	 -3.56	rs2302069	 0.072216	 -7.49	  2.05674	574	  4	lasso	0.094	3.6e-14	 -1.5111	1.31e-01
NA	/data/songy4/twas/output/weights_control//ENSG00000006695.wgt.RDat	ENSG00000006695	17	13972813	14111994	0.0540	rs6502302	  3.40	rs12944270	-0.001373	 -3.69	  0.21569	707	 39	enet	0.0067	0.028	  0.6152	5.38e-01
NA	/data/songy4/twas/output/weights_control//ENSG00000125430.wgt.RDat	ENSG00000125430	17	14204400	14252721	0.0764	rs6502302	  3.40	rs10521264	 0.034450	 -4.62	 -0.10917	676	  1	top1	0.034	4.4e-06	  0.1092	9.13e-01
NA	/data/songy4/twas/output/weights_control//ENSG00000109099.wgt.RDat	ENSG00000109099	17	15133095	15168643	0.0961	rs8064366	  3.05	rs230938	 0.049696	  5.59	  0.02970	553	  1	top1	0.05	3.9e-08	  0.0297	9.76e-01
NA	/data/songy4/twas/output/weights_control//ENSG00000175106.wgt.RDat	ENSG00000175106	17	15341205	15466909	0.2136	rs2157991	  5.29	rs2938171	 0.152333	 -9.49	  0.01460	471	  5	lasso	0.17	4.7e-25	 -0.0390	9.69e-01
NA	/data/songy4/twas/output/weights_control//ENSG00000221926.wgt.RDat	ENSG00000221926	17	15531274	15587625	0.4737	rs2157991	  5.29	rs10221188	 0.400129	-15.21	  0.92562	380	  1	top1	0.4	8.3e-66	 -0.9256	3.55e-01
NA	/data/songy4/twas/output/weights_control//ENSG00000187607.wgt.RDat	ENSG00000187607	17	15602891	15640874	0.2921	rs2157991	  5.29	rs17776733	 0.126633	  9.11	 -0.84615	362	  7	lasso	0.15	1.4e-21	 -0.6662	5.05e-01
NA	/data/songy4/twas/output/weights_control//ENSG00000214941.wgt.RDat	ENSG00000214941	17	15879874	15903031	0.0638	rs2157991	  5.29	rs1045599	 0.100536	  7.89	  4.74737	292	  1	top1	0.1	4.1e-15	  4.7474	2.06e-06
NA	/data/songy4/twas/output/weights_control//ENSG00000011295.wgt.RDat	ENSG00000011295	17	15902694	15948329	0.0615	rs2157991	  5.29	rs3760298	 0.107257	 -8.16	  4.50526	294	  1	top1	0.11	4.6e-16	 -4.5053	6.63e-06
NA	/data/songy4/twas/output/weights_control//ENSG00000141027.wgt.RDat	ENSG00000141027	17	15932471	16121499	0.0819	rs2157991	  5.29	rs7207889	 0.101401	  8.57	  4.58947	336	 23	enet	0.11	4.4e-17	  3.8716	1.08e-04
NA	/data/songy4/twas/output/weights_control//ENSG00000108474.wgt.RDat	ENSG00000108474	17	16120505	16252115	0.0266	rs2157991	  5.29	rs12946619	 0.011791	  4.42	  4.95789	304	  1	top1	0.012	0.0053	  4.9579	7.13e-07
NA	/data/songy4/twas/output/weights_control//ENSG00000166582.wgt.RDat	ENSG00000166582	17	16245848	16256970	0.1737	rs2157991	  5.29	rs3112526	 0.212016	 11.15	  4.72165	286	 20	enet	0.22	3.9e-33	  4.8799	1.06e-06
NA	/data/songy4/twas/output/weights_control//ENSG00000187688.wgt.RDat	ENSG00000187688	17	16318856	16340317	0.0676	rs2157991	  5.29	rs1847580	-0.001238	  3.46	 -0.55288	320	 23	enet	0.003	0.099	  0.0866	9.31e-01
NA	/data/songy4/twas/output/weights_control//ENSG00000181350.wgt.RDat	ENSG00000181350	17	16344891	16395467	0.1449	rs2157991	  5.29	rs4617905	 0.047614	  5.41	  1.09434	354	  8	lasso	0.07	7.2e-11	  1.0189	3.08e-01
NA	/data/songy4/twas/output/weights_control//ENSG00000197566.wgt.RDat	ENSG00000197566	17	16524051	16557170	0.0787	rs178810	  5.29	rs8068349	 0.038815	  5.96	 -0.69872	351	 26	enet	0.074	1.7e-11	  1.0318	3.02e-01
NA	/data/songy4/twas/output/weights_control//ENSG00000133030.wgt.RDat	ENSG00000133030	17	16945859	17120993	0.1517	rs748196	 -3.82	rs8066234	 0.136398	  9.09	 -2.67593	446	  1	top1	0.14	3.1e-20	 -2.6759	7.45e-03
NA	/data/songy4/twas/output/weights_control//ENSG00000179598.wgt.RDat	ENSG00000179598	17	17104309	17109629	0.3722	rs748196	 -3.82	rs2294155	 0.228608	 11.79	  1.50725	384	 57	enet	0.29	2.6e-45	  0.7778	4.37e-01
NA	/data/songy4/twas/output/weights_control//ENSG00000154803.wgt.RDat	ENSG00000154803	17	17115526	17140502	0.3167	rs748196	 -3.82	rs2294155	 0.156245	  9.62	  1.50725	403	  1	top1	0.16	3.7e-23	  1.5072	1.32e-01
NA	/data/songy4/twas/output/weights_control//ENSG00000141030.wgt.RDat	ENSG00000141030	17	17150141	17184607	0.2527	rs752579	 -4.18	rs1630656	 0.296855	-13.08	 -3.49000	414	  6	lasso	0.3	2.6e-46	  3.2936	9.89e-04
NA	/data/songy4/twas/output/weights_control//ENSG00000205309.wgt.RDat	ENSG00000205309	17	17206649	17250977	0.6535	rs3818717	 -5.14	rs2294155	 0.621813	 18.91	  1.50725	437	  8	lasso	0.64	2.8e-130	  1.4131	1.58e-01
NA	/data/songy4/twas/output/weights_control//ENSG00000108557.wgt.RDat	ENSG00000108557	17	17584787	17714767	0.0641	rs3818717	 -5.14	rs3785499	 0.019588	 -4.59	 -1.97895	478	  3	lasso	0.026	6.6e-05	  1.8258	6.79e-02
NA	/data/songy4/twas/output/weights_control//ENSG00000072310.wgt.RDat	ENSG00000072310	17	17713713	17740325	0.1154	rs3818717	 -5.14	rs7359509	 0.195581	-10.91	 -4.27551	448	  1	top1	0.2	3.8e-29	  4.2755	1.91e-05
NA	/data/songy4/twas/output/weights_control//ENSG00000171962.wgt.RDat	ENSG00000171962	17	17876127	17920203	0.4936	rs3818717	 -5.14	rs4925118	 0.050887	  7.13	 -0.53333	389	 40	enet	0.19	8.7e-28	 -3.8697	1.09e-04
NA	/data/songy4/twas/output/weights_control//ENSG00000141034.wgt.RDat	ENSG00000141034	17	17942606	17971718	0.0257	rs3818717	 -5.14	rs4459604	 0.014328	 -4.00	 -2.94000	355	  2	lasso	0.014	0.0023	  3.1641	1.56e-03
NA	/data/songy4/twas/output/weights_control//ENSG00000108591.wgt.RDat	ENSG00000108591	17	17991200	18011285	0.1284	rs3818717	 -5.14	rs2955365	 0.056419	  6.86	 -3.12000	338	  7	lasso	0.11	4.5e-16	 -0.8128	4.16e-01
NA	/data/songy4/twas/output/weights_control//ENSG00000131899.wgt.RDat	ENSG00000131899	17	18128901	18148189	0.2391	rs3818717	 -5.14	rs4925159	 0.112220	 -8.14	  0.18750	293	 20	enet	0.16	2.6e-23	  1.1905	2.34e-01
NA	/data/songy4/twas/output/weights_control//ENSG00000177427.wgt.RDat	ENSG00000177427	17	18163848	18169866	0.0939	rs3818717	 -5.14	rs4925159	 0.049150	 -5.61	  0.18750	284	  1	top1	0.049	4.7e-08	 -0.1875	8.51e-01
NA	/data/songy4/twas/output/weights_control//ENSG00000177302.wgt.RDat	ENSG00000177302	17	18174742	18218321	0.1248	rs3818717	 -5.14	rs4925159	 0.103541	 -7.88	  0.18750	296	  1	top1	0.1	1.5e-15	 -0.1875	8.51e-01
NA	/data/songy4/twas/output/weights_control//ENSG00000176994.wgt.RDat	ENSG00000176994	17	18218624	18226517	0.1426	rs11657423	 -4.65	rs7207306	 0.152607	  9.72	  1.65094	283	  7	lasso	0.16	2.9e-23	  1.6199	1.05e-01
NA	/data/songy4/twas/output/weights_control//ENSG00000176974.wgt.RDat	ENSG00000176974	17	18231187	18266856	0.6696	rs12943500	 -4.65	rs1682280	 0.460491	-16.31	 -3.00000	285	 47	enet	0.63	6.4e-125	  2.0954	3.61e-02
NA	/data/songy4/twas/output/weights_control//ENSG00000214860.wgt.RDat	ENSG00000214860	17	18280976	18292961	0.0350	rs12943500	 -4.65	rs4925159	 0.022279	  4.37	  0.18750	272	  1	top1	0.022	0.00019	  0.1875	8.51e-01
NA	/data/songy4/twas/output/weights_control//ENSG00000171916.wgt.RDat	ENSG00000171916	17	18380051	18398259	0.6692	rs12943914	 -4.63	rs2530005	 0.423264	-15.64	  0.64159	294	 29	enet	0.48	1.9e-83	 -1.9414	5.22e-02
NA	/data/songy4/twas/output/weights_control//ENSG00000240445.wgt.RDat	ENSG00000240445	17	18574259	18576186	0.0228	rs2245737	 -3.95	rs4449005	 0.028904	 -4.41	 -1.24167	230	  1	top1	0.029	2.5e-05	  1.2417	2.14e-01
NA	/data/songy4/twas/output/weights_control//ENSG00000108448.wgt.RDat	ENSG00000108448	17	18601311	18639431	0.1823	rs2245737	 -3.95	rs9912852	 0.156407	  9.60	  1.64085	217	  6	lasso	0.16	8.2e-24	  1.3680	1.71e-01
NA	/data/songy4/twas/output/weights_control//ENSG00000171928.wgt.RDat	ENSG00000171928	17	18684308	18710027	0.1680	rs3829956	  3.17	rs4123417	 0.206558	-10.95	  1.11966	180	  4	lasso	0.21	4.6e-32	 -0.8260	4.09e-01
NA	/data/songy4/twas/output/weights_control//ENSG00000141127.wgt.RDat	ENSG00000141127	17	18743398	18834581	0.1061	rs2428373	 -3.07	rs9907723	 0.118897	  8.44	 -1.00000	180	  1	top1	0.12	1e-17	 -1.0000	3.17e-01
NA	/data/songy4/twas/output/weights_control//ENSG00000188522.wgt.RDat	ENSG00000188522	17	18872102	18908117	0.2157	rs2428373	 -3.07	rs6502681	 0.119978	  8.41	  0.84746	179	 28	enet	0.13	1.3e-19	  0.8897	3.74e-01
NA	/data/songy4/twas/output/weights_control//ENSG00000154016.wgt.RDat	ENSG00000154016	17	18923986	18950950	0.1278	rs2428373	 -3.07	rs1043809	 0.070564	 -6.55	 -1.64000	187	 10	lasso	0.088	2.6e-13	  1.7516	7.98e-02
NA	/data/songy4/twas/output/weights_control//ENSG00000189152.wgt.RDat	ENSG00000189152	17	19030782	19062489	0.1551	rs2428373	 -3.07	rs4924967	 0.153337	 -9.72	 -1.71212	230	  6	lasso	0.16	6.4e-24	  1.9473	5.15e-02
NA	/data/songy4/twas/output/weights_control//ENSG00000128482.wgt.RDat	ENSG00000128482	17	19314438	19320589	0.0790	rs2428373	 -3.07	rs7501702	 0.081604	  7.24	 -2.46667	277	  1	top1	0.082	1.8e-12	 -2.4667	1.36e-02
NA	/data/songy4/twas/output/weights_control//ENSG00000142494.wgt.RDat	ENSG00000142494	17	19398698	19482347	0.2537	rs2428373	 -3.07	rs8064748	 0.102467	 -7.82	  0.09735	275	 45	enet	0.17	6.2e-25	  0.4029	6.87e-01
NA	/data/songy4/twas/output/weights_control//ENSG00000072210.wgt.RDat	ENSG00000072210	17	19551449	19580911	0.1525	rs12150591	  2.88	rs4646798	 0.118361	  9.20	  0.12500	287	 31	enet	0.18	6.8e-27	  0.1566	8.76e-01
NA	/data/songy4/twas/output/weights_control//ENSG00000108599.wgt.RDat	ENSG00000108599	17	19807615	19881656	0.3705	rs12150591	  2.88	rs10459970	 0.426873	 15.66	  1.62500	306	  6	lasso	0.43	1.3e-72	  1.6848	9.20e-02
NA	/data/songy4/twas/output/weights_control//ENSG00000128487.wgt.RDat	ENSG00000128487	17	19912657	20222339	0.0439	rs7209734	 -1.96	rs3764436	 0.044474	  5.71	  1.67808	309	  1	top1	0.044	2e-07	  1.6781	9.33e-02
NA	/data/songy4/twas/output/weights_control//ENSG00000170298.wgt.RDat	ENSG00000170298	17	20352708	20370852	0.1743	rs7209734	 -1.96	rs2526466	 0.138343	 10.56	 -1.75258	185	 26	enet	0.22	3.3e-33	 -1.7030	8.86e-02
NA	/data/songy4/twas/output/weights_control//ENSG00000205212.wgt.RDat	ENSG00000205212	17	20739760	20799453	0.3208	rs4130339	 -2.35	rs16962541	 0.197268	 11.13	 -1.01852	202	  6	lasso	0.24	1.2e-35	 -0.9028	3.67e-01
NA	/data/songy4/twas/output/weights_control//ENSG00000124422.wgt.RDat	ENSG00000124422	17	20902910	20947073	0.1016	rs4130339	 -2.35	rs11204328	 0.046355	 -6.56	  1.52041	213	 27	enet	0.079	4e-12	 -0.6111	5.41e-01
NA	/data/songy4/twas/output/weights_control//ENSG00000109046.wgt.RDat	ENSG00000109046	17	25621102	25640657	0.2071	rs4795494	  2.30	rs6505199	 0.117914	 -8.41	  0.60000	282	  9	lasso	0.18	4.9e-26	 -0.7178	4.73e-01
NA	/data/songy4/twas/output/weights_control//ENSG00000141068.wgt.RDat	ENSG00000141068	17	25783670	25953461	0.2718	rs4795494	  2.30	rs2948539	 0.288162	-12.98	  0.03670	357	  5	lasso	0.31	1.3e-47	  0.0762	9.39e-01
NA	/data/songy4/twas/output/weights_control//ENSG00000168961.wgt.RDat	ENSG00000168961	17	25956824	25976586	0.3660	rs4795494	  2.30	rs12449977	 0.438976	-15.93	  0.56140	325	  1	top1	0.44	3.7e-74	 -0.5614	5.75e-01
NA	/data/songy4/twas/output/weights_control//ENSG00000007171.wgt.RDat	ENSG00000007171	17	26083792	26127525	0.1582	rs658591	  2.79	rs2079714	 0.166703	  9.96	  0.87611	319	  1	top1	0.17	1e-24	  0.8761	3.81e-01
NA	/data/songy4/twas/output/weights_control//ENSG00000109084.wgt.RDat	ENSG00000109084	17	26646121	26655707	0.2322	rs658591	  2.79	rs708100	 0.191212	 11.54	 -2.09474	268	 30	enet	0.27	5.4e-42	 -2.0934	3.63e-02
NA	/data/songy4/twas/output/weights_control//ENSG00000244045.wgt.RDat	ENSG00000244045	17	26684604	26708716	0.0642	rs658591	  2.79	rs4795434	 0.057189	 -6.03	  2.02105	280	  1	top1	0.057	3.8e-09	 -2.0211	4.33e-02
NA	/data/songy4/twas/output/weights_control//ENSG00000004139.wgt.RDat	ENSG00000004139	17	26691378	26728065	0.0286	rs658591	  2.79	rs3093679	 0.028381	 -4.83	  1.10169	287	  1	top1	0.028	2.9e-05	 -1.1017	2.71e-01
NA	/data/songy4/twas/output/weights_control//ENSG00000167525.wgt.RDat	ENSG00000167525	17	27030215	27038872	0.1474	rs1844754	 -3.06	rs8074623	 0.143549	 -9.51	 -1.64368	315	  8	lasso	0.16	4.4e-23	  1.6762	9.37e-02
NA	/data/songy4/twas/output/weights_control//ENSG00000109113.wgt.RDat	ENSG00000109113	17	27041299	27045447	0.0397	rs1844754	 -3.06	rs12051648	 0.005675	 -4.26	 -0.46465	317	 18	enet	0.028	3.6e-05	  0.2256	8.22e-01
NA	/data/songy4/twas/output/weights_control//ENSG00000221995.wgt.RDat	ENSG00000221995	17	27400537	27418537	0.0496	rs565977	  3.99	rs2279956	 0.032414	  5.59	  1.40000	334	  1	top1	0.032	8.3e-06	  1.4000	1.62e-01
NA	/data/songy4/twas/output/weights_control//ENSG00000168792.wgt.RDat	ENSG00000168792	17	27887565	27894155	0.3608	rs565977	  3.99	rs497993	 0.236862	 11.82	  3.91429	316	  1	top1	0.24	9.6e-36	  3.9143	9.07e-05
NA	/data/songy4/twas/output/weights_control//ENSG00000167543.wgt.RDat	ENSG00000167543	17	27893070	27900175	0.0665	rs565977	  3.99	rs497993	 0.027621	 -4.36	  3.91429	317	  1	top1	0.028	3.7e-05	 -3.9143	9.07e-05
NA	/data/songy4/twas/output/weights_control//ENSG00000108262.wgt.RDat	ENSG00000108262	17	27900487	27921072	0.0709	rs565977	  3.99	rs2292973	 0.052309	 -6.25	 -2.28283	328	  1	top1	0.052	1.7e-08	  2.2828	2.24e-02
NA	/data/songy4/twas/output/weights_control//ENSG00000141298.wgt.RDat	ENSG00000141298	17	27952956	28257294	0.2137	rs565977	  3.99	rs7223455	 0.243389	-11.92	 -1.86957	423	  7	lasso	0.29	2.9e-45	  1.3108	1.90e-01
NA	/data/songy4/twas/output/weights_control//ENSG00000176927.wgt.RDat	ENSG00000176927	17	28256218	28435470	0.0976	rs565977	  3.99	rs3936006	 0.093060	  8.78	 -0.06383	401	 23	enet	0.11	4.7e-16	  0.1186	9.06e-01
NA	/data/songy4/twas/output/weights_control//ENSG00000108578.wgt.RDat	ENSG00000108578	17	28575218	28619074	0.1612	rs140700	 -2.66	rs3110095	 0.191809	-10.79	 -0.31633	319	 10	lasso	0.21	9.2e-32	  0.4760	6.34e-01
NA	/data/songy4/twas/output/weights_control//ENSG00000108582.wgt.RDat	ENSG00000108582	17	28705923	28797007	0.2482	rs140700	 -2.66	rs8082357	 0.123488	 -8.48	 -1.62857	343	 38	enet	0.17	7e-26	  1.6006	1.09e-01
NA	/data/songy4/twas/output/weights_control//ENSG00000108587.wgt.RDat	ENSG00000108587	17	28804380	28854610	0.0574	rs140700	 -2.66	rs1434688	 0.067729	  6.75	 -0.98990	338	  8	lasso	0.076	1.1e-11	 -1.3145	1.89e-01
NA	/data/songy4/twas/output/weights_control//ENSG00000172171.wgt.RDat	ENSG00000172171	17	29224354	29233838	0.1255	rs12449302	  3.67	rs999797	 0.120070	  9.09	 -0.64901	282	 31	enet	0.15	3.1e-22	 -0.7261	4.68e-01
NA	/data/songy4/twas/output/weights_control//ENSG00000196712.wgt.RDat	ENSG00000196712	17	29421945	29709134	0.0544	rs12449302	  3.67	rs2525570	 0.062199	  6.08	  0.57576	431	 10	enet	0.065	3.7e-10	  1.1055	2.69e-01
NA	/data/songy4/twas/output/weights_control//ENSG00000265118.wgt.RDat	ENSG00000265118	17	29632231	29645849	0.0202	rs12449302	  3.67	rs1048317	 0.032290	 -4.72	  1.31683	376	  1	top1	0.032	8.6e-06	 -1.3168	1.88e-01
NA	/data/songy4/twas/output/weights_control//ENSG00000126860.wgt.RDat	ENSG00000126860	17	29644578	29648902	0.0569	rs12449302	  3.67	rs2525570	 0.079741	 -6.95	  0.57576	374	  1	top1	0.08	3.2e-12	 -0.5758	5.65e-01
NA	/data/songy4/twas/output/weights_control//ENSG00000131242.wgt.RDat	ENSG00000131242	17	29718642	29865236	0.5211	rs12449302	  3.67	rs4794893	 0.109479	 -8.17	 -0.80667	396	 37	enet	0.31	6.2e-49	 -1.1049	2.69e-01
NA	/data/songy4/twas/output/weights_control//ENSG00000172301.wgt.RDat	ENSG00000172301	17	30178883	30186356	0.0626	rs7213426	  2.87	rs9906443	 0.024213	 -3.95	  0.54610	328	  1	top1	0.024	0.00011	 -0.5461	5.85e-01
NA	/data/songy4/twas/output/weights_control//ENSG00000108651.wgt.RDat	ENSG00000108651	17	30187923	30228784	0.0303	rs7213426	  2.87	rs8079471	 0.034201	 -4.63	  0.09091	333	  1	top1	0.034	4.8e-06	 -0.0909	9.28e-01
NA	/data/songy4/twas/output/weights_control//ENSG00000126858.wgt.RDat	ENSG00000126858	17	30469473	30580393	0.1061	rs321173	 -2.80	rs7208838	 0.082748	 -7.50	  0.20455	338	 31	enet	0.1	3.3e-15	 -0.5939	5.53e-01
NA	/data/songy4/twas/output/weights_control//ENSG00000108666.wgt.RDat	ENSG00000108666	17	30651584	30677042	0.2438	rs321173	 -2.80	rs4794922	 0.110342	  8.03	 -0.07576	264	  5	lasso	0.21	1.8e-31	 -0.0897	9.29e-01
NA	/data/songy4/twas/output/weights_control//ENSG00000176749.wgt.RDat	ENSG00000176749	17	30813637	30818274	0.3300	rs321173	 -2.80	rs4287613	 0.340612	 14.04	 -0.55102	282	  6	lasso	0.36	4e-57	 -0.4053	6.85e-01
NA	/data/songy4/twas/output/weights_control//ENSG00000176658.wgt.RDat	ENSG00000176658	17	30819540	31204195	0.0909	rs1394394	 -2.94	rs4293434	 0.054054	 -6.37	  0.68817	565	  6	lasso	0.064	4.2e-10	 -0.5081	6.11e-01
NA	/data/songy4/twas/output/weights_control//ENSG00000006042.wgt.RDat	ENSG00000006042	17	31254928	31272124	0.3938	rs1394391	 -3.05	rs2301695	 0.307886	 13.77	  0.70714	539	 11	lasso	0.38	8.8e-61	  0.5117	6.09e-01
NA	/data/songy4/twas/output/weights_control//ENSG00000108702.wgt.RDat	ENSG00000108702	17	32687347	32690250	0.0753	rs3136675	  2.77	rs9902407	 0.049014	  5.53	  0.83754	693	  4	lasso	0.05	3.4e-08	  0.8578	3.91e-01
NA	/data/songy4/twas/output/weights_control//ENSG00000132141.wgt.RDat	ENSG00000132141	17	33254878	33308097	0.1186	rs11658605	 -2.46	rs4796030	 0.072304	  6.89	  0.75993	534	 18	enet	0.074	1.7e-11	  0.4821	6.30e-01
NA	/data/songy4/twas/output/weights_control//ENSG00000005156.wgt.RDat	ENSG00000005156	17	33307513	33332083	0.1397	rs10512471	 -2.81	rs797989	 0.141935	 -9.15	 -0.47052	501	  1	top1	0.14	4.7e-21	  0.4705	6.38e-01
NA	/data/songy4/twas/output/weights_control//ENSG00000092871.wgt.RDat	ENSG00000092871	17	33333009	33416338	0.0402	rs10512472	  3.00	rs9303683	 0.009992	 -4.01	  0.75258	510	  1	top1	0.01	0.0094	 -0.7526	4.52e-01
NA	/data/songy4/twas/output/weights_control//ENSG00000185379.wgt.RDat	ENSG00000185379	17	33426811	33448541	0.3286	rs10512472	  3.00	rs16970673	 0.271668	 12.58	  0.37821	433	  5	lasso	0.27	5e-42	  0.2482	8.04e-01
NA	/data/songy4/twas/output/weights_control//ENSG00000073536.wgt.RDat	ENSG00000073536	17	33455772	33469334	0.5012	rs10512472	  3.00	rs16970673	 0.503636	 17.03	  0.37821	425	  7	lasso	0.51	4.4e-92	  0.2181	8.27e-01
NA	/data/songy4/twas/output/weights_control//ENSG00000141161.wgt.RDat	ENSG00000141161	17	33474836	33516364	0.4184	rs3506	  3.03	rs16970673	 0.410687	 15.36	  0.37821	430	  5	lasso	0.42	6.7e-70	  0.1838	8.54e-01
NA	/data/songy4/twas/output/weights_control//ENSG00000166750.wgt.RDat	ENSG00000166750	17	33570055	33600674	0.3289	rs17638867	 -3.28	rs11080325	 0.273933	 12.59	  1.30612	386	 22	enet	0.32	3.7e-50	  0.7100	4.78e-01
NA	/data/songy4/twas/output/weights_control//ENSG00000172716.wgt.RDat	ENSG00000172716	17	33677324	33700720	0.0784	rs17638867	 -3.28	rs12937141	 0.000412	  4.50	  1.22439	373	 32	enet	0.017	0.0011	  0.7755	4.38e-01
NA	/data/songy4/twas/output/weights_control//ENSG00000172123.wgt.RDat	ENSG00000172123	17	33738079	33760302	0.6742	rs17638867	 -3.28	rs997655	 0.356686	 14.36	 -0.16568	385	 46	enet	0.44	2.2e-74	 -0.9379	3.48e-01
NA	/data/songy4/twas/output/weights_control//ENSG00000154760.wgt.RDat	ENSG00000154760	17	33762115	33775856	0.1756	rs17638867	 -3.28	rs11655913	 0.021403	  6.22	  0.47917	380	 36	enet	0.12	6.3e-18	 -2.1913	2.84e-02
NA	/data/songy4/twas/output/weights_control//ENSG00000205045.wgt.RDat	ENSG00000205045	17	33791268	33864880	0.2674	rs17638867	 -3.28	rs883416	 0.113218	 -8.18	  1.54167	392	 43	enet	0.2	1.9e-29	 -2.8914	3.83e-03
NA	/data/songy4/twas/output/weights_control//ENSG00000236320.wgt.RDat	ENSG00000236320	17	33875144	33885117	0.1624	rs17638867	 -3.28	rs4516277	 0.087536	  7.28	 -2.88119	373	 33	enet	0.1	1.1e-15	 -3.0291	2.45e-03
NA	/data/songy4/twas/output/weights_control//ENSG00000108733.wgt.RDat	ENSG00000108733	17	33901814	33905882	0.0706	rs17638867	 -3.28	rs225269	 0.046013	  5.87	  0.53191	379	  1	top1	0.046	1.2e-07	  0.5319	5.95e-01
NA	/data/songy4/twas/output/weights_control//ENSG00000006125.wgt.RDat	ENSG00000006125	17	33905065	34053436	0.0855	rs17638867	 -3.28	rs321601	 0.088542	  7.47	  0.17021	396	  1	top1	0.089	1.9e-13	  0.1702	8.65e-01
NA	/data/songy4/twas/output/weights_control//ENSG00000002834.wgt.RDat	ENSG00000002834	17	37026112	37078023	0.1187	rs4795311	 -4.42	rs660413	 0.027516	 -4.71	 -0.83186	362	  1	top1	0.028	3.8e-05	  0.8319	4.05e-01
NA	/data/songy4/twas/output/weights_control//ENSG00000263874.wgt.RDat	ENSG00000263874	17	37081421	37084310	0.1544	rs4795311	 -4.42	rs525989	 0.058369	  6.03	 -1.09346	352	 17	enet	0.079	4.6e-12	 -0.1639	8.70e-01
NA	/data/songy4/twas/output/weights_control//ENSG00000161381.wgt.RDat	ENSG00000161381	17	37219556	37310647	0.2153	rs4795311	 -4.42	rs4795348	 0.164424	  9.85	  1.03509	385	 27	enet	0.22	1.1e-33	  1.9323	5.33e-02
NA	/data/songy4/twas/output/weights_control//ENSG00000125686.wgt.RDat	ENSG00000125686	17	37560538	37607539	0.0487	rs7218784	  2.53	rs8074753	 0.007254	  4.38	 -0.04348	355	  5	lasso	0.02	0.00038	  0.1310	8.96e-01
NA	/data/songy4/twas/output/weights_control//ENSG00000131771.wgt.RDat	ENSG00000131771	17	37782993	37792879	0.0716	rs2305482	 -2.36	rs11654954	 0.059696	  6.39	  0.27419	330	  3	lasso	0.061	1.1e-09	  0.0166	9.87e-01
NA	/data/songy4/twas/output/weights_control//ENSG00000131748.wgt.RDat	ENSG00000131748	17	37793318	37819737	0.0442	rs2305482	 -2.36	rs2247862	 0.036001	  5.35	  0.21782	335	  1	top1	0.036	2.7e-06	  0.2178	8.28e-01
NA	/data/songy4/twas/output/weights_control//ENSG00000161405.wgt.RDat	ENSG00000161405	17	37921198	38020441	0.0876	rs2305482	 -2.36	rs11557467	 0.067461	 -6.77	 -0.67742	320	  1	top1	0.067	1.5e-10	  0.6774	4.98e-01
NA	/data/songy4/twas/output/weights_control//ENSG00000186075.wgt.RDat	ENSG00000186075	17	38024417	38034149	0.0431	rs2305482	 -2.36	rs9303277	 0.055662	 -5.81	 -0.50538	290	  1	top1	0.056	6.2e-09	  0.5054	6.13e-01
NA	/data/songy4/twas/output/weights_control//ENSG00000073605.wgt.RDat	ENSG00000073605	17	38060848	38076107	0.4383	rs2305482	 -2.36	rs11557467	 0.528498	 17.50	 -0.67742	292	 32	enet	0.57	8.3e-108	 -0.6011	5.48e-01
NA	/data/songy4/twas/output/weights_control//ENSG00000172057.wgt.RDat	ENSG00000172057	17	38077294	38083854	0.3192	rs2305482	 -2.36	rs1008723	 0.359673	 14.66	 -0.60215	292	 16	enet	0.42	1.9e-69	 -0.5350	5.93e-01
NA	/data/songy4/twas/output/weights_control//ENSG00000167914.wgt.RDat	ENSG00000167914	17	38119226	38134019	0.6584	rs2305482	 -2.36	rs3169572	 0.155759	  9.55	 -0.39834	302	 68	enet	0.4	1e-65	 -0.4599	6.46e-01
NA	/data/songy4/twas/output/weights_control//ENSG00000108344.wgt.RDat	ENSG00000108344	17	38137050	38154213	0.1184	rs2305482	 -2.36	rs2305482	 0.101417	  7.75	 -2.35789	312	  1	top1	0.1	3.1e-15	 -2.3579	1.84e-02
NA	/data/songy4/twas/output/weights_control//ENSG00000008838.wgt.RDat	ENSG00000008838	17	38175350	38217468	0.0648	rs2305482	 -2.36	rs9916158	 0.037551	  5.67	  1.84694	316	  3	lasso	0.053	1.3e-08	  1.1796	2.38e-01
NA	/data/songy4/twas/output/weights_control//ENSG00000126351.wgt.RDat	ENSG00000126351	17	38214543	38250120	0.2378	rs2305482	 -2.36	rs883871	 0.191646	 10.57	  0.36424	309	  1	top1	0.19	1.5e-28	  0.3642	7.16e-01
NA	/data/songy4/twas/output/weights_control//ENSG00000126368.wgt.RDat	ENSG00000126368	17	38249040	38256978	0.1848	rs2305482	 -2.36	rs883871	 0.108616	  8.10	  0.36424	306	  1	top1	0.11	3e-16	  0.3642	7.16e-01
NA	/data/songy4/twas/output/weights_control//ENSG00000108349.wgt.RDat	ENSG00000108349	17	38296571	38328436	0.0401	rs2305482	 -2.36	rs3935280	-0.001635	  3.42	 -1.05785	318	 21	enet	-0.00047	0.39	 -1.4376	1.51e-01
NA	/data/songy4/twas/output/weights_control//ENSG00000108352.wgt.RDat	ENSG00000108352	17	38333263	38351908	0.5660	rs2305482	 -2.36	rs1107651	 0.369192	 14.61	  0.06897	301	  1	top1	0.37	1.6e-59	  0.0690	9.45e-01
NA	/data/songy4/twas/output/weights_control//ENSG00000131759.wgt.RDat	ENSG00000131759	17	38465444	38513094	0.0366	rs6503554	  2.85	rs9303285	-0.001552	  3.69	  0.10738	358	 15	enet	0.0024	0.13	  0.8357	4.03e-01
NA	/data/songy4/twas/output/weights_control//ENSG00000073584.wgt.RDat	ENSG00000073584	17	38781214	38804760	0.0610	rs8069916	  3.12	rs2429549	 0.056560	 -6.64	 -0.11765	399	 13	enet	0.06	1.7e-09	  0.1629	8.71e-01
NA	/data/songy4/twas/output/weights_control//ENSG00000186395.wgt.RDat	ENSG00000186395	17	38974369	38978847	0.1289	rs8069916	  3.12	rs7218576	 0.030194	  6.26	  0.60194	418	 51	enet	0.057	4.7e-09	  0.9541	3.40e-01
NA	/data/songy4/twas/output/weights_control//ENSG00000108244.wgt.RDat	ENSG00000108244	17	39078948	39093886	0.6222	rs8069916	  3.12	rs2315603	 0.253667	 12.15	  2.14141	446	115	enet	0.45	2.4e-77	  1.6601	9.69e-02
NA	/data/songy4/twas/output/weights_control//ENSG00000204889.wgt.RDat	ENSG00000204889	17	39133968	39143387	0.1127	rs8069916	  3.12	rs35412033	 0.060853	  6.20	  1.89302	484	  1	top1	0.061	1.2e-09	  1.8930	5.84e-02
NA	/data/songy4/twas/output/weights_control//ENSG00000212659.wgt.RDat	ENSG00000212659	17	39421591	39422893	0.0534	rs8069916	  3.12	rs739684	 0.062744	  6.25	  0.13889	488	  1	top1	0.063	6.7e-10	  0.1389	8.90e-01
NA	/data/songy4/twas/output/weights_control//ENSG00000171360.wgt.RDat	ENSG00000171360	17	39592698	39597173	0.0630	rs8069916	  3.12	rs4796640	 0.001105	  3.74	  0.16779	467	 43	enet	0.0053	0.044	 -1.6818	9.26e-02
NA	/data/songy4/twas/output/weights_control//ENSG00000173801.wgt.RDat	ENSG00000173801	17	39775692	39943183	0.7466	rs6503688	  2.86	rs7216371	 0.679144	 20.03	  1.31609	467	  6	lasso	0.7	5.1e-153	  1.3678	1.71e-01
NA	/data/songy4/twas/output/weights_control//ENSG00000141698.wgt.RDat	ENSG00000141698	17	39981335	39992523	0.6388	rs6503688	  2.86	rs9897034	 0.711465	 20.30	  1.66055	411	  9	lasso	0.74	3.8e-168	  1.7985	7.21e-02
NA	/data/songy4/twas/output/weights_control//ENSG00000161594.wgt.RDat	ENSG00000161594	17	39991937	40004636	0.0473	rs6503688	  2.86	rs8073219	 0.063214	  6.32	  1.86486	413	  3	lasso	0.063	5.3e-10	  1.8660	6.20e-02
NA	/data/songy4/twas/output/weights_control//ENSG00000204815.wgt.RDat	ENSG00000204815	17	40086888	40117648	0.0388	rs9907126	  5.38	rs4796751	 0.010224	  4.20	  0.05797	412	  9	enet	0.015	0.0022	 -0.7264	4.68e-01
NA	/data/songy4/twas/output/weights_control//ENSG00000173786.wgt.RDat	ENSG00000173786	17	40118759	40129749	0.0709	rs9907126	  5.38	rs2033675	 0.085017	 -7.20	  0.90000	375	  1	top1	0.085	5.9e-13	 -0.9000	3.68e-01
NA	/data/songy4/twas/output/weights_control//ENSG00000187595.wgt.RDat	ENSG00000187595	17	40177594	40217383	0.0330	rs9907126	  5.38	rs4796763	 0.014913	 -4.27	 -0.87500	337	  4	lasso	0.018	0.00082	  1.3806	1.67e-01
NA	/data/songy4/twas/output/weights_control//ENSG00000108771.wgt.RDat	ENSG00000108771	17	40253422	40264751	0.1733	rs665268	 -6.04	rs11079033	 0.140383	 -9.19	 -0.39844	325	  1	top1	0.14	8e-21	  0.3984	6.90e-01
NA	/data/songy4/twas/output/weights_control//ENSG00000108773.wgt.RDat	ENSG00000108773	17	40265126	40273376	0.0467	rs665268	 -6.04	rs13412	-0.001688	  3.04	  0.26321	323	 40	enet	0.026	6.4e-05	  0.6870	4.92e-01
NA	/data/songy4/twas/output/weights_control//ENSG00000131470.wgt.RDat	ENSG00000131470	17	40724333	40729849	0.0328	rs665268	 -6.04	rs646123	 0.035826	  5.26	 -6.01887	255	  1	top1	0.036	2.9e-06	 -6.0189	1.76e-09
NA	/data/songy4/twas/output/weights_control//ENSG00000141699.wgt.RDat	ENSG00000141699	17	40731531	40762641	0.1016	rs665268	 -6.04	rs9897702	 0.046195	  5.73	  5.37500	278	  1	top1	0.046	1.2e-07	  5.3750	7.66e-08
NA	/data/songy4/twas/output/weights_control//ENSG00000108828.wgt.RDat	ENSG00000108828	17	41166622	41177140	0.0207	rs665268	 -6.04	rs6503727	 0.021813	 -4.00	 -1.00000	271	  1	top1	0.022	0.00022	  1.0000	3.17e-01
NA	/data/songy4/twas/output/weights_control//ENSG00000188554.wgt.RDat	ENSG00000188554	17	41322498	41363708	0.0161	rs10512488	  4.32	rs8176273	 0.017731	 -4.06	 -1.04040	312	  1	top1	0.018	8e-04	  1.0404	2.98e-01
NA	/data/songy4/twas/output/weights_control//ENSG00000236383.wgt.RDat	ENSG00000236383	17	41368960	41383338	0.0838	rs10512488	  4.32	rs799916	 0.072107	 -6.69	 -0.66327	305	  1	top1	0.072	3.6e-11	  0.6633	5.07e-01
NA	/data/songy4/twas/output/weights_control//ENSG00000108861.wgt.RDat	ENSG00000108861	17	41843489	41856356	0.1682	rs2269906	 -6.19	rs1230400	 0.116289	  8.44	  1.00962	352	  6	lasso	0.13	2e-19	  1.5911	1.12e-01
NA	/data/songy4/twas/output/weights_control//ENSG00000161647.wgt.RDat	ENSG00000161647	17	41878167	41910538	0.0402	rs2269906	 -6.19	rs1230400	 0.028462	  4.59	  1.00962	362	  1	top1	0.028	2.8e-05	  1.0096	3.13e-01
NA	/data/songy4/twas/output/weights_control//ENSG00000108852.wgt.RDat	ENSG00000108852	17	41952725	41987068	0.3072	rs5910	  6.68	rs231485	 0.122172	  8.48	  0.12871	368	  8	lasso	0.19	1e-28	 -0.3836	7.01e-01
NA	/data/songy4/twas/output/weights_control//ENSG00000091947.wgt.RDat	ENSG00000091947	17	42088556	42101314	0.1070	rs5910	  6.68	rs9895585	 0.043333	 -5.89	  0.92411	365	  1	top1	0.043	2.8e-07	 -0.9241	3.55e-01
NA	/data/songy4/twas/output/weights_control//ENSG00000004939.wgt.RDat	ENSG00000004939	17	42325753	42345509	0.1237	rs5910	  6.68	rs2072081	 0.073886	 -6.91	 -4.80909	344	 28	enet	0.076	1.1e-11	  5.6074	2.05e-08
NA	/data/songy4/twas/output/weights_control//ENSG00000108309.wgt.RDat	ENSG00000108309	17	42385781	42396039	0.1680	rs5910	  6.68	rs4792935	 0.121626	 -8.80	  0.62887	343	 10	enet	0.12	2.1e-18	 -1.1622	2.45e-01
NA	/data/songy4/twas/output/weights_control//ENSG00000013306.wgt.RDat	ENSG00000013306	17	42396993	42402238	0.1297	rs5910	  6.68	rs8079946	 0.095378	  7.72	  0.26042	340	  1	top1	0.095	2.2e-14	  0.2604	7.95e-01
NA	/data/songy4/twas/output/weights_control//ENSG00000030582.wgt.RDat	ENSG00000030582	17	42422614	42430470	0.0433	rs5910	  6.68	rs5910	 0.019125	  5.05	  6.67961	351	  2	lasso	0.032	1e-05	  5.7382	9.57e-09
NA	/data/songy4/twas/output/weights_control//ENSG00000180340.wgt.RDat	ENSG00000180340	17	42634925	42636907	0.0423	rs5910	  6.68	rs12949217	 0.041013	  5.31	  2.32203	376	  1	top1	0.041	5.8e-07	  2.3220	2.02e-02
NA	/data/songy4/twas/output/weights_control//ENSG00000180336.wgt.RDat	ENSG00000180336	17	42733762	42767676	0.1172	rs5910	  6.68	rs12949217	 0.020141	  5.84	  2.32203	414	 11	enet	0.037	1.9e-06	  1.7624	7.80e-02
NA	/data/songy4/twas/output/weights_control//ENSG00000161692.wgt.RDat	ENSG00000161692	17	42785976	42829632	0.3303	rs5910	  6.68	rs16970944	 0.324496	-13.74	  2.16541	406	  1	top1	0.32	5.4e-51	 -2.1654	3.04e-02
NA	/data/songy4/twas/output/weights_control//ENSG00000108883.wgt.RDat	ENSG00000108883	17	42927311	42977030	0.0460	rs721579	 -7.21	rs2289674	 0.039915	  5.09	  2.38136	383	  1	top1	0.04	8.2e-07	  2.3814	1.72e-02
NA	/data/songy4/twas/output/weights_control//ENSG00000172992.wgt.RDat	ENSG00000172992	17	43100708	43138473	0.2435	rs11012	 -7.66	rs4793179	 0.230392	-11.62	  1.92243	337	 10	lasso	0.25	1.9e-38	 -2.0364	4.17e-02
NA	/data/songy4/twas/output/weights_control//ENSG00000181513.wgt.RDat	ENSG00000181513	17	43209967	43221548	0.0530	rs17631676	 -7.81	rs8069937	 0.018750	  4.73	 -0.52688	285	 17	enet	0.025	8.9e-05	 -2.6795	7.37e-03
NA	/data/songy4/twas/output/weights_control//ENSG00000186834.wgt.RDat	ENSG00000186834	17	43224684	43229468	0.0825	rs17631676	 -7.85	rs11657325	 0.004469	  4.22	  1.80556	281	  8	lasso	0.0061	0.034	 -0.5662	5.71e-01
NA	/data/songy4/twas/output/weights_control//ENSG00000184361.wgt.RDat	ENSG00000184361	17	43331760	43339479	0.2505	rs17631676	 -7.95	rs4986168	 0.190937	 10.61	  2.58511	254	  3	lasso	0.2	1.9e-29	  2.8207	4.79e-03
NA	/data/songy4/twas/output/weights_control//ENSG00000120071.wgt.RDat	ENSG00000120071	17	44107282	44302733	0.7355	NA	    NA	NA	       NA	    NA	       NA	 47	  0	enet	0.43	3.8e-73	      NA	      NA
NA	/data/songy4/twas/output/weights_control//ENSG00000228696.wgt.RDat	ENSG00000228696	17	44352150	44439130	0.7178	rs169201	-18.41	rs17698176	 0.137003	  8.93	  5.17460	 88	 29	enet	0.29	1e-44	  4.7061	2.52e-06
NA	/data/songy4/twas/output/weights_control//ENSG00000176681.wgt.RDat	ENSG00000176681	17	44370099	44415160	0.3137	rs169201	-18.41	rs8072451	 0.449274	 16.17	-18.35164	 78	  6	lasso	0.45	1e-76	-18.3380	4.11e-75
NA	/data/songy4/twas/output/weights_control//ENSG00000238083.wgt.RDat	ENSG00000238083	17	44588877	44633016	0.6619	rs199451	-18.39	rs199529	 0.246259	 12.26	-17.72746	134	 46	enet	0.41	5.7e-68	-13.7897	2.94e-43
NA	/data/songy4/twas/output/weights_control//ENSG00000185829.wgt.RDat	ENSG00000185829	17	44594068	44657088	0.4531	rs169201	-18.39	rs10432043	 0.089747	  8.56	  4.50485	141	 30	enet	0.25	7.3e-38	  5.1276	2.93e-07
NA	/data/songy4/twas/output/weights_control//ENSG00000073969.wgt.RDat	ENSG00000073969	17	44668035	44834830	0.0328	rs199451	-18.38	rs17698176	 0.001350	  3.33	  5.17460	210	 14	enet	0.017	9e-04	 -7.4603	8.63e-14
NA	/data/songy4/twas/output/weights_control//ENSG00000158955.wgt.RDat	ENSG00000158955	17	44910567	44964096	0.0476	rs169201	-18.37	rs2678693	 0.003256	 -3.96	  2.80583	272	 14	enet	0.0035	0.084	 -2.4699	1.35e-02
NA	/data/songy4/twas/output/weights_control//ENSG00000198336.wgt.RDat	ENSG00000198336	17	45277812	45301045	0.1608	rs169201	-18.36	rs16941635	 0.101657	  7.75	 -0.55422	343	  7	lasso	0.1	1.1e-15	 -0.2971	7.66e-01
NA	/data/songy4/twas/output/weights_control//ENSG00000259207.wgt.RDat	ENSG00000259207	17	45331212	45421658	0.0429	rs199513	-16.91	rs16947078	 0.002615	 -3.76	 -0.41176	378	 23	enet	0.0058	0.037	  3.0953	1.97e-03
NA	/data/songy4/twas/output/weights_control//ENSG00000178852.wgt.RDat	ENSG00000178852	17	45400656	45518678	0.3837	rs4968281	  4.33	rs2317676	 0.368221	-14.86	 -0.28022	394	 20	enet	0.38	1e-60	  0.2748	7.83e-01
NA	/data/songy4/twas/output/weights_control//ENSG00000141279.wgt.RDat	ENSG00000141279	17	45600308	45700642	0.1148	rs4074249	  2.99	rs4793842	 0.078270	 -7.22	 -0.30097	412	 10	lasso	0.11	2.9e-16	 -0.0690	9.45e-01
NA	/data/songy4/twas/output/weights_control//ENSG00000108424.wgt.RDat	ENSG00000108424	17	45726842	45762871	0.0483	rs858671	  2.89	rs7224155	 0.001542	  3.79	 -0.84564	421	  1	top1	0.0015	0.17	 -0.8456	3.98e-01
NA	/data/songy4/twas/output/weights_control//ENSG00000198933.wgt.RDat	ENSG00000198933	17	45771447	45789416	0.3210	rs858671	  2.89	rs8078309	 0.496233	 16.98	  0.89583	410	 18	enet	0.51	2.2e-91	  0.9058	3.65e-01
NA	/data/songy4/twas/output/weights_control//ENSG00000159111.wgt.RDat	ENSG00000159111	17	45900638	45908900	0.2652	rs8078698	 -2.73	rs16948662	 0.070566	  6.62	  0.20979	384	  8	lasso	0.13	5.4e-20	  0.0122	9.90e-01
NA	/data/songy4/twas/output/weights_control//ENSG00000141295.wgt.RDat	ENSG00000141295	17	45915058	45918699	0.2359	rs8078698	 -2.73	rs11079797	 0.071037	 -7.17	  0.00000	381	 45	enet	0.1	1.3e-15	 -0.7619	4.46e-01
NA	/data/songy4/twas/output/weights_control//ENSG00000005243.wgt.RDat	ENSG00000005243	17	46103533	46115392	0.2217	rs8078698	 -2.73	rs17617053	 0.111678	  8.30	  1.43030	407	 34	enet	0.13	9.5e-20	  1.5781	1.15e-01
NA	/data/songy4/twas/output/weights_control//ENSG00000002919.wgt.RDat	ENSG00000002919	17	46180719	46200436	0.2027	rs8078698	 -2.73	rs2051821	 0.169482	-10.02	 -0.65789	453	 11	lasso	0.19	3.5e-28	  0.5604	5.75e-01
NA	/data/songy4/twas/output/weights_control//ENSG00000141293.wgt.RDat	ENSG00000141293	17	46210802	46507637	0.1087	rs7208074	 -4.03	rs7209556	 0.074132	 -6.65	 -0.70833	563	 13	lasso	0.084	9.1e-13	  0.3781	7.05e-01
NA	/data/songy4/twas/output/weights_control//ENSG00000173917.wgt.RDat	ENSG00000173917	17	46618256	46623441	0.4826	rs7208074	 -4.03	rs4793870	 0.457417	-16.25	 -0.16832	414	 34	enet	0.52	7.6e-95	 -0.1417	8.87e-01
NA	/data/songy4/twas/output/weights_control//ENSG00000120093.wgt.RDat	ENSG00000120093	17	46626232	46682274	0.3253	rs7208074	 -4.03	rs925284	 0.266342	-12.42	  0.16667	416	 42	enet	0.3	6.7e-47	 -0.5014	6.16e-01
NA	/data/songy4/twas/output/weights_control//ENSG00000182742.wgt.RDat	ENSG00000182742	17	46652875	46657473	0.2404	rs7208074	 -4.03	rs925284	 0.197337	-10.78	  0.16667	399	 28	enet	0.22	5.4e-33	 -0.5325	5.94e-01
NA	/data/songy4/twas/output/weights_control//ENSG00000136436.wgt.RDat	ENSG00000136436	17	46908350	46943884	0.4679	rs7208074	 -4.03	rs4793990	 0.629651	 19.03	  2.34653	395	  7	lasso	0.63	5.3e-126	  2.2919	2.19e-02
NA	/data/songy4/twas/output/weights_control//ENSG00000159199.wgt.RDat	ENSG00000159199	17	46970127	46973233	0.1096	rs7208074	 -4.03	rs2112617	 0.170987	 10.00	  1.71277	387	  1	top1	0.17	2.2e-25	  1.7128	8.68e-02
NA	/data/songy4/twas/output/weights_control//ENSG00000159202.wgt.RDat	ENSG00000159202	17	46985731	47006418	0.1504	rs7208074	 -4.03	rs2112617	 0.223701	 11.52	  1.71277	396	  1	top1	0.22	1.3e-33	  1.7128	8.68e-02
NA	/data/songy4/twas/output/weights_control//ENSG00000173868.wgt.RDat	ENSG00000173868	17	47300724	47308128	0.1671	rs7208074	 -4.03	rs11652146	 0.040128	  6.03	 -1.64423	374	 53	enet	0.065	3.4e-10	 -0.8739	3.82e-01
NA	/data/songy4/twas/output/weights_control//ENSG00000198740.wgt.RDat	ENSG00000198740	17	47366568	47439835	0.2086	rs7208074	 -4.03	rs1009572	 0.038944	  4.98	 -1.14286	374	 22	enet	0.063	5.3e-10	 -0.3360	7.37e-01
NA	/data/songy4/twas/output/weights_control//ENSG00000136504.wgt.RDat	ENSG00000136504	17	47865917	47906458	0.1370	rs847680	 -4.36	rs16948454	 0.063494	  6.33	  1.36019	427	  1	top1	0.063	5.3e-10	  1.3602	1.74e-01
NA	/data/songy4/twas/output/weights_control//ENSG00000005884.wgt.RDat	ENSG00000005884	17	48133332	48167845	0.1106	rs847680	 -4.36	rs2269772	 0.090220	 -7.35	 -1.40854	440	  1	top1	0.09	1.1e-13	  1.4085	1.59e-01
NA	/data/songy4/twas/output/weights_control//ENSG00000005882.wgt.RDat	ENSG00000005882	17	48172101	48189516	0.1245	rs847680	 -4.36	rs2078864	 0.020436	  5.18	 -0.53226	437	 27	enet	0.057	3.6e-09	 -1.2289	2.19e-01
NA	/data/songy4/twas/output/weights_control//ENSG00000108823.wgt.RDat	ENSG00000108823	17	48241575	48253292	0.1417	rs847680	 -4.36	rs847682	 0.064230	  6.42	 -1.07000	449	  1	top1	0.064	4.2e-10	 -1.0700	2.85e-01
NA	/data/songy4/twas/output/weights_control//ENSG00000108826.wgt.RDat	ENSG00000108826	17	48445218	48450575	0.1676	rs847680	 -4.36	rs17741	 0.105553	 -8.06	 -0.60825	482	  1	top1	0.11	8e-16	  0.6082	5.43e-01
NA	/data/songy4/twas/output/weights_control//ENSG00000167107.wgt.RDat	ENSG00000167107	17	48503519	48552206	0.0609	rs847680	 -4.36	rs17641232	 0.007523	 -4.24	  0.55238	501	 17	enet	0.026	5.5e-05	 -0.8253	4.09e-01
NA	/data/songy4/twas/output/weights_control//ENSG00000136444.wgt.RDat	ENSG00000136444	17	48556161	48563336	0.1043	rs847680	 -4.36	rs9674937	 0.074260	 -7.24	 -0.10619	475	  8	lasso	0.099	6.2e-15	 -0.2022	8.40e-01
NA	/data/songy4/twas/output/weights_control//ENSG00000136449.wgt.RDat	ENSG00000136449	17	48585745	48608862	0.5123	rs847680	 -4.36	rs8082389	 0.513173	-17.23	 -0.75000	471	  5	lasso	0.52	5.2e-94	  0.7589	4.48e-01
NA	/data/songy4/twas/output/weights_control//ENSG00000006282.wgt.RDat	ENSG00000006282	17	48620419	48633213	0.8059	rs847680	 -4.36	rs989128	 0.813945	-21.64	  0.37624	462	  4	lasso	0.83	2.1e-219	 -0.3068	7.59e-01
NA	/data/songy4/twas/output/weights_control//ENSG00000108846.wgt.RDat	ENSG00000108846	17	48712138	48769613	0.2096	rs847680	 -4.36	rs3785912	 0.154489	 -9.53	  2.55238	458	  3	lasso	0.2	1.3e-29	 -1.8251	6.80e-02
NA	/data/songy4/twas/output/weights_control//ENSG00000141232.wgt.RDat	ENSG00000141232	17	48939584	48945339	0.0719	rs2302288	  4.01	rs11652601	 0.015503	  4.58	  0.09910	408	 31	enet	0.028	3.3e-05	  1.0289	3.04e-01
NA	/data/songy4/twas/output/weights_control//ENSG00000008294.wgt.RDat	ENSG00000008294	17	49039535	49198226	0.1079	rs2302288	  4.01	rs9899816	 0.075532	  6.72	  1.66019	499	 24	enet	0.085	5.1e-13	  2.9848	2.84e-03
NA	/data/songy4/twas/output/weights_control//ENSG00000239672.wgt.RDat	ENSG00000239672	17	49230897	49239789	0.2137	rs2302288	  4.01	rs16949649	 0.248988	 12.02	  2.12245	442	  1	top1	0.25	9.5e-38	  2.1224	3.38e-02
NA	/data/songy4/twas/output/weights_control//ENSG00000243678.wgt.RDat	ENSG00000243678	17	49230920	49249108	0.5854	rs2302288	  4.01	rs6504731	 0.039083	  7.41	  1.32432	454	 15	lasso	0.35	1.5e-55	  0.4199	6.75e-01
NA	/data/songy4/twas/output/weights_control//ENSG00000011052.wgt.RDat	ENSG00000011052	17	49230951	49249105	0.0875	rs2302288	  4.01	rs6504700	 0.073728	  6.71	  0.90099	454	 26	enet	0.08	2.5e-12	  1.0631	2.88e-01
NA	/data/songy4/twas/output/weights_control//ENSG00000011258.wgt.RDat	ENSG00000011258	17	49254786	49337524	0.0737	rs2302288	  4.01	rs8080145	 0.035796	  5.58	  0.71287	485	 27	enet	0.047	9.3e-08	  1.0832	2.79e-01
NA	/data/songy4/twas/output/weights_control//ENSG00000011260.wgt.RDat	ENSG00000011260	17	49337889	49375297	0.0950	rs4310915	  2.93	rs9896627	 0.024083	  5.53	  0.38596	468	  7	lasso	0.056	5.1e-09	  0.4811	6.30e-01
NA	/data/songy4/twas/output/weights_control//ENSG00000166260.wgt.RDat	ENSG00000166260	17	53029263	53046146	0.1179	rs171511	 -3.52	rs8064882	 0.112967	  8.40	 -2.42727	497	  5	lasso	0.13	1.1e-19	 -2.4549	1.41e-02
NA	/data/songy4/twas/output/weights_control//ENSG00000166263.wgt.RDat	ENSG00000166263	17	53046088	53241646	0.3320	rs171511	 -3.52	rs8064882	 0.461815	 16.35	 -2.42727	621	  3	lasso	0.46	1.7e-79	 -2.3668	1.79e-02
NA	/data/songy4/twas/output/weights_control//ENSG00000214226.wgt.RDat	ENSG00000214226	17	54869274	54916134	0.1152	rs16957077	 -3.23	rs10515134	 0.041548	  6.43	  1.09794	490	  6	lasso	0.056	6.1e-09	  1.2483	2.12e-01
NA	/data/songy4/twas/output/weights_control//ENSG00000153933.wgt.RDat	ENSG00000153933	17	54911460	54946036	0.0810	rs11871132	  3.05	rs6503768	 0.041724	 -5.05	 -1.07092	476	  1	top1	0.042	4.7e-07	  1.0709	2.84e-01
NA	/data/songy4/twas/output/weights_control//ENSG00000121064.wgt.RDat	ENSG00000121064	17	55055466	55084129	0.0694	rs11871132	  3.05	rs6505063	 0.006349	 -4.32	 -0.00461	523	  4	lasso	0.02	0.00044	  0.1137	9.09e-01
NA	/data/songy4/twas/output/weights_control//ENSG00000180891.wgt.RDat	ENSG00000180891	17	55938604	56032684	0.2022	rs2429369	  3.64	rs2585833	 0.093589	 -7.43	  0.06796	566	 21	enet	0.17	9e-25	  1.0580	2.90e-01
NA	/data/songy4/twas/output/weights_control//ENSG00000141194.wgt.RDat	ENSG00000141194	17	56232494	56233517	0.2585	rs8066773	  4.12	rs8071251	 0.212027	-11.14	  0.60000	430	  1	top1	0.21	9.7e-32	 -0.6000	5.49e-01
NA	/data/songy4/twas/output/weights_control//ENSG00000108389.wgt.RDat	ENSG00000108389	17	56566898	56595266	0.0259	rs8066773	  4.12	rs1057068	 0.010933	  4.31	  3.18750	336	  1	top1	0.011	0.0069	  3.1875	1.44e-03
NA	/data/songy4/twas/output/weights_control//ENSG00000121101.wgt.RDat	ENSG00000121101	17	56634039	56769416	0.0802	rs8066773	  4.12	rs368243	 0.076320	 -7.54	  2.93684	368	 11	lasso	0.089	1.9e-13	 -2.8902	3.85e-03
NA	/data/songy4/twas/output/weights_control//ENSG00000108384.wgt.RDat	ENSG00000108384	17	56769934	56811703	0.3627	rs8066773	  4.12	rs3803753	 0.529987	 17.67	 -0.93913	318	 12	lasso	0.54	1.7e-99	 -1.0367	3.00e-01
NA	/data/songy4/twas/output/weights_control//ENSG00000108395.wgt.RDat	ENSG00000108395	17	57059999	57184282	0.2944	rs8066773	  4.12	rs7503190	 0.523864	-17.49	  3.04854	335	 21	enet	0.52	1.1e-94	 -3.4549	5.50e-04
NA	/data/songy4/twas/output/weights_control//ENSG00000068489.wgt.RDat	ENSG00000068489	17	57232860	57282066	0.1002	rs12051897	  3.77	rs35249354	 0.044652	  5.68	 -0.13839	318	  1	top1	0.045	1.9e-07	 -0.1384	8.90e-01
NA	/data/songy4/twas/output/weights_control//ENSG00000153982.wgt.RDat	ENSG00000153982	17	57297828	57353328	0.0473	rs12051897	  3.77	rs9903295	 0.003030	  3.88	 -0.66667	326	 29	enet	0.01	0.0084	 -2.9019	3.71e-03
NA	/data/songy4/twas/output/weights_control//ENSG00000175155.wgt.RDat	ENSG00000175155	17	57409050	57479090	0.0273	rs12051897	  3.77	rs2665404	-0.000762	 -3.10	 -0.90722	339	  6	lasso	-4.3e-05	0.32	  1.8641	6.23e-02
NA	/data/songy4/twas/output/weights_control//ENSG00000062716.wgt.RDat	ENSG00000062716	17	57784553	57919616	0.0317	rs6503905	  2.96	rs8071475	 0.013083	  4.46	 -1.42593	325	  1	top1	0.013	0.0035	 -1.4259	1.54e-01
NA	/data/songy4/twas/output/weights_control//ENSG00000189050.wgt.RDat	ENSG00000189050	17	58029601	58042122	0.1717	rs345182	 -2.92	rs2645466	 0.132560	 -9.22	 -1.10476	251	  9	lasso	0.16	3.2e-23	  0.7207	4.71e-01
NA	/data/songy4/twas/output/weights_control//ENSG00000068097.wgt.RDat	ENSG00000068097	17	58120555	58156292	0.6344	rs345182	 -2.92	rs2087840	 0.554619	 17.85	 -0.88957	237	  1	top1	0.55	6.2e-103	 -0.8896	3.74e-01
NA	/data/songy4/twas/output/weights_control//ENSG00000167434.wgt.RDat	ENSG00000167434	17	58227297	58248260	0.0574	rs345182	 -2.92	rs8079797	 0.061556	 -6.12	 -0.17778	211	  1	top1	0.062	9.8e-10	  0.1778	8.59e-01
NA	/data/songy4/twas/output/weights_control//ENSG00000170832.wgt.RDat	ENSG00000170832	17	58256455	58499831	0.0452	rs345182	 -2.92	rs7216167	 0.009054	  4.02	 -0.20345	227	 29	enet	0.017	0.001	  0.9561	3.39e-01
NA	/data/songy4/twas/output/weights_control//ENSG00000172421.wgt.RDat	ENSG00000172421	17	60447579	60493837	0.0360	rs4968408	  5.98	rs12452648	 0.006951	 -3.96	  1.11340	257	  1	top1	0.007	0.025	 -1.1134	2.66e-01
NA	/data/songy4/twas/output/weights_control//ENSG00000173838.wgt.RDat	ENSG00000173838	17	60778675	60885705	0.0824	rs8081489	  3.09	rs17683483	 0.091036	  7.41	 -0.02516	253	  1	top1	0.091	8.7e-14	 -0.0252	9.80e-01
NA	/data/songy4/twas/output/weights_control//ENSG00000170921.wgt.RDat	ENSG00000170921	17	61086917	61505060	0.1916	rs8075924	 -3.15	rs4968638	 0.227863	 11.51	 -0.25510	379	  1	top1	0.23	2.8e-34	 -0.2551	7.99e-01
NA	/data/songy4/twas/output/weights_control//ENSG00000198909.wgt.RDat	ENSG00000198909	17	61699775	61773663	0.0396	rs3088093	  4.15	rs2854218	 0.028995	  5.24	 -0.26016	309	  7	lasso	0.03	2e-05	 -0.0262	9.79e-01
NA	/data/songy4/twas/output/weights_control//ENSG00000136490.wgt.RDat	ENSG00000136490	17	61773262	61778532	0.0205	rs3088093	  4.15	rs12946669	 0.020620	 -4.65	 -0.14433	299	  1	top1	0.021	0.00032	  0.1443	8.85e-01
NA	/data/songy4/twas/output/weights_control//ENSG00000266173.wgt.RDat	ENSG00000266173	17	61780192	61819330	0.0317	rs3088093	  4.15	rs2955234	 0.043882	 -5.59	 -0.72165	313	  1	top1	0.044	2.4e-07	  0.7216	4.71e-01
NA	/data/songy4/twas/output/weights_control//ENSG00000198231.wgt.RDat	ENSG00000198231	17	61850963	61896677	0.1655	rs3088093	  4.15	rs8076717	 0.223868	 11.80	  0.83962	322	 12	lasso	0.25	2.4e-38	  0.2078	8.35e-01
NA	/data/songy4/twas/output/weights_control//ENSG00000108592.wgt.RDat	ENSG00000108592	17	61896793	61907372	0.1051	rs3088093	  4.15	rs2665795	 0.128128	 -8.79	  0.38144	325	  1	top1	0.13	4.8e-19	 -0.3814	7.03e-01
NA	/data/songy4/twas/output/weights_control//ENSG00000108604.wgt.RDat	ENSG00000108604	17	61909444	61920425	0.0571	rs3088093	  4.15	rs2854218	 0.083062	  7.03	 -0.26016	323	  1	top1	0.083	1.1e-12	 -0.2602	7.95e-01
NA	/data/songy4/twas/output/weights_control//ENSG00000007312.wgt.RDat	ENSG00000007312	17	62006100	62009714	0.0534	rs3088093	  4.15	rs12946669	 0.048298	  5.67	 -0.14433	325	  1	top1	0.048	6.1e-08	 -0.1443	8.85e-01
NA	/data/songy4/twas/output/weights_control//ENSG00000224383.wgt.RDat	ENSG00000224383	17	62075711	62081664	0.0967	rs3088093	  4.15	rs2331413	 0.005037	  4.30	 -1.38686	308	  9	lasso	0.012	0.0055	 -0.2677	7.89e-01
NA	/data/songy4/twas/output/weights_control//ENSG00000108622.wgt.RDat	ENSG00000108622	17	62079954	62097994	0.0365	rs3088093	  4.15	rs11079520	 0.025069	 -4.87	 -1.56604	313	  2	lasso	0.027	5.1e-05	  2.2179	2.66e-02
NA	/data/songy4/twas/output/weights_control//ENSG00000178607.wgt.RDat	ENSG00000178607	17	62116502	62208179	0.2319	rs3088093	  4.15	rs196912	 0.149363	 -9.84	 -1.66667	319	 41	enet	0.18	3.1e-27	  2.2824	2.25e-02
NA	/data/songy4/twas/output/weights_control//ENSG00000136478.wgt.RDat	ENSG00000136478	17	62224587	62340661	0.1676	rs3088093	  4.15	rs16947581	 0.005131	 -4.63	  0.03902	308	 19	enet	0.031	1.3e-05	  0.3558	7.22e-01
NA	/data/songy4/twas/output/weights_control//ENSG00000271605.wgt.RDat	ENSG00000271605	17	62461569	62464760	0.2858	rs3088093	  4.15	rs7221427	 0.071499	  6.97	 -0.28049	223	 57	enet	0.12	7.9e-18	  0.1683	8.66e-01
NA	/data/songy4/twas/output/weights_control//ENSG00000256525.wgt.RDat	ENSG00000256525	17	62473902	62493154	0.1512	rs3088093	  4.15	rs17650301	 0.084905	  7.15	  2.89167	229	  3	lasso	0.12	3.7e-18	  1.9821	4.75e-02
NA	/data/songy4/twas/output/weights_control//ENSG00000108654.wgt.RDat	ENSG00000108654	17	62495734	62504317	0.5604	rs3088093	  4.15	rs1991401	 0.322579	-13.70	  2.65455	226	  1	top1	0.32	1.2e-50	 -2.6545	7.94e-03
NA	/data/songy4/twas/output/weights_control//ENSG00000258890.wgt.RDat	ENSG00000258890	17	62502706	62538579	0.4985	rs3088093	  4.15	rs1991401	 0.214992	 11.15	  2.65455	229	 17	lasso	0.24	1.4e-35	  3.0798	2.07e-03
NA	/data/songy4/twas/output/weights_control//ENSG00000168646.wgt.RDat	ENSG00000168646	17	63524681	63557765	0.2480	rs11870386	 -2.87	rs757558	 0.110955	  8.18	 -0.85606	463	 22	enet	0.16	5.5e-24	 -0.6540	5.13e-01
NA	/data/songy4/twas/output/weights_control//ENSG00000154240.wgt.RDat	ENSG00000154240	17	63631656	64188202	0.0597	rs12452749	  2.89	rs12452188	 0.057164	 -5.97	 -0.53535	736	  1	top1	0.057	3.9e-09	  0.5354	5.92e-01
NA	/data/songy4/twas/output/weights_control//ENSG00000198265.wgt.RDat	ENSG00000198265	17	65066554	65242105	0.0607	rs17710992	 -3.73	rs8066336	 0.049704	 -5.56	 -0.58197	570	  2	lasso	0.051	2.5e-08	  0.5214	6.02e-01
NA	/data/songy4/twas/output/weights_control//ENSG00000182481.wgt.RDat	ENSG00000182481	17	66031635	66042958	0.0721	rs8080714	 -4.10	rs1860040	 0.008742	 -4.79	 -0.38235	329	 24	enet	0.021	0.00026	  1.5172	1.29e-01
NA	/data/songy4/twas/output/weights_control//ENSG00000196704.wgt.RDat	ENSG00000196704	17	66243715	66253297	0.0662	rs8080714	 -4.10	rs2005775	 0.040969	 -5.83	  0.09524	366	  3	enet	0.057	3.8e-09	  0.2026	8.39e-01
NA	/data/songy4/twas/output/weights_control//ENSG00000141337.wgt.RDat	ENSG00000141337	17	66255323	66418872	0.0851	rs8080714	 -4.10	rs1002446	 0.046742	 -5.42	  0.23009	460	  1	top1	0.047	9.8e-08	 -0.2301	8.18e-01
NA	/data/songy4/twas/output/weights_control//ENSG00000108932.wgt.RDat	ENSG00000108932	17	66263167	66287408	0.1822	rs8080714	 -4.10	rs965991	 0.081672	  7.14	  1.06863	383	 39	enet	0.1	4.6e-15	  1.1838	2.36e-01
NA	/data/songy4/twas/output/weights_control//ENSG00000070540.wgt.RDat	ENSG00000070540	17	66417089	66453654	0.4626	rs8080714	 -4.10	rs10852738	 0.326387	-13.70	  1.20833	438	 10	lasso	0.4	6.5e-66	 -1.0418	2.98e-01
NA	/data/songy4/twas/output/weights_control//ENSG00000154265.wgt.RDat	ENSG00000154265	17	67240452	67323385	0.1477	rs756942	 -2.74	rs1345462	 0.116307	  8.32	  0.09581	436	  6	lasso	0.12	6.9e-18	  0.0572	9.54e-01
NA	/data/songy4/twas/output/weights_control//ENSG00000153822.wgt.RDat	ENSG00000153822	17	68049570	68131749	0.0468	rs17763595	 -3.08	rs9902949	 0.028623	 -4.58	  2.03974	431	  1	top1	0.029	2.7e-05	 -2.0397	4.14e-02
NA	/data/songy4/twas/output/weights_control//ENSG00000133195.wgt.RDat	ENSG00000133195	17	70642088	71088851	0.3521	rs857510	  3.72	rs995200	 0.174015	 10.71	  0.57710	846	 70	enet	0.22	4e-33	  1.0259	3.05e-01
NA	/data/songy4/twas/output/weights_control//ENSG00000166685.wgt.RDat	ENSG00000166685	17	71189129	71204646	0.0562	rs2567469	 -3.10	rs17184168	 0.046887	  5.98	 -0.78723	578	  1	top1	0.047	9.4e-08	 -0.7872	4.31e-01
NA	/data/songy4/twas/output/weights_control//ENSG00000133193.wgt.RDat	ENSG00000133193	17	71203492	71232892	0.1277	rs2567469	 -3.10	rs7211297	 0.101994	 -8.20	 -0.92553	588	 15	enet	0.11	2.1e-16	  0.7865	4.32e-01
NA	/data/songy4/twas/output/weights_control//ENSG00000141219.wgt.RDat	ENSG00000141219	17	71228372	71245091	0.1212	rs2567469	 -3.10	rs1566286	 0.179723	-10.33	 -0.82796	585	  1	top1	0.18	1.1e-26	  0.8280	4.08e-01
NA	/data/songy4/twas/output/weights_control//ENSG00000069188.wgt.RDat	ENSG00000069188	17	71330523	71640228	0.3442	rs35712175	 -3.08	rs6501649	 0.100052	 -7.97	 -1.75000	755	 82	enet	0.21	3.9e-32	 -0.4868	6.26e-01
NA	/data/songy4/twas/output/weights_control//ENSG00000171595.wgt.RDat	ENSG00000171595	17	72270386	72311023	0.1996	rs35712175	 -3.08	rs12938663	 0.159161	  9.96	  1.60305	529	  5	lasso	0.21	3.2e-31	  0.8619	3.89e-01
NA	/data/songy4/twas/output/weights_control//ENSG00000196169.wgt.RDat	ENSG00000196169	17	72322349	72351959	0.0832	rs35712175	 -3.08	rs7209406	 0.047473	 -5.44	 -0.66667	521	  1	top1	0.047	7.9e-08	  0.6667	5.05e-01
NA	/data/songy4/twas/output/weights_control//ENSG00000204347.wgt.RDat	ENSG00000204347	17	72352555	72358085	0.1123	rs35712175	 -3.08	rs7209406	 0.084862	 -7.54	 -0.66667	486	  2	lasso	0.087	3.7e-13	  0.4861	6.27e-01
NA	/data/songy4/twas/output/weights_control//ENSG00000257008.wgt.RDat	ENSG00000257008	17	72363546	72368761	0.0705	rs35712175	 -3.08	rs12941504	 0.009974	 -4.54	  1.50980	485	  6	enet	0.016	0.0015	 -1.1896	2.34e-01
NA	/data/songy4/twas/output/weights_control//ENSG00000170412.wgt.RDat	ENSG00000170412	17	72420990	72447792	0.4048	rs35712175	 -3.08	rs2706526	 0.304750	 13.48	  0.70988	492	 22	enet	0.33	1e-51	  1.1471	2.51e-01
NA	/data/songy4/twas/output/weights_control//ENSG00000178789.wgt.RDat	ENSG00000178789	17	72517313	72527613	0.5218	rs1044228	 -3.21	rs11654726	 0.536486	 17.56	  0.63366	467	  6	lasso	0.54	2.1e-99	  0.8818	3.78e-01
NA	/data/songy4/twas/output/weights_control//ENSG00000167850.wgt.RDat	ENSG00000167850	17	72537247	72542282	0.3040	rs4789127	 -3.35	rs1171196	 0.197854	 11.79	  0.47093	467	 11	enet	0.29	1.8e-44	  0.3088	7.57e-01
NA	/data/songy4/twas/output/weights_control//ENSG00000204345.wgt.RDat	ENSG00000204345	17	72575504	72588422	0.7022	rs4789127	 -3.35	rs1699602	 0.476375	 16.53	 -0.36290	453	 86	enet	0.58	9.2e-110	  0.1346	8.93e-01
NA	/data/songy4/twas/output/weights_control//ENSG00000186407.wgt.RDat	ENSG00000186407	17	72606026	72619897	0.1149	rs4789127	 -3.35	rs11657349	 0.032894	  5.65	 -0.44211	453	  6	lasso	0.074	1.7e-11	  0.5680	5.70e-01
NA	/data/songy4/twas/output/weights_control//ENSG00000186074.wgt.RDat	ENSG00000186074	17	72690452	72709117	0.0739	rs4789127	 -3.35	rs12942311	 0.038164	 -5.07	  1.91339	444	  1	top1	0.038	1.4e-06	 -1.9134	5.57e-02
NA	/data/songy4/twas/output/weights_control//ENSG00000109062.wgt.RDat	ENSG00000109062	17	72744791	72765492	0.0515	rs4789127	 -3.35	rs2384952	 0.012256	 -4.20	 -1.51712	437	  2	lasso	0.015	0.0018	  1.1379	2.55e-01
NA	/data/songy4/twas/output/weights_control//ENSG00000161513.wgt.RDat	ENSG00000161513	17	72858619	72869156	0.1018	rs4789127	 -3.35	rs7219247	 0.016838	 -4.48	 -0.29524	398	  4	lasso	0.019	0.00054	  0.3390	7.35e-01
NA	/data/songy4/twas/output/weights_control//ENSG00000180901.wgt.RDat	ENSG00000180901	17	73028670	73061984	0.2149	rs4789127	 -3.35	rs4435292	 0.204049	-10.98	 -2.57692	399	  1	top1	0.2	1.8e-30	  2.5769	9.97e-03
NA	/data/songy4/twas/output/weights_control//ENSG00000170190.wgt.RDat	ENSG00000170190	17	73083822	73102257	0.0652	rs4789127	 -3.35	rs4538044	-0.001502	  3.55	 -1.27723	388	 19	enet	0.0072	0.023	 -1.2381	2.16e-01
NA	/data/songy4/twas/output/weights_control//ENSG00000125449.wgt.RDat	ENSG00000125449	17	73106047	73126360	0.1270	rs4789127	 -3.35	rs4412997	 0.063546	  6.25	 -0.00585	383	 29	enet	0.067	1.6e-10	  0.1222	9.03e-01
NA	/data/songy4/twas/output/weights_control//ENSG00000125450.wgt.RDat	ENSG00000125450	17	73201754	73231853	0.1609	rs4789127	 -3.35	rs1478785	 0.221391	 11.45	  2.34821	353	  1	top1	0.22	3.1e-33	  2.3482	1.89e-02
NA	/data/songy4/twas/output/weights_control//ENSG00000125445.wgt.RDat	ENSG00000125445	17	73257755	73262454	0.2069	rs4789127	 -3.35	rs6501772	 0.256690	-12.40	  2.45455	348	 20	enet	0.26	3.5e-39	 -2.8149	4.88e-03
NA	/data/songy4/twas/output/weights_control//ENSG00000125457.wgt.RDat	ENSG00000125457	17	73262309	73267308	0.1066	rs4789127	 -3.35	rs3744231	 0.042268	 -5.92	  2.18447	348	  9	lasso	0.046	1.1e-07	 -1.9336	5.32e-02
NA	/data/songy4/twas/output/weights_control//ENSG00000125454.wgt.RDat	ENSG00000125454	17	73269073	73285591	0.0729	rs4789127	 -3.35	rs3744231	 0.042666	 -5.98	  2.18447	351	  1	top1	0.043	3.5e-07	 -2.1845	2.89e-02
NA	/data/songy4/twas/output/weights_control//ENSG00000182173.wgt.RDat	ENSG00000182173	17	73512141	73520820	0.0918	rs4789127	 -3.35	rs9890605	 0.040608	  6.23	 -0.74214	347	 37	enet	0.058	3.4e-09	 -0.9938	3.20e-01
NA	/data/songy4/twas/output/weights_control//ENSG00000266714.wgt.RDat	ENSG00000266714	17	73584139	73622929	0.6231	rs3744033	 -3.23	rs4788901	 0.429397	 15.76	 -0.89503	360	 24	enet	0.47	1.2e-80	 -0.9180	3.59e-01
NA	/data/songy4/twas/output/weights_control//ENSG00000108479.wgt.RDat	ENSG00000108479	17	73747675	73761792	0.0530	rs3744033	 -3.23	rs1106343	 0.035322	 -5.40	  1.62712	363	  3	lasso	0.042	4e-07	 -1.3775	1.68e-01
NA	/data/songy4/twas/output/weights_control//ENSG00000092929.wgt.RDat	ENSG00000092929	17	73823306	73840798	0.1448	rs3744033	 -3.23	rs17581728	 0.105003	 -7.89	 -0.83636	389	  1	top1	0.11	9.6e-16	  0.8364	4.03e-01
NA	/data/songy4/twas/output/weights_control//ENSG00000132481.wgt.RDat	ENSG00000132481	17	73870242	73874656	0.1633	rs3744033	 -3.23	rs4393627	 0.079498	 -6.92	 -1.08387	384	  1	top1	0.079	3.4e-12	  1.0839	2.78e-01
NA	/data/songy4/twas/output/weights_control//ENSG00000141569.wgt.RDat	ENSG00000141569	17	73876416	73893084	0.2717	rs3744033	 -3.23	rs820386	 0.137834	 -9.10	  1.67782	389	  5	lasso	0.2	1.8e-29	 -0.6991	4.85e-01
NA	/data/songy4/twas/output/weights_control//ENSG00000188878.wgt.RDat	ENSG00000188878	17	73905655	73937221	0.0470	rs3744033	 -3.23	rs1135889	 0.009180	 -4.42	 -0.41441	405	 16	enet	0.033	6.5e-06	  0.2120	8.32e-01
NA	/data/songy4/twas/output/weights_control//ENSG00000161533.wgt.RDat	ENSG00000161533	17	73937588	73975515	0.7708	rs3744033	 -3.23	rs8065144	 0.555596	-17.89	 -1.75490	419	  8	lasso	0.64	1.2e-128	  1.4804	1.39e-01
NA	/data/songy4/twas/output/weights_control//ENSG00000167880.wgt.RDat	ENSG00000167880	17	74000583	74023533	0.1130	rs3744033	 -3.23	rs363796	 0.017097	  4.53	 -0.66667	411	 22	enet	0.025	9.2e-05	  0.3961	6.92e-01
NA	/data/songy4/twas/output/weights_control//ENSG00000167881.wgt.RDat	ENSG00000167881	17	74035184	74068734	0.0512	rs3744033	 -3.23	rs2598446	 0.041615	 -5.17	 -0.44660	420	  1	top1	0.042	4.8e-07	  0.4466	6.55e-01
NA	/data/songy4/twas/output/weights_control//ENSG00000141576.wgt.RDat	ENSG00000141576	17	74138534	74236454	0.0952	rs3744033	 -3.23	rs16968696	 0.044483	  5.97	  0.12903	449	  3	lasso	0.056	6.1e-09	 -0.2197	8.26e-01
NA	/data/songy4/twas/output/weights_control//ENSG00000185262.wgt.RDat	ENSG00000185262	17	74261283	74267375	0.2640	rs3744033	 -3.23	rs347673	 0.193033	-10.62	 -0.74227	418	 34	enet	0.2	1.1e-29	  0.7636	4.45e-01
NA	/data/songy4/twas/output/weights_control//ENSG00000129646.wgt.RDat	ENSG00000129646	17	74270130	74303761	0.1409	rs3744033	 -3.23	rs12232502	 0.074818	  6.72	 -1.29268	421	 18	enet	0.094	3.7e-14	 -1.1859	2.36e-01
NA	/data/songy4/twas/output/weights_control//ENSG00000161542.wgt.RDat	ENSG00000161542	17	74305567	74380602	0.1175	rs3744033	 -3.23	rs2279056	 0.037766	 -5.72	  0.78846	453	 25	enet	0.042	4.1e-07	 -1.1813	2.37e-01
NA	/data/songy4/twas/output/weights_control//ENSG00000176170.wgt.RDat	ENSG00000176170	17	74372665	74383941	0.2412	rs3744033	 -3.23	rs445683	 0.184091	 10.39	 -1.35577	430	  4	lasso	0.2	1.4e-30	 -1.3431	1.79e-01
NA	/data/songy4/twas/output/weights_control//ENSG00000175931.wgt.RDat	ENSG00000175931	17	74385532	74449288	0.0769	rs3744033	 -3.23	rs1000821	 0.040178	  5.66	  1.00000	507	  1	top1	0.04	7.5e-07	  1.0000	3.17e-01
NA	/data/songy4/twas/output/weights_control//ENSG00000070731.wgt.RDat	ENSG00000070731	17	74559792	74583038	0.3611	rs11077855	 -2.82	rs8070870	 0.145839	 -9.21	  1.66160	525	 58	enet	0.24	5.3e-37	 -1.9721	4.86e-02
NA	/data/songy4/twas/output/weights_control//ENSG00000070526.wgt.RDat	ENSG00000070526	17	74620843	74639920	0.3816	rs11077855	 -2.82	rs7211963	 0.237587	-12.03	 -1.71287	535	 56	enet	0.29	1.5e-45	  2.7250	6.43e-03
NA	/data/songy4/twas/output/weights_control//ENSG00000182534.wgt.RDat	ENSG00000182534	17	74668633	74707098	0.7132	rs11077855	 -2.82	rs2240773	 0.701694	 20.21	  1.16146	535	  9	lasso	0.71	3.1e-156	  1.0428	2.97e-01
NA	/data/songy4/twas/output/weights_control//ENSG00000070495.wgt.RDat	ENSG00000070495	17	74708919	74722866	0.2177	rs7215278	 -2.93	rs2240775	 0.230895	-11.61	  1.17000	532	  6	lasso	0.23	5.6e-35	 -1.2772	2.02e-01
NA	/data/songy4/twas/output/weights_control//ENSG00000167889.wgt.RDat	ENSG00000167889	17	74864538	74946475	0.1057	rs16969898	 -3.15	rs2411032	 0.072906	  6.69	  2.13364	592	  4	lasso	0.078	5e-12	  1.9800	4.77e-02
NA	/data/songy4/twas/output/weights_control//ENSG00000167895.wgt.RDat	ENSG00000167895	17	76126851	76139049	0.2919	rs12942703	 -5.88	rs2073285	 0.052277	  7.47	  0.21875	543	 30	enet	0.18	6.7e-27	 -0.2667	7.90e-01
NA	/data/songy4/twas/output/weights_control//ENSG00000187775.wgt.RDat	ENSG00000187775	17	76419778	76573476	0.2935	rs12942703	 -5.88	rs6501225	 0.150569	  9.73	 -0.03200	569	 19	enet	0.2	2.1e-29	 -1.9190	5.50e-02
NA	/data/songy4/twas/output/weights_control//ENSG00000055483.wgt.RDat	ENSG00000055483	17	76783463	76837523	0.1138	rs12942703	 -5.88	rs3744802	 0.111354	 -8.50	  0.18085	651	 13	enet	0.12	3.7e-18	 -0.6537	5.13e-01
NA	/data/songy4/twas/output/weights_control//ENSG00000035862.wgt.RDat	ENSG00000035862	17	76849059	76921469	0.1651	rs12942703	 -5.88	rs9916773	 0.059295	 -7.10	  2.80347	693	 16	enet	0.071	5e-11	 -2.9407	3.27e-03
NA	/data/songy4/twas/output/weights_control//ENSG00000178404.wgt.RDat	ENSG00000178404	17	76866992	76899299	0.1048	rs12942703	 -5.88	rs9916773	 0.070045	 -6.51	  2.80347	673	 17	enet	0.074	2.1e-11	 -3.0767	2.09e-03
NA	/data/songy4/twas/output/weights_control//ENSG00000171302.wgt.RDat	ENSG00000171302	17	76987799	77005949	0.1264	rs898533	  3.61	rs12450128	 0.090350	 -7.87	 -0.42857	654	  8	lasso	0.098	8.2e-15	  0.2706	7.87e-01
NA	/data/songy4/twas/output/weights_control//ENSG00000167280.wgt.RDat	ENSG00000167280	17	77071021	77084681	0.6636	rs898533	  3.61	rs3744189	 0.178014	 11.47	 -0.05229	582	 83	enet	0.48	4.3e-83	 -0.8622	3.89e-01
NA	/data/songy4/twas/output/weights_control//ENSG00000182156.wgt.RDat	ENSG00000182156	17	77704681	77716021	0.1626	rs8078624	 -3.95	rs8071194	 0.103369	 -7.83	  0.66355	493	  1	top1	0.1	1.6e-15	 -0.6636	5.07e-01
NA	/data/songy4/twas/output/weights_control//ENSG00000167291.wgt.RDat	ENSG00000167291	17	77906142	78009647	0.1210	rs8078624	 -3.95	rs7211079	-0.001423	  3.88	 -1.12844	434	 49	enet	0.034	5.3e-06	  0.0131	9.90e-01
NA	/data/songy4/twas/output/weights_control//ENSG00000171298.wgt.RDat	ENSG00000171298	17	78075355	78093678	0.6460	rs8078624	 -3.95	rs12450199	 0.457997	-16.24	  0.24490	437	 10	lasso	0.58	2.5e-109	 -0.2876	7.74e-01
NA	/data/songy4/twas/output/weights_control//ENSG00000181523.wgt.RDat	ENSG00000181523	17	78180515	78194722	0.1076	rs8078624	 -3.95	rs2304856	 0.100651	  7.85	 -0.32979	484	  4	lasso	0.1	1.1e-15	 -0.2221	8.24e-01
NA	/data/songy4/twas/output/weights_control//ENSG00000141564.wgt.RDat	ENSG00000141564	17	78518619	78940171	0.1562	rs11871062	  4.33	rs7501659	 0.103019	 -8.21	  0.29814	656	  8	lasso	0.13	7.4e-19	 -0.3109	7.56e-01
NA	/data/songy4/twas/output/weights_control//ENSG00000175866.wgt.RDat	ENSG00000175866	17	79008948	79091232	0.2772	rs11871062	  4.33	rs12452150	 0.057159	  6.43	  0.13559	476	  7	lasso	0.11	9.4e-17	  0.8410	4.00e-01
NA	/data/songy4/twas/output/weights_control//ENSG00000181409.wgt.RDat	ENSG00000181409	17	79091095	79139877	0.5512	rs11871062	  4.33	rs4969259	 0.306876	 13.32	 -0.04000	455	 32	enet	0.43	8.5e-72	 -1.0929	2.74e-01
NA	/data/songy4/twas/output/weights_control//ENSG00000141577.wgt.RDat	ENSG00000141577	17	79163393	79196799	0.0945	rs11871062	  4.33	rs12939525	 0.004429	 -4.16	 -1.97000	450	 38	enet	0.008	0.018	  1.3902	1.64e-01
NA	/data/songy4/twas/output/weights_control//ENSG00000167302.wgt.RDat	ENSG00000167302	17	79202077	79212891	0.0492	rs11871062	  4.33	rs9893363	 0.012176	 -4.45	 -2.98319	435	  3	lasso	0.017	0.00089	  3.4603	5.40e-04
NA	/data/songy4/twas/output/weights_control//ENSG00000224877.wgt.RDat	ENSG00000224877	17	79213039	79215081	0.2055	rs11871062	  4.33	rs3803767	 0.149924	  9.30	  1.94286	431	  3	lasso	0.15	1.5e-22	  2.4286	1.52e-02
NA	/data/songy4/twas/output/weights_control//ENSG00000157637.wgt.RDat	ENSG00000157637	17	79218800	79269347	0.2738	rs11871062	  4.33	rs2279157	 0.089114	  7.33	  0.21088	429	 47	enet	0.17	7.9e-25	 -0.6081	5.43e-01
NA	/data/songy4/twas/output/weights_control//ENSG00000184009.wgt.RDat	ENSG00000184009	17	79476997	79490873	0.0747	rs11871062	  4.33	rs1139405	 0.076806	 -6.80	  2.38168	313	  1	top1	0.077	8.1e-12	 -2.3817	1.72e-02
NA	/data/songy4/twas/output/weights_control//ENSG00000186765.wgt.RDat	ENSG00000186765	17	79495422	79504156	0.0370	rs11871062	  4.33	rs8075262	-0.001428	  3.38	  1.21782	314	  1	top1	-0.0014	0.67	  1.2178	2.23e-01
NA	/data/songy4/twas/output/weights_control//ENSG00000182446.wgt.RDat	ENSG00000182446	17	79523913	79615495	0.1398	rs11871062	  4.33	rs13912	 0.037743	  5.49	  0.40187	356	  7	lasso	0.1	1.6e-15	  1.2121	2.25e-01
NA	/data/songy4/twas/output/weights_control//ENSG00000182612.wgt.RDat	ENSG00000182612	17	79604197	79615779	0.0705	rs2228309	  4.26	rs11150803	 0.039531	  5.24	 -0.43158	325	  1	top1	0.04	9.2e-07	 -0.4316	6.66e-01
NA	/data/songy4/twas/output/weights_control//ENSG00000185527.wgt.RDat	ENSG00000185527	17	79617489	79630142	0.0540	rs2228309	  4.26	rs35953598	 0.009011	  4.11	  1.16667	325	  1	top1	0.009	0.013	  1.1667	2.43e-01
NA	/data/songy4/twas/output/weights_control//ENSG00000204237.wgt.RDat	ENSG00000204237	17	79632066	79633665	0.1230	rs2228309	  4.26	rs11150803	 0.133385	  8.89	 -0.43158	323	  5	lasso	0.15	2.5e-22	 -0.6569	5.11e-01
NA	/data/songy4/twas/output/weights_control//ENSG00000185298.wgt.RDat	ENSG00000185298	17	79633394	79640934	0.0912	rs2228309	  4.26	rs12452251	 0.073818	 -6.84	  1.19807	325	  1	top1	0.074	2.1e-11	 -1.1981	2.31e-01
NA	/data/songy4/twas/output/weights_control//ENSG00000214087.wgt.RDat	ENSG00000214087	17	79648204	79650954	0.4670	rs2228309	  4.26	rs11150805	 0.612947	-18.77	 -1.93651	326	  4	lasso	0.62	3.5e-122	  1.8839	5.96e-02
NA	/data/songy4/twas/output/weights_control//ENSG00000185359.wgt.RDat	ENSG00000185359	17	79650356	79670168	0.0462	rs2228309	  4.26	rs34675863	 0.004320	  3.69	  0.84279	336	  1	top1	0.0043	0.062	  0.8428	3.99e-01
NA	/data/songy4/twas/output/weights_control//ENSG00000182676.wgt.RDat	ENSG00000182676	17	79791368	79792926	0.0427	rs12601558	  4.35	rs7222764	 0.003920	 -3.65	 -1.54955	284	 18	enet	0.021	0.00031	  0.5467	5.85e-01
NA	/data/songy4/twas/output/weights_control//ENSG00000169696.wgt.RDat	ENSG00000169696	17	79934683	79975282	0.1182	rs12601558	  4.35	rs7405640	 0.070775	 -7.31	 -2.79412	331	 20	enet	0.086	4.7e-13	  4.5009	6.77e-06
NA	/data/songy4/twas/output/weights_control//ENSG00000169689.wgt.RDat	ENSG00000169689	17	79976578	79981983	0.1246	rs12601558	  4.35	rs3934983	 0.086375	 -7.22	 -1.79825	323	  3	lasso	0.088	2.3e-13	  1.6474	9.95e-02
NA	/data/songy4/twas/output/weights_control//ENSG00000169683.wgt.RDat	ENSG00000169683	17	79981178	79989027	0.2061	rs12601558	  4.35	rs4432307	 0.078788	 -7.89	 -1.78049	321	 12	lasso	0.13	1.4e-19	  1.6291	1.03e-01
NA	/data/songy4/twas/output/weights_control//ENSG00000169738.wgt.RDat	ENSG00000169738	17	79993012	79995608	0.5218	rs12601558	  4.35	rs6502047	 0.459865	 16.28	  0.00671	317	  6	lasso	0.46	1.1e-79	  0.0824	9.34e-01
NA	/data/songy4/twas/output/weights_control//ENSG00000169710.wgt.RDat	ENSG00000169710	17	80036214	80056208	0.0454	rs12601558	  4.35	rs7225637	 0.035541	 -5.11	 -2.67797	319	  1	top1	0.036	3.2e-06	  2.6780	7.41e-03
NA	/data/songy4/twas/output/weights_control//ENSG00000141526.wgt.RDat	ENSG00000141526	17	80186273	80219005	0.0667	rs12601558	  4.35	rs4239020	 0.074614	  6.64	 -1.88462	314	  5	lasso	0.077	7.2e-12	 -2.1198	3.40e-02
NA	/data/songy4/twas/output/weights_control//ENSG00000141551.wgt.RDat	ENSG00000141551	17	80196899	80231607	0.0802	rs12601558	  4.35	rs3176835	 0.039767	 -5.18	  0.21484	313	  3	lasso	0.051	2.6e-08	  0.1951	8.45e-01
NA	/data/songy4/twas/output/weights_control//ENSG00000141574.wgt.RDat	ENSG00000141574	17	80278900	80291950	0.1679	rs12601558	  4.35	rs3176835	 0.070331	 -7.54	  0.21484	336	 11	enet	0.097	1.3e-14	  0.0685	9.45e-01
NA	/data/songy4/twas/output/weights_control//ENSG00000181396.wgt.RDat	ENSG00000181396	17	80347099	80376513	0.3860	rs12601558	  4.35	rs7213057	 0.243208	-11.87	  1.99091	365	  9	lasso	0.31	1.8e-47	 -2.5753	1.00e-02
NA	/data/songy4/twas/output/weights_control//ENSG00000169660.wgt.RDat	ENSG00000169660	17	80376194	80400521	0.1173	rs12601558	  4.35	rs4074069	 0.084954	  7.32	  1.63462	389	  1	top1	0.085	6.1e-13	  1.6346	1.02e-01
NA	/data/songy4/twas/output/weights_control//ENSG00000178927.wgt.RDat	ENSG00000178927	17	80400465	80408705	0.2715	rs12601558	  4.35	rs3751913	 0.236860	-11.86	  0.07746	403	  7	lasso	0.25	3.4e-38	 -0.4949	6.21e-01
NA	/data/songy4/twas/output/weights_control//ENSG00000141580.wgt.RDat	ENSG00000141580	17	80572438	80606429	0.3243	rs12601558	  4.35	rs4789704	 0.195519	 10.76	  0.59434	408	 19	enet	0.21	5.9e-31	  0.3654	7.15e-01
NA	/data/songy4/twas/output/weights_control//ENSG00000141560.wgt.RDat	ENSG00000141560	17	80674559	80688204	0.2924	rs12601558	  4.35	rs3859206	 0.229473	 12.10	  0.37500	363	 33	enet	0.33	2.2e-52	  0.1549	8.77e-01
NA	/data/songy4/twas/output/weights_control//ENSG00000167363.wgt.RDat	ENSG00000167363	17	80693451	80709073	0.2600	rs8078148	 -3.67	rs1046875	 0.216886	-11.33	  0.89899	355	  5	lasso	0.22	1.5e-32	 -0.7548	4.50e-01
NA	/data/songy4/twas/output/weights_control//ENSG00000141556.wgt.RDat	ENSG00000141556	17	80709940	80900724	0.2489	rs8078148	 -3.67	rs729124	 0.145077	 -9.84	  0.76699	353	 43	enet	0.25	1e-37	 -1.2072	2.27e-01
NA	/data/songy4/twas/output/weights_control//ENSG00000175711.wgt.RDat	ENSG00000175711	17	80900031	81009686	0.5233	rs8078148	 -3.67	rs10852789	 0.219387	 11.28	  0.81119	295	 35	enet	0.31	2.3e-48	  1.0362	3.00e-01
NA	/data/songy4/twas/output/weights_control//ENSG00000176845.wgt.RDat	ENSG00000176845	17	81037567	81052864	0.2027	rs8078148	 -3.67	rs7405957	 0.038003	 -6.68	 -0.79208	241	 16	enet	0.11	3.8e-16	 -0.0965	9.23e-01
