PANEL	FILE	ID	CHR	P0	P1	HSQ	BEST.GWAS.ID	BEST.GWAS.Z	EQTL.ID	EQTL.R2	EQTL.Z	EQTL.GWAS.Z	NSNP	NWGT	MODEL	MODELCV.R2	MODELCV.PV	TWAS.Z	TWAS.P
NA	/data/songy4/twas/output/weights_control//ENSG00000140157.wgt.RDat	ENSG00000140157	15	23004684	23034427	0.1485	NA	   NA	NA	       NA	    NA	      NA	175	 0	lasso	0.13	2.3e-19	       NA	      NA
NA	/data/songy4/twas/output/weights_control//ENSG00000170113.wgt.RDat	ENSG00000170113	15	23043277	23100005	0.2041	NA	   NA	NA	       NA	    NA	      NA	175	 0	enet	0.17	1.8e-25	       NA	      NA
NA	/data/songy4/twas/output/weights_control//ENSG00000182636.wgt.RDat	ENSG00000182636	15	23930565	23932450	0.0978	NA	   NA	NA	       NA	    NA	      NA	363	 0	top1	0.071	5.5e-11	       NA	      NA
NA	/data/songy4/twas/output/weights_control//ENSG00000128739.wgt.RDat	ENSG00000128739	15	25068794	25223870	0.0977	rs7359322	-3.29	rs705	 6.10e-02	  6.04	-0.13861	409	 1	top1	0.061	1.2e-09	-0.138614	8.90e-01
NA	/data/songy4/twas/output/weights_control//ENSG00000273173.wgt.RDat	ENSG00000273173	15	25200133	25223729	0.0466	rs7359322	-3.29	rs2855523	 4.22e-02	  5.34	 0.22430	398	 1	top1	0.042	4e-07	 0.224299	8.23e-01
NA	/data/songy4/twas/output/weights_control//ENSG00000206190.wgt.RDat	ENSG00000206190	15	25922420	26110317	0.1498	rs7359322	-3.29	rs1345098	 8.93e-02	  7.28	-2.18627	709	 1	top1	0.089	1.5e-13	-2.186275	2.88e-02
NA	/data/songy4/twas/output/weights_control//ENSG00000166206.wgt.RDat	ENSG00000166206	15	26788693	27184686	0.1884	rs6576557	 3.13	rs768899	 1.14e-01	  8.16	-0.96040	692	 1	top1	0.11	4.6e-17	-0.960396	3.37e-01
NA	/data/songy4/twas/output/weights_control//ENSG00000104044.wgt.RDat	ENSG00000104044	15	28000021	28344504	0.0933	rs2311202	-3.25	rs16950979	 6.46e-02	  6.43	 0.65888	474	 6	lasso	0.066	2.5e-10	 0.693008	4.88e-01
NA	/data/songy4/twas/output/weights_control//ENSG00000128731.wgt.RDat	ENSG00000128731	15	28356186	28567298	0.3393	rs2311202	-3.25	rs8036480	 3.11e-01	 13.63	 0.37736	320	 7	lasso	0.33	4.5e-52	 0.440281	6.60e-01
NA	/data/songy4/twas/output/weights_control//ENSG00000188626.wgt.RDat	ENSG00000188626	15	28947100	28983530	0.0823	rs4779801	 2.19	rs8029466	 4.44e-02	 -5.64	-0.55797	183	 1	top1	0.044	2e-07	 0.557971	5.77e-01
NA	/data/songy4/twas/output/weights_control//ENSG00000166664.wgt.RDat	ENSG00000166664	15	30653443	30686052	0.2306	rs4779695	 1.91	rs12904872	 1.16e-01	  8.58	 1.11702	154	14	enet	0.17	5.1e-25	 0.839090	4.01e-01
NA	/data/songy4/twas/output/weights_control//ENSG00000186399.wgt.RDat	ENSG00000186399	15	30695943	30706463	0.3873	rs4779695	 1.91	rs12906190	 3.01e-01	 13.17	 0.00518	138	10	lasso	0.34	2e-53	 0.380248	7.04e-01
NA	/data/songy4/twas/output/weights_control//ENSG00000178115.wgt.RDat	ENSG00000178115	15	30844183	30854704	0.2104	rs10519726	-2.11	rs12906190	 9.57e-02	  7.62	 0.00518	155	22	enet	0.1	1.7e-15	 0.248891	8.03e-01
NA	/data/songy4/twas/output/weights_control//ENSG00000261794.wgt.RDat	ENSG00000261794	15	30896329	30906764	0.2041	rs2113945	-2.18	rs4779762	 1.06e-01	 -8.01	 1.15504	190	 1	top1	0.11	6.1e-16	-1.155039	2.48e-01
NA	/data/songy4/twas/output/weights_control//ENSG00000198690.wgt.RDat	ENSG00000198690	15	31196055	31235311	0.5586	rs17228178	-3.00	rs1524878	 2.90e-01	-13.93	-0.67708	334	11	lasso	0.55	2.5e-102	 0.237520	8.12e-01
NA	/data/songy4/twas/output/weights_control//ENSG00000169926.wgt.RDat	ENSG00000169926	15	31619058	31727868	0.0601	rs11071179	-3.61	rs11630449	 2.12e-03	  3.88	-1.86957	489	15	enet	0.0067	0.027	 0.044920	9.64e-01
NA	/data/songy4/twas/output/weights_control//ENSG00000175344.wgt.RDat	ENSG00000175344	15	32322691	32464722	0.0846	rs11071179	-3.61	rs11635209	 7.43e-02	 -7.18	-1.63877	262	 4	lasso	0.083	1.1e-12	 1.725308	8.45e-02
NA	/data/songy4/twas/output/weights_control//ENSG00000249931.wgt.RDat	ENSG00000249931	15	32684983	32695396	0.2064	rs12593365	 3.40	rs7179008	 4.35e-02	  6.06	 0.48718	342	16	lasso	0.13	4.2e-19	 1.181558	2.37e-01
NA	/data/songy4/twas/output/weights_control//ENSG00000206127.wgt.RDat	ENSG00000206127	15	32737307	32747835	0.2414	rs12593365	 3.40	rs28457217	 5.20e-02	  6.58	 0.33083	361	11	lasso	0.14	1.9e-20	 0.506712	6.12e-01
NA	/data/songy4/twas/output/weights_control//ENSG00000232653.wgt.RDat	ENSG00000232653	15	32885657	32896179	0.4240	rs12593365	 3.40	rs28457217	 1.83e-01	-10.38	 0.33083	402	38	enet	0.25	1e-37	 0.560818	5.75e-01
NA	/data/songy4/twas/output/weights_control//ENSG00000198826.wgt.RDat	ENSG00000198826	15	32907345	32932150	0.4589	rs12593365	 3.40	rs16964074	 3.29e-02	 -6.19	 0.74627	427	57	enet	0.27	9.4e-41	 0.445045	6.56e-01
NA	/data/songy4/twas/output/weights_control//ENSG00000166922.wgt.RDat	ENSG00000166922	15	32933877	32989299	0.2715	rs12593365	 3.40	rs16964074	 5.31e-02	 -5.76	 0.74627	464	57	enet	0.16	9.8e-24	-0.067385	9.46e-01
NA	/data/songy4/twas/output/weights_control//ENSG00000248905.wgt.RDat	ENSG00000248905	15	33057747	33486897	0.7694	rs16966848	 3.40	rs345781	 7.61e-01	 20.96	-0.64602	857	14	lasso	0.79	5.7e-195	-0.580194	5.62e-01
NA	/data/songy4/twas/output/weights_control//ENSG00000182405.wgt.RDat	ENSG00000182405	15	34394274	34396591	0.0867	rs8030094	 2.92	rs1436923	 7.66e-02	  6.85	-1.38333	486	 1	top1	0.077	8.6e-12	-1.383333	1.67e-01
NA	/data/songy4/twas/output/weights_control//ENSG00000134152.wgt.RDat	ENSG00000134152	15	34432875	34502297	0.1201	rs2118157	-3.63	rs2290940	 7.06e-02	  7.84	 2.40000	507	 8	lasso	0.11	5.5e-16	 2.204314	2.75e-02
NA	/data/songy4/twas/output/weights_control//ENSG00000140199.wgt.RDat	ENSG00000140199	15	34525460	34630261	0.0631	rs2118157	-3.63	rs8035954	 2.71e-02	 -5.10	 1.92523	538	 9	enet	0.041	5.7e-07	-1.680489	9.29e-02
NA	/data/songy4/twas/output/weights_control//ENSG00000182117.wgt.RDat	ENSG00000182117	15	34633917	34635378	0.0559	rs2118157	-3.63	rs180886	 4.00e-02	  5.49	 0.14483	444	 1	top1	0.04	7.9e-07	 0.144828	8.85e-01
NA	/data/songy4/twas/output/weights_control//ENSG00000175265.wgt.RDat	ENSG00000175265	15	34671269	34880704	0.2152	rs2118157	-3.63	rs1836974	 7.96e-02	  7.20	-1.02922	503	53	enet	0.081	2.5e-12	-1.378063	1.68e-01
NA	/data/songy4/twas/output/weights_control//ENSG00000215252.wgt.RDat	ENSG00000215252	15	34817408	34880704	0.5520	rs2118157	-3.63	rs8039908	 1.14e-01	 -8.30	-0.22330	417	97	enet	0.25	5.1e-38	-1.276490	2.02e-01
NA	/data/songy4/twas/output/weights_control//ENSG00000186073.wgt.RDat	ENSG00000186073	15	36871812	37102449	0.0920	rs12102100	-2.47	rs7183890	 4.99e-02	 -6.23	-1.32692	669	12	enet	0.072	3.6e-11	 1.193734	2.33e-01
NA	/data/songy4/twas/output/weights_control//ENSG00000137801.wgt.RDat	ENSG00000137801	15	39873280	39891667	0.2740	rs7181985	-2.82	rs9806435	 4.51e-02	  5.93	 0.29907	543	52	enet	0.11	2.4e-16	 0.774545	4.39e-01
NA	/data/songy4/twas/output/weights_control//ENSG00000150667.wgt.RDat	ENSG00000150667	15	39892232	40075031	0.0754	rs7181985	-2.82	rs1876852	 6.23e-02	 -6.38	 0.99029	599	 1	top1	0.062	7.7e-10	-0.990291	3.22e-01
NA	/data/songy4/twas/output/weights_control//ENSG00000166073.wgt.RDat	ENSG00000166073	15	40091233	40213093	0.0684	rs7181985	-2.82	rs11856694	 6.42e-03	  4.27	-0.35200	539	19	enet	0.017	0.00089	 0.573617	5.66e-01
NA	/data/songy4/twas/output/weights_control//ENSG00000128829.wgt.RDat	ENSG00000128829	15	40226347	40327797	0.2878	rs7181985	-2.82	rs3736290	 1.07e-01	  8.64	 1.29167	490	 8	lasso	0.17	5.8e-26	 1.124048	2.61e-01
NA	/data/songy4/twas/output/weights_control//ENSG00000104081.wgt.RDat	ENSG00000104081	15	40380091	40401093	0.1155	rs7181985	-2.82	rs2016902	 1.56e-02	  5.76	-1.13581	467	 5	lasso	0.041	6.8e-07	-1.058457	2.90e-01
NA	/data/songy4/twas/output/weights_control//ENSG00000137841.wgt.RDat	ENSG00000137841	15	40570377	40600136	0.1472	rs7181985	-2.82	rs2229690	 8.44e-02	  7.11	-1.47475	403	 6	lasso	0.098	8.9e-15	-1.094115	2.74e-01
NA	/data/songy4/twas/output/weights_control//ENSG00000259330.wgt.RDat	ENSG00000259330	15	40617417	40618916	0.1613	rs7181985	-2.82	rs2004251	 1.07e-01	  8.04	-0.29000	396	 7	lasso	0.11	8.6e-17	 0.163595	8.70e-01
NA	/data/songy4/twas/output/weights_control//ENSG00000188549.wgt.RDat	ENSG00000188549	15	40623653	40633168	0.1527	rs7181985	-2.82	rs10518693	 3.23e-02	  5.94	 0.12632	397	23	enet	0.079	3.9e-12	 0.152536	8.79e-01
NA	/data/songy4/twas/output/weights_control//ENSG00000140323.wgt.RDat	ENSG00000140323	15	40650436	40663257	0.1119	rs7181985	-2.82	rs2289332	 4.06e-02	 -5.51	 1.00484	399	 1	top1	0.041	6.7e-07	-1.004841	3.15e-01
NA	/data/songy4/twas/output/weights_control//ENSG00000128944.wgt.RDat	ENSG00000128944	15	40674922	40686447	0.6031	rs7181985	-2.82	rs17671250	 6.13e-01	 19.00	-1.11348	393	10	lasso	0.63	1.4e-124	-1.013532	3.11e-01
NA	/data/songy4/twas/output/weights_control//ENSG00000128928.wgt.RDat	ENSG00000128928	15	40697686	40728146	0.3811	rs7181985	-2.82	rs17672041	 2.53e-01	-12.47	-1.19310	395	30	enet	0.31	8.4e-49	 0.693710	4.88e-01
NA	/data/songy4/twas/output/weights_control//ENSG00000140320.wgt.RDat	ENSG00000140320	15	40731920	40760441	0.0468	rs11557249	 3.30	rs603104	 1.40e-02	  4.55	 0.47872	395	19	enet	0.019	0.00048	 1.021544	3.07e-01
NA	/data/songy4/twas/output/weights_control//ENSG00000128891.wgt.RDat	ENSG00000128891	15	40820882	40857256	0.2877	rs7182660	-3.63	rs17673703	 3.11e-01	-13.48	-0.57172	360	 8	lasso	0.34	8.5e-54	 0.262162	7.93e-01
NA	/data/songy4/twas/output/weights_control//ENSG00000137824.wgt.RDat	ENSG00000137824	15	41028082	41048049	0.0594	rs7182660	-3.63	rs4924490	 5.21e-02	 -6.00	 0.28571	325	 1	top1	0.052	1.9e-08	-0.285714	7.75e-01
NA	/data/songy4/twas/output/weights_control//ENSG00000137880.wgt.RDat	ENSG00000137880	15	41056218	41059906	0.0335	rs7182660	-3.63	rs7172947	 4.02e-02	 -5.21	 0.34375	311	 1	top1	0.04	7.4e-07	-0.343750	7.31e-01
NA	/data/songy4/twas/output/weights_control//ENSG00000166140.wgt.RDat	ENSG00000166140	15	41099284	41106767	0.4827	rs7182660	-3.63	rs3743034	 4.60e-01	-16.27	-0.07071	298	 4	lasso	0.48	2e-83	 0.060589	9.52e-01
NA	/data/songy4/twas/output/weights_control//ENSG00000128908.wgt.RDat	ENSG00000128908	15	41271078	41408552	0.0383	rs2297377	-4.07	rs2289219	 5.35e-03	  3.47	-0.33000	329	 4	lasso	0.011	0.0069	-0.101322	9.19e-01
NA	/data/songy4/twas/output/weights_control//ENSG00000187446.wgt.RDat	ENSG00000187446	15	41523037	41574043	0.0313	rs2297377	-4.07	rs7175912	 1.45e-02	 -4.16	-1.46801	291	 1	top1	0.014	0.0022	 1.468014	1.42e-01
NA	/data/songy4/twas/output/weights_control//ENSG00000137804.wgt.RDat	ENSG00000137804	15	41624892	41673248	0.1377	rs2297377	-4.07	rs1077918	 4.15e-02	 -5.06	-1.71795	313	35	enet	0.048	6.7e-08	 3.195717	1.39e-03
NA	/data/songy4/twas/output/weights_control//ENSG00000137815.wgt.RDat	ENSG00000137815	15	41700606	41775761	0.1721	rs2297377	-4.07	rs35826725	 3.03e-02	 -4.82	-0.32258	350	25	enet	0.037	1.8e-06	-0.886188	3.76e-01
NA	/data/songy4/twas/output/weights_control//ENSG00000243708.wgt.RDat	ENSG00000243708	15	42120283	42140345	0.1780	rs2297377	-4.07	rs1918310	 2.43e-01	 12.03	 3.42857	423	 2	lasso	0.25	2.1e-37	 2.907107	3.65e-03
NA	/data/songy4/twas/output/weights_control//ENSG00000168970.wgt.RDat	ENSG00000168970	15	42120293	42140353	0.0429	rs2297377	-4.07	rs2241522	 1.31e-02	  4.14	 3.22222	423	 1	top1	0.013	0.0034	 3.222222	1.27e-03
NA	/data/songy4/twas/output/weights_control//ENSG00000137877.wgt.RDat	ENSG00000137877	15	42140345	42186275	0.4363	rs2297377	-4.07	rs1672461	 2.05e-01	-11.08	-0.54167	435	50	enet	0.25	1.6e-37	 1.043576	2.97e-01
NA	/data/songy4/twas/output/weights_control//ENSG00000103966.wgt.RDat	ENSG00000103966	15	42190950	42264776	0.2341	rs17708630	 4.15	rs8043408	 1.12e-01	  8.22	 0.31746	451	 5	lasso	0.16	2.1e-23	 0.403302	6.87e-01
NA	/data/songy4/twas/output/weights_control//ENSG00000103994.wgt.RDat	ENSG00000103994	15	42705021	42783321	0.0647	rs17708630	 4.15	rs11636209	 4.13e-02	  5.58	 3.16923	419	 3	lasso	0.041	5.2e-07	 3.397479	6.80e-04
NA	/data/songy4/twas/output/weights_control//ENSG00000180979.wgt.RDat	ENSG00000180979	15	42834720	42841000	0.1390	rs17708630	 4.15	rs4924687	 1.18e-01	  8.49	-0.45963	341	 1	top1	0.12	1.3e-17	-0.459627	6.46e-01
NA	/data/songy4/twas/output/weights_control//ENSG00000137814.wgt.RDat	ENSG00000137814	15	42841008	42862192	0.0658	rs17708630	 4.15	rs10851410	 3.25e-02	  5.10	 2.10185	342	16	enet	0.033	8e-06	 3.221179	1.28e-03
NA	/data/songy4/twas/output/weights_control//ENSG00000159433.wgt.RDat	ENSG00000159433	15	42867857	43013179	0.0550	rs17708630	 4.15	rs6493054	 4.50e-02	 -5.58	 0.04795	352	 1	top1	0.045	1.7e-07	-0.047945	9.62e-01
NA	/data/songy4/twas/output/weights_control//ENSG00000128881.wgt.RDat	ENSG00000128881	15	43030932	43213007	0.0393	rs17708630	 4.15	rs4923956	 5.04e-02	 -6.10	-0.70874	346	 1	top1	0.05	3.1e-08	 0.708738	4.78e-01
NA	/data/songy4/twas/output/weights_control//ENSG00000159459.wgt.RDat	ENSG00000159459	15	43235095	43398311	0.0403	rs12440118	 3.73	rs1548096	 3.18e-02	 -4.78	-0.26119	336	 1	top1	0.032	1e-05	 0.261194	7.94e-01
NA	/data/songy4/twas/output/weights_control//ENSG00000166946.wgt.RDat	ENSG00000166946	15	43477316	43487396	0.1039	rs12594483	-2.99	rs17721275	 2.50e-02	  4.88	-0.91590	290	19	enet	0.033	8e-06	-0.319540	7.49e-01
NA	/data/songy4/twas/output/weights_control//ENSG00000168806.wgt.RDat	ENSG00000168806	15	43619974	43622803	0.4842	rs7181079	 1.94	rs3742970	 2.36e-01	-11.65	 0.73006	264	 1	top1	0.24	1.4e-35	-0.730061	4.65e-01
NA	/data/songy4/twas/output/weights_control//ENSG00000168803.wgt.RDat	ENSG00000168803	15	43622872	43646096	0.1594	rs7181079	 1.94	rs3742971	 2.04e-01	-10.84	 0.22143	267	 1	top1	0.2	1.9e-30	-0.221429	8.25e-01
NA	/data/songy4/twas/output/weights_control//ENSG00000140265.wgt.RDat	ENSG00000140265	15	43650370	43663223	0.2293	rs7181079	 1.94	rs514438	 1.61e-01	-10.07	 0.06780	270	 7	lasso	0.17	4.2e-25	-0.116193	9.07e-01
NA	/data/songy4/twas/output/weights_control//ENSG00000137822.wgt.RDat	ENSG00000137822	15	43661419	43699293	0.1569	rs7181079	 1.94	rs16957715	 8.04e-02	 -7.14	-0.15254	276	 1	top1	0.08	2.6e-12	 0.152542	8.79e-01
NA	/data/songy4/twas/output/weights_control//ENSG00000168781.wgt.RDat	ENSG00000168781	15	43825660	43882430	0.0337	rs7181079	 1.94	rs2016837	-6.64e-04	 -3.34	-0.38037	273	34	enet	-0.00036	0.37	-0.209798	8.34e-01
NA	/data/songy4/twas/output/weights_control//ENSG00000242866.wgt.RDat	ENSG00000242866	15	43891596	44010458	0.0356	rs8028608	 1.82	rs654276	 1.22e-02	  4.39	 0.05645	283	21	enet	0.014	0.0024	-0.449087	6.53e-01
NA	/data/songy4/twas/output/weights_control//ENSG00000166762.wgt.RDat	ENSG00000166762	15	43920701	43960316	0.1275	rs16959468	 1.64	rs3759791	 1.62e-01	-10.16	-0.22785	261	 1	top1	0.16	4.4e-24	 0.227848	8.20e-01
NA	/data/songy4/twas/output/weights_control//ENSG00000167004.wgt.RDat	ENSG00000167004	15	44038590	44065477	0.0267	rs16959468	 1.64	rs1869258	 3.22e-02	 -4.83	-0.59804	256	 1	top1	0.032	8.8e-06	 0.598039	5.50e-01
NA	/data/songy4/twas/output/weights_control//ENSG00000140264.wgt.RDat	ENSG00000140264	15	44069285	44094787	0.0502	rs16959468	 1.64	rs3862143	 4.44e-02	 -6.39	-0.09836	246	17	enet	0.051	2.5e-08	 0.085831	9.32e-01
NA	/data/songy4/twas/output/weights_control//ENSG00000229474.wgt.RDat	ENSG00000229474	15	44957930	45003514	0.0833	rs2854439	 2.94	rs12594905	 5.42e-02	  5.76	-2.21739	259	 3	lasso	0.075	1.4e-11	-2.095493	3.61e-02
NA	/data/songy4/twas/output/weights_control//ENSG00000185880.wgt.RDat	ENSG00000185880	15	45021186	45060027	0.1437	rs2854439	 2.94	rs7165535	 8.95e-02	 -8.10	 0.57237	276	32	enet	0.12	5.2e-18	 0.712475	4.76e-01
NA	/data/songy4/twas/output/weights_control//ENSG00000140263.wgt.RDat	ENSG00000140263	15	45315302	45369383	0.0799	rs2854439	 2.94	rs270810	 5.62e-02	 -6.05	 1.48052	316	 1	top1	0.056	5.2e-09	-1.480519	1.39e-01
NA	/data/songy4/twas/output/weights_control//ENSG00000140279.wgt.RDat	ENSG00000140279	15	45384848	45406542	0.0921	rs2854439	 2.94	rs175088	 2.52e-03	  3.74	-0.59893	305	25	enet	0.011	0.0059	-1.180602	2.38e-01
NA	/data/songy4/twas/output/weights_control//ENSG00000138606.wgt.RDat	ENSG00000138606	15	45459412	45493373	0.0994	rs2854439	 2.94	rs16939752	 1.11e-01	 -8.17	-0.95890	339	 1	top1	0.11	1.6e-16	 0.958904	3.38e-01
NA	/data/songy4/twas/output/weights_control//ENSG00000171766.wgt.RDat	ENSG00000171766	15	45653322	45694525	0.2152	rs2854439	 2.94	rs1153849	 4.39e-01	-16.02	 2.21698	341	24	enet	0.44	3.6e-75	-2.215036	2.68e-02
NA	/data/songy4/twas/output/weights_control//ENSG00000171763.wgt.RDat	ENSG00000171763	15	45694529	45713617	0.4474	rs2854439	 2.94	rs3809472	 6.43e-01	 19.41	 2.16038	347	26	enet	0.65	4e-134	 2.237799	2.52e-02
NA	/data/songy4/twas/output/weights_control//ENSG00000166920.wgt.RDat	ENSG00000166920	15	45722727	45740959	0.0196	rs2854439	 2.94	rs3809472	 1.59e-02	  4.13	 2.16038	360	 1	top1	0.016	0.0014	 2.160377	3.07e-02
NA	/data/songy4/twas/output/weights_control//ENSG00000137767.wgt.RDat	ENSG00000137767	15	45923346	45983492	0.1187	rs8037147	-2.51	rs353099	 5.60e-02	  6.67	-1.94309	390	 3	lasso	0.076	9.9e-12	-1.526557	1.27e-01
NA	/data/songy4/twas/output/weights_control//ENSG00000104177.wgt.RDat	ENSG00000104177	15	48431625	48470714	0.3186	rs363836	 2.62	rs964611	 4.28e-01	 15.71	-1.40769	400	 8	lasso	0.43	5.1e-72	-1.399773	1.62e-01
NA	/data/songy4/twas/output/weights_control//ENSG00000074803.wgt.RDat	ENSG00000074803	15	48483861	48596275	0.0722	rs363836	 2.62	rs964611	 8.24e-02	  6.84	-1.40769	424	 7	lasso	0.085	5.9e-13	-1.255146	2.09e-01
NA	/data/songy4/twas/output/weights_control//ENSG00000128951.wgt.RDat	ENSG00000128951	15	48623208	48635570	0.3537	rs363836	 2.62	rs964611	 3.51e-01	 14.22	-1.40769	340	10	enet	0.37	2e-59	-1.551833	1.21e-01
NA	/data/songy4/twas/output/weights_control//ENSG00000166147.wgt.RDat	ENSG00000166147	15	48700503	48938046	0.1890	rs11858814	 3.44	rs2437948	 2.52e-01	-12.30	-0.03540	411	24	enet	0.27	1.9e-40	-0.293664	7.69e-01
NA	/data/songy4/twas/output/weights_control//ENSG00000103995.wgt.RDat	ENSG00000103995	15	49005125	49103343	0.2094	rs2127242	-3.51	rs12440614	 1.02e-01	 -7.88	-0.76552	391	35	enet	0.14	9.8e-21	-0.399810	6.89e-01
NA	/data/songy4/twas/output/weights_control//ENSG00000156958.wgt.RDat	ENSG00000156958	15	49447853	49660066	0.1519	rs2127242	-3.51	rs10851475	 2.14e-01	-11.48	-3.24242	416	24	enet	0.23	8.9e-35	 3.592376	3.28e-04
NA	/data/songy4/twas/output/weights_control//ENSG00000140285.wgt.RDat	ENSG00000140285	15	49715293	49780972	0.1721	rs2127242	-3.51	rs2078024	 2.14e-01	 11.64	 0.41379	378	12	enet	0.23	1.5e-34	 0.412552	6.80e-01
NA	/data/songy4/twas/output/weights_control//ENSG00000104047.wgt.RDat	ENSG00000104047	15	49913177	49937333	0.0505	rs2127242	-3.51	rs8033476	 2.30e-02	 -4.81	-2.48958	388	 1	top1	0.023	0.00016	 2.489583	1.28e-02
NA	/data/songy4/twas/output/weights_control//ENSG00000104043.wgt.RDat	ENSG00000104043	15	50150435	50475014	0.1430	rs3098180	-4.85	rs12903325	 8.43e-02	 -7.24	 2.35088	529	24	enet	0.11	7.2e-16	-1.776048	7.57e-02
NA	/data/songy4/twas/output/weights_control//ENSG00000104064.wgt.RDat	ENSG00000104064	15	50569389	50647605	0.0490	rs3098180	-4.85	rs7173127	 9.15e-03	  4.27	 0.51800	449	37	enet	0.023	0.00015	 2.123540	3.37e-02
NA	/data/songy4/twas/output/weights_control//ENSG00000138592.wgt.RDat	ENSG00000138592	15	50716577	50793280	0.1002	rs3098180	-4.85	rs4775886	 5.83e-02	 -6.03	 1.04413	426	 1	top1	0.058	2.7e-09	-1.044126	2.96e-01
NA	/data/songy4/twas/output/weights_control//ENSG00000170236.wgt.RDat	ENSG00000170236	15	50792759	50838905	0.0325	rs3098180	-4.85	rs531366	 1.57e-05	 -3.91	 0.63636	389	17	enet	0.0071	0.024	-2.872379	4.07e-03
NA	/data/songy4/twas/output/weights_control//ENSG00000092439.wgt.RDat	ENSG00000092439	15	50844670	50979012	0.0277	rs3098180	-4.85	rs3784301	 3.05e-02	 -4.45	 1.72632	417	 1	top1	0.031	1.5e-05	-1.726316	8.43e-02
NA	/data/songy4/twas/output/weights_control//ENSG00000138600.wgt.RDat	ENSG00000138600	15	50999506	51058005	0.1399	rs3098180	-4.85	rs12917408	 6.77e-02	 -6.51	-2.94118	432	 1	top1	0.068	1.4e-10	 2.941176	3.27e-03
NA	/data/songy4/twas/output/weights_control//ENSG00000081014.wgt.RDat	ENSG00000081014	15	51200869	51298097	0.2865	rs3098180	-4.85	rs12916255	 2.27e-01	 11.45	 0.05085	501	10	lasso	0.29	1.4e-44	-1.142769	2.53e-01
NA	/data/songy4/twas/output/weights_control//ENSG00000186417.wgt.RDat	ENSG00000186417	15	51633826	51700210	0.0583	rs2614765	-3.38	rs1961177	 2.49e-02	  4.85	-0.90728	505	14	enet	0.04	9.2e-07	-0.195074	8.45e-01
NA	/data/songy4/twas/output/weights_control//ENSG00000104093.wgt.RDat	ENSG00000104093	15	51739908	51915030	0.0669	rs1904430	-2.75	rs2607111	 3.08e-02	  5.31	 0.34821	517	15	enet	0.034	4.5e-06	-0.173061	8.63e-01
NA	/data/songy4/twas/output/weights_control//ENSG00000128872.wgt.RDat	ENSG00000128872	15	52043758	52108565	0.2877	rs11633035	-3.25	rs7174497	 4.71e-01	 16.49	-0.20588	463	 9	lasso	0.47	1.4e-81	 0.000976	9.99e-01
NA	/data/songy4/twas/output/weights_control//ENSG00000138594.wgt.RDat	ENSG00000138594	15	52121825	52239492	0.0979	rs11638675	-3.36	rs3751596	 1.01e-01	 -8.08	-0.62000	453	 7	lasso	0.11	3.7e-16	 0.608261	5.43e-01
NA	/data/songy4/twas/output/weights_control//ENSG00000137875.wgt.RDat	ENSG00000137875	15	52401460	52404972	0.0424	rs11638675	-3.36	rs12438743	 1.20e-02	  4.46	 0.17600	397	14	enet	0.021	0.00026	-0.667892	5.04e-01
NA	/data/songy4/twas/output/weights_control//ENSG00000069966.wgt.RDat	ENSG00000069966	15	52413117	52483566	0.2560	rs11638675	-3.36	rs7168334	 1.18e-01	  8.43	 2.12400	415	 6	lasso	0.14	2.9e-21	 2.019605	4.34e-02
NA	/data/songy4/twas/output/weights_control//ENSG00000128833.wgt.RDat	ENSG00000128833	15	52484519	52587995	0.2257	rs11638675	-3.36	rs12594710	 5.79e-02	  6.04	-0.77778	440	44	enet	0.083	1.2e-12	-1.263221	2.07e-01
NA	/data/songy4/twas/output/weights_control//ENSG00000197535.wgt.RDat	ENSG00000197535	15	52599480	52821247	0.1805	rs11638675	-3.36	rs2453984	 8.05e-02	  7.02	-2.11189	506	18	enet	0.095	2.9e-14	-2.957149	3.10e-03
NA	/data/songy4/twas/output/weights_control//ENSG00000128989.wgt.RDat	ENSG00000128989	15	52839242	52862080	0.0651	rs11638675	-3.36	rs11858238	 6.10e-02	 -6.06	 2.00658	456	 1	top1	0.061	1.2e-09	-2.006579	4.48e-02
NA	/data/songy4/twas/output/weights_control//ENSG00000137876.wgt.RDat	ENSG00000137876	15	55473004	55489265	0.0544	rs8030981	-3.44	rs9300	 3.93e-02	  5.52	-3.12598	449	 1	top1	0.039	9.9e-07	-3.125984	1.77e-03
NA	/data/songy4/twas/output/weights_control//ENSG00000069974.wgt.RDat	ENSG00000069974	15	55495164	55611311	0.0755	rs8030981	-3.44	rs8035625	 4.87e-02	  6.07	-1.71429	503	 1	top1	0.049	5.3e-08	-1.714286	8.65e-02
NA	/data/songy4/twas/output/weights_control//ENSG00000261652.wgt.RDat	ENSG00000261652	15	55700746	55710962	0.1687	rs8030981	-3.44	rs11732	 1.58e-01	  9.89	 0.96933	434	19	enet	0.16	5.7e-24	 0.965338	3.34e-01
NA	/data/songy4/twas/output/weights_control//ENSG00000256061.wgt.RDat	ENSG00000256061	15	55702723	55800432	0.0851	rs8030981	-3.44	rs11856786	 6.36e-02	  6.12	-1.69474	461	 1	top1	0.064	5.1e-10	-1.694737	9.01e-02
NA	/data/songy4/twas/output/weights_control//ENSG00000171016.wgt.RDat	ENSG00000171016	15	55831088	55881145	0.0971	rs8030981	-3.44	rs1624779	 1.56e-03	 -3.81	-0.22115	444	 8	lasso	0.0045	0.057	-0.375318	7.07e-01
NA	/data/songy4/twas/output/weights_control//ENSG00000069869.wgt.RDat	ENSG00000069869	15	56119120	56285944	0.4961	rs16976788	-2.85	rs12595514	 1.31e-01	  8.73	-1.57045	431	14	lasso	0.28	4.5e-43	-0.430538	6.67e-01
NA	/data/songy4/twas/output/weights_control//ENSG00000137878.wgt.RDat	ENSG00000137878	15	57884106	58006943	0.6065	rs2703593	 2.75	rs4774966	 4.98e-01	 16.94	 0.61386	721	 9	lasso	0.57	2.7e-107	 0.281935	7.78e-01
NA	/data/songy4/twas/output/weights_control//ENSG00000263155.wgt.RDat	ENSG00000263155	15	57884139	57977562	0.5424	rs2703593	 2.75	rs11632793	 4.13e-01	 15.97	-0.11404	703	 7	lasso	0.53	8.6e-97	 0.209652	8.34e-01
NA	/data/songy4/twas/output/weights_control//ENSG00000166035.wgt.RDat	ENSG00000166035	15	58702768	58861151	0.7269	rs6494041	 3.09	rs11631312	 3.45e-01	 14.24	-0.69325	610	19	lasso	0.57	1.3e-107	-0.952340	3.41e-01
NA	/data/songy4/twas/output/weights_control//ENSG00000137845.wgt.RDat	ENSG00000137845	15	58887403	59042177	0.2487	rs6494041	 3.09	rs7182229	 1.40e-01	  9.04	-0.67485	612	 5	lasso	0.17	6.3e-25	-1.163665	2.45e-01
NA	/data/songy4/twas/output/weights_control//ENSG00000128923.wgt.RDat	ENSG00000128923	15	59063391	59154099	0.3574	rs6494041	 3.09	rs387812	 2.13e-01	 11.17	 0.23398	558	37	enet	0.37	6.1e-59	-1.642228	1.01e-01
NA	/data/songy4/twas/output/weights_control//ENSG00000157450.wgt.RDat	ENSG00000157450	15	59157374	59389618	0.0580	rs6494041	 3.09	rs2081703	-1.50e-03	 -3.87	 0.27907	598	 4	lasso	0.01	0.0081	 1.039380	2.99e-01
NA	/data/songy4/twas/output/weights_control//ENSG00000157483.wgt.RDat	ENSG00000157483	15	59427113	59665099	0.0654	rs12916540	-3.10	rs1001839	 3.76e-02	 -5.08	-0.59406	551	 1	top1	0.038	1.7e-06	 0.594059	5.52e-01
NA	/data/songy4/twas/output/weights_control//ENSG00000157470.wgt.RDat	ENSG00000157470	15	59664892	59815748	0.0648	rs12907231	-3.46	rs11856699	 4.24e-02	  5.35	 0.31250	545	 1	top1	0.042	3.8e-07	 0.312500	7.55e-01
NA	/data/songy4/twas/output/weights_control//ENSG00000140307.wgt.RDat	ENSG00000140307	15	59930261	59949740	0.1461	rs12907231	-3.46	rs1871500	 1.98e-01	 10.94	 0.54000	522	16	enet	0.2	7.3e-30	 0.422465	6.73e-01
NA	/data/songy4/twas/output/weights_control//ENSG00000129003.wgt.RDat	ENSG00000129003	15	62144588	62352672	0.1789	rs2243453	-8.55	rs11632842	 1.72e-01	 10.57	-0.92636	649	13	enet	0.19	5.9e-28	-0.630711	5.28e-01
NA	/data/songy4/twas/output/weights_control//ENSG00000171914.wgt.RDat	ENSG00000171914	15	62682725	63136830	0.1175	rs3784671	 3.89	rs1083870	 5.85e-02	  6.25	 1.88462	744	 6	lasso	0.08	2.5e-12	 2.130054	3.32e-02
NA	/data/songy4/twas/output/weights_control//ENSG00000140416.wgt.RDat	ENSG00000140416	15	63334831	63364114	0.2742	rs3784671	 3.89	rs11071720	 1.56e-01	-10.12	-3.31068	530	39	enet	0.25	5.3e-38	 2.770487	5.60e-03
NA	/data/songy4/twas/output/weights_control//ENSG00000103642.wgt.RDat	ENSG00000103642	15	63413999	63434260	0.2195	rs3784671	 3.89	rs2652822	 2.21e-01	 11.50	 3.65263	520	 4	lasso	0.25	2.5e-38	 3.193135	1.41e-03
NA	/data/songy4/twas/output/weights_control//ENSG00000185088.wgt.RDat	ENSG00000185088	15	63418071	63450220	0.3659	rs3784671	 3.89	rs12898885	 3.91e-01	-15.05	-1.35758	522	 1	top1	0.39	7.8e-64	 1.357576	1.75e-01
NA	/data/songy4/twas/output/weights_control//ENSG00000138613.wgt.RDat	ENSG00000138613	15	63568217	63601325	0.1399	rs3784671	 3.89	rs2729812	 5.44e-02	 -5.76	-1.67460	487	69	enet	0.078	6e-12	 1.014658	3.10e-01
NA	/data/songy4/twas/output/weights_control//ENSG00000140455.wgt.RDat	ENSG00000140455	15	63796793	63886839	0.1614	rs3784671	 3.89	rs11635675	 1.30e-01	  8.71	 1.98020	445	 1	top1	0.13	2.5e-19	 1.980198	4.77e-02
NA	/data/songy4/twas/output/weights_control//ENSG00000197361.wgt.RDat	ENSG00000197361	15	63889552	63894627	0.0338	rs3784671	 3.89	rs16947599	 7.34e-03	  4.46	 0.92079	388	 6	lasso	0.016	0.0016	 1.401356	1.61e-01
NA	/data/songy4/twas/output/weights_control//ENSG00000035664.wgt.RDat	ENSG00000035664	15	64199235	64364232	0.1419	rs7168440	-3.34	rs16947645	 1.03e-01	 -8.20	-1.45872	365	 6	lasso	0.13	1.8e-19	 1.411150	1.58e-01
NA	/data/songy4/twas/output/weights_control//ENSG00000028528.wgt.RDat	ENSG00000028528	15	64386322	64438289	0.0344	rs7168440	-3.34	rs3887731	 3.91e-02	  4.93	 0.04800	314	 1	top1	0.039	1e-06	 0.048000	9.62e-01
NA	/data/songy4/twas/output/weights_control//ENSG00000169118.wgt.RDat	ENSG00000169118	15	64457716	64648442	0.0392	rs7168440	-3.34	rs8029682	 3.87e-02	  5.59	-0.95973	343	 1	top1	0.039	1.2e-06	-0.959732	3.37e-01
NA	/data/songy4/twas/output/weights_control//ENSG00000166831.wgt.RDat	ENSG00000166831	15	65032091	65067786	0.1405	rs17208301	 2.59	rs11071811	 2.34e-01	 11.85	-0.35341	278	 1	top1	0.23	3.1e-35	-0.353414	7.24e-01
NA	/data/songy4/twas/output/weights_control//ENSG00000249240.wgt.RDat	ENSG00000249240	15	65134082	65223118	0.0610	rs17208301	 2.59	rs1628955	 1.50e-02	  4.45	 1.00000	313	 1	top1	0.015	0.0019	 1.000000	3.17e-01
NA	/data/songy4/twas/output/weights_control//ENSG00000241839.wgt.RDat	ENSG00000241839	15	65134088	65160206	0.1880	rs17208301	 2.59	rs1719277	 1.63e-01	 10.46	 1.89000	291	17	enet	0.19	1.3e-28	 1.134793	2.56e-01
NA	/data/songy4/twas/output/weights_control//ENSG00000166839.wgt.RDat	ENSG00000166839	15	65204101	65251042	0.8290	rs17208301	 2.59	rs1628955	 8.12e-01	 21.60	 1.00000	304	 7	lasso	0.82	2.3e-215	 0.832695	4.05e-01
NA	/data/songy4/twas/output/weights_control//ENSG00000138615.wgt.RDat	ENSG00000138615	15	65488337	65503826	0.0690	rs17208301	 2.59	rs4776664	 3.09e-02	 -4.88	-0.00735	303	15	enet	0.033	6.2e-06	-1.502475	1.33e-01
NA	/data/songy4/twas/output/weights_control//ENSG00000138617.wgt.RDat	ENSG00000138617	15	65526798	65592956	0.1932	rs17208301	 2.59	rs12905133	 1.09e-01	  8.41	-0.65263	328	36	enet	0.15	1.5e-21	 0.019350	9.85e-01
NA	/data/songy4/twas/output/weights_control//ENSG00000074603.wgt.RDat	ENSG00000074603	15	65734801	65810042	0.0263	rs602192	-2.49	rs2572207	 1.45e-04	  3.44	 0.86486	338	16	enet	0.0067	0.028	 1.050407	2.94e-01
NA	/data/songy4/twas/output/weights_control//ENSG00000074696.wgt.RDat	ENSG00000074696	15	65822756	65870687	0.0618	rs602192	-2.49	rs1865421	 5.92e-02	  6.06	-1.78862	332	 1	top1	0.059	2.1e-09	-1.788618	7.37e-02
NA	/data/songy4/twas/output/weights_control//ENSG00000074621.wgt.RDat	ENSG00000074621	15	65903704	65953333	0.1221	rs602192	-2.49	rs11484	 7.20e-02	 -6.77	 0.23232	356	 1	top1	0.072	3.6e-11	-0.232323	8.16e-01
NA	/data/songy4/twas/output/weights_control//ENSG00000174485.wgt.RDat	ENSG00000174485	15	65950384	66084631	0.0385	rs1466434	-3.02	rs593647	 1.01e-02	 -4.43	-0.90816	448	 1	top1	0.01	0.0092	 0.908163	3.64e-01
NA	/data/songy4/twas/output/weights_control//ENSG00000166938.wgt.RDat	ENSG00000166938	15	66585555	66626236	0.6026	rs4776323	-3.69	rs7170930	 2.23e-01	-12.16	 1.46847	513	 7	lasso	0.5	1.5e-87	-1.911077	5.60e-02
NA	/data/songy4/twas/output/weights_control//ENSG00000075131.wgt.RDat	ENSG00000075131	15	66628544	66679084	0.1378	rs6494611	-4.23	rs12914520	 1.03e-01	  7.90	 1.80226	528	35	enet	0.12	2.2e-17	 0.909495	3.63e-01
NA	/data/songy4/twas/output/weights_control//ENSG00000169032.wgt.RDat	ENSG00000169032	15	66679155	66784650	0.0891	rs6494611	-4.23	rs11630608	 2.22e-02	 -5.62	-1.51402	601	10	enet	0.046	1.2e-07	 0.724440	4.69e-01
NA	/data/songy4/twas/output/weights_control//ENSG00000174446.wgt.RDat	ENSG00000174446	15	66782473	66790151	0.1281	rs6494611	-4.23	rs11071888	 1.31e-01	 -8.92	 0.92800	561	 1	top1	0.13	2e-19	-0.928000	3.53e-01
NA	/data/songy4/twas/output/weights_control//ENSG00000103599.wgt.RDat	ENSG00000103599	15	67547138	67794598	0.0437	rs6494611	-4.23	rs8025774	 2.79e-02	 -4.69	 2.07018	598	 1	top1	0.028	3.4e-05	-2.070175	3.84e-02
NA	/data/songy4/twas/output/weights_control//ENSG00000137764.wgt.RDat	ENSG00000137764	15	67835047	68099461	0.2646	rs11629609	 2.76	rs4776943	 3.08e-01	-13.31	 0.93786	485	 5	lasso	0.32	7.6e-50	-0.788195	4.31e-01
NA	/data/songy4/twas/output/weights_control//ENSG00000188779.wgt.RDat	ENSG00000188779	15	68112042	68126899	0.0329	rs1125721	 2.77	rs2899724	 2.00e-02	  4.81	-0.90526	377	 8	enet	0.029	2.6e-05	-0.732424	4.64e-01
NA	/data/songy4/twas/output/weights_control//ENSG00000033800.wgt.RDat	ENSG00000033800	15	68346517	68483096	0.0731	rs1125721	 2.77	rs16951746	 2.14e-02	  5.82	 0.15789	520	 6	lasso	0.061	1.1e-09	-0.938989	3.48e-01
NA	/data/songy4/twas/output/weights_control//ENSG00000129007.wgt.RDat	ENSG00000129007	15	68483043	68498417	0.1051	rs1125721	 2.77	rs1554223	 7.11e-02	 -7.31	 2.69697	487	11	lasso	0.072	4.2e-11	-2.596193	9.43e-03
NA	/data/songy4/twas/output/weights_control//ENSG00000260007.wgt.RDat	ENSG00000260007	15	68486139	68522056	0.0711	rs1125721	 2.77	rs11071991	 6.71e-02	 -6.74	 1.85271	503	 1	top1	0.067	1.7e-10	-1.852713	6.39e-02
NA	/data/songy4/twas/output/weights_control//ENSG00000128973.wgt.RDat	ENSG00000128973	15	68499330	68549549	0.3069	rs1125721	 2.77	rs2169215	 5.59e-01	-17.95	 2.69697	507	 1	top1	0.56	4.3e-104	-2.696970	7.00e-03
NA	/data/songy4/twas/output/weights_control//ENSG00000169018.wgt.RDat	ENSG00000169018	15	68570141	68588203	0.1464	rs1125721	 2.77	rs6494730	 8.21e-02	 -7.52	-2.45098	485	 1	top1	0.082	1.5e-12	 2.450980	1.42e-02
NA	/data/songy4/twas/output/weights_control//ENSG00000138604.wgt.RDat	ENSG00000138604	15	69452923	69564556	0.2547	rs34291864	-3.14	rs12440300	 8.44e-02	  7.04	-0.18280	426	31	enet	0.16	4.9e-24	 0.490695	6.24e-01
NA	/data/songy4/twas/output/weights_control//ENSG00000137819.wgt.RDat	ENSG00000137819	15	69591286	69700119	0.0627	rs34291864	-3.14	rs7173363	 1.41e-02	  4.94	-0.89510	473	 4	lasso	0.027	4.3e-05	-1.072280	2.84e-01
NA	/data/songy4/twas/output/weights_control//ENSG00000137831.wgt.RDat	ENSG00000137831	15	70946893	71055932	0.1602	rs2415080	-2.48	rs6494889	 8.08e-02	  7.21	 0.41420	459	63	enet	0.1	2e-15	 0.481130	6.30e-01
NA	/data/songy4/twas/output/weights_control//ENSG00000129028.wgt.RDat	ENSG00000129028	15	71173681	71185124	0.0249	rs8033889	-2.41	rs2955036	 1.90e-02	 -4.78	 0.77804	414	 1	top1	0.019	0.00053	-0.778044	4.37e-01
NA	/data/songy4/twas/output/weights_control//ENSG00000066933.wgt.RDat	ENSG00000066933	15	72114632	72410918	0.0307	rs12148733	-3.80	rs12898728	 1.51e-02	 -4.29	-2.21368	573	 1	top1	0.015	0.0018	 2.213675	2.69e-02
NA	/data/songy4/twas/output/weights_control//ENSG00000140463.wgt.RDat	ENSG00000140463	15	72978527	73030817	0.4105	rs12148733	-3.80	rs11637927	 2.42e-01	 11.85	-1.12255	299	 1	top1	0.24	1.3e-36	-1.122549	2.62e-01
NA	/data/songy4/twas/output/weights_control//ENSG00000159322.wgt.RDat	ENSG00000159322	15	73043710	73078187	0.2587	rs12148733	-3.80	rs11072383	 1.55e-01	  9.54	 0.17241	296	 1	top1	0.16	4.8e-23	 0.172414	8.63e-01
NA	/data/songy4/twas/output/weights_control//ENSG00000067141.wgt.RDat	ENSG00000067141	15	73344051	73597547	0.4518	rs4777546	-3.33	rs17762146	 2.72e-01	-12.57	 0.76190	380	34	enet	0.37	7.8e-60	-0.431411	6.66e-01
NA	/data/songy4/twas/output/weights_control//ENSG00000156642.wgt.RDat	ENSG00000156642	15	73852355	73926475	0.0624	rs1036673	-2.62	rs11635553	 8.13e-03	  4.01	-0.79412	377	17	enet	0.016	0.0015	-0.431492	6.66e-01
NA	/data/songy4/twas/output/weights_control//ENSG00000067221.wgt.RDat	ENSG00000067221	15	74275547	74286963	0.1554	rs2899826	-3.38	rs3784562	 1.09e-01	  8.24	 0.58163	402	 4	lasso	0.12	3.5e-18	 0.566048	5.71e-01
NA	/data/songy4/twas/output/weights_control//ENSG00000140464.wgt.RDat	ENSG00000140464	15	74287014	74340153	0.0871	rs2899826	-3.38	rs2304718	 7.24e-03	  4.77	-0.07216	417	36	enet	0.026	6.2e-05	-0.627512	5.30e-01
NA	/data/songy4/twas/output/weights_control//ENSG00000179361.wgt.RDat	ENSG00000179361	15	74833518	74890472	0.1672	rs3812945	 5.17	rs12591497	 8.58e-02	  7.47	 1.36818	367	 9	lasso	0.11	4e-16	 1.734549	8.28e-02
NA	/data/songy4/twas/output/weights_control//ENSG00000103653.wgt.RDat	ENSG00000103653	15	75074398	75095539	0.0385	rs3812945	 5.17	rs1378942	 1.23e-02	  4.66	-2.49000	323	20	enet	0.017	0.00095	-2.251013	2.44e-02
NA	/data/songy4/twas/output/weights_control//ENSG00000140474.wgt.RDat	ENSG00000140474	15	75128457	75135687	0.1360	rs3812945	 5.17	rs936230	 2.12e-01	 11.19	-2.35577	292	 1	top1	0.21	8.8e-32	-2.355769	1.85e-02
NA	/data/songy4/twas/output/weights_control//ENSG00000140497.wgt.RDat	ENSG00000140497	15	75136071	75165706	0.1694	rs3812945	 5.17	rs872263	 5.15e-02	 -7.68	-2.53206	295	29	enet	0.11	3.1e-16	 3.810288	1.39e-04
NA	/data/songy4/twas/output/weights_control//ENSG00000167173.wgt.RDat	ENSG00000167173	15	75487984	75504510	0.0566	rs3812945	 5.17	rs11636245	 3.04e-02	 -4.54	 2.18692	269	 1	top1	0.03	1.6e-05	-2.186916	2.87e-02
NA	/data/songy4/twas/output/weights_control//ENSG00000140400.wgt.RDat	ENSG00000140400	15	75648133	75660971	0.4608	rs3812945	 5.17	rs4886699	 7.19e-01	 20.49	 1.00943	234	27	enet	0.74	1.2e-168	 1.177388	2.39e-01
NA	/data/songy4/twas/output/weights_control//ENSG00000177971.wgt.RDat	ENSG00000177971	15	75931426	75941047	0.0572	rs8040372	-3.37	rs13737	 6.07e-02	  6.08	 0.85841	231	 1	top1	0.061	1.3e-09	 0.858407	3.91e-01
NA	/data/songy4/twas/output/weights_control//ENSG00000140367.wgt.RDat	ENSG00000140367	15	76135622	76193419	0.0737	rs11072561	-2.88	rs4886456	 1.71e-02	 -4.40	 1.44330	297	24	enet	0.049	5.6e-08	-1.298890	1.94e-01
NA	/data/songy4/twas/output/weights_control//ENSG00000167196.wgt.RDat	ENSG00000167196	15	76196200	76227609	0.0315	rs11072561	-2.88	rs2955764	 9.89e-03	 -3.68	 0.15833	294	 1	top1	0.0099	0.0097	-0.158333	8.74e-01
NA	/data/songy4/twas/output/weights_control//ENSG00000140374.wgt.RDat	ENSG00000140374	15	76507696	76603813	0.3463	rs11072561	-2.88	rs11631423	 2.22e-01	 11.44	-0.97297	296	 5	lasso	0.28	1.7e-43	-1.149319	2.50e-01
NA	/data/songy4/twas/output/weights_control//ENSG00000159556.wgt.RDat	ENSG00000159556	15	76629065	76634817	0.3730	rs16967626	 2.66	rs2460161	 9.65e-02	 -8.55	 1.53631	272	 8	lasso	0.26	2e-40	-0.792305	4.28e-01
NA	/data/songy4/twas/output/weights_control//ENSG00000140386.wgt.RDat	ENSG00000140386	15	76640526	77197785	0.1625	rs4886841	 2.74	rs11637296	 2.51e-01	 12.65	-0.26471	416	 4	lasso	0.27	9e-41	-0.306387	7.59e-01
NA	/data/songy4/twas/output/weights_control//ENSG00000140368.wgt.RDat	ENSG00000140368	15	77285700	77329673	0.2113	rs4886841	 2.74	rs1022198	 2.85e-02	 -4.75	 0.30000	247	 1	top1	0.029	2.8e-05	-0.300000	7.64e-01
NA	/data/songy4/twas/output/weights_control//ENSG00000140391.wgt.RDat	ENSG00000140391	15	77336359	77376326	0.1743	rs4886841	 2.74	rs11856084	 9.24e-02	  7.91	 0.73585	262	32	enet	0.15	8e-22	 0.000113	1.00e+00
NA	/data/songy4/twas/output/weights_control//ENSG00000173517.wgt.RDat	ENSG00000173517	15	77400471	77712486	0.1235	rs4886841	 2.74	rs8032071	 9.74e-02	  8.44	-0.93069	383	 9	lasso	0.1	9.8e-16	-1.461140	1.44e-01
NA	/data/songy4/twas/output/weights_control//ENSG00000140382.wgt.RDat	ENSG00000140382	15	77712754	77777949	0.1701	rs4886841	 2.74	rs11632999	 1.82e-01	 10.38	-0.87069	334	 5	lasso	0.2	6.5e-30	-1.199197	2.30e-01
NA	/data/songy4/twas/output/weights_control//ENSG00000167202.wgt.RDat	ENSG00000167202	15	78276378	78370066	0.1308	rs4887026	 3.84	rs3803380	 1.22e-01	 -8.84	-0.91538	457	 5	lasso	0.13	5.5e-19	 0.744348	4.57e-01
NA	/data/songy4/twas/output/weights_control//ENSG00000140403.wgt.RDat	ENSG00000140403	15	78556428	78574538	0.1903	rs4887026	 3.84	rs11638991	 1.26e-01	 -8.65	-3.61111	407	10	lasso	0.18	3.6e-26	 4.048440	5.16e-05
NA	/data/songy4/twas/output/weights_control//ENSG00000140395.wgt.RDat	ENSG00000140395	15	78570177	78592136	0.0988	rs4887026	 3.84	rs4268717	 9.19e-02	  7.34	 1.86992	407	 1	top1	0.092	6.6e-14	 1.869919	6.15e-02
NA	/data/songy4/twas/output/weights_control//ENSG00000136381.wgt.RDat	ENSG00000136381	15	78729773	78793798	0.2184	rs4887026	 3.84	rs12904234	 1.34e-01	  8.90	 0.66667	433	 5	lasso	0.17	8.3e-25	 0.026102	9.79e-01
NA	/data/songy4/twas/output/weights_control//ENSG00000188266.wgt.RDat	ENSG00000188266	15	78799906	78829714	0.0633	rs4887026	 3.84	rs667282	 2.65e-02	  4.84	 1.53153	436	 1	top1	0.027	5.2e-05	 1.531532	1.26e-01
NA	/data/songy4/twas/output/weights_control//ENSG00000041357.wgt.RDat	ENSG00000041357	15	78832747	78841604	0.0872	rs4887026	 3.84	rs7163730	 5.96e-02	 -6.41	 1.56637	429	 1	top1	0.06	1.8e-09	-1.566372	1.17e-01
NA	/data/songy4/twas/output/weights_control//ENSG00000169684.wgt.RDat	ENSG00000169684	15	78857862	78887611	0.2136	rs4887026	 3.84	rs8053	 2.74e-01	 12.60	-1.70833	448	 1	top1	0.27	5.1e-42	-1.708333	8.76e-02
NA	/data/songy4/twas/output/weights_control//ENSG00000103811.wgt.RDat	ENSG00000103811	15	79213400	79241916	0.3099	rs939661	-3.75	rs12148472	 1.68e-01	 -9.88	-1.43151	444	32	enet	0.22	5.2e-33	 2.734769	6.24e-03
NA	/data/songy4/twas/output/weights_control//ENSG00000166557.wgt.RDat	ENSG00000166557	15	79603404	79704334	0.0798	rs939661	-3.75	rs8023863	 1.37e-02	  5.07	-0.27059	650	27	enet	0.036	2.4e-06	-2.056121	3.98e-02
NA	/data/songy4/twas/output/weights_control//ENSG00000169330.wgt.RDat	ENSG00000169330	15	79724858	79764632	0.2379	rs939661	-3.75	rs4779115	 2.10e-01	-11.10	 1.80583	633	47	enet	0.24	2.2e-36	-2.025839	4.28e-02
NA	/data/songy4/twas/output/weights_control//ENSG00000136371.wgt.RDat	ENSG00000136371	15	80125927	80189721	0.0885	rs2562747	 3.36	rs16971150	-1.74e-03	 -3.69	-0.34890	606	 4	lasso	-0.0011	0.55	 0.613882	5.39e-01
NA	/data/songy4/twas/output/weights_control//ENSG00000259332.wgt.RDat	ENSG00000259332	15	80137537	80216096	0.0574	rs2562747	 3.36	rs2115540	 1.59e-02	  4.92	 0.58763	618	 3	lasso	0.032	9.6e-06	 0.358683	7.20e-01
NA	/data/songy4/twas/output/weights_control//ENSG00000180953.wgt.RDat	ENSG00000180953	15	80191182	80216044	0.2229	rs2562747	 3.36	rs4778733	 9.86e-02	 -7.72	-1.65854	595	 6	lasso	0.14	8e-21	 1.530778	1.26e-01
NA	/data/songy4/twas/output/weights_control//ENSG00000136379.wgt.RDat	ENSG00000136379	15	80972025	81047962	0.3159	rs2170879	 3.42	rs2291320	 8.05e-02	  8.49	 0.82075	564	11	lasso	0.25	8.9e-38	-0.608110	5.43e-01
NA	/data/songy4/twas/output/weights_control//ENSG00000156206.wgt.RDat	ENSG00000156206	15	81299374	81441516	0.1276	rs2170879	 3.42	rs2663914	 9.57e-02	  7.82	 0.82407	511	 4	lasso	0.097	1.2e-14	 0.596712	5.51e-01
NA	/data/songy4/twas/output/weights_control//ENSG00000172349.wgt.RDat	ENSG00000172349	15	81451916	81605104	0.1844	rs2170879	 3.42	rs859	 1.07e-01	  8.05	-0.27273	494	 8	lasso	0.12	2e-18	-0.112681	9.10e-01
NA	/data/songy4/twas/output/weights_control//ENSG00000183496.wgt.RDat	ENSG00000183496	15	82334119	82338482	0.0369	rs2625002	-2.74	rs7171792	-9.12e-06	  3.89	 0.36970	305	 5	lasso	0.0042	0.064	-0.276092	7.82e-01
NA	/data/songy4/twas/output/weights_control//ENSG00000140598.wgt.RDat	ENSG00000140598	15	82422571	82555104	0.0612	rs8025366	-2.35	rs11854289	 2.88e-02	 -4.79	-0.31579	281	16	enet	0.041	5e-07	-1.127017	2.60e-01
NA	/data/songy4/twas/output/weights_control//ENSG00000188659.wgt.RDat	ENSG00000188659	15	82555151	82577271	0.9051	rs8025366	-2.35	rs9972386	 8.64e-01	 22.25	-1.90244	243	 5	lasso	0.87	3.2e-254	-1.869534	6.15e-02
NA	/data/songy4/twas/output/weights_control//ENSG00000197978.wgt.RDat	ENSG00000197978	15	82722223	82731338	0.6682	rs8025366	-2.35	rs12905578	 3.71e-01	 14.69	-0.19802	192	45	enet	0.55	1.4e-100	 0.321510	7.48e-01
NA	/data/songy4/twas/output/weights_control//ENSG00000260836.wgt.RDat	ENSG00000260836	15	83208783	83224682	0.0170	rs11637433	 2.29	rs698500	 1.47e-02	  4.37	 2.16667	189	 1	top1	0.015	0.0021	 2.166667	3.03e-02
NA	/data/songy4/twas/output/weights_control//ENSG00000214575.wgt.RDat	ENSG00000214575	15	83211951	83317612	0.0789	rs8035001	 2.72	rs11631963	 5.78e-02	  6.04	 2.22917	214	 1	top1	0.058	3.2e-09	 2.229167	2.58e-02
NA	/data/songy4/twas/output/weights_control//ENSG00000103723.wgt.RDat	ENSG00000103723	15	83328033	83378666	0.3214	rs8035001	 2.72	rs8040488	 2.34e-01	 11.56	-0.42857	236	 1	top1	0.23	2.5e-35	-0.428571	6.68e-01
NA	/data/songy4/twas/output/weights_control//ENSG00000156232.wgt.RDat	ENSG00000156232	15	83478380	83503611	0.0933	rs8035001	 2.72	rs8041231	 9.38e-02	 -7.94	 1.14894	267	 1	top1	0.094	3.5e-14	-1.148936	2.51e-01
NA	/data/songy4/twas/output/weights_control//ENSG00000103942.wgt.RDat	ENSG00000103942	15	83509838	83654661	0.1441	rs8035001	 2.72	rs2667385	 1.11e-01	 -8.26	 1.40000	314	 8	lasso	0.13	3.1e-19	-1.124754	2.61e-01
NA	/data/songy4/twas/output/weights_control//ENSG00000169612.wgt.RDat	ENSG00000169612	15	83654959	83659809	0.3411	rs8035001	 2.72	rs8031595	 1.42e-01	 -9.22	-1.66667	315	 7	lasso	0.21	1e-30	 1.516378	1.29e-01
NA	/data/songy4/twas/output/weights_control//ENSG00000169609.wgt.RDat	ENSG00000169609	15	83657193	83680393	0.0299	rs17158916	 3.69	rs7177462	 3.04e-02	 -4.96	-0.31068	326	 1	top1	0.03	1.5e-05	 0.310680	7.56e-01
NA	/data/songy4/twas/output/weights_control//ENSG00000136404.wgt.RDat	ENSG00000136404	15	83776159	83813606	0.2460	rs934140	 3.71	rs11259906	 6.99e-02	 -7.20	 0.37383	364	41	enet	0.15	1e-22	-1.184004	2.36e-01
NA	/data/songy4/twas/output/weights_control//ENSG00000166503.wgt.RDat	ENSG00000166503	15	83784320	83876770	0.3608	rs934140	 3.71	rs17158059	 3.05e-01	 13.78	-0.26042	390	28	enet	0.37	3.8e-60	-0.213765	8.31e-01
NA	/data/songy4/twas/output/weights_control//ENSG00000156218.wgt.RDat	ENSG00000156218	15	84322838	84708594	0.0286	rs934140	 3.71	rs1107179	 1.16e-02	  4.25	 0.64894	390	 1	top1	0.012	0.0056	 0.648936	5.16e-01
NA	/data/songy4/twas/output/weights_control//ENSG00000259511.wgt.RDat	ENSG00000259511	15	84841242	84850986	0.0972	rs4310815	-2.95	rs6496284	 8.88e-02	 -7.28	 0.53191	260	 9	lasso	0.092	7.3e-14	-0.425834	6.70e-01
NA	/data/songy4/twas/output/weights_control//ENSG00000184206.wgt.RDat	ENSG00000184206	15	84904525	84914120	0.7324	rs4310815	-2.95	rs3762169	 4.33e-01	 15.83	 1.32540	261	63	enet	0.58	8.8e-111	 1.604964	1.09e-01
NA	/data/songy4/twas/output/weights_control//ENSG00000177082.wgt.RDat	ENSG00000177082	15	85185999	85197574	0.1630	rs12910396	-2.69	rs3809508	 2.12e-01	 11.32	 0.24194	383	 1	top1	0.21	9.3e-32	 0.241935	8.09e-01
NA	/data/songy4/twas/output/weights_control//ENSG00000140612.wgt.RDat	ENSG00000140612	15	85212775	85259947	0.0704	rs12910396	-2.69	rs7179643	 6.75e-02	  6.74	 0.10185	386	 1	top1	0.068	1.5e-10	 0.101852	9.19e-01
NA	/data/songy4/twas/output/weights_control//ENSG00000166716.wgt.RDat	ENSG00000166716	15	85291866	85349659	0.1582	rs12910396	-2.69	rs11638290	 1.57e-01	 -9.64	 0.42308	382	28	enet	0.19	1.2e-27	-0.295562	7.68e-01
NA	/data/songy4/twas/output/weights_control//ENSG00000136383.wgt.RDat	ENSG00000136383	15	85359911	85416713	0.0379	rs12910396	-2.69	rs11631921	 3.05e-03	  4.19	 0.59804	392	15	enet	0.019	0.00056	 1.356134	1.75e-01
NA	/data/songy4/twas/output/weights_control//ENSG00000073417.wgt.RDat	ENSG00000073417	15	85523671	85682376	0.0738	rs12910396	-2.69	rs12900078	 6.63e-02	 -6.47	 0.75362	531	 1	top1	0.066	2.2e-10	-0.753623	4.51e-01
NA	/data/songy4/twas/output/weights_control//ENSG00000170776.wgt.RDat	ENSG00000170776	15	85923802	86292586	0.0531	rs12910396	-2.69	rs8041467	 2.83e-02	  5.29	 0.04683	774	 4	lasso	0.03	1.8e-05	 0.078315	9.38e-01
NA	/data/songy4/twas/output/weights_control//ENSG00000181026.wgt.RDat	ENSG00000181026	15	89164527	89175513	0.2283	rs894290	-3.09	rs7164861	 1.19e-01	  8.46	-0.99003	475	37	enet	0.14	5.7e-21	-1.279203	2.01e-01
NA	/data/songy4/twas/output/weights_control//ENSG00000172183.wgt.RDat	ENSG00000172183	15	89179384	89199714	0.1654	rs894290	-3.09	rs11853186	 1.13e-01	  8.33	-0.59048	474	 3	lasso	0.15	2.8e-22	-0.853706	3.93e-01
NA	/data/songy4/twas/output/weights_control//ENSG00000140545.wgt.RDat	ENSG00000140545	15	89441916	89456642	0.1384	rs1440125	 3.02	rs12917490	 7.68e-02	 -7.02	 1.01010	452	 4	lasso	0.085	5.5e-13	-1.775857	7.58e-02
NA	/data/songy4/twas/output/weights_control//ENSG00000140526.wgt.RDat	ENSG00000140526	15	89630690	89745591	0.1138	rs1561577	-2.88	rs12437650	 1.30e-02	 -4.74	 0.28000	491	 7	lasso	0.045	1.6e-07	-1.819595	6.88e-02
NA	/data/songy4/twas/output/weights_control//ENSG00000140521.wgt.RDat	ENSG00000140521	15	89859534	89878092	0.0585	rs2283436	 2.68	rs1138465	 4.13e-02	  5.59	-0.96875	469	 4	lasso	0.046	1.2e-07	-0.942301	3.46e-01
NA	/data/songy4/twas/output/weights_control//ENSG00000166819.wgt.RDat	ENSG00000166819	15	90207596	90222658	0.0968	rs2283436	 2.68	rs17816376	 5.52e-02	  5.75	-0.25641	398	 1	top1	0.055	7e-09	-0.256410	7.98e-01
NA	/data/songy4/twas/output/weights_control//ENSG00000166821.wgt.RDat	ENSG00000166821	15	90220995	90234014	0.3923	rs2283436	 2.68	rs17816376	 3.93e-01	 15.05	-0.25641	397	 1	top1	0.39	2.7e-64	-0.256410	7.98e-01
NA	/data/songy4/twas/output/weights_control//ENSG00000166823.wgt.RDat	ENSG00000166823	15	90291892	90294541	0.1630	rs894160	-2.23	rs28625357	 1.36e-01	 -8.92	 1.47448	397	 1	top1	0.14	3e-20	-1.474481	1.40e-01
NA	/data/songy4/twas/output/weights_control//ENSG00000166825.wgt.RDat	ENSG00000166825	15	90328120	90358633	0.4467	rs894160	-2.23	rs11073891	 3.06e-01	-13.40	-1.05051	413	 6	lasso	0.39	2e-64	 1.086472	2.77e-01
NA	/data/songy4/twas/output/weights_control//ENSG00000157823.wgt.RDat	ENSG00000157823	15	90373831	90437574	0.3283	rs894160	-2.23	rs1269077	 5.55e-02	 -7.15	 1.72483	438	21	enet	0.2	3e-29	-1.209037	2.27e-01
NA	/data/songy4/twas/output/weights_control//ENSG00000250021.wgt.RDat	ENSG00000250021	15	90377540	90456114	0.1242	rs894160	-2.23	rs1699487	 1.16e-01	 -8.31	 1.49296	441	10	enet	0.13	5.1e-20	-1.640171	1.01e-01
NA	/data/songy4/twas/output/weights_control//ENSG00000242498.wgt.RDat	ENSG00000242498	15	90443159	90456188	0.7201	rs894160	-2.23	rs1269077	 5.56e-01	-17.99	 1.72483	425	36	enet	0.57	1.2e-108	-1.681241	9.27e-02
NA	/data/songy4/twas/output/weights_control//ENSG00000140548.wgt.RDat	ENSG00000140548	15	90544624	90625438	0.1410	rs894160	-2.23	rs2970359	 8.87e-02	  7.22	 1.18803	455	 4	lasso	0.089	1.8e-13	 1.021377	3.07e-01
NA	/data/songy4/twas/output/weights_control//ENSG00000185033.wgt.RDat	ENSG00000185033	15	90703836	90772911	0.0990	rs894160	-2.23	rs1543115	 1.02e-01	  7.70	-0.25472	445	 1	top1	0.1	2.9e-15	-0.254717	7.99e-01
NA	/data/songy4/twas/output/weights_control//ENSG00000185043.wgt.RDat	ENSG00000185043	15	90773207	90777279	0.5400	rs2301822	 2.18	rs2073703	 4.98e-01	-17.14	-1.02105	414	16	enet	0.6	1.1e-117	 0.620208	5.35e-01
NA	/data/songy4/twas/output/weights_control//ENSG00000182768.wgt.RDat	ENSG00000182768	15	90808891	90816463	0.1442	rs2301822	 2.18	rs1533327	 4.28e-02	  6.09	-0.07368	410	37	enet	0.054	1.2e-08	 0.178952	8.58e-01
NA	/data/songy4/twas/output/weights_control//ENSG00000140575.wgt.RDat	ENSG00000140575	15	90931450	91045475	0.0790	rs16945157	 2.75	rs11633692	 6.32e-02	  6.95	 0.43299	478	22	enet	0.075	1.5e-11	 1.672979	9.43e-02
NA	/data/songy4/twas/output/weights_control//ENSG00000140577.wgt.RDat	ENSG00000140577	15	91073157	91188577	0.0724	rs1108351	 3.36	rs11638324	 2.67e-02	 -5.34	 0.28800	515	 4	lasso	0.027	4.4e-05	-0.502599	6.15e-01
NA	/data/songy4/twas/output/weights_control//ENSG00000197299.wgt.RDat	ENSG00000197299	15	91260558	91358859	0.1176	rs1108351	 3.36	rs389480	 6.27e-02	  6.20	 0.31183	555	 1	top1	0.063	6.9e-10	 0.311828	7.55e-01
NA	/data/songy4/twas/output/weights_control//ENSG00000182511.wgt.RDat	ENSG00000182511	15	91426925	91439006	0.3243	rs1108351	 3.36	rs1894400	 1.15e-01	 -8.36	-0.60913	508	52	enet	0.22	1.7e-33	 1.951819	5.10e-02
NA	/data/songy4/twas/output/weights_control//ENSG00000140553.wgt.RDat	ENSG00000140553	15	91473410	91497323	0.0917	rs1108351	 3.36	rs1052532	 1.59e-03	 -4.37	 1.30189	503	 4	lasso	0.0082	0.017	 0.017773	9.86e-01
NA	/data/songy4/twas/output/weights_control//ENSG00000184508.wgt.RDat	ENSG00000184508	15	91474148	91475799	0.0347	rs1108351	 3.36	rs8031636	 1.37e-02	  4.61	 1.36000	499	 1	top1	0.014	0.0029	 1.360000	1.74e-01
NA	/data/songy4/twas/output/weights_control//ENSG00000176463.wgt.RDat	ENSG00000176463	15	92396925	92715665	0.2165	rs7171140	 3.82	rs4075845	 1.39e-01	 -9.11	-1.31897	833	 7	lasso	0.14	2e-21	 1.380572	1.67e-01
NA	/data/songy4/twas/output/weights_control//ENSG00000140563.wgt.RDat	ENSG00000140563	15	94774767	95023632	0.1197	rs7403440	-3.30	rs11854463	 1.45e-01	  9.33	-0.89189	767	 1	top1	0.14	1.9e-21	-0.891892	3.72e-01
NA	/data/songy4/twas/output/weights_control//ENSG00000140450.wgt.RDat	ENSG00000140450	15	98462784	98517068	0.5111	rs1043382	 4.65	rs1552679	 5.51e-01	 17.81	 2.95690	609	 1	top1	0.55	4.7e-102	 2.956897	3.11e-03
NA	/data/songy4/twas/output/weights_control//ENSG00000140443.wgt.RDat	ENSG00000140443	15	99192200	99507759	0.1323	rs7177074	 2.90	rs2593053	 3.70e-02	 -4.99	-0.95370	771	44	enet	0.046	1.3e-07	 0.540111	5.89e-01
NA	/data/songy4/twas/output/weights_control//ENSG00000182253.wgt.RDat	ENSG00000182253	15	99638420	99675798	0.3928	rs7177074	 2.90	rs11636944	 4.88e-01	-16.75	-1.52941	547	 5	lasso	0.52	1.3e-94	 1.722719	8.49e-02
NA	/data/songy4/twas/output/weights_control//ENSG00000103852.wgt.RDat	ENSG00000103852	15	99676528	99791428	0.3157	rs7177074	 2.90	rs12591132	 4.49e-01	-16.29	 0.21649	586	11	enet	0.47	2.4e-80	-0.207952	8.35e-01
NA	/data/songy4/twas/output/weights_control//ENSG00000168904.wgt.RDat	ENSG00000168904	15	99791567	99930934	0.1550	rs7177074	 2.90	rs2602029	 1.13e-01	  8.91	 0.76000	594	18	enet	0.21	5.9e-31	-0.031618	9.75e-01
NA	/data/songy4/twas/output/weights_control//ENSG00000183060.wgt.RDat	ENSG00000183060	15	100255902	100273766	0.5264	rs7183000	-3.06	rs6598265	 3.58e-01	 14.42	 0.93000	512	 6	lasso	0.47	7.6e-81	 1.211967	2.26e-01
NA	/data/songy4/twas/output/weights_control//ENSG00000140470.wgt.RDat	ENSG00000140470	15	100511794	100882210	0.1489	rs7183000	-3.06	rs2573643	 7.24e-02	 -6.65	-1.26667	721	 6	lasso	0.079	3.8e-12	 1.216255	2.24e-01
NA	/data/songy4/twas/output/weights_control//ENSG00000154227.wgt.RDat	ENSG00000154227	15	100940600	101085200	0.5431	rs7183000	-3.06	rs4965672	 2.77e-01	 12.66	-0.42241	661	50	enet	0.47	3.6e-82	-0.384863	7.00e-01
NA	/data/songy4/twas/output/weights_control//ENSG00000140471.wgt.RDat	ENSG00000140471	15	101099574	101143435	0.3983	rs7183000	-3.06	rs12460	 3.26e-01	-13.70	-0.16327	613	21	enet	0.43	3.2e-71	 0.908649	3.64e-01
NA	/data/songy4/twas/output/weights_control//ENSG00000183475.wgt.RDat	ENSG00000183475	15	101142739	101191910	0.0527	rs7183000	-3.06	rs4965320	 3.83e-02	 -5.13	-0.40594	621	 1	top1	0.038	1.4e-06	 0.405941	6.85e-01
NA	/data/songy4/twas/output/weights_control//ENSG00000131873.wgt.RDat	ENSG00000131873	15	101715928	101792137	0.2839	rs8029801	-2.76	rs3743193	 2.03e-01	-11.00	-0.36538	662	 1	top1	0.2	2.2e-30	 0.365385	7.15e-01
NA	/data/songy4/twas/output/weights_control//ENSG00000184277.wgt.RDat	ENSG00000184277	15	102161847	102192594	0.1474	rs8029801	-2.76	rs708394	 6.58e-02	  6.86	-0.31967	452	66	enet	0.078	5.6e-12	-1.491103	1.36e-01
NA	/data/songy4/twas/output/weights_control//ENSG00000185418.wgt.RDat	ENSG00000185418	15	102193801	102264807	0.0625	rs8029801	-2.76	rs9964	 1.88e-02	 -4.89	-0.88034	436	20	enet	0.03	1.9e-05	 1.985266	4.71e-02
NA	/data/songy4/twas/output/weights_control//ENSG00000184140.wgt.RDat	ENSG00000184140	15	102345902	102346876	0.0748	rs8029801	-2.76	rs352722	 7.47e-02	 -6.73	 2.02521	337	 1	top1	0.075	1.6e-11	-2.025210	4.28e-02
NA	/data/songy4/twas/output/weights_control//ENSG00000182854.wgt.RDat	ENSG00000182854	15	102358366	102359350	0.0563	rs8029801	-2.76	rs8026439	 2.84e-02	  5.46	-0.41379	329	 1	top1	0.028	2.9e-05	-0.413793	6.79e-01
