PANEL	FILE	ID	CHR	P0	P1	HSQ	BEST.GWAS.ID	BEST.GWAS.Z	EQTL.ID	EQTL.R2	EQTL.Z	EQTL.GWAS.Z	NSNP	NWGT	MODEL	MODELCV.R2	MODELCV.PV	TWAS.Z	TWAS.P
NA	/data/songy4/tes/output/weights_case//ENST00000441028.1.wgt.RDat	ENST00000441028.1	9	547317	549531	0.2059	rs12156499	-1.66	rs10815156	 1.61e-01	10.71	-0.7455	28	 6	enet	0.17	7.2e-30	-0.8935	0.3716
NA	/data/songy4/tes/output/weights_case//ENST00000607559.1.wgt.RDat	ENST00000607559.1	9	35684041	35685466	0.0503	rs1571268	-1.45	rs10972552	 3.16e-02	-4.92	-1.0316	 8	 7	enet	0.048	2.1e-09	-0.2273	0.8202
NA	/data/songy4/tes/output/weights_case//ENST00000441073.1.wgt.RDat	ENST00000441073.1	9	19026892	19028129	0.0376	rs7030565	 2.69	rs10963842	 1.06e-02	-3.96	 0.5243	39	14	enet	0.028	4.1e-06	-2.2602	0.0238
NA	/data/songy4/tes/output/weights_case//ENST00000356521.8.wgt.RDat	ENST00000356521.8	9	121038	179058	0.0401	rs12156499	-1.66	rs10813804	 4.86e-03	-3.93	 1.2344	16	 4	lasso	0.021	7.4e-05	-0.8986	0.3689
NA	/data/songy4/tes/output/weights_case//ENST00000319264.4.wgt.RDat	ENST00000319264.4	9	12775020	12823060	0.0396	rs10435758	 3.05	rs2209273	 2.66e-02	-4.85	-0.8971	21	 5	enet	0.028	5.5e-06	 1.1187	0.2633
NA	/data/songy4/tes/output/weights_case//ENST00000658191.1.wgt.RDat	ENST00000658191.1	9	29214322	29229229	0.0300	rs1027346	-1.56	rs321728	 2.29e-03	 2.88	-1.1605	 7	 6	enet	0.0085	0.0083	-1.0792	0.2805
NA	/data/songy4/tes/output/weights_case//ENST00000538669.1.wgt.RDat	ENST00000538669.1	9	71683571	71687428	0.0223	rs10781306	-2.39	rs7019661	 1.74e-02	-3.77	 1.4771	17	 1	top1	0.017	0.00026	-1.4771	0.1396
NA	/data/songy4/tes/output/weights_case//ENST00000340967.3.wgt.RDat	ENST00000340967.3	9	19409009	19452505	0.0291	rs7864646	-2.08	rs2666797	 3.73e-03	-3.26	-1.0090	27	 4	lasso	0.0059	0.023	 1.0878	0.2767
NA	/data/songy4/tes/output/weights_case//ENST00000436084.1.wgt.RDat	ENST00000436084.1	9	82405188	82406239	0.0282	rs6559483	 2.24	rs11138436	 1.69e-02	 3.68	 0.8812	21	 1	top1	0.017	0.00032	 0.8812	0.3782
NA	/data/songy4/tes/output/weights_case//ENST00000429407.1.wgt.RDat	ENST00000429407.1	9	4633027	4633756	0.0539	rs10974436	 3.27	rs301488	 6.17e-02	 6.67	 0.3169	50	 1	top1	0.062	1.4e-11	 0.3169	0.7513
NA	/data/songy4/tes/output/weights_case//ENST00000654838.1.wgt.RDat	ENST00000654838.1	9	34665607	34681981	0.1115	rs1328536	-1.65	rs3808868	 8.59e-02	-7.97	-1.5745	 5	 4	enet	0.09	2.8e-16	 2.1339	0.0328
NA	/data/songy4/tes/output/weights_case//ENST00000654908.1.wgt.RDat	ENST00000654908.1	9	33730345	33734040	0.0180	rs2230122	-1.07	rs855453	 1.15e-02	 3.40	 0.8898	 7	 1	top1	0.011	0.0026	 0.8898	0.3736
NA	/data/songy4/tes/output/weights_case//ENST00000654035.1.wgt.RDat	ENST00000654035.1	9	547156	549967	0.2051	rs12156499	-1.66	rs10815156	 1.35e-01	 9.83	-0.7455	28	 6	enet	0.15	1.9e-26	-0.7785	0.4363
NA	/data/songy4/tes/output/weights_case//ENST00000336654.9.wgt.RDat	ENST00000336654.9	9	87966446	87974589	0.0236	rs10512159	-3.09	rs1992812	 4.44e-03	 3.12	-0.5872	18	 2	lasso	0.0071	0.014	-0.6841	0.4939
NA	/data/songy4/tes/output/weights_case//ENST00000434627.1.wgt.RDat	ENST00000434627.1	9	34665665	34681298	0.0532	rs1328536	-1.65	rs3808868	 4.05e-02	-5.56	-1.5745	 5	 1	top1	0.041	4.2e-08	 1.5745	0.1154
NA	/data/songy4/tes/output/weights_case//ENST00000612045.4.wgt.RDat	ENST00000612045.4	9	121089	179012	0.0340	rs12156499	-1.66	rs10813804	 6.56e-03	-3.95	 1.2344	16	10	enet	0.014	0.001	-0.9156	0.3599
NA	/data/songy4/tes/output/weights_case//ENST00000662822.1.wgt.RDat	ENST00000662822.1	9	547135	549528	0.2001	rs12156499	-1.66	rs10815156	 1.48e-01	10.30	-0.7455	28	 5	enet	0.15	4.2e-27	-0.7836	0.4333
NA	/data/songy4/tes/output/weights_case//ENST00000661177.1.wgt.RDat	ENST00000661177.1	9	82612552	82646584	0.0243	NA	   NA	NA	       NA	   NA	     NA	23	 0	lasso	0.0038	0.054	     NA	    NA
NA	/data/songy4/tes/output/weights_case//ENST00000566968.1.wgt.RDat	ENST00000566968.1	9	33697459	33700986	0.0307	rs2230122	-1.07	rs855453	 9.49e-03	 3.29	 0.8898	 7	 1	top1	0.0095	0.0055	 0.8898	0.3736
NA	/data/songy4/tes/output/weights_case//ENST00000434457.6.wgt.RDat	ENST00000434457.6	9	19230435	19372598	0.0320	rs7030565	 2.69	rs7858859	-1.03e-04	 2.90	 0.4845	35	 1	top1	-1e-04	0.34	 0.4845	0.6280
NA	/data/songy4/tes/output/weights_case//ENST00000427722.2.wgt.RDat	ENST00000427722.2	9	3668165	3691814	0.0354	NA	   NA	NA	       NA	   NA	     NA	 0	 0	enet	0.00044	0.25	     NA	    NA
NA	/data/songy4/tes/output/weights_case//ENST00000333421.6.wgt.RDat	ENST00000333421.6	9	71865152	71910742	0.0229	rs10781306	-2.39	rs7019661	 1.33e-02	-3.44	 1.4771	16	 1	top1	0.013	0.0012	-1.4771	0.1396
NA	/data/songy4/tes/output/weights_case//ENST00000579122.1.wgt.RDat	ENST00000579122.1	9	21967991	21974858	0.0392	rs2811711	 2.31	rs7866410	-9.07e-04	 2.82	-0.5909	26	 3	enet	-0.00059	0.44	-0.7063	0.4800
NA	/data/songy4/tes/output/weights_case//ENST00000607784.1.wgt.RDat	ENST00000607784.1	9	37422746	37434879	0.0262	rs10973360	-2.56	rs1952125	-1.41e-03	 3.15	 0.8763	22	 7	enet	0.0023	0.11	 0.7854	0.4322
NA	/data/songy4/tes/output/weights_case//ENST00000354485.5.wgt.RDat	ENST00000354485.5	9	504703	734129	0.2785	rs10959228	 2.26	rs10815156	 1.52e-01	10.41	-0.7455	43	17	enet	0.2	7.7e-37	-1.3183	0.1874
NA	/data/songy4/tes/output/weights_case//ENST00000429661.1.wgt.RDat	ENST00000429661.1	9	267966	273002	0.0312	rs12156499	-1.66	rs10813804	 2.53e-03	-3.48	 1.2344	20	 2	lasso	0.0057	0.025	-0.9055	0.3652
NA	/data/songy4/tes/output/weights_case//ENST00000329305.6.wgt.RDat	ENST00000329305.6	9	35682014	35689913	0.0583	rs1571268	-1.45	rs10972552	 3.13e-02	-5.01	-1.0316	 8	 8	enet	0.048	2.3e-09	-0.3167	0.7515
NA	/data/songy4/tes/output/weights_case//ENST00000344119.6.wgt.RDat	ENST00000344119.6	9	137434364	137441449	0.0425	rs7020813	 2.65	rs3124952	-6.48e-04	 3.23	-0.0102	50	 2	lasso	-0.00016	0.35	 0.1609	0.8721
NA	/data/songy4/tes/output/weights_case//ENST00000608097.1.wgt.RDat	ENST00000608097.1	9	674124	677628	0.1178	rs10959228	 2.26	rs10815156	 6.49e-02	 6.90	-0.7455	38	19	enet	0.071	3.2e-13	-1.4625	0.1436
NA	/data/songy4/tes/output/weights_case//ENST00000422554.2.wgt.RDat	ENST00000422554.2	9	38360427	38376430	0.0449	rs12345885	 2.83	rs10814702	-9.22e-04	-2.82	 1.0118	32	25	enet	0.014	0.0012	 0.7356	0.4620
NA	/data/songy4/tes/output/weights_case//ENST00000375871.8.wgt.RDat	ENST00000375871.8	9	87966450	87974487	0.0241	rs10512159	-3.09	rs1992812	-4.35e-05	 2.96	-0.5872	18	 1	top1	-4.3e-05	0.33	-0.5872	0.5570
NA	/data/songy4/tes/output/weights_case//ENST00000377400.8.wgt.RDat	ENST00000377400.8	9	121041	179147	0.0415	rs12156499	-1.66	rs10813804	 4.95e-03	-3.99	 1.2344	16	 4	lasso	0.022	3.8e-05	-0.9135	0.3610
NA	/data/songy4/tes/output/weights_case//ENST00000377447.7.wgt.RDat	ENST00000377447.7	9	152914	179025	0.0345	rs12156499	-1.66	rs2022011	 3.50e-03	 3.73	 0.3390	16	11	enet	0.013	0.0014	-0.2947	0.7682
NA	/data/songy4/tes/output/weights_case//ENST00000377043.2.wgt.RDat	ENST00000377043.2	9	71704417	71712154	0.0231	rs10781306	-2.39	rs7019661	 1.83e-02	-3.89	 1.4771	16	 1	top1	0.018	0.00019	-1.4771	0.1396
NA	/data/songy4/tes/output/weights_case//ENST00000377044.9.wgt.RDat	ENST00000377044.9	9	71683366	71768513	0.0258	rs10781306	-2.39	rs7019661	 1.73e-02	-3.76	 1.4771	19	 1	top1	0.017	0.00027	-1.4771	0.1396
NA	/data/songy4/tes/output/weights_case//ENST00000377057.5.wgt.RDat	ENST00000377057.5	9	71683372	71698241	0.0239	rs10781306	-2.39	rs7019661	 1.74e-02	-3.77	 1.4771	17	 1	top1	0.017	0.00026	-1.4771	0.1396
NA	/data/songy4/tes/output/weights_case//ENST00000377066.9.wgt.RDat	ENST00000377066.9	9	71683985	71768386	0.0256	rs10781306	-2.39	rs7019661	 1.76e-02	-3.78	 1.4771	19	 1	top1	0.018	0.00025	-1.4771	0.1396
NA	/data/songy4/tes/output/weights_case//ENST00000377055.1.wgt.RDat	ENST00000377055.1	9	71699192	71709330	0.0245	rs10781306	-2.39	rs7019661	 1.81e-02	-3.91	 1.4771	16	 1	top1	0.018	2e-04	-1.4771	0.1396
NA	/data/songy4/tes/output/weights_case//ENST00000422398.1.wgt.RDat	ENST00000422398.1	9	4572335	4585557	0.0444	rs10974436	 3.27	rs301488	 2.44e-02	 5.11	 0.3169	52	 6	enet	0.046	4.6e-09	-0.6435	0.5199
NA	/data/songy4/tes/output/weights_case//ENST00000374049.4.wgt.RDat	ENST00000374049.4	9	114611206	114646422	0.0163	rs10981184	-2.35	rs7046919	 1.30e-02	-3.64	-1.7874	 8	 1	top1	0.013	0.0014	 1.7874	0.0739
NA	/data/songy4/tes/output/weights_case//ENST00000374206.4.wgt.RDat	ENST00000374206.4	9	113266992	113275572	0.0363	NA	   NA	NA	       NA	   NA	     NA	33	 0	lasso	0.0066	0.018	     NA	    NA
NA	/data/songy4/tes/output/weights_case//ENST00000374220.3.wgt.RDat	ENST00000374220.3	9	113151030	113164137	0.0374	rs1998975	 2.00	rs10980588	 3.50e-03	 3.74	-1.8864	32	 1	top1	0.0035	0.063	-1.8864	0.0592
NA	/data/songy4/tes/output/weights_case//ENST00000611457.4.wgt.RDat	ENST00000611457.4	9	121091	148625	0.0268	rs12156499	-1.66	rs10813804	 6.17e-03	-3.83	 1.2344	16	 7	enet	0.014	0.00099	-0.8214	0.4114
NA	/data/songy4/tes/output/weights_case//ENST00000422509.1.wgt.RDat	ENST00000422509.1	9	37490421	37490893	0.0617	rs10973360	-2.56	rs9919069	 2.93e-03	 3.96	 0.0515	18	 7	enet	0.03	2.7e-06	 0.0284	0.9773
NA	/data/songy4/tes/output/weights_case//ENST00000380437.8.wgt.RDat	ENST00000380437.8	9	19290758	19372594	0.0321	rs7030565	 2.69	rs7858859	 1.19e-04	 2.82	 0.4845	30	 1	top1	0.00012	0.3	 0.4845	0.6280
NA	/data/songy4/tes/output/weights_case//ENST00000598100.1.wgt.RDat	ENST00000598100.1	9	477750	478423	0.0407	rs12156499	-1.66	rs3739593	 2.02e-03	 3.79	-0.4094	24	20	enet	0.0073	0.013	-1.5381	0.1240
NA	/data/songy4/tes/output/weights_case//ENST00000380502.8.wgt.RDat	ENST00000380502.8	9	19053141	19102904	0.0325	rs7030565	 2.69	rs7858859	-1.41e-03	 3.54	 0.4845	39	12	enet	-0.00063	0.46	 0.5137	0.6075
NA	/data/songy4/tes/output/weights_case//ENST00000382082.4.wgt.RDat	ENST00000382082.4	9	2717510	2730037	0.0510	rs10813760	-2.30	rs3824351	 3.25e-03	 3.94	-0.0208	46	19	enet	0.011	0.0029	 0.0142	0.9886
NA	/data/songy4/tes/output/weights_case//ENST00000382096.5.wgt.RDat	ENST00000382096.5	9	2621975	2643355	0.1253	rs1470943	-2.28	rs7044155	 4.76e-02	 5.98	-0.7048	52	 5	lasso	0.11	6.7e-20	-1.4153	0.1570
NA	/data/songy4/tes/output/weights_case//ENST00000382099.2.wgt.RDat	ENST00000382099.2	9	2622100	2654480	0.1747	rs1470943	-2.28	rs1454626	 3.06e-02	-6.08	 0.2966	52	24	enet	0.14	2.3e-25	-1.2957	0.1951
NA	/data/songy4/tes/output/weights_case//ENST00000382100.8.wgt.RDat	ENST00000382100.8	9	2621787	2660056	0.1185	rs1470943	-2.28	rs7044155	 1.90e-02	 5.21	-0.7048	52	18	enet	0.082	6.4e-15	-1.5944	0.1108
NA	/data/songy4/tes/output/weights_case//ENST00000381890.9.wgt.RDat	ENST00000381890.9	9	4600520	4666347	0.1130	rs10974436	 3.27	rs301488	 8.37e-02	 8.32	 0.3169	50	 4	lasso	0.13	1.5e-23	-0.2506	0.8022
NA	/data/songy4/tes/output/weights_case//ENST00000382389.5.wgt.RDat	ENST00000382389.5	9	171953	179023	0.0385	rs12156499	-1.66	rs10813804	 7.75e-03	-4.09	 1.2344	16	10	enet	0.018	2e-04	-0.7897	0.4297
NA	/data/songy4/tes/output/weights_case//ENST00000382393.2.wgt.RDat	ENST00000382393.2	9	171953	179045	0.0385	rs12156499	-1.66	rs10813804	 6.85e-03	-3.94	 1.2344	16	10	enet	0.016	4e-04	-0.6615	0.5083
NA	/data/songy4/tes/output/weights_case//ENST00000382447.8.wgt.RDat	ENST00000382447.8	9	121409	179021	0.0384	rs12156499	-1.66	rs10813804	 4.61e-03	-3.92	 1.2344	16	 4	lasso	0.019	0.00014	-0.7910	0.4289
NA	/data/songy4/tes/output/weights_case//ENST00000382303.5.wgt.RDat	ENST00000382303.5	9	470291	746105	0.2368	rs10959228	 2.26	rs10815156	 1.43e-01	10.17	-0.7455	44	 4	lasso	0.17	4e-31	-0.9548	0.3397
NA	/data/songy4/tes/output/weights_case//ENST00000382297.6.wgt.RDat	ENST00000382297.6	9	504716	746105	0.2505	rs10959228	 2.26	rs10815156	 1.39e-01	10.00	-0.7455	44	20	enet	0.17	8.1e-31	-1.3923	0.1638
NA	/data/songy4/tes/output/weights_case//ENST00000382286.2.wgt.RDat	ENST00000382286.2	9	734748	746104	0.2130	rs10959228	 2.26	rs10815156	 1.27e-01	 9.56	-0.7455	42	18	enet	0.15	7.9e-27	-1.1134	0.2655
NA	/data/songy4/tes/output/weights_case//ENST00000382289.6.wgt.RDat	ENST00000382289.6	9	732442	746102	0.2093	rs10959228	 2.26	rs10815156	 1.26e-01	 9.55	-0.7455	42	18	enet	0.16	4.9e-28	-1.4090	0.1588
NA	/data/songy4/tes/output/weights_case//ENST00000382293.7.wgt.RDat	ENST00000382293.7	9	706889	746103	0.2674	rs10959228	 2.26	rs10815156	 1.45e-01	10.20	-0.7455	43	18	enet	0.19	3.2e-34	-1.3825	0.1668
NA	/data/songy4/tes/output/weights_case//ENST00000381627.4.wgt.RDat	ENST00000381627.4	9	5299864	5304716	0.0395	rs10815092	-2.25	rs976404	 2.65e-02	 4.59	 0.4800	29	 1	top1	0.027	8.2e-06	 0.4800	0.6312
NA	/data/songy4/tes/output/weights_case//ENST00000599229.2.wgt.RDat	ENST00000599229.2	9	2535657	2643359	0.1108	rs1470943	-2.28	rs7044155	 2.87e-02	 5.59	-0.7048	54	 6	lasso	0.095	3.1e-17	-1.4146	0.1572
NA	/data/songy4/tes/output/weights_case//ENST00000522960.1.wgt.RDat	ENST00000522960.1	9	27102630	27104728	0.1760	rs2477518	-2.41	rs581724	 9.82e-02	 8.38	-0.8061	27	13	enet	0.15	2.9e-26	-0.6738	0.5005
NA	/data/songy4/tes/output/weights_case//ENST00000378292.9.wgt.RDat	ENST00000378292.9	9	35681993	35690056	0.0598	rs1571268	-1.45	rs10972552	 3.34e-02	-5.06	-1.0316	 8	 8	enet	0.051	8.2e-10	-0.3798	0.7041
NA	/data/songy4/tes/output/weights_case//ENST00000379923.5.wgt.RDat	ENST00000379923.5	9	32384620	32450836	0.0338	rs10116526	-1.99	rs626214	 2.14e-02	-4.30	 1.2813	16	 5	enet	0.024	1.9e-05	-1.2008	0.2298
NA	/data/songy4/tes/output/weights_case//ENST00000379721.4.wgt.RDat	ENST00000379721.4	9	33240167	33248567	0.0226	rs1330692	 2.45	rs1981009	 1.26e-02	 3.36	 1.1565	15	 1	top1	0.013	0.0016	 1.1565	0.2475
NA	/data/songy4/tes/output/weights_case//ENST00000380036.9.wgt.RDat	ENST00000380036.9	9	27109450	27230174	0.1232	rs951970	-2.56	rs581724	 5.95e-02	 6.59	-0.8061	33	10	enet	0.11	2.5e-19	-0.5442	0.5863
NA	/data/songy4/tes/output/weights_case//ENST00000602925.5.wgt.RDat	ENST00000602925.5	9	19230435	19372858	0.0324	rs7030565	 2.69	rs7858859	-8.94e-05	 2.90	 0.4845	35	 1	top1	-8.9e-05	0.33	 0.4845	0.6280
NA	/data/songy4/tes/output/weights_case//ENST00000605159.5.wgt.RDat	ENST00000605159.5	9	87966611	87974505	0.0248	rs10512159	-3.09	rs1992812	-1.13e-03	 2.77	-0.5872	18	 1	top1	-0.0011	0.65	-0.5872	0.5570
NA	/data/songy4/tes/output/weights_case//ENST00000425324.2.wgt.RDat	ENST00000425324.2	9	37878116	37879493	0.0465	rs12345885	 2.83	rs4878174	 6.67e-03	-3.79	 1.1485	26	11	enet	0.023	3.6e-05	-0.1749	0.8611
NA	/data/songy4/tes/output/weights_case//ENST00000645482.2.wgt.RDat	ENST00000645482.2	9	35682926	35690056	0.0537	rs1571268	-1.45	rs10972552	 3.09e-02	-4.90	-1.0316	 8	 8	enet	0.045	8.2e-09	-0.2502	0.8024
NA	/data/songy4/tes/output/weights_case//ENST00000543751.5.wgt.RDat	ENST00000543751.5	9	36572862	36677683	0.0358	rs10511936	 1.91	rs1571268	 7.76e-03	 3.52	-1.4455	29	 7	enet	0.0094	0.0057	-1.6198	0.1053
NA	/data/songy4/tes/output/weights_case//ENST00000604975.1.wgt.RDat	ENST00000604975.1	9	35685145	35689925	0.0568	rs1571268	-1.45	rs10972552	 3.26e-02	-5.02	-1.0316	 8	 8	enet	0.041	3.6e-08	-0.0489	0.9610
NA	/data/songy4/tes/output/weights_case//ENST00000644325.1.wgt.RDat	ENST00000644325.1	9	35681992	35684802	0.0228	rs1571268	-1.45	rs10972552	 1.15e-02	-3.44	-1.0316	 8	 8	enet	0.012	0.002	-0.1539	0.8777
NA	/data/songy4/tes/output/weights_case//ENST00000431981.2.wgt.RDat	ENST00000431981.2	9	35772311	35790432	0.0174	rs1571268	-1.45	rs10972694	 3.12e-04	-2.66	 0.4020	 9	 9	enet	0.0016	0.14	-0.3095	0.7570
NA	/data/songy4/tes/output/weights_case//ENST00000361024.6.wgt.RDat	ENST00000361024.6	9	19346556	19373545	0.0331	rs7030565	 2.69	rs1409955	-1.13e-03	-2.58	-0.0748	27	11	enet	6.6e-05	0.31	 0.6480	0.5170
NA	/data/songy4/tes/output/weights_case//ENST00000541043.5.wgt.RDat	ENST00000541043.5	9	32384603	32450832	0.0339	rs10116526	-1.99	rs626214	 2.15e-02	-4.31	 1.2813	16	 5	enet	0.024	1.8e-05	-1.2008	0.2298
NA	/data/songy4/tes/output/weights_case//ENST00000647435.1.wgt.RDat	ENST00000647435.1	9	35682937	35689925	0.0452	rs1571268	-1.45	rs10972552	 2.87e-02	-4.86	-1.0316	 8	 8	enet	0.034	4.7e-07	-0.1590	0.8737
NA	/data/songy4/tes/output/weights_case//ENST00000309951.8.wgt.RDat	ENST00000309951.8	9	32384643	32454769	0.0326	rs10116526	-1.99	rs626214	 2.17e-02	-4.33	 1.2813	16	 3	enet	0.026	1.2e-05	-1.0986	0.2719
NA	/data/songy4/tes/output/weights_case//ENST00000542935.5.wgt.RDat	ENST00000542935.5	9	71683985	71768386	0.0257	rs10781306	-2.39	rs7019661	 1.75e-02	-3.78	 1.4771	19	 1	top1	0.018	0.00025	-1.4771	0.1396
NA	/data/songy4/tes/output/weights_case//ENST00000432430.2.wgt.RDat	ENST00000432430.2	9	5311444	5311716	0.0326	rs10815092	-2.25	rs7848509	 2.16e-02	-4.16	 0.2091	29	 1	top1	0.022	5.2e-05	-0.2091	0.8344
NA	/data/songy4/tes/output/weights_case//ENST00000314367.14.wgt.RDat	ENST00000314367.14	9	121060	179047	0.0378	rs12156499	-1.66	rs10813804	 5.24e-03	-3.98	 1.2344	16	 4	lasso	0.02	9.4e-05	-0.9083	0.3637
NA	/data/songy4/tes/output/weights_case//ENST00000421436.1.wgt.RDat	ENST00000421436.1	9	659986	660326	0.0776	rs10959228	 2.26	rs10815156	 6.50e-02	 6.93	-0.7455	37	 1	top1	0.065	3.8e-12	-0.7455	0.4560
NA	/data/songy4/tes/output/weights_case//ENST00000365302.1.wgt.RDat	ENST00000365302.1	9	558826	558930	0.1510	rs12156499	-1.66	rs10815156	 1.13e-01	 9.06	-0.7455	30	13	enet	0.13	5.9e-24	-1.4411	0.1496
NA	/data/songy4/tes/output/weights_case//ENST00000643485.1.wgt.RDat	ENST00000643485.1	9	35682269	35686425	0.0241	rs1571268	-1.45	rs10972552	 7.49e-03	-3.71	-1.0316	 8	 3	lasso	0.012	0.0021	 0.4597	0.6457
NA	/data/songy4/tes/output/weights_case//ENST00000438147.2.wgt.RDat	ENST00000438147.2	9	3684076	3689626	0.0462	rs10813760	-2.30	rs10511452	 1.92e-02	 3.98	-0.1197	42	 1	top1	0.019	0.00013	-0.1197	0.9048
NA	/data/songy4/tes/output/weights_case//ENST00000371443.6.wgt.RDat	ENST00000371443.6	9	137551879	137552555	0.0415	rs7020813	 2.65	rs10858270	-1.27e-03	-3.21	-0.6256	59	 4	lasso	0.0046	0.04	-0.6127	0.5401
NA	/data/songy4/tes/output/weights_case//ENST00000591257.5.wgt.RDat	ENST00000591257.5	9	82273459	82536232	0.0294	NA	   NA	NA	       NA	   NA	     NA	34	 0	lasso	0.0012	0.18	     NA	    NA
NA	/data/songy4/tes/output/weights_case//ENST00000421645.2.wgt.RDat	ENST00000421645.2	9	673478	685555	0.1233	rs10959228	 2.26	rs10815156	 7.67e-02	 7.49	-0.7455	39	 1	top1	0.077	4.3e-14	-0.7455	0.4560
NA	/data/songy4/tes/output/weights_case//ENST00000431099.3.wgt.RDat	ENST00000431099.3	9	160088	179018	0.0424	rs12156499	-1.66	rs10813804	 6.43e-03	-4.48	 1.2344	16	 4	lasso	0.027	6.8e-06	-0.7806	0.4350
NA	/data/songy4/tes/output/weights_case//ENST00000276914.7.wgt.RDat	ENST00000276914.7	9	19115761	19127492	0.0327	rs7030565	 2.69	rs945441	 1.56e-03	-2.64	 1.9286	37	 1	top1	0.0016	0.15	-1.9286	0.0538
NA	/data/songy4/tes/output/weights_case//ENST00000475690.1.wgt.RDat	ENST00000475690.1	9	471467	476769	0.0487	rs12156499	-1.66	rs2297082	 1.18e-02	 4.98	-1.4752	24	 4	enet	0.036	2.6e-07	-1.5450	0.1223
NA	/data/songy4/tes/output/weights_case//ENST00000475411.5.wgt.RDat	ENST00000475411.5	9	121089	149446	0.0234	rs12156499	-1.66	rs10813804	 5.10e-03	-3.83	 1.2344	16	 1	top1	0.0051	0.032	-1.2344	0.2171
NA	/data/songy4/tes/output/weights_case//ENST00000512404.2.wgt.RDat	ENST00000512404.2	9	37432087	37433881	0.0236	rs10973360	-2.56	rs9919069	-1.42e-03	 2.65	 0.0515	22	 8	enet	0.00065	0.23	 0.0301	0.9760
NA	/data/songy4/tes/output/weights_case//ENST00000453601.5.wgt.RDat	ENST00000453601.5	9	2535652	2622373	0.0427	rs1470943	-2.28	rs7044155	 1.94e-03	 3.45	-0.7048	54	 4	lasso	0.0074	0.012	-1.5427	0.1229
NA	/data/songy4/tes/output/weights_case//ENST00000475086.5.wgt.RDat	ENST00000475086.5	9	4600610	4666666	0.0926	NA	   NA	NA	       NA	   NA	     NA	50	 0	lasso	0.1	2.5e-18	     NA	    NA
NA	/data/songy4/tes/output/weights_case//ENST00000475005.1.wgt.RDat	ENST00000475005.1	9	5812737	5833073	0.0523	rs10975339	-2.62	rs7047575	 3.36e-02	-5.13	-1.9505	21	 9	enet	0.041	3.2e-08	 1.1942	0.2324
NA	/data/songy4/tes/output/weights_case//ENST00000487088.5.wgt.RDat	ENST00000487088.5	9	5787035	5832957	0.0402	rs10975339	-2.62	rs7047575	 2.35e-02	-4.37	-1.9505	22	 7	enet	0.032	1.1e-06	 0.9440	0.3452
NA	/data/songy4/tes/output/weights_case//ENST00000455592.1.wgt.RDat	ENST00000455592.1	9	477856	478349	0.0353	rs12156499	-1.66	rs3739593	 1.80e-02	 3.90	-0.4094	24	 1	top1	0.018	0.00021	-0.4094	0.6822
NA	/data/songy4/tes/output/weights_case//ENST00000486911.2.wgt.RDat	ENST00000486911.2	9	71911661	71986054	0.0326	rs10781306	-2.39	rs7019661	 2.16e-02	-4.19	 1.4771	16	 5	enet	0.03	2.6e-06	-0.9981	0.3182
NA	/data/songy4/tes/output/weights_case//ENST00000475990.5.wgt.RDat	ENST00000475990.5	9	121052	146140	0.0221	rs12156499	-1.66	rs10813804	-7.37e-04	-2.46	 1.2344	16	 3	lasso	-0.00062	0.45	-1.0743	0.2827
NA	/data/songy4/tes/output/weights_case//ENST00000494124.2.wgt.RDat	ENST00000494124.2	9	19290758	19372594	0.0322	rs7030565	 2.69	rs7858859	 1.69e-04	 2.79	 0.4845	30	 1	top1	0.00017	0.29	 0.4845	0.6280
NA	/data/songy4/tes/output/weights_case//ENST00000462618.1.wgt.RDat	ENST00000462618.1	9	463555	465247	0.0278	rs12156499	-1.66	rs10813804	-7.59e-04	-3.12	 1.2344	24	 4	lasso	0.0014	0.16	-1.3089	0.1906
NA	/data/songy4/tes/output/weights_case//ENST00000616356.4.wgt.RDat	ENST00000616356.4	9	134905890	134917877	0.0258	rs11243819	-2.25	rs2987392	-1.25e-03	 2.96	 0.3713	26	 7	enet	0.0069	0.016	 0.1242	0.9012
NA	/data/songy4/tes/output/weights_case//ENST00000613988.4.wgt.RDat	ENST00000613988.4	9	151577	179088	0.0383	rs12156499	-1.66	rs10813804	 1.01e-02	-4.38	 1.2344	16	 9	enet	0.025	1.6e-05	-0.8467	0.3972
NA	/data/songy4/tes/output/weights_case//ENST00000472938.5.wgt.RDat	ENST00000472938.5	9	137434670	137438302	0.0611	rs7020813	 2.65	rs7028191	-2.95e-04	-2.77	 0.0680	50	30	enet	0.0032	0.071	 0.3335	0.7388
NA	/data/songy4/tes/output/weights_case//ENST00000667902.1.wgt.RDat	ENST00000667902.1	9	33676963	33681934	0.0236	rs2230122	-1.07	rs855453	 1.52e-02	 3.73	 0.8898	 8	 1	top1	0.015	6e-04	 0.8898	0.3736
NA	/data/songy4/tes/output/weights_case//ENST00000489369.5.wgt.RDat	ENST00000489369.5	9	504702	746103	0.2703	rs10959228	 2.26	rs10815156	 1.47e-01	10.29	-0.7455	44	16	enet	0.19	3.9e-35	-1.3138	0.1889
NA	/data/songy4/tes/output/weights_case//ENST00000627766.2.wgt.RDat	ENST00000627766.2	9	36572863	36677429	0.0379	rs10511936	 1.91	rs1571268	 1.47e-02	 3.86	-1.4455	29	 1	top1	0.015	0.00074	-1.4455	0.1483
NA	/data/songy4/tes/output/weights_case//ENST00000471669.1.wgt.RDat	ENST00000471669.1	9	4646299	4666307	0.0666	rs10974436	 3.27	rs301488	 3.07e-02	 5.73	 0.3169	49	 4	lasso	0.049	1.9e-09	-0.2368	0.8128
NA	/data/songy4/tes/output/weights_case//ENST00000489219.5.wgt.RDat	ENST00000489219.5	9	5786643	5833055	0.0368	rs10975339	-2.62	rs7047575	 1.91e-02	-3.98	-1.9505	22	 9	enet	0.031	1.3e-06	 0.7127	0.4760
NA	/data/songy4/tes/output/weights_case//ENST00000489272.5.wgt.RDat	ENST00000489272.5	9	151745	161647	0.0208	rs12156499	-1.66	rs10813804	 2.92e-03	-3.51	 1.2344	16	12	enet	0.0053	0.029	-0.9202	0.3575
NA	/data/songy4/tes/output/weights_case//ENST00000451763.6.wgt.RDat	ENST00000451763.6	9	4625638	4666399	0.1474	NA	   NA	NA	       NA	   NA	     NA	50	 0	lasso	0.16	7e-29	     NA	    NA
NA	/data/songy4/tes/output/weights_case//ENST00000474372.1.wgt.RDat	ENST00000474372.1	9	33923825	33934354	0.0158	rs855453	 0.89	rs2275003	 1.25e-04	 2.71	-0.6211	 4	 4	enet	0.0041	0.049	 0.6047	0.5454
NA	/data/songy4/tes/output/weights_case//ENST00000618061.4.wgt.RDat	ENST00000618061.4	9	150132	164039	0.0273	rs12156499	-1.66	rs10813804	 2.42e-04	-2.94	 1.2344	16	10	enet	0.0026	0.094	-0.9694	0.3323
NA	/data/songy4/tes/output/weights_case//ENST00000480596.5.wgt.RDat	ENST00000480596.5	9	37428538	37436987	0.0251	rs10973360	-2.56	rs9919069	 8.34e-03	 3.35	 0.0515	22	 1	top1	0.0083	0.0087	 0.0515	0.9589
NA	/data/songy4/tes/output/weights_case//ENST00000498124.1.wgt.RDat	ENST00000498124.1	9	21968056	21974866	0.0339	NA	   NA	NA	       NA	   NA	     NA	 0	 0	enet	0.0024	0.1	     NA	    NA
NA	/data/songy4/tes/output/weights_case//ENST00000483817.3.wgt.RDat	ENST00000483817.3	9	171596	173371	0.0287	rs12156499	-1.66	rs10813804	 3.16e-03	-3.47	 1.2344	16	11	enet	0.0041	0.049	-0.4435	0.6574
NA	/data/songy4/tes/output/weights_case//ENST00000498087.5.wgt.RDat	ENST00000498087.5	9	4625526	4666674	0.0457	rs10974436	 3.27	rs301488	 4.79e-02	 5.93	 0.3169	50	 1	top1	0.048	2.5e-09	 0.3169	0.7513
NA	/data/songy4/tes/output/weights_case//ENST00000484374.1.wgt.RDat	ENST00000484374.1	9	17134982	17168556	0.0292	rs13294100	-8.59	rs1001155	-1.24e-03	 3.20	 3.9602	23	 7	enet	0.0076	0.012	 2.5653	0.0103
NA	/data/songy4/tes/output/weights_case//ENST00000406861.6.wgt.RDat	ENST00000406861.6	9	4600611	4666449	0.1324	rs10974436	 3.27	rs301488	 1.01e-01	 9.22	 0.3169	50	 3	lasso	0.15	3e-26	-0.1229	0.9022
NA	/data/songy4/tes/output/weights_case//ENST00000482552.1.wgt.RDat	ENST00000482552.1	9	114643267	114644704	0.0186	rs10981184	-2.35	rs7046919	 1.59e-02	-3.86	-1.7874	 8	 1	top1	0.016	0.00046	 1.7874	0.0739
NA	/data/songy4/tes/output/weights_case//ENST00000620292.4.wgt.RDat	ENST00000620292.4	9	154732	172179	0.0205	rs12156499	-1.66	rs10813804	 2.60e-03	-3.32	 1.2344	16	 7	enet	0.0031	0.076	-0.7613	0.4465
NA	/data/songy4/tes/output/weights_case//ENST00000497693.1.wgt.RDat	ENST00000497693.1	9	37427706	37436989	0.0292	rs10973360	-2.56	rs9919069	 3.15e-03	 3.30	 0.0515	22	 1	top1	0.0031	0.073	 0.0515	0.9589
NA	/data/songy4/tes/output/weights_case//ENST00000482603.1.wgt.RDat	ENST00000482603.1	9	37429786	37432811	0.0275	rs10973360	-2.56	rs9919069	 2.34e-03	 3.29	 0.0515	22	 1	top1	0.0023	0.1	 0.0515	0.9589
NA	/data/songy4/tes/output/weights_case//ENST00000406359.8.wgt.RDat	ENST00000406359.8	9	27109416	27229746	0.1340	rs951970	-2.56	rs581724	 6.10e-02	 6.67	-0.8061	33	12	enet	0.11	2.6e-20	-0.4260	0.6701
NA	/data/songy4/tes/output/weights_case//ENST00000458838.1.wgt.RDat	ENST00000458838.1	9	33934296	33934376	0.0144	rs855453	 0.89	rs2275003	 5.31e-03	 2.74	-0.6211	 4	 4	enet	0.0066	0.017	 0.5278	0.5977
NA	/data/songy4/tes/output/weights_case//ENST00000238256.8.wgt.RDat	ENST00000238256.8	9	113161006	113221277	0.0370	rs1998975	 2.00	rs10980588	 3.67e-03	 3.79	-1.8864	33	 2	lasso	0.0058	0.024	-1.9136	0.0557
NA	/data/songy4/tes/output/weights_case//ENST00000496798.5.wgt.RDat	ENST00000496798.5	9	4625509	4666428	0.0948	rs10974436	 3.27	rs301488	 6.29e-02	 7.67	 0.3169	50	 3	lasso	0.097	1.8e-17	-0.1261	0.8996
NA	/data/songy4/tes/output/weights_case//ENST00000461761.5.wgt.RDat	ENST00000461761.5	9	4588821	4666423	0.1203	rs10974436	 3.27	rs301488	 7.32e-02	 8.46	 0.3169	51	 3	enet	0.13	5.3e-24	-0.1566	0.8755
NA	/data/songy4/tes/output/weights_case//ENST00000486018.1.wgt.RDat	ENST00000486018.1	9	35684751	35685543	0.0705	rs1571268	-1.45	rs10972552	 3.75e-02	-5.38	-1.0316	 8	 6	enet	0.072	3.1e-13	-0.2250	0.8220
NA	/data/songy4/tes/output/weights_case//ENST00000619157.4.wgt.RDat	ENST00000619157.4	9	121058	164009	0.0239	rs12156499	-1.66	rs10813804	 2.39e-04	-3.16	 1.2344	16	11	enet	0.0022	0.11	-0.8506	0.3950
NA	/data/songy4/tes/output/weights_case//ENST00000485981.5.wgt.RDat	ENST00000485981.5	9	4635275	4666436	0.0741	NA	   NA	NA	       NA	   NA	     NA	50	 0	lasso	0.084	2.1e-15	     NA	    NA
NA	/data/songy4/tes/output/weights_case//ENST00000478776.1.wgt.RDat	ENST00000478776.1	9	2646338	2647768	0.1212	rs1470943	-2.28	rs7044155	 2.22e-02	 5.37	-0.7048	51	 5	lasso	0.099	8.4e-18	-1.1631	0.2448
NA	/data/songy4/tes/output/weights_case//ENST00000485616.5.wgt.RDat	ENST00000485616.5	9	4553386	4666508	0.0868	rs10974436	 3.27	rs301488	 5.23e-02	 7.20	 0.3169	53	 4	lasso	0.089	3.2e-16	-0.1950	0.8454
NA	/data/songy4/tes/output/weights_case//ENST00000619269.4.wgt.RDat	ENST00000619269.4	9	504695	746106	0.2707	rs10959228	 2.26	rs10815156	 1.55e-01	10.53	-0.7455	44	19	enet	0.19	1.2e-34	-1.3162	0.1881
NA	/data/songy4/tes/output/weights_case//ENST00000486047.5.wgt.RDat	ENST00000486047.5	9	4588821	4666428	0.1196	rs10974436	 3.27	rs301488	 1.08e-01	 8.81	 0.3169	51	 7	enet	0.14	2.3e-25	-0.2493	0.8031
NA	/data/songy4/tes/output/weights_case//ENST00000455954.2.wgt.RDat	ENST00000455954.2	9	37434177	37434586	0.0276	rs10973360	-2.56	rs9919069	 1.19e-03	 3.17	 0.0515	22	 9	enet	0.009	0.0067	-0.0802	0.9361
NA	/data/songy4/tes/output/weights_case//ENST00000626154.2.wgt.RDat	ENST00000626154.2	9	36572930	36677417	0.0354	rs10511936	 1.91	rs1571268	 1.17e-02	 3.57	-1.4455	29	 7	enet	0.021	6.8e-05	-1.7479	0.0805
NA	/data/songy4/tes/output/weights_case//ENST00000461823.1.wgt.RDat	ENST00000461823.1	9	137434364	137441816	0.0462	rs7020813	 2.65	rs3124952	-6.36e-04	 3.45	-0.0102	50	 3	lasso	0.00054	0.24	 0.2175	0.8278
NA	/data/songy4/tes/output/weights_case//ENST00000486228.7.wgt.RDat	ENST00000486228.7	9	87966882	87974701	0.0277	rs10512159	-3.09	rs1992812	 5.06e-03	 3.28	-0.5872	18	 1	top1	0.0051	0.033	-0.5872	0.5570
NA	/data/songy4/tes/output/weights_case//ENST00000397754.2.wgt.RDat	ENST00000397754.2	9	5418373	5418976	0.0526	rs10975339	-2.62	rs976404	 2.70e-02	-4.71	 0.4800	23	10	enet	0.035	3.8e-07	-0.6689	0.5035
NA	/data/songy4/tes/output/weights_case//ENST00000223517.9.wgt.RDat	ENST00000223517.9	9	4625404	4666423	0.1299	rs10974436	 3.27	rs301488	 1.20e-01	 9.24	 0.3169	50	 4	lasso	0.14	7.9e-25	-0.0967	0.9229
NA	/data/songy4/tes/output/weights_case//ENST00000615002.4.wgt.RDat	ENST00000615002.4	9	27109149	27230173	0.1253	rs951970	-2.56	rs581724	 6.44e-02	 6.84	-0.8061	33	10	enet	0.11	1.2e-19	-0.5298	0.5963
NA	/data/songy4/tes/output/weights_case//ENST00000456802.1.wgt.RDat	ENST00000456802.1	9	15588355	15588615	0.0255	rs7875255	-2.01	rs2987089	-2.80e-04	 2.67	 0.2296	15	 5	lasso	0.0038	0.055	 0.0946	0.9246
NA	/data/songy4/tes/output/weights_case//ENST00000465014.6.wgt.RDat	ENST00000465014.6	9	121224	179042	0.0334	rs12156499	-1.66	rs10813804	 4.22e-03	-3.74	 1.2344	16	 9	enet	0.018	0.00018	-0.8255	0.4091
NA	/data/songy4/tes/output/weights_case//ENST00000467541.5.wgt.RDat	ENST00000467541.5	9	470592	484491	0.0689	rs12156499	-1.66	rs913700	 1.34e-02	 4.30	-0.1606	24	13	enet	0.05	1.2e-09	-1.9574	0.0503
NA	/data/songy4/tes/output/weights_case//ENST00000490167.1.wgt.RDat	ENST00000490167.1	9	4559805	4564458	0.0507	NA	   NA	NA	       NA	   NA	     NA	52	 0	top1	0.041	3.2e-08	     NA	    NA
NA	/data/songy4/tes/output/weights_case//ENST00000613355.4.wgt.RDat	ENST00000613355.4	9	122843	179016	0.0364	rs12156499	-1.66	rs10813804	 7.47e-03	-4.10	 1.2344	16	11	enet	0.016	0.00042	-0.7922	0.4283
NA	/data/songy4/tes/output/weights_case//ENST00000627688.1.wgt.RDat	ENST00000627688.1	9	33677268	33688011	0.0223	rs2230122	-1.07	rs855453	 1.62e-02	 3.76	 0.8898	 8	 1	top1	0.016	0.00041	 0.8898	0.3736
NA	/data/songy4/tes/output/weights_case//ENST00000616803.4.wgt.RDat	ENST00000616803.4	9	152034	173325	0.0261	rs12156499	-1.66	rs10813804	 4.12e-03	-3.70	 1.2344	16	11	enet	0.011	0.0035	-0.8621	0.3886
NA	/data/songy4/tes/output/weights_case//ENST00000667245.1.wgt.RDat	ENST00000667245.1	9	33676785	33687990	0.0273	rs2230122	-1.07	rs855453	 1.84e-02	 3.88	 0.8898	 8	 2	lasso	0.02	8.1e-05	 1.0948	0.2736
NA	/data/songy4/tes/output/weights_case//ENST00000613508.4.wgt.RDat	ENST00000613508.4	9	121407	179008	0.0391	rs12156499	-1.66	rs10813804	 4.83e-03	-3.98	 1.2344	16	 4	lasso	0.021	7.3e-05	-0.7705	0.4410
NA	/data/songy4/tes/output/weights_case//ENST00000288502.9.wgt.RDat	ENST00000288502.9	9	114611291	114646422	0.0163	rs10981184	-2.35	rs7046919	 1.29e-02	-3.63	-1.7874	 8	 1	top1	0.013	0.0015	 1.7874	0.0739
NA	/data/songy4/tes/output/weights_case//ENST00000442442.1.wgt.RDat	ENST00000442442.1	9	487774	495610	0.1027	rs12156499	-1.66	rs10815156	 4.38e-02	 5.80	-0.7455	26	16	enet	0.063	6.8e-12	-1.7133	0.0867
NA	/data/songy4/tes/output/weights_case//ENST00000470191.5.wgt.RDat	ENST00000470191.5	9	15845639	15971897	0.0292	rs16934049	-2.21	rs2987089	 1.28e-02	 3.58	 0.2296	24	 1	top1	0.013	0.0015	 0.2296	0.8184
NA	/data/songy4/tes/output/weights_case//ENST00000491889.5.wgt.RDat	ENST00000491889.5	9	4118745	4299594	0.0672	NA	   NA	NA	       NA	   NA	     NA	 0	 0	enet	0.00028	0.27	     NA	    NA
NA	/data/songy4/tes/output/weights_case//ENST00000442898.5.wgt.RDat	ENST00000442898.5	9	14475	29739	0.0461	rs12156499	-1.66	rs2022011	 7.33e-03	 3.44	 0.3390	15	 3	lasso	0.013	0.0012	 0.6583	0.5104
NA	/data/songy4/tes/output/weights_case//ENST00000446284.6.wgt.RDat	ENST00000446284.6	9	113161006	113221318	0.0370	rs1998975	 2.00	rs10980588	 3.67e-03	 3.79	-1.8864	33	 2	lasso	0.0057	0.025	-1.9077	0.0564
NA	/data/songy4/tes/output/weights_case//ENST00000400348.3.wgt.RDat	ENST00000400348.3	9	27608382	27610745	0.0755	rs951970	-2.56	rs951970	 6.42e-02	 6.88	-2.5563	42	 1	top1	0.064	5.2e-12	-2.5563	0.0106
NA	/data/songy4/tes/output/weights_case//ENST00000468876.1.wgt.RDat	ENST00000468876.1	9	35662967	35664828	0.0336	rs1571268	-1.45	rs3138082	 7.02e-03	-3.65	-0.7317	 8	 7	enet	0.018	0.00024	-0.0303	0.9758
NA	/data/songy4/tes/output/weights_case//ENST00000667440.1.wgt.RDat	ENST00000667440.1	9	2652856	2654371	0.0826	rs1470943	-2.28	rs1454626	 2.43e-02	-4.52	 0.2966	51	13	enet	0.052	5.4e-10	-1.2524	0.2104
NA	/data/songy4/tes/output/weights_case//ENST00000667410.1.wgt.RDat	ENST00000667410.1	9	547138	549532	0.2014	rs12156499	-1.66	rs10815156	 1.48e-01	10.29	-0.7455	28	 7	enet	0.15	3.5e-27	-0.7756	0.4380
NA	/data/songy4/tes/output/weights_case//ENST00000465708.5.wgt.RDat	ENST00000465708.5	9	4285539	4299916	0.0422	rs10974436	 3.27	rs10758578	 8.36e-04	 2.65	 1.3137	60	 4	lasso	0.0014	0.16	 1.5176	0.1291
NA	/data/songy4/tes/output/weights_case//ENST00000262352.8.wgt.RDat	ENST00000262352.8	9	4490468	4587469	0.0759	rs10974436	 3.27	rs301488	 3.99e-02	 6.30	 0.3169	58	 5	enet	0.066	2.9e-12	-0.6352	0.5253
NA	/data/songy4/tes/output/weights_case//ENST00000391145.1.wgt.RDat	ENST00000391145.1	9	122880213	122880323	0.0310	rs11794984	 2.56	rs4590508	-5.96e-04	 3.04	 0.0729	24	 3	lasso	0.0045	0.04	 0.6921	0.4889
NA	/data/songy4/tes/output/weights_case//ENST00000444793.1.wgt.RDat	ENST00000444793.1	9	547318	549531	0.2070	rs12156499	-1.66	rs10815156	 1.60e-01	10.68	-0.7455	28	 7	enet	0.17	5.5e-30	-0.9150	0.3602
NA	/data/songy4/tes/output/weights_case//ENST00000414056.1.wgt.RDat	ENST00000414056.1	9	20331446	20332277	0.0335	rs3892039	-3.38	rs10811346	 3.88e-02	 5.57	 0.9576	22	 4	enet	0.042	2.9e-08	 0.5618	0.5742
NA	/data/songy4/tes/output/weights_case//ENST00000673248.1.wgt.RDat	ENST00000673248.1	9	32972771	33025065	0.0266	rs1330692	 2.45	rs7848406	-5.59e-04	 2.77	-0.0759	15	 6	enet	0.0098	0.0049	-0.6459	0.5184
NA	/data/songy4/tes/output/weights_case//ENST00000666784.1.wgt.RDat	ENST00000666784.1	9	33706679	33710715	0.0205	rs2230122	-1.07	rs2992816	-1.35e-03	-2.81	 0.0798	 7	 4	enet	-0.00044	0.41	 0.7719	0.4402
NA	/data/songy4/tes/output/weights_case//ENST00000396272.7.wgt.RDat	ENST00000396272.7	9	71685056	71704932	0.0220	rs10781306	-2.39	rs7019661	 1.85e-02	-3.85	 1.4771	17	 1	top1	0.018	0.00017	-1.4771	0.1396
NA	/data/songy4/tes/output/weights_case//ENST00000489645.1.wgt.RDat	ENST00000489645.1	9	113184292	113188561	0.0361	rs1998975	 2.00	rs10980588	 5.20e-03	 3.83	-1.8864	33	 6	enet	0.0076	0.011	-1.1739	0.2404
NA	/data/songy4/tes/output/weights_case//ENST00000519080.1.wgt.RDat	ENST00000519080.1	9	27109453	27202885	0.1479	rs2477518	-2.41	rs581724	 6.68e-02	 6.99	-0.8061	29	12	enet	0.12	3.8e-22	-0.3048	0.7605
NA	/data/songy4/tes/output/weights_case//ENST00000616944.4.wgt.RDat	ENST00000616944.4	9	122691	179052	0.0394	rs12156499	-1.66	rs10813804	 7.28e-03	-3.99	 1.2344	16	12	enet	0.016	0.00047	-0.6409	0.5216
NA	/data/songy4/tes/output/weights_case//ENST00000519097.5.wgt.RDat	ENST00000519097.5	9	27109141	27229687	0.1277	rs951970	-2.56	rs581724	 6.09e-02	 6.65	-0.8061	33	11	enet	0.11	7e-20	-0.3029	0.7620
NA	/data/songy4/tes/output/weights_case//ENST00000673487.1.wgt.RDat	ENST00000673487.1	9	32972637	33025130	0.0232	rs1330692	 2.45	rs7848406	-1.42e-03	 2.52	-0.0759	15	 6	enet	0.0065	0.018	-0.8030	0.4220
NA	/data/songy4/tes/output/weights_case//ENST00000471212.5.wgt.RDat	ENST00000471212.5	9	35684251	35689900	0.0447	rs1571268	-1.45	rs10972552	 2.92e-02	-4.87	-1.0316	 8	 8	enet	0.031	1.7e-06	-0.1280	0.8981
NA	/data/songy4/tes/output/weights_case//ENST00000259392.8.wgt.RDat	ENST00000259392.8	9	113151007	113164140	0.0376	rs1998975	 2.00	rs10980588	 3.43e-03	 3.71	-1.8864	32	 1	top1	0.0034	0.065	-1.8864	0.0592
