PANEL	FILE	ID	CHR	P0	P1	HSQ	BEST.GWAS.ID	BEST.GWAS.Z	EQTL.ID	EQTL.R2	EQTL.Z	EQTL.GWAS.Z	NSNP	NWGT	MODEL	MODELCV.R2	MODELCV.PV	TWAS.Z	TWAS.P
NA	/data/songy4/tes/output/weights_case//ENST00000514698.5.wgt.RDat	ENST00000514698.5	4	987044	1004505	0.0293	rs1051613	 11.153	rs1051613	 3.17e-02	 -5.16	11.1531	17	 1	top1	0.032	1.2e-06	-11.15306	6.92e-29
NA	/data/songy4/tes/output/weights_case//ENST00000515182.1.wgt.RDat	ENST00000515182.1	4	960615	962440	0.1177	rs1051613	 11.153	rs1051613	 9.73e-02	 -8.43	11.1531	17	 5	enet	0.1	4.2e-18	-10.58366	3.55e-26
NA	/data/songy4/tes/output/weights_case//ENST00000514800.5.wgt.RDat	ENST00000514800.5	4	2930561	2933947	0.0272	rs1263345	 -4.521	rs12509340	 1.03e-02	  3.09	-0.7234	14	 1	top1	0.01	0.004	 -0.72340	4.69e-01
NA	/data/songy4/tes/output/weights_case//ENST00000515124.5.wgt.RDat	ENST00000515124.5	4	15469912	15482259	0.2411	rs4698412	-11.011	rs2302467	 1.37e-01	 -9.92	-0.4105	14	 6	enet	0.23	3.8e-41	  1.12464	2.61e-01
NA	/data/songy4/tes/output/weights_case//ENST00000514520.5.wgt.RDat	ENST00000514520.5	4	47949833	47952807	0.0700	rs4499679	 -2.241	rs12643755	 7.49e-03	  4.25	 0.8468	13	12	enet	0.042	2.3e-08	  0.93732	3.49e-01
NA	/data/songy4/tes/output/weights_case//ENST00000509419.1.wgt.RDat	ENST00000509419.1	4	5015144	5019441	0.0991	rs1374621	 -2.777	rs10937615	 7.37e-02	  7.50	-0.1296	30	 1	top1	0.074	1.3e-13	 -0.12963	8.97e-01
NA	/data/songy4/tes/output/weights_case//ENST00000514475.1.wgt.RDat	ENST00000514475.1	4	143559695	143572724	0.0230	rs13102150	 -1.784	rs2627804	 2.37e-03	 -2.54	 1.0000	 7	 7	enet	0.0046	0.039	 -1.68257	9.25e-02
NA	/data/songy4/tes/output/weights_case//ENST00000514756.1.wgt.RDat	ENST00000514756.1	4	77187764	77432380	0.0297	rs2034004	 -5.856	rs4371638	-1.40e-03	  2.73	 1.9515	24	13	enet	-2e-04	0.35	 -3.04976	2.29e-03
NA	/data/songy4/tes/output/weights_case//ENST00000657282.1.wgt.RDat	ENST00000657282.1	4	3049157	3074470	0.1859	rs1263345	 -4.521	rs2298969	 8.56e-02	 -7.88	-1.1720	13	11	enet	0.18	3.7e-32	  2.19682	2.80e-02
NA	/data/songy4/tes/output/weights_case//ENST00000514450.2.wgt.RDat	ENST00000514450.2	4	15469921	15511675	0.1930	rs4698412	-11.011	rs2302467	 1.19e-01	 -9.28	-0.4105	17	 3	lasso	0.18	1.6e-32	 -0.01376	9.89e-01
NA	/data/songy4/tes/output/weights_case//ENST00000503518.2.wgt.RDat	ENST00000503518.2	4	2963634	2966889	0.0363	rs1263345	 -4.521	rs3775065	-6.19e-04	  2.67	 1.2727	13	11	enet	0.012	0.0022	 -1.43910	1.50e-01
NA	/data/songy4/tes/output/weights_case//ENST00000509545.5.wgt.RDat	ENST00000509545.5	4	3027911	3038878	0.0366	rs1263345	 -4.521	rs2857844	-1.18e-03	 -2.37	 0.9333	13	 9	enet	0.016	0.00041	  0.92616	3.54e-01
NA	/data/songy4/tes/output/weights_case//ENST00000324803.6.wgt.RDat	ENST00000324803.6	4	1391552	1395992	0.0768	rs1051613	 11.153	rs7663735	 3.43e-02	  5.22	 0.8293	16	14	enet	0.054	3e-10	 -0.92483	3.55e-01
NA	/data/songy4/tes/output/weights_case//ENST00000514842.6.wgt.RDat	ENST00000514842.6	4	39457355	39458901	0.0150	NA	     NA	NA	       NA	    NA	     NA	 6	 0	lasso	0.0085	0.0081	       NA	      NA
NA	/data/songy4/tes/output/weights_case//ENST00000503548.1.wgt.RDat	ENST00000503548.1	4	1376034	1388049	0.0255	rs1051613	 11.153	rs7663735	 1.89e-03	  2.74	 0.8293	17	 9	enet	0.007	0.015	 -1.42141	1.55e-01
NA	/data/songy4/tes/output/weights_case//ENST00000509684.1.wgt.RDat	ENST00000509684.1	4	15054133	15063871	0.0198	rs1154578	  3.426	rs11726698	-9.56e-04	  2.81	-1.2071	17	10	enet	0.00094	0.2	  0.32890	7.42e-01
NA	/data/songy4/tes/output/weights_case//ENST00000338806.4.wgt.RDat	ENST00000338806.4	4	3369879	3439905	0.0681	rs1263345	 -4.521	rs2298969	 1.94e-02	  3.84	-1.0270	16	11	enet	0.038	1.1e-07	  0.12170	9.03e-01
NA	/data/songy4/tes/output/weights_case//ENST00000509465.5.wgt.RDat	ENST00000509465.5	4	958888	973322	0.1278	rs1051613	 11.153	rs1051613	 1.09e-01	 -8.88	11.1531	17	 1	top1	0.11	1.3e-19	-11.15306	6.92e-29
NA	/data/songy4/tes/output/weights_case//ENST00000515059.6.wgt.RDat	ENST00000515059.6	4	94757955	95158448	0.0274	rs11733714	  1.403	rs6834311	 8.97e-03	 -3.68	 0.4000	13	 2	lasso	0.016	0.00047	 -0.42813	6.69e-01
NA	/data/songy4/tes/output/weights_case//ENST00000509676.1.wgt.RDat	ENST00000509676.1	4	2932065	2934796	0.0297	rs1263345	 -4.521	rs12509340	 4.86e-03	  3.01	-0.7234	13	 1	top1	0.0049	0.036	 -0.72340	4.69e-01
NA	/data/songy4/tes/output/weights_case//ENST00000509677.5.wgt.RDat	ENST00000509677.5	4	2818716	2825101	0.0271	rs1263345	 -4.521	rs12509340	 1.17e-02	  3.45	-0.7234	12	 1	top1	0.012	0.0023	 -0.72340	4.69e-01
NA	/data/songy4/tes/output/weights_case//ENST00000657576.1.wgt.RDat	ENST00000657576.1	4	31997379	32155711	0.0533	rs7661647	 -0.954	rs1541548	 3.28e-02	  5.03	-0.6066	10	 9	enet	0.034	5.3e-07	 -0.68905	4.91e-01
NA	/data/songy4/tes/output/weights_case//ENST00000503596.5.wgt.RDat	ENST00000503596.5	4	2930583	2934816	0.0272	rs1263345	 -4.521	rs12509340	 1.03e-02	  3.10	-0.7234	14	 1	top1	0.01	0.004	 -0.72340	4.69e-01
NA	/data/songy4/tes/output/weights_case//ENST00000653420.1.wgt.RDat	ENST00000653420.1	4	141302910	141332617	0.0264	rs6817684	 -2.278	rs17377206	-4.96e-04	 -2.47	 2.0148	20	11	enet	0.0018	0.13	 -1.25125	2.11e-01
NA	/data/songy4/tes/output/weights_case//ENST00000475288.5.wgt.RDat	ENST00000475288.5	4	705782	731345	0.0450	rs1051613	 11.153	rs6837180	 3.46e-02	  5.36	-0.7857	14	 1	top1	0.035	3.9e-07	 -0.78571	4.32e-01
NA	/data/songy4/tes/output/weights_case//ENST00000641328.1.wgt.RDat	ENST00000641328.1	4	143559457	143913947	0.0321	rs13102150	 -1.784	rs28924077	 1.26e-02	 -3.30	 1.3089	 9	 9	enet	0.014	0.00083	 -2.10118	3.56e-02
NA	/data/songy4/tes/output/weights_case//ENST00000652770.1.wgt.RDat	ENST00000652770.1	4	1722224	1745163	0.0513	rs3135123	  2.069	rs7668207	 3.68e-02	 -5.34	 0.1801	14	12	enet	0.038	1.1e-07	 -0.32525	7.45e-01
NA	/data/songy4/tes/output/weights_case//ENST00000608795.5.wgt.RDat	ENST00000608795.5	4	139533231	139606699	0.0237	rs6853222	  2.056	rs4560461	 2.69e-03	 -3.39	 0.0923	21	 1	top1	0.0027	0.089	 -0.09231	9.26e-01
NA	/data/songy4/tes/output/weights_case//ENST00000444304.2.wgt.RDat	ENST00000444304.2	4	15427789	15443136	0.2544	rs4698412	-11.011	rs2302467	 1.51e-01	-10.42	-0.4105	14	 3	lasso	0.25	4.9e-46	 -0.02310	9.82e-01
NA	/data/songy4/tes/output/weights_case//ENST00000641101.1.wgt.RDat	ENST00000641101.1	4	86067844	86082344	0.0151	rs744597	 -1.510	rs10034597	 2.98e-03	  2.92	-0.0315	 9	 7	enet	0.006	0.022	 -0.30757	7.58e-01
NA	/data/songy4/tes/output/weights_case//ENST00000503821.5.wgt.RDat	ENST00000503821.5	4	47661488	47838067	0.0785	rs4499679	 -2.241	rs11725773	 5.05e-03	 -4.56	-0.8621	16	12	enet	0.047	3.9e-09	  0.46662	6.41e-01
NA	/data/songy4/tes/output/weights_case//ENST00000508899.1.wgt.RDat	ENST00000508899.1	4	143601819	143621052	0.0198	rs13102150	 -1.784	rs13102150	-1.39e-03	  2.46	-1.7843	 7	 7	enet	0.00018	0.29	 -2.04868	4.05e-02
NA	/data/songy4/tes/output/weights_case//ENST00000480651.1.wgt.RDat	ENST00000480651.1	4	122327872	122333809	0.0267	rs6852589	  1.660	rs10518389	 3.82e-03	  3.29	-0.9505	12	 7	enet	0.0042	0.047	 -0.44600	6.56e-01
NA	/data/songy4/tes/output/weights_case//ENST00000641184.1.wgt.RDat	ENST00000641184.1	4	86017065	86117846	0.0167	rs744597	 -1.510	rs1481779	 4.65e-03	  3.42	-0.9683	 9	 3	lasso	0.0061	0.021	 -1.02196	3.07e-01
NA	/data/songy4/tes/output/weights_case//ENST00000608442.1.wgt.RDat	ENST00000608442.1	4	7754090	7778928	0.2341	rs17757615	  2.298	rs7356321	 1.93e-01	 11.76	 0.7184	64	 2	lasso	0.24	1.8e-44	  0.05404	9.57e-01
NA	/data/songy4/tes/output/weights_case//ENST00000641208.1.wgt.RDat	ENST00000641208.1	4	86010431	86360059	0.0204	rs744597	 -1.510	rs4693701	-9.12e-04	  2.79	 0.5804	10	 6	enet	0.011	0.0036	  0.66763	5.04e-01
NA	/data/songy4/tes/output/weights_case//ENST00000652844.1.wgt.RDat	ENST00000652844.1	4	47831340	47896707	0.1040	rs4499679	 -2.241	rs12643755	 7.76e-03	  4.84	 0.8468	13	11	enet	0.072	2.7e-13	  1.18509	2.36e-01
NA	/data/songy4/tes/output/weights_case//ENST00000508847.1.wgt.RDat	ENST00000508847.1	4	151407551	151408835	0.0192	rs4835617	 -0.481	rs11946839	 9.52e-03	 -3.09	-0.3298	 3	 1	top1	0.0095	0.0055	  0.32979	7.42e-01
NA	/data/songy4/tes/output/weights_case//ENST00000508566.2.wgt.RDat	ENST00000508566.2	4	10254926	10256621	0.1356	rs4697648	 -1.660	rs4447863	 7.82e-02	 -8.75	-0.5745	 6	 4	enet	0.14	7.8e-26	 -0.04765	9.62e-01
NA	/data/songy4/tes/output/weights_case//ENST00000563286.1.wgt.RDat	ENST00000563286.1	4	47840122	47844339	0.0860	rs4499679	 -2.241	rs12643755	 1.67e-03	  4.23	 0.8468	13	10	enet	0.054	2.2e-10	  1.11336	2.66e-01
NA	/data/songy4/tes/output/weights_case//ENST00000508595.6.wgt.RDat	ENST00000508595.6	4	39454137	39458920	0.0186	rs2066789	  2.221	rs17508078	 3.89e-03	 -2.79	-1.3059	 6	 5	enet	0.011	0.0031	  1.21298	2.25e-01
NA	/data/songy4/tes/output/weights_case//ENST00000503926.1.wgt.RDat	ENST00000503926.1	4	15007367	15017434	0.0208	rs1154578	  3.426	rs11726698	-9.00e-04	  2.83	-1.2071	16	11	enet	0.0032	0.072	 -0.13398	8.93e-01
NA	/data/songy4/tes/output/weights_case//ENST00000508471.5.wgt.RDat	ENST00000508471.5	4	2269582	2287715	0.0367	rs612428	 -2.176	rs612973	 4.91e-03	 -3.07	-0.4808	18	 4	lasso	0.0065	0.018	  0.88647	3.75e-01
NA	/data/songy4/tes/output/weights_case//ENST00000508498.5.wgt.RDat	ENST00000508498.5	4	47595482	47790260	0.0561	rs4499679	 -2.241	rs11725773	 1.06e-02	 -4.62	-0.8621	15	 9	enet	0.037	1.7e-07	  0.78369	4.33e-01
NA	/data/songy4/tes/output/weights_case//ENST00000397958.5.wgt.RDat	ENST00000397958.5	4	4386256	4419058	0.1165	rs4279148	  2.000	rs4689329	 5.95e-02	  6.63	 1.6589	24	20	enet	0.087	8.7e-16	  1.32855	1.84e-01
NA	/data/songy4/tes/output/weights_case//ENST00000503893.1.wgt.RDat	ENST00000503893.1	4	3063471	3074514	0.1093	rs1263345	 -4.521	rs1263345	 1.32e-02	 -4.65	-4.5210	13	11	enet	0.088	5.8e-16	  1.11586	2.64e-01
NA	/data/songy4/tes/output/weights_case//ENST00000508664.1.wgt.RDat	ENST00000508664.1	4	151667224	151670502	0.0138	rs12509302	 -0.630	rs11946839	-4.12e-05	 -2.72	-0.3298	 2	 2	enet	0.01	0.0037	  0.58498	5.59e-01
NA	/data/songy4/tes/output/weights_case//ENST00000641462.2.wgt.RDat	ENST00000641462.2	4	86010405	86360053	0.0214	rs744597	 -1.510	rs4693701	-9.18e-04	  2.72	 0.5804	10	 6	enet	0.012	0.0018	  0.69481	4.87e-01
NA	/data/songy4/tes/output/weights_case//ENST00000397700.6.wgt.RDat	ENST00000397700.6	4	15339818	15442362	0.2548	rs4698412	-11.011	rs2302467	 1.48e-01	-10.29	-0.4105	21	 3	lasso	0.26	6.9e-49	  0.16723	8.67e-01
NA	/data/songy4/tes/output/weights_case//ENST00000481042.1.wgt.RDat	ENST00000481042.1	4	10034225	10040388	0.1437	rs6814532	  0.978	rs4447863	 1.03e-01	  8.71	-0.5745	 4	 3	enet	0.11	3.2e-20	 -0.30729	7.59e-01
NA	/data/songy4/tes/output/weights_case//ENST00000652626.1.wgt.RDat	ENST00000652626.1	4	155758996	155807774	0.0233	rs12498643	 -2.527	rs6536024	 1.73e-02	  3.66	 0.9798	15	 1	top1	0.017	0.00027	  0.97980	3.27e-01
NA	/data/songy4/tes/output/weights_case//ENST00000429690.5.wgt.RDat	ENST00000429690.5	4	15374551	15446166	0.2838	rs4698412	-11.011	rs2302467	 1.40e-01	-10.74	-0.4105	19	 6	lasso	0.29	6.5e-54	  0.19772	8.43e-01
NA	/data/songy4/tes/output/weights_case//ENST00000316423.11.wgt.RDat	ENST00000316423.11	4	39498755	39527439	0.0148	rs2066789	  2.221	rs557980	 1.93e-03	  2.66	-0.7755	 4	 4	enet	0.01	0.0038	 -0.81652	4.14e-01
NA	/data/songy4/tes/output/weights_case//ENST00000658372.1.wgt.RDat	ENST00000658372.1	4	141321129	141332617	0.0266	rs6817684	 -2.278	rs17377206	-1.38e-03	 -2.46	 2.0148	20	11	enet	0.0055	0.028	 -1.70390	8.84e-02
NA	/data/songy4/tes/output/weights_case//ENST00000428702.6.wgt.RDat	ENST00000428702.6	4	17486527	17512086	0.0246	rs740672	  3.316	rs7663121	-1.27e-03	  2.72	-1.1143	16	 7	enet	0.0031	0.075	 -0.42723	6.69e-01
NA	/data/songy4/tes/output/weights_case//ENST00000509214.1.wgt.RDat	ENST00000509214.1	4	10025724	10029300	0.1094	rs6814532	  0.978	rs4447863	 1.21e-01	  9.35	-0.5745	 4	 1	top1	0.12	1e-21	 -0.57447	5.66e-01
NA	/data/songy4/tes/output/weights_case//ENST00000515495.1.wgt.RDat	ENST00000515495.1	4	15358141	15420032	0.2733	rs4698412	-11.011	rs13133213	 1.41e-01	 10.75	-0.5319	19	 3	lasso	0.28	1.8e-52	  0.17013	8.65e-01
NA	/data/songy4/tes/output/weights_case//ENST00000657961.1.wgt.RDat	ENST00000657961.1	4	131764831	131774897	0.0207	rs1382171	 -2.113	rs1382171	 1.34e-02	  3.39	-2.1127	 4	 1	top1	0.013	0.0012	 -2.11268	3.46e-02
NA	/data/songy4/tes/output/weights_case//ENST00000446180.5.wgt.RDat	ENST00000446180.5	4	122239965	122276189	0.0230	rs6852589	  1.660	rs10518389	 3.34e-03	  3.04	-0.9505	14	 1	top1	0.0033	0.067	 -0.95050	3.42e-01
NA	/data/songy4/tes/output/weights_case//ENST00000480252.3.wgt.RDat	ENST00000480252.3	4	105293664	105293946	0.0166	rs3857207	 -1.377	rs2951111	 1.04e-02	  3.10	-0.7481	 4	 1	top1	0.01	0.0039	 -0.74809	4.54e-01
NA	/data/songy4/tes/output/weights_case//ENST00000418412.3.wgt.RDat	ENST00000418412.3	4	98048555	98049043	0.0231	rs6825634	 -1.756	rs13151057	 1.99e-02	  4.20	-0.9623	 6	 1	top1	0.02	1e-04	 -0.96226	3.36e-01
NA	/data/songy4/tes/output/weights_case//ENST00000503658.2.wgt.RDat	ENST00000503658.2	4	15470013	15481351	0.2163	rs4698412	-11.011	rs2302467	 1.25e-01	 -9.52	-0.4105	14	 6	enet	0.21	2.3e-38	  1.08833	2.76e-01
NA	/data/songy4/tes/output/weights_case//ENST00000515312.5.wgt.RDat	ENST00000515312.5	4	2270495	2364877	0.0272	rs612428	 -2.176	rs7461	 1.69e-02	 -4.00	-1.8081	19	 3	enet	0.019	0.00017	  0.98236	3.26e-01
NA	/data/songy4/tes/output/weights_case//ENST00000503659.5.wgt.RDat	ENST00000503659.5	4	2462220	2497012	0.0423	rs1263345	 -4.521	rs846252	 2.65e-02	  4.78	-0.8585	16	 1	top1	0.027	8.2e-06	 -0.85849	3.91e-01
NA	/data/songy4/tes/output/weights_case//ENST00000603775.1.wgt.RDat	ENST00000603775.1	4	10238213	10238235	0.0578	rs4697648	 -1.660	rs4447863	 3.39e-02	 -5.94	-0.5745	 6	 6	enet	0.059	4.1e-11	 -0.16323	8.70e-01
NA	/data/songy4/tes/output/weights_case//ENST00000429019.4.wgt.RDat	ENST00000429019.4	4	7939001	7940296	0.2201	rs6855453	 -2.105	rs7356321	 1.97e-01	 11.86	 0.7184	48	 2	lasso	0.25	3.7e-46	  0.03494	9.72e-01
NA	/data/songy4/tes/output/weights_case//ENST00000569449.1.wgt.RDat	ENST00000569449.1	4	155734448	155737062	0.0302	rs12498643	 -2.527	rs6536024	 2.15e-02	  4.14	 0.9798	15	 1	top1	0.022	5.4e-05	  0.97980	3.27e-01
NA	/data/songy4/tes/output/weights_case//ENST00000503803.5.wgt.RDat	ENST00000503803.5	4	9779807	9887642	0.0153	rs6814532	  0.978	rs3756224	 9.51e-03	 -3.73	-0.6609	 4	 1	top1	0.0095	0.0055	  0.66087	5.09e-01
NA	/data/songy4/tes/output/weights_case//ENST00000515693.1.wgt.RDat	ENST00000515693.1	4	90815813	90951312	0.0266	rs3857047	  7.276	rs9996301	 1.78e-02	 -3.85	 4.9464	 9	 1	top1	0.018	0.00023	 -4.94643	7.56e-07
NA	/data/songy4/tes/output/weights_case//ENST00000627566.1.wgt.RDat	ENST00000627566.1	4	21843341	21853188	0.0596	rs4377576	 -2.420	rs4377576	 5.26e-02	  6.41	-2.4200	10	 1	top1	0.053	4.3e-10	 -2.42000	1.55e-02
NA	/data/songy4/tes/output/weights_case//ENST00000511042.5.wgt.RDat	ENST00000511042.5	4	143560127	143649305	0.0277	rs13102150	 -1.784	rs13102150	 6.02e-03	  3.27	-1.7843	 7	 7	enet	0.013	0.0016	 -2.27726	2.28e-02
NA	/data/songy4/tes/output/weights_case//ENST00000381538.7.wgt.RDat	ENST00000381538.7	4	47847240	47914616	0.0837	rs4499679	 -2.241	rs12643755	 4.63e-03	  4.36	 0.8468	13	10	enet	0.048	2.6e-09	  1.09386	2.74e-01
NA	/data/songy4/tes/output/weights_case//ENST00000511071.5.wgt.RDat	ENST00000511071.5	4	2270339	2418636	0.0303	rs612428	 -2.176	rs7461	 6.44e-03	 -3.75	-1.8081	19	 4	enet	0.018	0.00021	  0.72054	4.71e-01
NA	/data/songy4/tes/output/weights_case//ENST00000503040.5.wgt.RDat	ENST00000503040.5	4	39454562	39458915	0.0196	rs2066789	  2.221	rs17508078	 4.19e-03	 -2.79	-1.3059	 6	 5	enet	0.012	0.0017	  1.14260	2.53e-01
NA	/data/songy4/tes/output/weights_case//ENST00000512534.5.wgt.RDat	ENST00000512534.5	4	39270053	39285809	0.0218	rs2066789	  2.221	rs2066789	 1.21e-02	 -3.33	 2.2212	 7	 1	top1	0.012	0.002	 -2.22124	2.63e-02
NA	/data/songy4/tes/output/weights_case//ENST00000458173.4.wgt.RDat	ENST00000458173.4	4	1712891	1728219	0.0345	rs3135123	  2.069	rs7668207	 3.02e-02	 -4.88	 0.1801	14	 1	top1	0.03	2e-06	 -0.18012	8.57e-01
NA	/data/songy4/tes/output/weights_case//ENST00000381980.9.wgt.RDat	ENST00000381980.9	4	37453925	37593510	0.0398	rs1347423	  2.392	rs2102336	 3.47e-02	 -5.46	-0.1100	31	 1	top1	0.035	3.7e-07	  0.11000	9.12e-01
NA	/data/songy4/tes/output/weights_case//ENST00000331662.3.wgt.RDat	ENST00000331662.3	4	2059812	2069089	0.0233	rs612428	 -2.176	rs612973	 1.58e-02	 -3.52	-0.4808	17	 1	top1	0.016	0.00049	  0.48077	6.31e-01
NA	/data/songy4/tes/output/weights_case//ENST00000512421.1.wgt.RDat	ENST00000512421.1	4	10294463	10295579	0.0835	rs4697648	 -1.660	rs4447863	 5.44e-02	 -6.95	-0.5745	 6	 6	enet	0.085	2e-15	 -0.11761	9.06e-01
NA	/data/songy4/tes/output/weights_case//ENST00000512428.1.wgt.RDat	ENST00000512428.1	4	107936031	107941255	0.0289	rs10516536	 -1.596	rs17510191	 1.61e-02	 -4.00	 0.6712	 8	 1	top1	0.016	0.00043	 -0.67123	5.02e-01
NA	/data/songy4/tes/output/weights_case//ENST00000381811.2.wgt.RDat	ENST00000381811.2	4	40042917	40057199	0.0566	rs9998717	 -2.310	rs6824761	 2.87e-02	  4.79	 1.4433	22	17	enet	0.031	1.4e-06	  1.80754	7.07e-02
NA	/data/songy4/tes/output/weights_case//ENST00000511123.1.wgt.RDat	ENST00000511123.1	4	48025127	48038860	0.0756	rs6818432	 -1.622	rs33964061	 1.91e-02	 -4.89	 0.1789	 9	 9	enet	0.058	4.9e-11	  1.35110	1.77e-01
NA	/data/songy4/tes/output/weights_case//ENST00000503000.1.wgt.RDat	ENST00000503000.1	4	2330162	2418609	0.0359	rs612428	 -2.176	rs1209520	 1.52e-02	  3.83	-0.4021	16	 3	lasso	0.028	4.9e-06	  0.83088	4.06e-01
NA	/data/songy4/tes/output/weights_case//ENST00000512781.5.wgt.RDat	ENST00000512781.5	4	2931227	2932698	0.0300	rs1263345	 -4.521	rs12509340	 1.16e-02	  3.17	-0.7234	13	 1	top1	0.012	0.0024	 -0.72340	4.69e-01
NA	/data/songy4/tes/output/weights_case//ENST00000502344.5.wgt.RDat	ENST00000502344.5	4	15004942	15427914	0.0321	rs4698412	-11.011	rs2302467	 2.59e-03	 -3.24	-0.4105	24	18	enet	0.011	0.0029	  1.14426	2.53e-01
NA	/data/songy4/tes/output/weights_case//ENST00000512895.5.wgt.RDat	ENST00000512895.5	4	76214104	76268769	0.0238	rs1007044	 -2.222	rs2061742	 1.13e-02	 -3.07	-1.8041	11	 1	top1	0.011	0.0027	  1.80412	7.12e-02
NA	/data/songy4/tes/output/weights_case//ENST00000510822.1.wgt.RDat	ENST00000510822.1	4	2255143	2262022	0.0301	rs612428	 -2.176	rs7668207	 1.41e-02	 -3.66	 0.1801	18	 1	top1	0.014	0.00092	 -0.18012	8.57e-01
NA	/data/songy4/tes/output/weights_case//ENST00000510958.1.wgt.RDat	ENST00000510958.1	4	15340007	15374196	0.2270	rs4698412	-11.011	rs13133213	 1.38e-01	  9.99	-0.5319	17	 5	lasso	0.23	2.2e-42	 -0.01832	9.85e-01
NA	/data/songy4/tes/output/weights_case//ENST00000510947.1.wgt.RDat	ENST00000510947.1	4	10259445	10260138	0.0974	rs4697648	 -1.660	rs4447863	 5.59e-02	 -7.05	-0.5745	 6	 6	enet	0.093	6.1e-17	 -0.28338	7.77e-01
NA	/data/songy4/tes/output/weights_case//ENST00000502448.5.wgt.RDat	ENST00000502448.5	4	47847240	47878704	0.0687	rs4499679	 -2.241	rs12643755	 3.32e-03	  4.03	 0.8468	13	10	enet	0.033	6.5e-07	  1.02627	3.05e-01
NA	/data/songy4/tes/output/weights_case//ENST00000510974.1.wgt.RDat	ENST00000510974.1	4	47786724	47837507	0.0775	rs4499679	 -2.241	rs11725773	 1.09e-02	 -4.89	-0.8621	14	 9	enet	0.061	1.8e-11	  1.14174	2.54e-01
NA	/data/songy4/tes/output/weights_case//ENST00000329798.5.wgt.RDat	ENST00000329798.5	4	143577302	143700675	0.0231	rs13102150	 -1.784	rs2627804	 3.79e-03	 -3.06	 1.0000	 7	 7	enet	0.0085	0.0083	 -2.09635	3.61e-02
NA	/data/songy4/tes/output/weights_case//ENST00000512728.5.wgt.RDat	ENST00000512728.5	4	1374907	1386414	0.0275	rs1051613	 11.153	rs13118159	 1.27e-02	 -3.41	 0.4407	17	 1	top1	0.013	0.0016	 -0.44068	6.59e-01
NA	/data/songy4/tes/output/weights_case//ENST00000329687.8.wgt.RDat	ENST00000329687.8	4	2930568	2934458	0.0313	rs1263345	 -4.521	rs12509340	 1.46e-02	  3.58	-0.7234	14	 1	top1	0.015	0.00076	 -0.72340	4.69e-01
NA	/data/songy4/tes/output/weights_case//ENST00000503062.1.wgt.RDat	ENST00000503062.1	4	2926309	2928291	0.0408	rs1263345	 -4.521	rs1263345	 3.37e-02	 -5.18	-4.5210	14	 4	enet	0.038	1.2e-07	  3.56676	3.61e-04
NA	/data/songy4/tes/output/weights_case//ENST00000655951.1.wgt.RDat	ENST00000655951.1	4	31997385	32228543	0.0502	rs7661647	 -0.954	rs1541548	 3.03e-02	  4.86	-0.6066	10	 6	enet	0.033	8.6e-07	 -0.56344	5.73e-01
NA	/data/songy4/tes/output/weights_case//ENST00000512702.5.wgt.RDat	ENST00000512702.5	4	15469891	15537076	0.2214	rs4698412	-11.011	rs2302467	 1.50e-01	-10.41	-0.4105	20	 2	lasso	0.21	2.5e-38	  0.05750	9.54e-01
NA	/data/songy4/tes/output/weights_case//ENST00000420489.6.wgt.RDat	ENST00000420489.6	4	47936014	48012944	0.0923	rs4499679	 -2.241	rs11725773	 8.60e-03	 -4.81	-0.8621	13	11	enet	0.059	3.4e-11	  1.22557	2.20e-01
NA	/data/songy4/tes/output/weights_case//ENST00000511452.1.wgt.RDat	ENST00000511452.1	4	47851083	47852208	0.0615	rs4499679	 -2.241	rs2457415	 3.42e-03	  3.91	 0.0000	13	11	enet	0.026	1.1e-05	  1.08712	2.77e-01
NA	/data/songy4/tes/output/weights_case//ENST00000382936.8.wgt.RDat	ENST00000382936.8	4	1715952	1721323	0.0251	rs3135123	  2.069	rs7668207	 2.33e-02	 -4.22	 0.1801	14	 1	top1	0.023	2.8e-05	 -0.18012	8.57e-01
NA	/data/songy4/tes/output/weights_case//ENST00000511827.5.wgt.RDat	ENST00000511827.5	4	3027911	3040747	0.0370	rs1263345	 -4.521	rs2298969	 1.31e-04	 -2.75	-1.1720	13	13	enet	0.013	0.0016	  0.98412	3.25e-01
NA	/data/songy4/tes/output/weights_case//ENST00000511779.1.wgt.RDat	ENST00000511779.1	4	10143367	10143655	0.0835	rs6814532	  0.978	rs4447863	 8.53e-02	 -8.01	-0.5745	 4	 4	enet	0.096	2.6e-17	  0.11171	9.11e-01
NA	/data/songy4/tes/output/weights_case//ENST00000502726.5.wgt.RDat	ENST00000502726.5	4	47679531	47838106	0.0438	rs4499679	 -2.241	rs11725773	-3.59e-04	 -3.73	-0.8621	16	 8	enet	0.019	0.00017	  0.39095	6.96e-01
NA	/data/songy4/tes/output/weights_case//ENST00000605395.1.wgt.RDat	ENST00000605395.1	4	56659152	56681297	0.0263	rs9312672	  1.035	rs7667111	 2.06e-02	 -3.96	-0.9167	17	 1	top1	0.021	7.7e-05	  0.91667	3.59e-01
NA	/data/songy4/tes/output/weights_case//ENST00000502947.1.wgt.RDat	ENST00000502947.1	4	3316068	3343189	0.0893	rs1263345	 -4.521	rs2298969	 1.49e-02	  4.44	-0.9748	17	14	enet	0.061	1.8e-11	 -0.95376	3.40e-01
NA	/data/songy4/tes/output/weights_case//ENST00000382788.7.wgt.RDat	ENST00000382788.7	4	3316068	3432250	0.0967	rs1263345	 -4.521	rs6446740	 3.18e-02	  4.85	 1.1856	17	11	enet	0.055	1.7e-10	 -0.63857	5.23e-01
NA	/data/songy4/tes/output/weights_case//ENST00000511852.5.wgt.RDat	ENST00000511852.5	4	48016810	48035884	0.0335	rs4499679	 -2.241	rs33964061	 9.79e-03	 -3.97	 0.1789	10	 5	enet	0.018	0.00022	  1.25932	2.08e-01
NA	/data/songy4/tes/output/weights_case//ENST00000420658.5.wgt.RDat	ENST00000420658.5	4	7758715	7939926	0.2597	rs17757615	  2.298	rs7356321	 1.67e-01	 11.66	 0.7184	67	 2	lasso	0.26	4.2e-49	 -0.12656	8.99e-01
NA	/data/songy4/tes/output/weights_case//ENST00000511870.1.wgt.RDat	ENST00000511870.1	4	10199823	10200672	0.0688	rs4697648	 -1.660	rs1860910	 3.54e-02	 -5.85	-0.7917	 6	 5	enet	0.065	3.9e-12	 -0.35643	7.22e-01
NA	/data/songy4/tes/output/weights_case//ENST00000511659.2.wgt.RDat	ENST00000511659.2	4	145760775	145902175	0.0204	rs6537339	  1.580	rs10006257	 1.47e-02	  3.73	 0.0291	10	 1	top1	0.015	0.00074	  0.02913	9.77e-01
NA	/data/songy4/tes/output/weights_case//ENST00000511563.5.wgt.RDat	ENST00000511563.5	4	1366077	1386258	0.0247	rs1051613	 11.153	rs13118159	 9.62e-03	 -3.06	 0.4407	17	 1	top1	0.0096	0.0052	 -0.44068	6.59e-01
NA	/data/songy4/tes/output/weights_case//ENST00000654965.1.wgt.RDat	ENST00000654965.1	4	6670099	6673949	0.0425	rs28401383	  2.639	rs11736897	 1.02e-03	 -4.12	-0.5865	48	 8	enet	0.011	0.0025	  0.02772	9.78e-01
NA	/data/songy4/tes/output/weights_case//ENST00000511643.6.wgt.RDat	ENST00000511643.6	4	39454137	39455276	0.0182	rs2066789	  2.221	rs2066789	-6.86e-04	 -2.22	 2.2212	 6	 6	enet	0.0044	0.043	  0.71954	4.72e-01
NA	/data/songy4/tes/output/weights_case//ENST00000502829.1.wgt.RDat	ENST00000502829.1	4	1002741	1003389	0.0342	rs1051613	 11.153	rs1051613	 2.89e-02	 -5.02	11.1531	17	 1	top1	0.029	3.3e-06	-11.15306	6.92e-29
NA	/data/songy4/tes/output/weights_case//ENST00000634611.2.wgt.RDat	ENST00000634611.2	4	47831333	47896944	0.0882	rs4499679	 -2.241	rs2457415	 4.15e-03	  4.47	 0.0000	13	 7	enet	0.051	7.6e-10	  1.00650	3.14e-01
NA	/data/songy4/tes/output/weights_case//ENST00000456547.2.wgt.RDat	ENST00000456547.2	4	119440561	119450157	0.0516	rs6828669	  1.276	rs6828669	 3.59e-02	 -5.19	 1.2755	 7	 4	enet	0.039	6.4e-08	 -1.34609	1.78e-01
NA	/data/songy4/tes/output/weights_case//ENST00000511501.5.wgt.RDat	ENST00000511501.5	4	151409352	151534776	0.0138	rs4835617	 -0.481	rs11946839	 9.48e-03	 -3.40	-0.3298	 3	 1	top1	0.0095	0.0056	  0.32979	7.42e-01
NA	/data/songy4/tes/output/weights_case//ENST00000511544.5.wgt.RDat	ENST00000511544.5	4	15469891	15482317	0.2362	rs4698412	-11.011	rs2302467	 1.34e-01	 -9.80	-0.4105	14	 6	enet	0.22	2.7e-40	  1.49367	1.35e-01
NA	/data/songy4/tes/output/weights_case//ENST00000511237.5.wgt.RDat	ENST00000511237.5	4	2794159	2824782	0.0284	NA	     NA	NA	       NA	    NA	     NA	16	 0	top1	-0.00058	0.44	       NA	      NA
NA	/data/songy4/tes/output/weights_case//ENST00000512144.1.wgt.RDat	ENST00000512144.1	4	15339988	15381867	0.1840	rs4698412	-11.011	rs13133213	 9.07e-02	  8.83	-0.5319	17	 6	enet	0.2	9.1e-37	  1.74679	8.07e-02
NA	/data/songy4/tes/output/weights_case//ENST00000512110.1.wgt.RDat	ENST00000512110.1	4	15492729	15492972	0.1843	rs4698412	-11.011	rs2302467	 1.01e-01	 -8.61	-0.4105	15	 6	enet	0.17	4.6e-31	  2.20692	2.73e-02
NA	/data/songy4/tes/output/weights_case//ENST00000634317.1.wgt.RDat	ENST00000634317.1	4	119407967	119454638	0.0478	rs6828669	  1.276	rs6828669	 3.98e-02	 -5.45	 1.2755	 7	 3	enet	0.041	4.2e-08	 -1.40760	1.59e-01
NA	/data/songy4/tes/output/weights_case//ENST00000512116.5.wgt.RDat	ENST00000512116.5	4	122892575	122922582	0.0194	rs6852589	  1.660	rs13109219	 1.70e-02	  3.82	-0.5259	 8	 1	top1	0.017	0.00031	 -0.52593	5.99e-01
NA	/data/songy4/tes/output/weights_case//ENST00000634028.1.wgt.RDat	ENST00000634028.1	4	15479223	15601546	0.0863	rs4698412	-11.011	rs2302467	 6.74e-02	 -7.29	-0.4105	20	11	enet	0.072	2.8e-13	 -0.46496	6.42e-01
NA	/data/songy4/tes/output/weights_case//ENST00000511169.1.wgt.RDat	ENST00000511169.1	4	10167159	10167765	0.1142	rs6814532	  0.978	rs1860910	 4.17e-02	 -6.74	-0.7917	 4	 4	enet	0.1	5.2e-18	 -0.21360	8.31e-01
NA	/data/songy4/tes/output/weights_case//ENST00000511213.2.wgt.RDat	ENST00000511213.2	4	141321263	141332617	0.0264	rs6817684	 -2.278	rs7655676	-1.41e-03	 -2.44	 0.9423	20	10	enet	0.0052	0.031	 -1.63320	1.02e-01
NA	/data/songy4/tes/output/weights_case//ENST00000511216.5.wgt.RDat	ENST00000511216.5	4	1347266	1386412	0.0335	rs1051613	 11.153	rs13118159	 1.66e-02	 -3.89	 0.4407	17	10	enet	0.021	7.7e-05	 -2.20628	2.74e-02
NA	/data/songy4/tes/output/weights_case//ENST00000512202.1.wgt.RDat	ENST00000512202.1	4	15550738	15557373	0.1546	rs4698412	-11.011	rs2302467	 1.25e-01	 -9.63	-0.4105	20	 4	enet	0.15	3e-26	  0.08295	9.34e-01
NA	/data/songy4/tes/output/weights_case//ENST00000382543.3.wgt.RDat	ENST00000382543.3	4	7763624	7872082	0.2520	rs17757615	  2.298	rs6447872	 1.64e-01	-11.44	 0.9439	67	 3	lasso	0.25	1.6e-46	 -0.15132	8.80e-01
NA	/data/songy4/tes/output/weights_case//ENST00000382383.7.wgt.RDat	ENST00000382383.7	4	15374549	15442266	0.2405	rs4698412	-11.011	rs2302467	 1.24e-01	-10.19	-0.4105	18	 3	lasso	0.24	2.7e-44	 -0.05077	9.60e-01
NA	/data/songy4/tes/output/weights_case//ENST00000511279.1.wgt.RDat	ENST00000511279.1	4	42706107	42707335	0.0344	rs11722892	  1.493	rs9291224	 1.70e-02	  3.65	-0.7805	 9	 2	lasso	0.018	0.00021	 -0.46285	6.43e-01
NA	/data/songy4/tes/output/weights_case//ENST00000512014.5.wgt.RDat	ENST00000512014.5	4	2811798	2827670	0.0249	rs1263345	 -4.521	rs12509340	 1.45e-02	  3.61	-0.7234	12	 1	top1	0.014	8e-04	 -0.72340	4.69e-01
NA	/data/songy4/tes/output/weights_case//ENST00000634948.2.wgt.RDat	ENST00000634948.2	4	47831330	47882746	0.1058	rs4499679	 -2.241	rs12643755	 6.98e-03	  4.91	 0.8468	13	11	enet	0.066	2.2e-12	  1.12630	2.60e-01
NA	/data/songy4/tes/output/weights_case//ENST00000510116.1.wgt.RDat	ENST00000510116.1	4	8990455	8990806	0.0205	rs13135404	 -1.792	rs11724246	 9.59e-03	 -3.60	-1.6331	 9	 3	lasso	0.011	0.0032	  1.43351	1.52e-01
NA	/data/songy4/tes/output/weights_case//ENST00000419325.5.wgt.RDat	ENST00000419325.5	4	122254859	122325784	0.0233	rs6852589	  1.660	rs10518389	 3.09e-03	  3.00	-0.9505	14	 1	top1	0.0031	0.075	 -0.95050	3.42e-01
NA	/data/songy4/tes/output/weights_case//ENST00000513829.5.wgt.RDat	ENST00000513829.5	4	4387039	4419058	0.1028	rs4279148	  2.000	rs4689329	 4.95e-02	  6.16	 1.6589	24	18	enet	0.071	3.7e-13	  1.44269	1.49e-01
NA	/data/songy4/tes/output/weights_case//ENST00000513811.5.wgt.RDat	ENST00000513811.5	4	15469896	15543961	0.1888	rs4698412	-11.011	rs2302467	 1.35e-01	 -9.87	-0.4105	20	 2	lasso	0.18	3.4e-32	  0.09360	9.25e-01
NA	/data/songy4/tes/output/weights_case//ENST00000513856.1.wgt.RDat	ENST00000513856.1	4	7838588	7862311	0.1502	rs17757615	  2.298	rs7356321	 1.32e-01	  9.80	 0.7184	60	 2	lasso	0.16	8.6e-29	  0.08678	9.31e-01
NA	/data/songy4/tes/output/weights_case//ENST00000510146.5.wgt.RDat	ENST00000510146.5	4	184695002	184734130	0.0407	rs4861543	  2.059	rs13150058	-1.12e-03	 -2.78	-0.6771	38	 3	lasso	-0.00064	0.46	  0.85568	3.92e-01
NA	/data/songy4/tes/output/weights_case//ENST00000513842.1.wgt.RDat	ENST00000513842.1	4	7763567	7799160	0.2528	rs17757615	  2.298	rs6447872	 1.67e-01	-11.42	 0.9439	64	 2	lasso	0.25	2.5e-46	 -0.15255	8.79e-01
NA	/data/songy4/tes/output/weights_case//ENST00000513991.5.wgt.RDat	ENST00000513991.5	4	3413229	3428475	0.0449	rs1263345	 -4.521	rs6446740	 5.30e-03	  3.22	 1.1856	16	11	enet	0.015	0.00072	  0.97895	3.28e-01
NA	/data/songy4/tes/output/weights_case//ENST00000510074.5.wgt.RDat	ENST00000510074.5	4	2794159	2824914	0.0297	NA	     NA	NA	       NA	    NA	     NA	16	 0	lasso	-0.0014	0.84	       NA	      NA
NA	/data/songy4/tes/output/weights_case//ENST00000247933.9.wgt.RDat	ENST00000247933.9	4	986997	1004529	0.0217	rs1051613	 11.153	rs1051613	 2.75e-02	 -4.83	11.1531	17	 1	top1	0.027	5.7e-06	-11.15306	6.92e-29
NA	/data/songy4/tes/output/weights_case//ENST00000421246.1.wgt.RDat	ENST00000421246.1	4	22727375	22727950	0.0171	rs13132256	 -1.530	rs1540614	 9.64e-03	 -3.06	-0.7542	 7	 1	top1	0.0096	0.0052	  0.75424	4.51e-01
NA	/data/songy4/tes/output/weights_case//ENST00000500571.2.wgt.RDat	ENST00000500571.2	4	47914227	47959141	0.1041	rs4499679	 -2.241	rs12643755	 4.95e-03	  4.89	 0.8468	13	12	enet	0.064	5.7e-12	  1.19032	2.34e-01
NA	/data/songy4/tes/output/weights_case//ENST00000427463.5.wgt.RDat	ENST00000427463.5	4	705784	735009	0.0324	rs1051613	 11.153	rs6837180	 1.98e-02	  4.27	-0.7857	14	 1	top1	0.02	0.00011	 -0.78571	4.32e-01
NA	/data/songy4/tes/output/weights_case//ENST00000337190.7.wgt.RDat	ENST00000337190.7	4	2247432	2262109	0.0291	rs612428	 -2.176	rs7668207	 1.70e-02	 -3.80	 0.1801	18	 1	top1	0.017	3e-04	 -0.18012	8.57e-01
NA	/data/songy4/tes/output/weights_case//ENST00000510286.1.wgt.RDat	ENST00000510286.1	4	968291	986895	0.1119	rs1051613	 11.153	rs1051613	 9.08e-02	 -8.26	11.1531	17	 1	top1	0.091	1.7e-16	-11.15306	6.92e-29
NA	/data/songy4/tes/output/weights_case//ENST00000510190.1.wgt.RDat	ENST00000510190.1	4	76958860	76959169	0.0265	rs2034004	 -5.856	rs2053486	 9.08e-03	  3.50	-5.3915	12	 2	lasso	0.015	0.00071	 -2.98422	2.84e-03
NA	/data/songy4/tes/output/weights_case//ENST00000510193.1.wgt.RDat	ENST00000510193.1	4	2793724	2796646	0.0291	rs1263345	 -4.521	rs2298969	-1.21e-03	 -2.46	-1.3486	16	14	enet	-0.0012	0.67	  1.83161	6.70e-02
NA	/data/songy4/tes/output/weights_case//ENST00000503292.5.wgt.RDat	ENST00000503292.5	4	15469930	15601557	0.0888	rs4698412	-11.011	rs2302467	 6.99e-02	 -7.40	-0.4105	20	11	enet	0.077	4.5e-14	 -0.39882	6.90e-01
NA	/data/songy4/tes/output/weights_case//ENST00000510175.6.wgt.RDat	ENST00000510175.6	4	124501	164162	0.0161	rs6819316	  1.427	rs6819316	 3.02e-03	  3.00	 1.4266	 5	 1	top1	0.003	0.077	  1.42657	1.54e-01
NA	/data/songy4/tes/output/weights_case//ENST00000656634.1.wgt.RDat	ENST00000656634.1	4	6669563	6673965	0.0394	rs28401383	  2.639	rs11736897	 3.00e-02	 -4.87	-0.5865	48	 1	top1	0.03	2.2e-06	  0.58654	5.58e-01
NA	/data/songy4/tes/output/weights_case//ENST00000513724.1.wgt.RDat	ENST00000513724.1	4	47914142	48025194	0.0962	rs4499679	 -2.241	rs12643755	 4.68e-03	  4.90	 0.8468	13	 9	enet	0.06	2.9e-11	  1.03958	2.99e-01
NA	/data/songy4/tes/output/weights_case//ENST00000503277.6.wgt.RDat	ENST00000503277.6	4	39454132	39458894	0.0184	rs2066789	  2.221	rs17508078	 3.94e-03	 -2.75	-1.3059	 6	 5	enet	0.011	0.0029	  1.13798	2.55e-01
NA	/data/songy4/tes/output/weights_case//ENST00000510220.1.wgt.RDat	ENST00000510220.1	4	15527619	15533453	0.1515	rs4698412	-11.011	rs2302467	 1.02e-01	 -8.69	-0.4105	20	 3	lasso	0.14	2.9e-25	  0.06318	9.50e-01
NA	/data/songy4/tes/output/weights_case//ENST00000449470.6.wgt.RDat	ENST00000449470.6	4	39454137	39458888	0.0165	NA	     NA	NA	       NA	    NA	     NA	 6	 0	lasso	0.008	0.01	       NA	      NA
NA	/data/songy4/tes/output/weights_case//ENST00000578730.1.wgt.RDat	ENST00000578730.1	4	1249451	1288291	0.0315	rs1051613	 11.153	rs13118159	 3.89e-03	 -3.03	 0.4407	16	 8	enet	0.011	0.0034	  1.04186	2.97e-01
NA	/data/songy4/tes/output/weights_case//ENST00000514268.5.wgt.RDat	ENST00000514268.5	4	3316068	3417450	0.0919	rs1263345	 -4.521	rs2298969	 1.43e-02	  4.68	-0.9748	17	11	enet	0.054	2.5e-10	 -1.29245	1.96e-01
NA	/data/songy4/tes/output/weights_case//ENST00000449251.1.wgt.RDat	ENST00000449251.1	4	122219469	122229195	0.0238	rs6852589	  1.660	rs10518389	 2.55e-03	  2.90	-0.9505	14	 1	top1	0.0026	0.095	 -0.95050	3.42e-01
NA	/data/songy4/tes/output/weights_case//ENST00000656985.1.wgt.RDat	ENST00000656985.1	4	145760763	145938422	0.0211	rs6537339	  1.580	rs10006257	 1.52e-02	  3.88	 0.0291	11	 1	top1	0.015	0.00061	  0.02913	9.77e-01
NA	/data/songy4/tes/output/weights_case//ENST00000514039.5.wgt.RDat	ENST00000514039.5	4	15589627	15601371	0.0303	rs4698412	-11.011	rs2302467	 1.30e-02	 -3.96	-0.4105	20	 5	enet	0.017	0.00036	 -1.33543	1.82e-01
NA	/data/songy4/tes/output/weights_case//ENST00000514031.5.wgt.RDat	ENST00000514031.5	4	2930565	2931886	0.0272	rs1263345	 -4.521	rs12509340	 1.18e-02	  3.19	-0.7234	14	 1	top1	0.012	0.0022	 -0.72340	4.69e-01
NA	/data/songy4/tes/output/weights_case//ENST00000509948.5.wgt.RDat	ENST00000509948.5	4	991872	1001825	0.0226	rs1051613	 11.153	rs1051613	 1.72e-02	 -4.04	11.1531	17	 1	top1	0.017	0.00029	-11.15306	6.92e-29
NA	/data/songy4/tes/output/weights_case//ENST00000514170.5.wgt.RDat	ENST00000514170.5	4	47935977	48016592	0.0982	rs4499679	 -2.241	rs11725773	 7.52e-03	 -4.70	-0.8621	13	10	enet	0.066	3.2e-12	  1.27940	2.01e-01
NA	/data/songy4/tes/output/weights_case//ENST00000513615.5.wgt.RDat	ENST00000513615.5	4	17460261	17512089	0.0420	rs740672	  3.316	rs6843189	 2.70e-03	  3.25	 0.8317	16	11	enet	0.0085	0.0081	  0.23111	8.17e-01
NA	/data/songy4/tes/output/weights_case//ENST00000510580.1.wgt.RDat	ENST00000510580.1	4	3249159	3262541	0.0350	rs1263345	 -4.521	rs1884412	 1.23e-03	 -2.86	 0.5827	17	 7	enet	0.0058	0.024	 -0.80659	4.20e-01
NA	/data/songy4/tes/output/weights_case//ENST00000513129.1.wgt.RDat	ENST00000513129.1	4	9980592	10054936	0.0337	rs6814532	  0.978	rs3756224	 8.81e-04	 -2.96	-0.6609	 4	 4	enet	0.0087	0.0075	  0.24869	8.04e-01
NA	/data/songy4/tes/output/weights_case//ENST00000389851.10.wgt.RDat	ENST00000389851.10	4	1347208	1388049	0.0360	rs1051613	 11.153	rs13118159	 4.38e-03	 -3.22	 0.4407	17	12	enet	0.017	0.00026	 -1.95056	5.11e-02
NA	/data/songy4/tes/output/weights_case//ENST00000503146.5.wgt.RDat	ENST00000503146.5	4	151409246	151577464	0.0154	rs4835617	 -0.481	rs11946839	 6.49e-03	 -3.15	-0.3298	 3	 1	top1	0.0065	0.018	  0.32979	7.42e-01
NA	/data/songy4/tes/output/weights_case//ENST00000670431.1.wgt.RDat	ENST00000670431.1	4	38612774	38636047	0.0667	rs17499919	  2.903	rs1824652	 8.44e-03	  4.41	 0.8200	26	19	enet	0.02	1e-04	  0.77430	4.39e-01
NA	/data/songy4/tes/output/weights_case//ENST00000513095.5.wgt.RDat	ENST00000513095.5	4	2811930	2825178	0.0259	rs1263345	 -4.521	rs12509340	 1.48e-02	  3.72	-0.7234	12	 1	top1	0.015	0.00072	 -0.72340	4.69e-01
NA	/data/songy4/tes/output/weights_case//ENST00000513086.5.wgt.RDat	ENST00000513086.5	4	151409352	151566299	0.0136	rs4835617	 -0.481	rs11946839	 8.74e-03	 -3.41	-0.3298	 3	 1	top1	0.0087	0.0074	  0.32979	7.42e-01
NA	/data/songy4/tes/output/weights_case//ENST00000389652.10.wgt.RDat	ENST00000389652.10	4	15511247	15601552	0.0876	rs4698412	-11.011	rs2302467	 6.84e-02	 -7.35	-0.4105	20	11	enet	0.072	2.4e-13	 -0.39336	6.94e-01
NA	/data/songy4/tes/output/weights_case//ENST00000502260.5.wgt.RDat	ENST00000502260.5	4	2812290	2825196	0.0250	rs1263345	 -4.521	rs12509340	 1.20e-02	  3.32	-0.7234	12	 1	top1	0.012	0.0021	 -0.72340	4.69e-01
NA	/data/songy4/tes/output/weights_case//ENST00000513211.2.wgt.RDat	ENST00000513211.2	4	31997379	32155833	0.0544	rs7661647	 -0.954	rs1541548	 3.59e-02	  5.24	-0.6066	10	 1	top1	0.036	2.4e-07	 -0.60656	5.44e-01
NA	/data/songy4/tes/output/weights_case//ENST00000513239.5.wgt.RDat	ENST00000513239.5	4	530840	539529	0.0373	rs1051613	 11.153	rs1135945	 1.87e-02	  4.18	 1.2276	15	 1	top1	0.019	0.00016	  1.22764	2.20e-01
NA	/data/songy4/tes/output/weights_case//ENST00000502252.5.wgt.RDat	ENST00000502252.5	4	47595660	47838072	0.0806	rs4499679	 -2.241	rs11725773	 1.14e-02	 -4.92	-0.8621	16	13	enet	0.045	8.8e-09	  0.96629	3.34e-01
NA	/data/songy4/tes/output/weights_case//ENST00000513178.1.wgt.RDat	ENST00000513178.1	4	47949835	48016672	0.0385	rs4499679	 -2.241	rs11725773	 2.33e-02	 -4.67	-0.8621	13	 1	top1	0.023	2.8e-05	  0.86207	3.89e-01
NA	/data/songy4/tes/output/weights_case//ENST00000419774.5.wgt.RDat	ENST00000419774.5	4	705748	734943	0.0369	rs1051613	 11.153	rs6837180	 2.27e-02	  4.48	-0.7857	14	 1	top1	0.023	3.6e-05	 -0.78571	4.32e-01
NA	/data/songy4/tes/output/weights_case//ENST00000329043.7.wgt.RDat	ENST00000329043.7	4	47847233	47914667	0.0841	rs4499679	 -2.241	rs12643755	 4.66e-03	  4.37	 0.8468	13	10	enet	0.047	4.1e-09	  1.08965	2.76e-01
NA	/data/songy4/tes/output/weights_case//ENST00000512990.5.wgt.RDat	ENST00000512990.5	4	3385681	3414241	0.0286	rs1263345	 -4.521	rs6446740	 2.30e-02	  4.27	 1.1856	16	 1	top1	0.023	3.1e-05	  1.18557	2.36e-01
NA	/data/songy4/tes/output/weights_case//ENST00000388738.7.wgt.RDat	ENST00000388738.7	4	122170603	122362758	0.0238	rs6852589	  1.660	rs10518389	 4.20e-03	  3.19	-0.9505	14	 1	top1	0.0042	0.047	 -0.95050	3.42e-01
NA	/data/songy4/tes/output/weights_case//ENST00000510657.1.wgt.RDat	ENST00000510657.1	4	100479972	100880126	0.0283	rs7659715	 -1.890	rs12642928	-8.59e-04	 -2.73	-0.3366	24	 8	enet	-0.00015	0.34	  0.83490	4.04e-01
NA	/data/songy4/tes/output/weights_case//ENST00000502309.1.wgt.RDat	ENST00000502309.1	4	963142	967175	0.1483	rs1051613	 11.153	rs1051613	 1.23e-01	 -9.38	11.1531	17	 7	enet	0.12	3.5e-22	-10.52915	6.34e-26
NA	/data/songy4/tes/output/weights_case//ENST00000656214.1.wgt.RDat	ENST00000656214.1	4	47831331	47897965	0.1007	rs4499679	 -2.241	rs12643755	 3.86e-03	  4.84	 0.8468	13	12	enet	0.066	2.2e-12	  1.05297	2.92e-01
NA	/data/songy4/tes/output/weights_case//ENST00000513035.1.wgt.RDat	ENST00000513035.1	4	15595872	15597465	0.0364	rs4698412	-11.011	rs2302467	 2.34e-02	 -4.78	-0.4105	20	 1	top1	0.023	2.7e-05	  0.41053	6.81e-01
NA	/data/songy4/tes/output/weights_case//ENST00000513032.2.wgt.RDat	ENST00000513032.2	4	36005365	36046034	0.0211	rs12500294	 -2.755	rs997572	 1.87e-02	  3.94	-0.3939	 8	 1	top1	0.019	0.00016	 -0.39394	6.94e-01
NA	/data/songy4/tes/output/weights_case//ENST00000513450.1.wgt.RDat	ENST00000513450.1	4	2489811	2500698	0.0228	rs1263345	 -4.521	rs846252	 7.76e-03	  3.39	-0.8585	15	 1	top1	0.0078	0.011	 -0.85849	3.91e-01
NA	/data/songy4/tes/output/weights_case//ENST00000513486.1.wgt.RDat	ENST00000513486.1	4	8618092	8619487	0.0251	rs13135404	 -1.792	rs11936149	-1.32e-03	 -2.83	 0.8922	22	14	enet	0.01	0.0046	 -0.67690	4.98e-01
NA	/data/songy4/tes/output/weights_case//ENST00000513470.1.wgt.RDat	ENST00000513470.1	4	10267895	10268231	0.1174	rs4697648	 -1.660	rs4447863	 5.54e-02	 -7.22	-0.5745	 6	 5	enet	0.11	7.5e-20	 -0.21168	8.32e-01
NA	/data/songy4/tes/output/weights_case//ENST00000379448.9.wgt.RDat	ENST00000379448.9	4	145760738	145938430	0.0195	rs6537339	  1.580	rs10006257	 1.31e-02	  3.71	 0.0291	11	 1	top1	0.013	0.0013	  0.02913	9.77e-01
NA	/data/songy4/tes/output/weights_case//ENST00000513555.5.wgt.RDat	ENST00000513555.5	4	4348313	4419058	0.1020	rs4279148	  2.000	rs4689329	 5.93e-02	  6.59	 1.6589	24	17	enet	0.082	4.5e-15	  1.38255	1.67e-01
NA	/data/songy4/tes/output/weights_case//ENST00000510315.1.wgt.RDat	ENST00000510315.1	4	39278271	39285636	0.0197	NA	     NA	NA	       NA	    NA	     NA	 7	 0	enet	0.009	0.0066	       NA	      NA
NA	/data/songy4/tes/output/weights_case//ENST00000513434.1.wgt.RDat	ENST00000513434.1	4	3323977	3324762	0.0394	rs1263345	 -4.521	rs2298969	 1.85e-02	  4.29	-0.9748	17	 9	enet	0.039	7.3e-08	 -1.56588	1.17e-01
NA	/data/songy4/tes/output/weights_case//ENST00000513302.1.wgt.RDat	ENST00000513302.1	4	107931585	107936607	0.0342	rs10516536	 -1.596	rs17510191	 3.55e-03	 -3.13	 0.6712	 8	 5	enet	0.0097	0.005	 -1.18115	2.38e-01
NA	/data/songy4/tes/output/weights_case//ENST00000654278.1.wgt.RDat	ENST00000654278.1	4	131764819	131791492	0.0178	rs1382171	 -2.113	rs1382171	 9.83e-03	  3.11	-2.1127	 4	 1	top1	0.0098	0.0048	 -2.11268	3.46e-02
NA	/data/songy4/tes/output/weights_case//ENST00000501943.6.wgt.RDat	ENST00000501943.6	4	17486800	17492513	0.0280	rs740672	  3.316	rs2597751	 2.61e-03	  3.31	 0.3786	16	 6	enet	0.0072	0.014	  0.02845	9.77e-01
NA	/data/songy4/tes/output/weights_case//ENST00000669561.1.wgt.RDat	ENST00000669561.1	4	7798527	7808051	0.1472	rs17757615	  2.298	rs7356321	 1.24e-01	  9.52	 0.7184	59	 2	lasso	0.15	4.2e-27	  0.08221	9.34e-01
NA	/data/songy4/tes/output/weights_case//ENST00000513320.5.wgt.RDat	ENST00000513320.5	4	145760729	145938489	0.0263	rs6537339	  1.580	rs10006257	 1.58e-02	  3.82	 0.0291	11	 1	top1	0.016	0.00047	  0.02913	9.77e-01
NA	/data/songy4/tes/output/weights_case//ENST00000501965.2.wgt.RDat	ENST00000501965.2	4	94117792	94207556	0.0196	rs735256	 -1.030	rs6834311	 1.21e-02	 -3.48	 0.4000	 5	 1	top1	0.012	0.002	 -0.40000	6.89e-01
NA	/data/songy4/tes/output/weights_case//ENST00000336727.7.wgt.RDat	ENST00000336727.7	4	3316068	3439911	0.1216	rs1263345	 -4.521	rs2298969	 2.03e-02	  5.40	-0.9748	17	16	enet	0.08	9.8e-15	 -0.62903	5.29e-01
NA	/data/songy4/tes/output/weights_case//ENST00000501493.6.wgt.RDat	ENST00000501493.6	4	39498763	39527437	0.0153	rs2066789	  2.221	rs557980	 2.14e-03	  2.71	-0.7755	 4	 4	enet	0.011	0.003	 -0.79339	4.28e-01
NA	/data/songy4/tes/output/weights_case//ENST00000630374.1.wgt.RDat	ENST00000630374.1	4	39547836	39549812	0.0127	rs2066789	  2.221	rs557980	 2.66e-03	  2.69	-0.7755	 4	 3	enet	0.0048	0.036	 -0.61925	5.36e-01
NA	/data/songy4/tes/output/weights_case//ENST00000421177.6.wgt.RDat	ENST00000421177.6	4	4348140	4419058	0.0739	rs4279148	  2.000	rs4689329	 4.46e-02	  5.77	 1.6589	24	16	enet	0.052	5.7e-10	  1.11728	2.64e-01
NA	/data/songy4/tes/output/weights_case//ENST00000513380.1.wgt.RDat	ENST00000513380.1	4	2250658	2261799	0.0258	rs612428	 -2.176	rs7668207	 1.40e-02	 -3.64	 0.1801	18	 1	top1	0.014	0.00096	 -0.18012	8.57e-01
NA	/data/songy4/tes/output/weights_case//ENST00000513372.5.wgt.RDat	ENST00000513372.5	4	2249464	2255234	0.0324	rs612428	 -2.176	rs7668207	 1.37e-02	 -3.47	 0.1801	18	 1	top1	0.014	0.0011	 -0.18012	8.57e-01
NA	/data/songy4/tes/output/weights_case//ENST00000506643.4.wgt.RDat	ENST00000506643.4	4	15536985	15601552	0.0748	rs4698412	-11.011	rs2302467	 5.84e-02	 -6.86	-0.4105	20	10	enet	0.061	1.5e-11	 -0.48282	6.29e-01
NA	/data/songy4/tes/output/weights_case//ENST00000610355.4.wgt.RDat	ENST00000610355.4	4	47593999	47838106	0.0402	rs4499679	 -2.241	rs2457415	 2.30e-06	  3.10	 0.0000	16	 5	enet	0.013	0.0017	  1.33917	1.81e-01
NA	/data/songy4/tes/output/weights_case//ENST00000424425.5.wgt.RDat	ENST00000424425.5	4	122186181	122239929	0.0255	rs6852589	  1.660	rs10518389	 1.16e-02	  3.27	-0.9505	14	 1	top1	0.012	0.0024	 -0.95050	3.42e-01
NA	/data/songy4/tes/output/weights_case//ENST00000362465.1.wgt.RDat	ENST00000362465.1	4	3044101	3044207	0.0365	rs1263345	 -4.521	rs2298969	-6.43e-04	 -3.09	-1.1720	13	 8	enet	0.012	0.0021	 -0.21422	8.30e-01
NA	/data/songy4/tes/output/weights_case//ENST00000506581.6.wgt.RDat	ENST00000506581.6	4	39454139	39457681	0.0213	rs2066789	  2.221	rs17508078	 2.55e-03	 -2.82	-1.3059	 6	 5	enet	0.014	0.0011	  1.38971	1.65e-01
NA	/data/songy4/tes/output/weights_case//ENST00000506583.5.wgt.RDat	ENST00000506583.5	4	9826224	10054875	0.0292	rs6814532	  0.978	rs3756224	 7.41e-03	 -3.27	-0.6609	 4	 4	enet	0.0082	0.0092	  0.37898	7.05e-01
NA	/data/songy4/tes/output/weights_case//ENST00000506631.5.wgt.RDat	ENST00000506631.5	4	3293028	3418119	0.0482	rs1263345	 -4.521	rs2298969	 2.34e-03	  3.21	-0.9748	17	 7	enet	0.031	1.5e-06	 -0.94179	3.46e-01
NA	/data/songy4/tes/output/weights_case//ENST00000662669.1.wgt.RDat	ENST00000662669.1	4	31997376	32155823	0.0551	rs7661647	 -0.954	rs1541548	 3.68e-02	  5.31	-0.6066	10	 1	top1	0.037	1.7e-07	 -0.60656	5.44e-01
NA	/data/songy4/tes/output/weights_case//ENST00000483357.1.wgt.RDat	ENST00000483357.1	4	122336093	122337147	0.0249	rs6852589	  1.660	rs10518389	 4.06e-03	  3.16	-0.9505	12	 1	top1	0.0041	0.05	 -0.95050	3.42e-01
NA	/data/songy4/tes/output/weights_case//ENST00000650779.1.wgt.RDat	ENST00000650779.1	4	1727605	1737261	0.0396	rs3135123	  2.069	rs7668207	 2.96e-02	 -4.90	 0.1801	14	 1	top1	0.03	2.6e-06	 -0.18012	8.57e-01
NA	/data/songy4/tes/output/weights_case//ENST00000662181.1.wgt.RDat	ENST00000662181.1	4	131764829	131774899	0.0186	rs1382171	 -2.113	rs1382171	 1.28e-02	  3.33	-2.1127	 4	 1	top1	0.013	0.0015	 -2.11268	3.46e-02
NA	/data/songy4/tes/output/weights_case//ENST00000264501.8.wgt.RDat	ENST00000264501.8	4	122152333	122362752	0.0231	rs6852589	  1.660	rs10518389	 3.87e-03	  3.16	-0.9505	14	 1	top1	0.0039	0.054	 -0.95050	3.42e-01
NA	/data/songy4/tes/output/weights_case//ENST00000506380.5.wgt.RDat	ENST00000506380.5	4	4385445	4417483	0.0893	rs4279148	  2.000	rs4689329	 4.32e-02	  5.76	 1.6589	24	 3	lasso	0.065	3.8e-12	  1.68288	9.24e-02
NA	/data/songy4/tes/output/weights_case//ENST00000484264.1.wgt.RDat	ENST00000484264.1	4	1744439	1745076	0.0358	rs3135123	  2.069	rs7668207	 2.94e-02	 -4.79	 0.1801	13	 1	top1	0.029	2.8e-06	 -0.18012	8.57e-01
NA	/data/songy4/tes/output/weights_case//ENST00000484141.5.wgt.RDat	ENST00000484141.5	4	705875	737540	0.0335	rs1051613	 11.153	rs6837180	 2.01e-02	  4.32	-0.7857	15	 1	top1	0.02	9.3e-05	 -0.78571	4.32e-01
NA	/data/songy4/tes/output/weights_case//ENST00000506540.1.wgt.RDat	ENST00000506540.1	4	10410996	10411644	0.0165	rs4697648	 -1.660	rs4447863	 5.71e-03	 -3.50	-0.5745	 8	 1	top1	0.0057	0.025	  0.57447	5.66e-01
NA	/data/songy4/tes/output/weights_case//ENST00000436901.3.wgt.RDat	ENST00000436901.3	4	38626408	38664914	0.0373	rs17499919	  2.903	rs1824652	 3.55e-03	  3.67	 0.8200	26	 6	enet	0.025	1.6e-05	  0.85695	3.91e-01
NA	/data/songy4/tes/output/weights_case//ENST00000494183.5.wgt.RDat	ENST00000494183.5	4	108810721	109302367	0.0326	rs4956063	 -2.235	rs2189158	 1.77e-03	 -2.37	 0.6832	28	 3	lasso	0.0046	0.039	 -0.78714	4.31e-01
NA	/data/songy4/tes/output/weights_case//ENST00000424373.5.wgt.RDat	ENST00000424373.5	4	155352684	155376970	0.0246	NA	     NA	NA	       NA	    NA	     NA	17	 0	enet	0.0092	0.0062	       NA	      NA
NA	/data/songy4/tes/output/weights_case//ENST00000506508.1.wgt.RDat	ENST00000506508.1	4	5014827	5019437	0.0931	rs1374621	 -2.777	rs10937615	 7.65e-02	  7.55	-0.1296	30	 1	top1	0.076	4.6e-14	 -0.12963	8.97e-01
NA	/data/songy4/tes/output/weights_case//ENST00000402813.7.wgt.RDat	ENST00000402813.7	4	47935977	47981535	0.1154	rs4499679	 -2.241	rs11725773	 9.29e-03	 -4.89	-0.8621	13	13	enet	0.08	9.9e-15	  1.19611	2.32e-01
NA	/data/songy4/tes/output/weights_case//ENST00000507272.5.wgt.RDat	ENST00000507272.5	4	2930605	2933997	0.0285	rs1263345	 -4.521	rs12509340	 1.01e-02	  3.08	-0.7234	14	 1	top1	0.01	0.0043	 -0.72340	4.69e-01
NA	/data/songy4/tes/output/weights_case//ENST00000493975.5.wgt.RDat	ENST00000493975.5	4	1721785	1728094	0.0517	rs3135123	  2.069	rs7668207	 3.94e-02	 -5.57	 0.1801	14	 1	top1	0.039	6.4e-08	 -0.18012	8.57e-01
NA	/data/songy4/tes/output/weights_case//ENST00000507131.5.wgt.RDat	ENST00000507131.5	4	47848304	47914616	0.0859	rs4499679	 -2.241	rs12643755	 4.82e-03	  4.42	 0.8468	13	10	enet	0.05	1.2e-09	  1.09733	2.72e-01
NA	/data/songy4/tes/output/weights_case//ENST00000507096.1.wgt.RDat	ENST00000507096.1	4	24808672	24820197	0.0365	rs10517060	  2.438	rs17552548	 1.24e-02	  3.24	-0.0467	28	 1	top1	0.012	0.0018	 -0.04673	9.63e-01
NA	/data/songy4/tes/output/weights_case//ENST00000507146.5.wgt.RDat	ENST00000507146.5	4	155759031	155806833	0.0222	rs12498643	 -2.527	rs6536024	 5.14e-03	  3.36	 0.9798	15	 1	top1	0.0051	0.032	  0.97980	3.27e-01
NA	/data/songy4/tes/output/weights_case//ENST00000507165.5.wgt.RDat	ENST00000507165.5	4	684483	688980	0.0304	rs1051613	 11.153	rs6810428	 1.75e-02	 -3.74	-0.3438	14	 1	top1	0.018	0.00025	  0.34375	7.31e-01
NA	/data/songy4/tes/output/weights_case//ENST00000661050.1.wgt.RDat	ENST00000661050.1	4	38612646	38636048	0.0583	rs17499919	  2.903	rs1824652	 8.34e-03	  4.51	 0.8200	26	19	enet	0.017	0.00031	  0.72430	4.69e-01
NA	/data/songy4/tes/output/weights_case//ENST00000482726.5.wgt.RDat	ENST00000482726.5	4	705784	734842	0.0322	rs1051613	 11.153	rs6837180	 7.67e-03	  4.15	-0.7857	14	 2	lasso	0.016	0.00053	  0.25225	8.01e-01
NA	/data/songy4/tes/output/weights_case//ENST00000651251.1.wgt.RDat	ENST00000651251.1	4	1723110	1745170	0.0506	rs3135123	  2.069	rs7668207	 3.69e-02	 -5.34	 0.1801	14	12	enet	0.037	1.3e-07	 -0.22848	8.19e-01
NA	/data/songy4/tes/output/weights_case//ENST00000307746.9.wgt.RDat	ENST00000307746.9	4	5014586	5019458	0.0752	rs1374621	 -2.777	rs10937615	 5.61e-02	  6.47	-0.1296	30	11	enet	0.062	1.4e-11	  0.30479	7.61e-01
NA	/data/songy4/tes/output/weights_case//ENST00000622134.4.wgt.RDat	ENST00000622134.4	4	108810721	109050182	0.0250	rs17038142	 -2.181	rs219493	 1.48e-03	  2.54	 1.5036	21	 2	lasso	0.0027	0.088	  2.42099	1.55e-02
NA	/data/songy4/tes/output/weights_case//ENST00000306802.8.wgt.RDat	ENST00000306802.8	4	122324464	122362752	0.0254	rs6852589	  1.660	rs10518389	 1.12e-02	  3.26	-0.9505	12	 1	top1	0.011	0.0028	 -0.95050	3.42e-01
NA	/data/songy4/tes/output/weights_case//ENST00000504584.1.wgt.RDat	ENST00000504584.1	4	47642843	47838106	0.0841	rs4499679	 -2.241	rs11725773	 8.98e-03	 -5.04	-0.8621	16	11	enet	0.058	5.8e-11	  0.82550	4.09e-01
NA	/data/songy4/tes/output/weights_case//ENST00000303277.6.wgt.RDat	ENST00000303277.6	4	1715952	1721358	0.0252	rs3135123	  2.069	rs7668207	 2.34e-02	 -4.22	 0.1801	14	 1	top1	0.023	2.7e-05	 -0.18012	8.57e-01
NA	/data/songy4/tes/output/weights_case//ENST00000650860.1.wgt.RDat	ENST00000650860.1	4	15479216	15601437	0.0978	rs4698412	-11.011	rs2302467	 7.98e-02	 -7.87	-0.4105	20	 1	top1	0.08	1.3e-14	  0.41053	6.81e-01
NA	/data/songy4/tes/output/weights_case//ENST00000650915.1.wgt.RDat	ENST00000650915.1	4	119444395	119454630	0.0229	rs6828669	  1.276	rs6828669	 1.74e-02	 -3.83	 1.2755	 7	 1	top1	0.017	0.00026	 -1.27551	2.02e-01
NA	/data/songy4/tes/output/weights_case//ENST00000621129.4.wgt.RDat	ENST00000621129.4	4	4387039	4419055	0.1028	rs4279148	  2.000	rs4689329	 4.97e-02	  6.18	 1.6589	24	18	enet	0.067	1.5e-12	  1.44653	1.48e-01
NA	/data/songy4/tes/output/weights_case//ENST00000672161.1.wgt.RDat	ENST00000672161.1	4	145759007	145823925	0.0222	rs6537339	  1.580	rs1596480	-1.10e-03	  2.65	-1.0692	10	 3	lasso	-0.00086	0.53	 -1.13218	2.58e-01
NA	/data/songy4/tes/output/weights_case//ENST00000504743.1.wgt.RDat	ENST00000504743.1	4	2341316	2364827	0.0264	rs612428	 -2.176	rs7461	 2.06e-04	 -3.50	-1.8081	16	 6	enet	0.0088	0.0074	  1.01743	3.09e-01
NA	/data/songy4/tes/output/weights_case//ENST00000437992.2.wgt.RDat	ENST00000437992.2	4	39456328	39458915	0.0203	rs2066789	  2.221	rs17508078	 4.01e-03	 -2.80	-1.3059	 6	 6	enet	0.015	0.00069	  1.26565	2.06e-01
NA	/data/songy4/tes/output/weights_case//ENST00000506839.1.wgt.RDat	ENST00000506839.1	4	9985668	10019294	0.0186	rs6814532	  0.978	rs4447863	 1.86e-02	 -4.25	-0.5745	 4	 3	enet	0.025	1.5e-05	  0.87915	3.79e-01
NA	/data/songy4/tes/output/weights_case//ENST00000438707.5.wgt.RDat	ENST00000438707.5	4	122309365	122362750	0.0256	rs6852589	  1.660	rs10518389	 4.29e-03	  3.23	-0.9505	12	 1	top1	0.0043	0.045	 -0.95050	3.42e-01
NA	/data/songy4/tes/output/weights_case//ENST00000507089.5.wgt.RDat	ENST00000507089.5	4	39499911	39527439	0.0152	rs2066789	  2.221	rs2066789	 2.26e-03	 -2.60	 2.2212	 4	 4	enet	0.0099	0.0048	 -1.14600	2.52e-01
NA	/data/songy4/tes/output/weights_case//ENST00000467746.6.wgt.RDat	ENST00000467746.6	4	1721535	1728058	0.0363	rs3135123	  2.069	rs7668207	 3.42e-02	 -5.18	 0.1801	14	 1	top1	0.034	4.5e-07	 -0.18012	8.57e-01
NA	/data/songy4/tes/output/weights_case//ENST00000621529.1.wgt.RDat	ENST00000621529.1	4	3069977	3070151	0.0303	rs1263345	 -4.521	rs12509340	 2.90e-03	  3.17	-0.7234	13	 8	enet	0.0047	0.037	 -0.51887	6.04e-01
NA	/data/songy4/tes/output/weights_case//ENST00000504722.5.wgt.RDat	ENST00000504722.5	4	47943245	48012944	0.0550	rs4499679	 -2.241	rs11725773	 3.27e-02	 -5.24	-0.8621	13	 6	enet	0.033	6.6e-07	  0.70860	4.79e-01
NA	/data/songy4/tes/output/weights_case//ENST00000506982.1.wgt.RDat	ENST00000506982.1	4	143953635	144126359	0.0356	rs13102150	 -1.784	rs28924077	 9.46e-03	 -2.97	 1.3089	 5	 5	enet	0.025	1.8e-05	 -1.55566	1.20e-01
NA	/data/songy4/tes/output/weights_case//ENST00000404054.3.wgt.RDat	ENST00000404054.3	4	1739351	1742121	0.0289	rs3135123	  2.069	rs7668207	 6.37e-03	 -3.37	 0.1801	13	 7	enet	0.019	0.00015	  0.13735	8.91e-01
NA	/data/songy4/tes/output/weights_case//ENST00000650955.1.wgt.RDat	ENST00000650955.1	4	155342677	155376813	0.0243	NA	     NA	NA	       NA	    NA	     NA	17	 0	enet	0.012	0.0024	       NA	      NA
NA	/data/songy4/tes/output/weights_case//ENST00000506998.5.wgt.RDat	ENST00000506998.5	4	3370186	3418267	0.0338	rs1263345	 -4.521	rs7694687	-1.72e-04	 -3.04	 0.3871	16	 8	enet	0.018	2e-04	  0.08671	9.31e-01
NA	/data/songy4/tes/output/weights_case//ENST00000438599.6.wgt.RDat	ENST00000438599.6	4	15469865	15482262	0.2494	rs4698412	-11.011	rs2302467	 1.44e-01	-10.16	-0.4105	14	 5	enet	0.24	5.1e-44	  1.28045	2.00e-01
NA	/data/songy4/tes/output/weights_case//ENST00000491933.1.wgt.RDat	ENST00000491933.1	4	122348913	122349978	0.0230	rs6852589	  1.660	rs10518389	 2.14e-03	  3.01	-0.9505	12	 1	top1	0.0021	0.11	 -0.95050	3.42e-01
NA	/data/songy4/tes/output/weights_case//ENST00000505716.1.wgt.RDat	ENST00000505716.1	4	1354507	1355214	0.0248	rs1051613	 11.153	rs13118159	 9.11e-03	 -3.17	 0.4407	16	 1	top1	0.0091	0.0064	 -0.44068	6.59e-01
NA	/data/songy4/tes/output/weights_case//ENST00000505246.5.wgt.RDat	ENST00000505246.5	4	4385081	4417620	0.1023	rs4279148	  2.000	rs4689329	 4.55e-02	  5.91	 1.6589	24	 4	lasso	0.07	5.3e-13	  1.63849	1.01e-01
NA	/data/songy4/tes/output/weights_case//ENST00000505710.1.wgt.RDat	ENST00000505710.1	4	17490041	17511981	0.0404	rs740672	  3.316	rs4698599	 7.47e-03	  4.00	-0.9327	16	 7	enet	0.0084	0.0086	 -0.74286	4.58e-01
NA	/data/songy4/tes/output/weights_case//ENST00000433814.5.wgt.RDat	ENST00000433814.5	4	725107	743538	0.0330	rs1051613	 11.153	rs6837180	 2.12e-02	  4.41	-0.7857	15	 1	top1	0.021	6.2e-05	 -0.78571	4.32e-01
NA	/data/songy4/tes/output/weights_case//ENST00000665931.1.wgt.RDat	ENST00000665931.1	4	38612041	38630578	0.0801	rs17499919	  2.903	rs1824652	 2.85e-02	  4.92	 0.8200	26	23	enet	0.031	1.3e-06	  0.80002	4.24e-01
NA	/data/songy4/tes/output/weights_case//ENST00000613098.4.wgt.RDat	ENST00000613098.4	4	23795339	23881292	0.0328	rs2324153	  2.270	rs2946394	 1.70e-02	 -3.66	 0.3960	24	 1	top1	0.017	0.00031	 -0.39604	6.92e-01
NA	/data/songy4/tes/output/weights_case//ENST00000505628.1.wgt.RDat	ENST00000505628.1	4	14235249	14242812	0.0409	rs3931695	 -2.194	rs3096584	 4.62e-02	 -5.82	-1.3900	25	 1	top1	0.046	4.9e-09	  1.39000	1.65e-01
NA	/data/songy4/tes/output/weights_case//ENST00000544810.5.wgt.RDat	ENST00000544810.5	4	47935979	47971100	0.1188	rs4499679	 -2.241	rs12643755	 1.18e-02	  5.16	 0.8468	13	12	enet	0.085	1.9e-15	  1.25706	2.09e-01
NA	/data/songy4/tes/output/weights_case//ENST00000598794.1.wgt.RDat	ENST00000598794.1	4	75101477	75101943	0.0181	rs10518121	 -2.318	rs6816797	 5.56e-03	  3.69	-0.3158	16	 1	top1	0.0056	0.027	 -0.31579	7.52e-01
NA	/data/songy4/tes/output/weights_case//ENST00000495260.5.wgt.RDat	ENST00000495260.5	4	122196749	122239929	0.0262	rs6852589	  1.660	rs10518389	 1.14e-02	  3.24	-0.9505	14	 1	top1	0.011	0.0026	 -0.95050	3.42e-01
NA	/data/songy4/tes/output/weights_case//ENST00000470808.1.wgt.RDat	ENST00000470808.1	4	1739345	1741294	0.0300	rs3135123	  2.069	rs7668207	 2.00e-02	 -4.14	 0.1801	13	 5	enet	0.021	7.2e-05	 -0.11172	9.11e-01
NA	/data/songy4/tes/output/weights_case//ENST00000664496.1.wgt.RDat	ENST00000664496.1	4	143858976	143982144	0.0256	rs13102150	 -1.784	rs28924077	 1.59e-02	 -3.60	 1.3089	 7	 1	top1	0.016	0.00047	 -1.30890	1.91e-01
NA	/data/songy4/tes/output/weights_case//ENST00000358461.6.wgt.RDat	ENST00000358461.6	4	7758715	7939926	0.2589	rs17757615	  2.298	rs7356321	 1.66e-01	 11.60	 0.7184	67	 2	lasso	0.26	1.6e-48	 -0.12750	8.99e-01
NA	/data/songy4/tes/output/weights_case//ENST00000358519.8.wgt.RDat	ENST00000358519.8	4	47935979	47981502	0.1140	rs4499679	 -2.241	rs11725773	 6.84e-03	 -4.78	-0.8621	13	13	enet	0.078	2.9e-14	  1.21295	2.25e-01
NA	/data/songy4/tes/output/weights_case//ENST00000505448.3.wgt.RDat	ENST00000505448.3	4	8355090	8358338	0.0567	rs13135404	 -1.792	rs899491	 2.63e-02	  4.58	-0.8317	39	 4	lasso	0.03	2.4e-06	 -0.39820	6.90e-01
NA	/data/songy4/tes/output/weights_case//ENST00000541843.2.wgt.RDat	ENST00000541843.2	4	2914942	2928346	0.0259	rs1263345	 -4.521	rs12509340	 1.56e-02	  3.59	-0.7234	14	 1	top1	0.016	0.00053	 -0.72340	4.69e-01
NA	/data/songy4/tes/output/weights_case//ENST00000612220.4.wgt.RDat	ENST00000612220.4	4	1721490	1745176	0.0500	rs3135123	  2.069	rs7668207	 3.64e-02	 -5.36	 0.1801	14	12	enet	0.038	1.2e-07	 -0.21236	8.32e-01
NA	/data/songy4/tes/output/weights_case//ENST00000505447.5.wgt.RDat	ENST00000505447.5	4	7763222	7779187	0.1747	rs17757615	  2.298	rs6447872	 1.22e-01	 -9.59	 0.9439	64	 3	enet	0.15	9.6e-28	 -0.16354	8.70e-01
NA	/data/songy4/tes/output/weights_case//ENST00000542236.5.wgt.RDat	ENST00000542236.5	4	122732702	122744942	0.0324	rs6852589	  1.660	rs10518389	 5.98e-03	  3.57	-0.9505	12	 8	enet	0.011	0.0028	 -0.62222	5.34e-01
NA	/data/songy4/tes/output/weights_case//ENST00000665582.1.wgt.RDat	ENST00000665582.1	4	31997385	32228543	0.0466	rs7661647	 -0.954	rs1541548	 2.84e-02	  4.68	-0.6066	10	 2	lasso	0.033	6.4e-07	 -0.73273	4.64e-01
NA	/data/songy4/tes/output/weights_case//ENST00000423729.2.wgt.RDat	ENST00000423729.2	4	2059512	2069088	0.0228	rs612428	 -2.176	rs612973	 1.56e-02	 -3.50	-0.4808	17	 1	top1	0.016	0.00052	  0.48077	6.31e-01
NA	/data/songy4/tes/output/weights_case//ENST00000433139.6.wgt.RDat	ENST00000433139.6	4	4386538	4418999	0.1206	rs4279148	  2.000	rs4689329	 5.61e-02	  6.46	 1.6589	24	19	enet	0.092	1.2e-16	  1.37698	1.69e-01
NA	/data/songy4/tes/output/weights_case//ENST00000612914.1.wgt.RDat	ENST00000612914.1	4	3063472	3063701	0.1366	rs1263345	 -4.521	rs2298969	 6.28e-02	 -6.80	-1.1720	13	12	enet	0.11	3.6e-20	  2.02773	4.26e-02
NA	/data/songy4/tes/output/weights_case//ENST00000485989.6.wgt.RDat	ENST00000485989.6	4	1721500	1735747	0.0475	rs3135123	  2.069	rs7668207	 3.69e-02	 -5.37	 0.1801	14	 1	top1	0.037	1.6e-07	 -0.18012	8.57e-01
NA	/data/songy4/tes/output/weights_case//ENST00000433287.1.wgt.RDat	ENST00000433287.1	4	122732797	122742465	0.0274	rs6852589	  1.660	rs13109219	 1.27e-03	  3.17	-0.5259	12	 7	enet	0.007	0.015	 -0.39475	6.93e-01
NA	/data/songy4/tes/output/weights_case//ENST00000673452.1.wgt.RDat	ENST00000673452.1	4	145760721	145872212	0.0305	rs6537339	  1.580	rs10006257	 1.99e-02	  4.26	 0.0291	10	 1	top1	0.02	1e-04	  0.02913	9.77e-01
NA	/data/songy4/tes/output/weights_case//ENST00000273814.8.wgt.RDat	ENST00000273814.8	4	958887	973569	0.1255	rs1051613	 11.153	rs1051613	 1.11e-01	 -8.95	11.1531	17	 1	top1	0.11	6.1e-20	-11.15306	6.92e-29
NA	/data/songy4/tes/output/weights_case//ENST00000273857.9.wgt.RDat	ENST00000273857.9	4	47594001	47838067	0.0423	rs4499679	 -2.241	rs2457415	 1.97e-03	  3.13	 0.0000	16	 5	enet	0.015	0.00063	  1.38841	1.65e-01
NA	/data/songy4/tes/output/weights_case//ENST00000505506.1.wgt.RDat	ENST00000505506.1	4	9995669	10019075	0.0271	rs6814532	  0.978	rs4447863	-3.20e-04	  2.26	-0.5745	 4	 3	enet	0.014	0.00084	  0.92094	3.57e-01
NA	/data/songy4/tes/output/weights_case//ENST00000612691.1.wgt.RDat	ENST00000612691.1	4	7842688	7843837	0.1465	rs17757615	  2.298	rs7356321	 8.49e-02	  8.86	 0.7184	59	 2	lasso	0.14	1.2e-25	 -0.07099	9.43e-01
NA	/data/songy4/tes/output/weights_case//ENST00000505037.1.wgt.RDat	ENST00000505037.1	4	10292195	10292708	0.0655	rs4697648	 -1.660	rs4447863	 2.96e-02	 -5.92	-0.5745	 6	 6	enet	0.056	1.2e-10	 -0.42878	6.68e-01
NA	/data/songy4/tes/output/weights_case//ENST00000484651.5.wgt.RDat	ENST00000484651.5	4	1721519	1738350	0.0418	rs3135123	  2.069	rs7668207	 2.78e-02	 -4.77	 0.1801	14	13	enet	0.029	2.9e-06	 -0.35116	7.25e-01
NA	/data/songy4/tes/output/weights_case//ENST00000295955.13.wgt.RDat	ENST00000295955.13	4	39454124	39458948	0.0173	rs2066789	  2.221	rs17508078	 2.58e-03	 -2.69	-1.3059	 6	 5	enet	0.01	0.0046	  1.24132	2.14e-01
NA	/data/songy4/tes/output/weights_case//ENST00000264867.7.wgt.RDat	ENST00000264867.7	4	23792021	23890047	0.0443	rs2324153	  2.270	rs2946394	 1.49e-02	 -3.87	 0.3960	24	 3	lasso	0.024	2.1e-05	 -0.46268	6.44e-01
NA	/data/songy4/tes/output/weights_case//ENST00000617535.4.wgt.RDat	ENST00000617535.4	4	1721545	1745168	0.0440	rs3135123	  2.069	rs7668207	 3.17e-02	 -5.02	 0.1801	14	 1	top1	0.032	1.2e-06	 -0.18012	8.57e-01
NA	/data/songy4/tes/output/weights_case//ENST00000504969.1.wgt.RDat	ENST00000504969.1	4	1113639	1132950	0.0344	rs1051613	 11.153	rs6840253	 2.65e-03	 -3.31	 3.5472	19	 1	top1	0.0026	0.091	 -3.54717	3.89e-04
NA	/data/songy4/tes/output/weights_case//ENST00000295461.10.wgt.RDat	ENST00000295461.10	4	48016772	48040173	0.0783	rs4499679	 -2.241	rs33964061	 4.25e-02	 -5.74	 0.1789	10	 9	enet	0.056	1.1e-10	  1.23054	2.18e-01
NA	/data/songy4/tes/output/weights_case//ENST00000295297.4.wgt.RDat	ENST00000295297.4	4	15339936	15446165	0.2809	rs4698412	-11.011	rs2302467	 1.43e-01	-10.75	-0.4105	22	 5	lasso	0.29	7.6e-55	  0.17819	8.59e-01
NA	/data/songy4/tes/output/weights_case//ENST00000295454.8.wgt.RDat	ENST00000295454.8	4	47031567	47426447	0.0235	rs4499679	 -2.241	rs6829033	 5.74e-03	  3.62	-0.9789	13	 4	enet	0.0079	0.01	 -1.57944	1.14e-01
NA	/data/songy4/tes/output/weights_case//ENST00000486985.6.wgt.RDat	ENST00000486985.6	4	86067836	86117853	0.0194	rs744597	 -1.510	rs1481779	 1.69e-02	  3.69	-0.9683	 9	 3	enet	0.022	5.2e-05	 -1.65350	9.82e-02
NA	/data/songy4/tes/output/weights_case//ENST00000424120.5.wgt.RDat	ENST00000424120.5	4	15469865	15601557	0.0889	rs4698412	-11.011	rs2302467	 6.99e-02	 -7.40	-0.4105	20	11	enet	0.077	4.3e-14	 -0.40123	6.88e-01
NA	/data/songy4/tes/output/weights_case//ENST00000664062.1.wgt.RDat	ENST00000664062.1	4	3049094	3074538	0.1987	rs1263345	 -4.521	rs2298969	 9.06e-02	 -8.12	-1.1720	13	 9	enet	0.19	2e-34	  2.45210	1.42e-02
NA	/data/songy4/tes/output/weights_case//ENST00000355443.9.wgt.RDat	ENST00000355443.9	4	2930567	2934825	0.0272	rs1263345	 -4.521	rs12509340	 1.04e-02	  3.11	-0.7234	14	 1	top1	0.01	0.0039	 -0.72340	4.69e-01
NA	/data/songy4/tes/output/weights_case//ENST00000614385.1.wgt.RDat	ENST00000614385.1	4	7809439	7816048	0.1844	rs17757615	  2.298	rs7356321	 1.08e-01	  9.60	 0.7184	59	 3	lasso	0.17	5.4e-31	 -0.13110	8.96e-01
NA	/data/songy4/tes/output/weights_case//ENST00000647962.1.wgt.RDat	ENST00000647962.1	4	3041422	3073479	0.1131	rs1263345	 -4.521	rs2298969	 5.53e-02	 -6.42	-1.1720	13	 9	enet	0.085	1.9e-15	  1.37418	1.69e-01
NA	/data/songy4/tes/output/weights_case//ENST00000505909.5.wgt.RDat	ENST00000505909.5	4	47595721	47837949	0.0730	rs4499679	 -2.241	rs11725773	 1.07e-02	 -4.80	-0.8621	16	12	enet	0.035	4e-07	  0.93043	3.52e-01
NA	/data/songy4/tes/output/weights_case//ENST00000470136.2.wgt.RDat	ENST00000470136.2	4	1728404	1735834	0.0448	rs3135123	  2.069	rs7668207	 3.02e-02	 -4.95	 0.1801	14	13	enet	0.032	1.2e-06	 -0.31174	7.55e-01
NA	/data/songy4/tes/output/weights_case//ENST00000506118.1.wgt.RDat	ENST00000506118.1	4	47942917	47952689	0.0520	rs4499679	 -2.241	rs12643755	 2.38e-02	  4.38	 0.8468	13	 4	lasso	0.033	8.3e-07	  0.92625	3.54e-01
NA	/data/songy4/tes/output/weights_case//ENST00000360265.8.wgt.RDat	ENST00000360265.8	4	7758714	7872313	0.2497	rs17757615	  2.298	rs6447872	 1.59e-01	-11.34	 0.9439	67	 2	lasso	0.25	9.4e-46	 -0.14071	8.88e-01
NA	/data/songy4/tes/output/weights_case//ENST00000290974.6.wgt.RDat	ENST00000290974.6	4	2269598	2418663	0.0298	rs612428	 -2.176	rs7461	 1.10e-02	 -3.80	-1.8081	19	 3	enet	0.017	0.00026	  0.76045	4.47e-01
NA	/data/songy4/tes/output/weights_case//ENST00000435205.6.wgt.RDat	ENST00000435205.6	4	151409176	151670503	0.0163	rs12509302	 -0.630	rs11946839	 1.07e-04	 -2.85	-0.3298	 4	 3	enet	0.004	0.05	  0.61182	5.41e-01
NA	/data/songy4/tes/output/weights_case//ENST00000506077.1.wgt.RDat	ENST00000506077.1	4	10284961	10285708	0.0784	rs4697648	 -1.660	rs1860910	 3.33e-02	 -6.07	-0.7917	 6	 6	enet	0.067	2.1e-12	 -0.15846	8.74e-01
NA	/data/songy4/tes/output/weights_case//ENST00000649900.1.wgt.RDat	ENST00000649900.1	4	3041562	3087022	0.0263	NA	     NA	NA	       NA	    NA	     NA	13	 0	top1	0.027	6.8e-06	       NA	      NA
NA	/data/songy4/tes/output/weights_case//ENST00000506055.5.wgt.RDat	ENST00000506055.5	4	23795698	23890032	0.0315	rs2324153	  2.270	rs2946394	 1.89e-02	 -3.93	 0.3960	24	 1	top1	0.019	0.00015	 -0.39604	6.92e-01
NA	/data/songy4/tes/output/weights_case//ENST00000615297.1.wgt.RDat	ENST00000615297.1	4	83369416	83369523	0.0349	rs4693026	 -2.358	rs6840169	 1.38e-02	 -3.85	-0.3514	16	 2	lasso	0.032	9.1e-07	  0.57726	5.64e-01
NA	/data/songy4/tes/output/weights_case//ENST00000508221.5.wgt.RDat	ENST00000508221.5	4	2930603	2934815	0.0279	rs1263345	 -4.521	rs12509340	 1.04e-02	  3.11	-0.7234	14	 1	top1	0.01	0.0038	 -0.72340	4.69e-01
NA	/data/songy4/tes/output/weights_case//ENST00000659613.1.wgt.RDat	ENST00000659613.1	4	31997379	32155820	0.0582	rs7661647	 -0.954	rs1541548	 3.60e-02	  5.30	-0.6066	10	 1	top1	0.036	2.3e-07	 -0.60656	5.44e-01
NA	/data/songy4/tes/output/weights_case//ENST00000508184.5.wgt.RDat	ENST00000508184.5	4	2339517	2406665	0.0264	rs612428	 -2.176	rs7461	 4.84e-03	 -3.39	-1.8081	16	 3	enet	0.011	0.0037	  0.72066	4.71e-01
NA	/data/songy4/tes/output/weights_case//ENST00000623323.1.wgt.RDat	ENST00000623323.1	4	145830456	145832980	0.0289	rs6537339	  1.580	rs10006257	 4.71e-03	  3.04	 0.0291	10	 2	lasso	0.0058	0.024	 -0.68643	4.92e-01
NA	/data/songy4/tes/output/weights_case//ENST00000609724.1.wgt.RDat	ENST00000609724.1	4	15563698	15564253	0.0670	rs4698412	-11.011	rs2302467	 6.42e-02	 -6.98	-0.4105	20	 2	enet	0.065	4.3e-12	  0.29630	7.67e-01
NA	/data/songy4/tes/output/weights_case//ENST00000508198.5.wgt.RDat	ENST00000508198.5	4	151409216	151566258	0.0178	rs4835617	 -0.481	rs11946839	 1.02e-02	 -3.75	-0.3298	 3	 1	top1	0.01	0.0042	  0.32979	7.42e-01
NA	/data/songy4/tes/output/weights_case//ENST00000508180.1.wgt.RDat	ENST00000508180.1	4	48016772	48035613	0.0399	rs4499679	 -2.241	rs33964061	 4.40e-03	 -4.36	 0.1789	10	 5	enet	0.019	0.00013	  0.81205	4.17e-01
NA	/data/songy4/tes/output/weights_case//ENST00000651472.1.wgt.RDat	ENST00000651472.1	4	1721078	1745127	0.0422	rs3135123	  2.069	rs7668207	 3.25e-02	 -5.05	 0.1801	14	 1	top1	0.032	8.7e-07	 -0.18012	8.57e-01
NA	/data/songy4/tes/output/weights_case//ENST00000652344.1.wgt.RDat	ENST00000652344.1	4	119444948	119451235	0.0264	rs6828669	  1.276	rs6828669	 2.09e-02	 -4.08	 1.2755	 7	 3	enet	0.022	4.9e-05	 -1.46301	1.43e-01
NA	/data/songy4/tes/output/weights_case//ENST00000504470.2.wgt.RDat	ENST00000504470.2	4	39454624	39458923	0.0159	NA	     NA	NA	       NA	    NA	     NA	 6	 0	lasso	0.0059	0.023	       NA	      NA
NA	/data/songy4/tes/output/weights_case//ENST00000482114.1.wgt.RDat	ENST00000482114.1	4	122209174	122227747	0.0269	rs6852589	  1.660	rs10518389	 1.15e-05	  3.12	-0.9505	14	 3	lasso	0.0011	0.19	 -0.88391	3.77e-01
NA	/data/songy4/tes/output/weights_case//ENST00000642529.1.wgt.RDat	ENST00000642529.1	4	124501	202303	0.0231	rs6840253	  3.547	rs6819316	 2.11e-02	  4.16	 1.4266	 8	 1	top1	0.021	6.4e-05	  1.42657	1.54e-01
NA	/data/songy4/tes/output/weights_case//ENST00000660373.1.wgt.RDat	ENST00000660373.1	4	31997379	32228527	0.0460	rs7661647	 -0.954	rs1541548	 2.86e-02	  4.69	-0.6066	10	 2	lasso	0.033	7.6e-07	 -0.72670	4.67e-01
NA	/data/songy4/tes/output/weights_case//ENST00000667252.1.wgt.RDat	ENST00000667252.1	4	31997745	32228541	0.0608	rs7661647	 -0.954	rs1541548	 3.74e-02	  5.30	-0.6066	10	 8	enet	0.04	5e-08	 -0.62871	5.30e-01
NA	/data/songy4/tes/output/weights_case//ENST00000507579.1.wgt.RDat	ENST00000507579.1	4	39133913	39135608	0.0291	rs6812418	  2.881	rs2066789	 1.78e-02	 -3.88	 2.2212	 9	 1	top1	0.018	0.00022	 -2.22124	2.63e-02
NA	/data/songy4/tes/output/weights_case//ENST00000652378.1.wgt.RDat	ENST00000652378.1	4	17586267	17614585	0.0243	rs740672	  3.316	rs740672	 1.94e-03	  3.08	 3.3158	15	 6	enet	0.012	0.0021	  1.99618	4.59e-02
NA	/data/songy4/tes/output/weights_case//ENST00000442707.1.wgt.RDat	ENST00000442707.1	4	122339221	122344611	0.0233	rs6852589	  1.660	rs10518389	 1.06e-02	  3.19	-0.9505	12	 1	top1	0.011	0.0035	 -0.95050	3.42e-01
NA	/data/songy4/tes/output/weights_case//ENST00000623059.1.wgt.RDat	ENST00000623059.1	4	7939001	7940295	0.2201	rs6855453	 -2.105	rs7356321	 1.97e-01	 11.86	 0.7184	48	 2	lasso	0.25	3.8e-46	  0.03504	9.72e-01
NA	/data/songy4/tes/output/weights_case//ENST00000660368.1.wgt.RDat	ENST00000660368.1	4	3049166	3074513	0.1855	rs1263345	 -4.521	rs2298969	 8.29e-02	 -7.75	-1.1720	13	11	enet	0.18	8.5e-32	  2.14533	3.19e-02
NA	/data/songy4/tes/output/weights_case//ENST00000508276.1.wgt.RDat	ENST00000508276.1	4	2931140	2931936	0.0278	rs1263345	 -4.521	rs12509340	 1.09e-02	  3.10	-0.7234	13	 1	top1	0.011	0.0032	 -0.72340	4.69e-01
NA	/data/songy4/tes/output/weights_case//ENST00000314218.8.wgt.RDat	ENST00000314218.8	4	122732704	122744939	0.0311	rs6852589	  1.660	rs10518389	 6.54e-03	  3.62	-0.9505	12	 7	enet	0.012	0.0022	 -0.71230	4.76e-01
NA	/data/songy4/tes/output/weights_case//ENST00000344733.9.wgt.RDat	ENST00000344733.9	4	3314147	3439905	0.1225	rs1263345	 -4.521	rs2298969	 3.64e-02	  5.27	-0.9748	17	14	enet	0.077	3.6e-14	 -0.41516	6.78e-01
NA	/data/songy4/tes/output/weights_case//ENST00000507880.1.wgt.RDat	ENST00000507880.1	4	201409	205009	0.0620	rs6840253	  3.547	rs6819316	 3.77e-02	 -5.30	 1.4266	 8	 6	enet	0.051	8.8e-10	 -0.23359	8.15e-01
NA	/data/songy4/tes/output/weights_case//ENST00000504171.1.wgt.RDat	ENST00000504171.1	4	4387105	4417879	0.1080	rs4279148	  2.000	rs4689329	 5.36e-02	  6.43	 1.6589	24	15	enet	0.083	3.2e-15	  1.67051	9.48e-02
NA	/data/songy4/tes/output/weights_case//ENST00000659781.1.wgt.RDat	ENST00000659781.1	4	141321239	141357096	0.0289	rs6817684	 -2.278	rs17377206	-1.09e-03	 -2.85	 2.0148	20	 2	lasso	0.00095	0.2	 -2.14446	3.20e-02
NA	/data/songy4/tes/output/weights_case//ENST00000507954.5.wgt.RDat	ENST00000507954.5	4	15469903	15481290	0.2204	rs4698412	-11.011	rs2302467	 1.32e-01	 -9.78	-0.4105	14	 6	enet	0.21	5.6e-39	  0.93697	3.49e-01
NA	/data/songy4/tes/output/weights_case//ENST00000504194.5.wgt.RDat	ENST00000504194.5	4	3385971	3439905	0.0539	rs1263345	 -4.521	rs6446740	 1.16e-02	  3.89	 1.1856	16	10	enet	0.026	1.1e-05	  0.33438	7.38e-01
NA	/data/songy4/tes/output/weights_case//ENST00000313288.9.wgt.RDat	ENST00000313288.9	4	1721521	1745171	0.0434	rs3135123	  2.069	rs7668207	 3.16e-02	 -5.00	 0.1801	14	 1	top1	0.032	1.2e-06	 -0.18012	8.57e-01
NA	/data/songy4/tes/output/weights_case//ENST00000642955.1.wgt.RDat	ENST00000642955.1	4	108808725	109302752	0.0317	rs4956063	 -2.235	rs219467	 7.95e-05	 -2.47	-0.6176	28	 2	lasso	0.0022	0.11	  0.36720	7.13e-01
NA	/data/songy4/tes/output/weights_case//ENST00000507797.1.wgt.RDat	ENST00000507797.1	4	109346326	109347459	0.0271	rs4956063	 -2.235	rs4956041	-1.42e-03	  2.97	-1.0089	18	10	enet	0.01	0.004	 -0.75680	4.49e-01
NA	/data/songy4/tes/output/weights_case//ENST00000508115.1.wgt.RDat	ENST00000508115.1	4	47851057	47877144	0.0759	rs4499679	 -2.241	rs2457415	 2.57e-03	  4.08	 0.0000	13	10	enet	0.041	3e-08	  1.11735	2.64e-01
NA	/data/songy4/tes/output/weights_case//ENST00000400151.6.wgt.RDat	ENST00000400151.6	4	705784	734479	0.0336	rs1051613	 11.153	rs6837180	 2.04e-02	  4.26	-0.7857	14	 1	top1	0.02	8.4e-05	 -0.78571	4.32e-01
NA	/data/songy4/tes/output/weights_case//ENST00000466077.1.wgt.RDat	ENST00000466077.1	4	1730803	1737645	0.0429	rs3135123	  2.069	rs7668207	 2.69e-02	 -4.64	 0.1801	14	14	enet	0.03	1.9e-06	 -0.09057	9.28e-01
NA	/data/songy4/tes/output/weights_case//ENST00000652083.2.wgt.RDat	ENST00000652083.2	4	32005076	32022483	0.0232	rs7661647	 -0.954	rs1541548	 7.73e-03	  3.73	-0.6066	 8	 2	lasso	0.013	0.0016	 -0.68703	4.92e-01
NA	/data/songy4/tes/output/weights_case//ENST00000652070.1.wgt.RDat	ENST00000652070.1	4	999710	1004505	0.0334	rs1051613	 11.153	rs1051613	 3.55e-02	 -5.40	11.1531	17	 1	top1	0.036	2.8e-07	-11.15306	6.92e-29
NA	/data/songy4/tes/output/weights_case//ENST00000311277.9.wgt.RDat	ENST00000311277.9	4	155342658	155376965	0.0248	NA	     NA	NA	       NA	    NA	     NA	17	 0	enet	0.012	0.0024	       NA	      NA
NA	/data/songy4/tes/output/weights_case//ENST00000652097.1.wgt.RDat	ENST00000652097.1	4	145760775	145938422	0.0203	rs6537339	  1.580	rs10006257	 1.35e-02	  3.76	 0.0291	11	 1	top1	0.014	0.0012	  0.02913	9.77e-01
NA	/data/songy4/tes/output/weights_case//ENST00000651817.1.wgt.RDat	ENST00000651817.1	4	1728413	1745095	0.0381	rs3135123	  2.069	rs7668207	 2.46e-02	 -4.44	 0.1801	14	10	enet	0.03	2.2e-06	 -0.00837	9.93e-01
NA	/data/songy4/tes/output/weights_case//ENST00000421930.6.wgt.RDat	ENST00000421930.6	4	122309266	122316794	0.0263	rs6852589	  1.660	rs10518389	 3.31e-03	  3.06	-0.9505	12	 1	top1	0.0033	0.068	 -0.95050	3.42e-01
NA	/data/songy4/tes/output/weights_case//ENST00000508338.1.wgt.RDat	ENST00000508338.1	4	2814834	2818225	0.0264	rs1263345	 -4.521	rs12509340	 1.53e-02	  3.62	-0.7234	12	 1	top1	0.015	0.00058	 -0.72340	4.69e-01
NA	/data/songy4/tes/output/weights_case//ENST00000507489.2.wgt.RDat	ENST00000507489.2	4	47847240	47914583	0.0847	rs4499679	 -2.241	rs12643755	 4.73e-03	  4.39	 0.8468	13	10	enet	0.048	2.5e-09	  1.08808	2.77e-01
NA	/data/songy4/tes/output/weights_case//ENST00000652443.1.wgt.RDat	ENST00000652443.1	4	15479216	15481713	0.2280	rs4698412	-11.011	rs2302467	 1.22e-01	 -9.39	-0.4105	14	 6	enet	0.21	3.8e-38	  1.54243	1.23e-01
NA	/data/songy4/tes/output/weights_case//ENST00000651385.1.wgt.RDat	ENST00000651385.1	4	15479216	15540276	0.1900	rs4698412	-11.011	rs2302467	 1.35e-01	 -9.91	-0.4105	20	 2	lasso	0.18	1.4e-32	  0.09279	9.26e-01
NA	/data/songy4/tes/output/weights_case//ENST00000508415.1.wgt.RDat	ENST00000508415.1	4	7788607	7793812	0.1623	rs17757615	  2.298	rs7356321	 9.69e-02	  9.45	 0.7184	60	10	enet	0.18	7.9e-32	  0.16825	8.66e-01
NA	/data/songy4/tes/output/weights_case//ENST00000507555.1.wgt.RDat	ENST00000507555.1	4	2930611	2934834	0.0277	rs1263345	 -4.521	rs12509340	 1.03e-02	  3.10	-0.7234	14	 1	top1	0.01	0.004	 -0.72340	4.69e-01
NA	/data/songy4/tes/output/weights_case//ENST00000642060.1.wgt.RDat	ENST00000642060.1	4	86010431	86360053	0.0215	rs744597	 -1.510	rs4693701	-9.05e-04	  2.82	 0.5804	10	 6	enet	0.012	0.0024	  0.78421	4.33e-01
NA	/data/songy4/tes/output/weights_case//ENST00000464756.6.wgt.RDat	ENST00000464756.6	4	47847240	47914636	0.0863	rs4499679	 -2.241	rs12643755	 4.58e-03	  4.42	 0.8468	13	10	enet	0.048	2.3e-09	  1.08814	2.77e-01
