PANEL	FILE	ID	CHR	P0	P1	HSQ	BEST.GWAS.ID	BEST.GWAS.Z	EQTL.ID	EQTL.R2	EQTL.Z	EQTL.GWAS.Z	NSNP	NWGT	MODEL	MODELCV.R2	MODELCV.PV	TWAS.Z	TWAS.P
NA	/data/songy4/tes/output/weights_case//ENST00000225538.4.wgt.RDat	ENST00000225538.4	17	3896592	3916465	0.0536	rs3744678	-2.49	rs9904113	 2.53e-02	 -5.68	-0.0841	25	 2	enet	0.067	1.6e-12	-0.3571	7.21e-01
NA	/data/songy4/tes/output/weights_case//ENST00000670968.1.wgt.RDat	ENST00000670968.1	17	40833112	40835082	0.0152	rs9900213	-2.15	rs2593595	 2.18e-03	 -2.89	 0.0583	 3	 3	enet	0.0069	0.016	 0.0183	9.85e-01
NA	/data/songy4/tes/output/weights_case//ENST00000323164.7.wgt.RDat	ENST00000323164.7	17	3310311	3311216	0.0450	rs3744678	-2.49	rs923376	 6.07e-03	 -3.67	-1.7273	33	 9	enet	0.026	1.1e-05	 0.9153	3.60e-01
NA	/data/songy4/tes/output/weights_case//ENST00000622892.4.wgt.RDat	ENST00000622892.4	17	42833142	42843758	0.0228	NA	   NA	NA	       NA	    NA	     NA	 0	 0	enet	0.00023	0.28	     NA	      NA
NA	/data/songy4/tes/output/weights_case//ENST00000671173.1.wgt.RDat	ENST00000671173.1	17	17033531	17042305	0.0197	rs8072402	 1.83	rs7214091	 3.40e-03	 -2.98	 0.0345	14	 1	top1	0.0034	0.065	-0.0345	9.72e-01
NA	/data/songy4/tes/output/weights_case//ENST00000206020.8.wgt.RDat	ENST00000206020.8	17	4959226	4967817	0.0228	rs35773449	 2.96	rs7217186	 8.39e-04	  3.27	 2.6058	18	 6	enet	0.016	0.00047	-0.7456	4.56e-01
NA	/data/songy4/tes/output/weights_case//ENST00000398832.2.wgt.RDat	ENST00000398832.2	17	32141226	32143135	0.0342	rs1388164	-2.28	rs11650439	-1.20e-03	  2.94	 0.6395	41	21	enet	0.0032	0.071	-0.2488	8.04e-01
NA	/data/songy4/tes/output/weights_case//ENST00000625174.1.wgt.RDat	ENST00000625174.1	17	45592621	45593369	0.0415	rs12603843	-2.08	rs11079764	 2.74e-02	 -4.83	 1.1553	15	 1	top1	0.027	5.9e-06	-1.1553	2.48e-01
NA	/data/songy4/tes/output/weights_case//ENST00000250101.10.wgt.RDat	ENST00000250101.10	17	6641060	6644541	0.0396	rs222836	-3.12	rs7503953	-1.37e-03	 -3.51	-0.0935	32	 9	enet	0.017	0.00037	 0.1107	9.12e-01
NA	/data/songy4/tes/output/weights_case//ENST00000321560.4.wgt.RDat	ENST00000321560.4	17	17200995	17206333	0.0331	NA	   NA	NA	       NA	    NA	     NA	15	 0	top1	0.018	0.00023	     NA	      NA
NA	/data/songy4/tes/output/weights_case//ENST00000399264.1.wgt.RDat	ENST00000399264.1	17	16690249	16707398	0.0525	rs3813769	-3.01	rs8074984	 2.61e-04	  3.21	-0.0388	15	11	enet	0.035	4e-07	-2.0902	3.66e-02
NA	/data/songy4/tes/output/weights_case//ENST00000320785.10.wgt.RDat	ENST00000320785.10	17	4997950	5028401	0.0225	rs35773449	 2.96	rs2304973	-1.21e-03	  2.99	-0.8587	18	 6	lasso	0.0016	0.15	 0.8647	3.87e-01
NA	/data/songy4/tes/output/weights_case//ENST00000623598.1.wgt.RDat	ENST00000623598.1	17	14028741	14030657	0.0509	rs11658577	 1.70	rs9912146	 1.99e-02	  4.27	-0.9167	49	 1	top1	0.02	1e-04	-0.9167	3.59e-01
NA	/data/songy4/tes/output/weights_case//ENST00000669595.1.wgt.RDat	ENST00000669595.1	17	21529286	21551680	0.0190	rs7219901	 0.65	rs4986049	 1.07e-02	  3.38	 0.5322	 4	 4	enet	0.011	0.0034	 0.0968	9.23e-01
NA	/data/songy4/tes/output/weights_case//ENST00000250056.12.wgt.RDat	ENST00000250056.12	17	6444441	6451065	0.0334	rs218676	-1.80	rs17728437	 7.40e-03	 -3.57	 1.3068	41	 2	lasso	0.01	0.0045	-1.1217	2.62e-01
NA	/data/songy4/tes/output/weights_case//ENST00000399096.2.wgt.RDat	ENST00000399096.2	17	18975710	19003780	0.0341	rs2472709	-2.35	rs2472712	-5.23e-04	  3.29	 0.2643	12	 8	enet	0.015	0.00063	 0.8465	3.97e-01
NA	/data/songy4/tes/output/weights_case//ENST00000250066.6.wgt.RDat	ENST00000250066.6	17	5128392	5175034	0.0574	rs4790738	 2.46	rs2585266	 5.35e-02	  6.51	-0.8962	15	 1	top1	0.054	3e-10	-0.8962	3.70e-01
NA	/data/songy4/tes/output/weights_case//ENST00000399091.1.wgt.RDat	ENST00000399091.1	17	19092974	19094307	0.0272	rs2472709	-2.35	rs9916099	 7.85e-03	  3.45	 0.4911	11	 1	top1	0.0079	0.011	 0.4911	6.23e-01
NA	/data/songy4/tes/output/weights_case//ENST00000225728.8.wgt.RDat	ENST00000225728.8	17	6643311	6651605	0.0301	rs222836	-3.12	rs9889620	-1.38e-03	 -3.15	-1.2293	31	 7	enet	0.0091	0.0064	 0.0569	9.55e-01
NA	/data/songy4/tes/output/weights_case//ENST00000225655.5.wgt.RDat	ENST00000225655.5	17	4945652	4949014	0.0281	rs35773449	 2.96	rs17823987	 1.73e-03	 -3.22	 2.1549	19	 7	enet	0.0099	0.0048	-0.9416	3.46e-01
NA	/data/songy4/tes/output/weights_case//ENST00000323404.2.wgt.RDat	ENST00000323404.2	17	3291017	3298360	0.0523	rs3744678	-2.49	rs11657822	 1.10e-03	  3.34	 1.2000	35	19	enet	0.024	1.9e-05	 0.8660	3.87e-01
NA	/data/songy4/tes/output/weights_case//ENST00000225665.12.wgt.RDat	ENST00000225665.12	17	4937130	4940046	0.0337	rs35773449	 2.96	rs2304973	 5.08e-03	  3.69	-0.8587	19	 4	lasso	0.013	0.0013	 0.1623	8.71e-01
NA	/data/songy4/tes/output/weights_case//ENST00000345041.4.wgt.RDat	ENST00000345041.4	17	18971068	19004238	0.0345	rs2472709	-2.35	rs2472712	 4.66e-03	  3.36	 0.2643	12	 8	enet	0.019	0.00014	 0.5202	6.03e-01
NA	/data/songy4/tes/output/weights_case//ENST00000384007.1.wgt.RDat	ENST00000384007.1	17	47557413	47557514	0.0335	rs9303554	-1.90	rs2537710	 7.63e-03	 -4.14	 0.1942	17	11	enet	0.014	0.00085	 0.1366	8.91e-01
NA	/data/songy4/tes/output/weights_case//ENST00000381311.9.wgt.RDat	ENST00000381311.9	17	4967997	4987650	0.0213	rs35773449	 2.96	rs748694	 2.73e-03	 -2.95	-2.1649	18	 1	top1	0.0027	0.088	 2.1649	3.04e-02
NA	/data/songy4/tes/output/weights_case//ENST00000347992.11.wgt.RDat	ENST00000347992.11	17	4833400	4898054	0.0249	rs35773449	 2.96	rs748694	 2.01e-03	 -3.49	-2.1649	25	 3	lasso	0.0052	0.03	 0.2820	7.78e-01
NA	/data/songy4/tes/output/weights_case//ENST00000381556.6.wgt.RDat	ENST00000381556.6	17	4538897	4555386	0.0217	rs35773449	 2.96	rs35773449	 6.25e-03	 -3.40	 2.9624	26	 2	lasso	0.0076	0.012	-2.7763	5.50e-03
NA	/data/songy4/tes/output/weights_case//ENST00000382061.4.wgt.RDat	ENST00000382061.4	17	1743026	1755268	0.0559	rs17626180	 1.78	rs5030755	 1.17e-02	  3.90	 0.4211	24	 9	enet	0.035	2.9e-07	 0.9264	3.54e-01
NA	/data/songy4/tes/output/weights_case//ENST00000348066.8.wgt.RDat	ENST00000348066.8	17	4967997	4987675	0.0208	rs35773449	 2.96	rs748694	 2.81e-03	 -2.95	-2.1649	18	 1	top1	0.0028	0.085	 2.1649	3.04e-02
NA	/data/songy4/tes/output/weights_case//ENST00000354194.4.wgt.RDat	ENST00000354194.4	17	4785285	4786433	0.0494	rs35773449	 2.96	rs8073779	 2.49e-02	 -4.51	 0.6917	26	 1	top1	0.025	1.5e-05	-0.6917	4.89e-01
NA	/data/songy4/tes/output/weights_case//ENST00000650312.1.wgt.RDat	ENST00000650312.1	17	62910021	62966583	0.0288	rs12953276	-2.20	rs12943037	-7.47e-04	 -3.40	-1.2056	10	 9	enet	0.015	0.00063	-0.2788	7.80e-01
NA	/data/songy4/tes/output/weights_case//ENST00000352993.7.wgt.RDat	ENST00000352993.7	17	43044295	43125370	0.0171	rs17682536	 3.05	rs9944407	 5.92e-03	 -3.00	 1.9464	 7	 4	enet	0.011	0.0035	-0.5102	6.10e-01
NA	/data/songy4/tes/output/weights_case//ENST00000355035.9.wgt.RDat	ENST00000355035.9	17	7101322	7114653	0.0922	rs222836	-3.12	rs314239	 5.65e-02	  6.66	-0.5204	29	13	enet	0.06	2.9e-11	-0.1687	8.66e-01
NA	/data/songy4/tes/output/weights_case//ENST00000636369.1.wgt.RDat	ENST00000636369.1	17	81125883	81125949	0.0139	rs754639	-1.50	rs9675039	 4.95e-03	  3.13	 1.3259	 3	 2	enet	0.012	0.0022	 1.7259	8.44e-02
NA	/data/songy4/tes/output/weights_case//ENST00000650571.1.wgt.RDat	ENST00000650571.1	17	43483960	43590741	0.0191	NA	   NA	NA	       NA	    NA	     NA	 6	 0	enet	0.0068	0.016	     NA	      NA
NA	/data/songy4/tes/output/weights_case//ENST00000340196.8.wgt.RDat	ENST00000340196.8	17	20321164	20338086	0.0283	rs7220378	 1.91	rs17762379	 2.79e-02	  4.58	-1.1308	 4	 1	top1	0.028	5e-06	-1.1308	2.58e-01
NA	/data/songy4/tes/output/weights_case//ENST00000652925.1.wgt.RDat	ENST00000652925.1	17	21529258	21574403	0.0184	rs7219901	 0.65	rs4986049	 1.02e-02	  3.35	 0.5322	 4	 1	top1	0.01	0.0041	 0.5322	5.95e-01
NA	/data/songy4/tes/output/weights_case//ENST00000652924.1.wgt.RDat	ENST00000652924.1	17	14028891	14069479	0.0499	rs11658577	 1.70	rs9912146	 2.13e-02	  4.37	-0.9167	49	 1	top1	0.021	5.9e-05	-0.9167	3.59e-01
NA	/data/songy4/tes/output/weights_case//ENST00000340898.6.wgt.RDat	ENST00000340898.6	17	20743333	20754501	0.0193	rs7220378	 1.91	rs4273102	-7.49e-04	  3.05	-0.9840	 8	 2	enet	0.0026	0.092	-0.9542	3.40e-01
NA	/data/songy4/tes/output/weights_case//ENST00000653162.1.wgt.RDat	ENST00000653162.1	17	14028710	14069489	0.0485	rs11658577	 1.70	rs9912146	 1.95e-02	  4.24	-0.9167	49	 1	top1	0.019	0.00012	-0.9167	3.59e-01
NA	/data/songy4/tes/output/weights_case//ENST00000340621.9.wgt.RDat	ENST00000340621.9	17	16690232	16712148	0.0800	rs3813769	-3.01	rs8074984	 8.22e-03	  4.31	-0.0388	15	14	enet	0.054	2.2e-10	-2.1366	3.26e-02
NA	/data/songy4/tes/output/weights_case//ENST00000641936.1.wgt.RDat	ENST00000641936.1	17	18722023	18736118	0.0204	rs2472709	-2.35	rs4441330	 1.31e-02	 -3.50	 2.3396	10	 1	top1	0.013	0.0014	-2.3396	1.93e-02
NA	/data/songy4/tes/output/weights_case//ENST00000659114.1.wgt.RDat	ENST00000659114.1	17	14031640	14069489	0.0486	rs11658577	 1.70	rs9912146	 2.33e-02	  4.50	-0.9167	49	 1	top1	0.023	2.8e-05	-0.9167	3.59e-01
NA	/data/songy4/tes/output/weights_case//ENST00000361571.9.wgt.RDat	ENST00000361571.9	17	4967997	4987370	0.0224	rs35773449	 2.96	rs748694	-5.62e-04	 -2.81	-2.1649	18	 6	lasso	0.0026	0.092	 0.2475	8.05e-01
NA	/data/songy4/tes/output/weights_case//ENST00000361413.8.wgt.RDat	ENST00000361413.8	17	6578147	6640711	0.0375	rs222836	-3.12	rs9891085	-8.12e-04	  2.92	-0.6422	32	18	enet	0.0023	0.1	 0.7262	4.68e-01
NA	/data/songy4/tes/output/weights_case//ENST00000364880.2.wgt.RDat	ENST00000364880.2	17	19063919	19064136	0.0478	rs2472709	-2.35	rs2472709	 2.69e-02	 -4.52	-2.3516	11	 1	top1	0.027	7.1e-06	 2.3516	1.87e-02
NA	/data/songy4/tes/output/weights_case//ENST00000644379.1.wgt.RDat	ENST00000644379.1	17	43045086	43091851	0.0191	rs17682536	 3.05	rs9944407	 8.30e-03	 -3.41	 1.9464	 7	 2	lasso	0.012	0.002	-1.2971	1.95e-01
NA	/data/songy4/tes/output/weights_case//ENST00000643806.1.wgt.RDat	ENST00000643806.1	17	40642896	40647824	0.0189	rs9900213	-2.15	rs4796765	 7.36e-03	  2.89	 0.1898	 7	 1	top1	0.0074	0.013	 0.1898	8.49e-01
NA	/data/songy4/tes/output/weights_case//ENST00000647872.1.wgt.RDat	ENST00000647872.1	17	21528310	21551680	0.0167	rs7219901	 0.65	rs4986049	 8.91e-03	  3.16	 0.5322	 4	 3	enet	0.0093	0.0059	 0.1188	9.05e-01
NA	/data/songy4/tes/output/weights_case//ENST00000355280.11.wgt.RDat	ENST00000355280.11	17	4833340	4898061	0.0238	rs35773449	 2.96	rs748694	 1.98e-03	 -3.44	-2.1649	25	 3	lasso	0.0049	0.035	 0.4875	6.26e-01
NA	/data/songy4/tes/output/weights_case//ENST00000357482.5.wgt.RDat	ENST00000357482.5	17	5128815	5135003	0.0569	rs4790738	 2.46	rs2585266	 5.77e-02	  6.51	-0.8962	13	 1	top1	0.058	6.2e-11	-0.8962	3.70e-01
NA	/data/songy4/tes/output/weights_case//ENST00000393795.7.wgt.RDat	ENST00000393795.7	17	42572315	42577795	0.0217	rs2269906	 6.19	rs12602832	 3.35e-03	 -3.53	 0.1531	12	 3	enet	0.01	0.0038	-1.5276	1.27e-01
NA	/data/songy4/tes/output/weights_case//ENST00000328739.6.wgt.RDat	ENST00000328739.6	17	4785285	4786364	0.0569	rs35773449	 2.96	rs8073779	 3.36e-02	 -5.16	 0.6917	26	 1	top1	0.034	5.8e-07	-0.6917	4.89e-01
NA	/data/songy4/tes/output/weights_case//ENST00000328114.11.wgt.RDat	ENST00000328114.11	17	18476789	18494945	0.0714	rs741783	-2.43	rs4441330	 5.73e-02	  6.52	 2.3396	11	 1	top1	0.057	7.2e-11	 2.3396	1.93e-02
NA	/data/songy4/tes/output/weights_case//ENST00000628329.1.wgt.RDat	ENST00000628329.1	17	19063920	19064136	0.0470	rs2472709	-2.35	rs2472709	 2.65e-02	 -4.49	-2.3516	11	 1	top1	0.026	8.3e-06	 2.3516	1.87e-02
NA	/data/songy4/tes/output/weights_case//ENST00000392176.3.wgt.RDat	ENST00000392176.3	17	18524566	18526846	0.0826	rs2472709	-2.35	rs4441330	 6.38e-02	  6.80	 2.3396	10	 9	enet	0.076	6e-14	 2.1586	3.09e-02
NA	/data/songy4/tes/output/weights_case//ENST00000291074.9.wgt.RDat	ENST00000291074.9	17	532318	714843	0.0645	rs8076943	-2.29	rs9907540	 4.75e-02	 -6.10	-0.6449	41	 1	top1	0.047	3e-09	 0.6449	5.19e-01
NA	/data/songy4/tes/output/weights_case//ENST00000664394.1.wgt.RDat	ENST00000664394.1	17	14028766	14069483	0.0498	rs11658577	 1.70	rs9912146	 2.04e-02	  4.31	-0.9167	49	 1	top1	0.02	8.5e-05	-0.9167	3.59e-01
NA	/data/songy4/tes/output/weights_case//ENST00000664612.1.wgt.RDat	ENST00000664612.1	17	14028766	14069475	0.0505	rs11658577	 1.70	rs9912146	 2.17e-02	  4.40	-0.9167	49	 1	top1	0.022	5e-05	-0.9167	3.59e-01
NA	/data/songy4/tes/output/weights_case//ENST00000664602.1.wgt.RDat	ENST00000664602.1	17	4833601	4890976	0.0273	rs35773449	 2.96	rs17823987	 1.49e-04	 -3.51	 2.1549	25	 3	lasso	0.0071	0.014	-0.9830	3.26e-01
NA	/data/songy4/tes/output/weights_case//ENST00000329805.6.wgt.RDat	ENST00000329805.6	17	8797110	8799365	0.0547	rs181536	-1.80	rs2242375	 2.71e-02	 -4.71	 0.9596	38	 1	top1	0.027	6.6e-06	-0.9596	3.37e-01
NA	/data/songy4/tes/output/weights_case//ENST00000629311.1.wgt.RDat	ENST00000629311.1	17	69018104	69042784	0.0341	rs1034840	 1.61	rs9895650	-1.40e-03	 -2.82	 0.9135	36	24	enet	0.0047	0.038	-0.8005	4.23e-01
NA	/data/songy4/tes/output/weights_case//ENST00000330676.8.wgt.RDat	ENST00000330676.8	17	1702816	1710377	0.1165	rs17626180	 1.78	rs1057355	 6.75e-02	 -7.01	-0.2900	23	14	enet	0.086	1.2e-15	 1.2951	1.95e-01
NA	/data/songy4/tes/output/weights_case//ENST00000656963.1.wgt.RDat	ENST00000656963.1	17	14029630	14069475	0.0518	rs11658577	 1.70	rs9912146	 2.17e-02	  4.35	-0.9167	49	 1	top1	0.022	5.1e-05	-0.9167	3.59e-01
NA	/data/songy4/tes/output/weights_case//ENST00000627453.2.wgt.RDat	ENST00000627453.2	17	69012346	69034926	0.0366	rs1034840	 1.61	rs11867678	-3.63e-04	 -3.49	-0.3577	34	10	enet	0.014	0.0012	-0.1663	8.68e-01
NA	/data/songy4/tes/output/weights_case//ENST00000254718.8.wgt.RDat	ENST00000254718.8	17	4538902	4555631	0.0205	rs35773449	 2.96	rs35773449	 9.81e-03	 -3.61	 2.9624	26	 1	top1	0.0098	0.0049	-2.9624	3.05e-03
NA	/data/songy4/tes/output/weights_case//ENST00000254850.11.wgt.RDat	ENST00000254850.11	17	7101322	7114823	0.0934	rs222836	-3.12	rs314239	 5.67e-02	  6.67	-0.5204	29	13	enet	0.059	4.2e-11	-0.1672	8.67e-01
NA	/data/songy4/tes/output/weights_case//ENST00000668620.1.wgt.RDat	ENST00000668620.1	17	40819122	40836266	0.0145	rs9900213	-2.15	rs2277618	-1.38e-03	  2.34	 1.5724	 3	 3	enet	0.0043	0.044	-0.1488	8.82e-01
NA	/data/songy4/tes/output/weights_case//ENST00000324015.7.wgt.RDat	ENST00000324015.7	17	1742836	1755265	0.0527	rs17626180	 1.78	rs5030755	 1.25e-02	  3.92	 0.4211	24	 8	enet	0.038	9.4e-08	 0.7696	4.42e-01
NA	/data/songy4/tes/output/weights_case//ENST00000253789.9.wgt.RDat	ENST00000253789.9	17	42572323	42577831	0.0218	rs2269906	 6.19	rs12602832	 3.12e-03	 -3.52	 0.1531	12	 2	lasso	0.0095	0.0055	-1.0789	2.81e-01
NA	/data/songy4/tes/output/weights_case//ENST00000395682.3.wgt.RDat	ENST00000395682.3	17	18353510	18363518	0.0310	rs741783	-2.43	rs4441330	 8.94e-03	 -2.88	 2.3396	 7	 6	enet	0.013	0.0015	-0.5503	5.82e-01
NA	/data/songy4/tes/output/weights_case//ENST00000395671.9.wgt.RDat	ENST00000395671.9	17	18722089	18736118	0.0197	rs2472709	-2.35	rs4441330	 1.30e-02	 -3.54	 2.3396	10	 1	top1	0.013	0.0014	-2.3396	1.93e-02
NA	/data/songy4/tes/output/weights_case//ENST00000264657.9.wgt.RDat	ENST00000264657.9	17	42313324	42388568	0.0294	rs2269906	 6.19	rs12602832	 6.40e-03	 -3.33	 0.1531	10	 2	lasso	0.018	0.00021	-1.4234	1.55e-01
NA	/data/songy4/tes/output/weights_case//ENST00000264638.9.wgt.RDat	ENST00000264638.9	17	42682531	42699993	0.0311	NA	   NA	NA	       NA	    NA	     NA	 0	 0	enet	-0.00054	0.43	     NA	      NA
NA	/data/songy4/tes/output/weights_case//ENST00000656685.1.wgt.RDat	ENST00000656685.1	17	14028897	14069492	0.0495	rs11658577	 1.70	rs9912146	 2.10e-02	  4.35	-0.9167	49	 1	top1	0.021	6.6e-05	-0.9167	3.59e-01
NA	/data/songy4/tes/output/weights_case//ENST00000262293.8.wgt.RDat	ENST00000262293.8	17	59155499	59202568	0.0287	rs17601633	 3.06	rs3744447	 1.94e-02	  3.96	-1.4296	16	 1	top1	0.019	0.00012	-1.4296	1.53e-01
NA	/data/songy4/tes/output/weights_case//ENST00000326333.12.wgt.RDat	ENST00000326333.12	17	18426861	18430627	0.0422	rs741783	-2.43	rs4441330	 2.41e-02	  4.34	 2.3396	11	 3	lasso	0.032	1.2e-06	 0.7691	4.42e-01
NA	/data/songy4/tes/output/weights_case//ENST00000666869.1.wgt.RDat	ENST00000666869.1	17	21529258	21551689	0.0184	rs7219901	 0.65	rs4986049	 9.47e-03	  3.27	 0.5322	 4	 4	enet	0.0096	0.0053	 0.0838	9.33e-01
NA	/data/songy4/tes/output/weights_case//ENST00000262482.10.wgt.RDat	ENST00000262482.10	17	4940128	4945222	0.0385	rs35773449	 2.96	rs17823987	 6.94e-03	 -3.83	 2.1549	19	 5	lasso	0.023	3.3e-05	-1.7584	7.87e-02
NA	/data/songy4/tes/output/weights_case//ENST00000661058.1.wgt.RDat	ENST00000661058.1	17	45518636	45551537	0.0301	rs12603843	-2.08	rs2074189	-1.42e-03	  2.58	-0.6316	15	 7	enet	0.0013	0.17	-2.3229	2.02e-02
NA	/data/songy4/tes/output/weights_case//ENST00000661551.1.wgt.RDat	ENST00000661551.1	17	14028676	14069492	0.0475	rs11658577	 1.70	rs9912146	 2.16e-02	  4.36	-0.9167	49	 1	top1	0.022	5.2e-05	-0.9167	3.59e-01
NA	/data/songy4/tes/output/weights_case//ENST00000304222.2.wgt.RDat	ENST00000304222.2	17	15944917	15975746	0.0410	rs3813769	-3.01	rs9903817	 8.68e-03	 -3.77	-2.7143	 7	 3	lasso	0.027	6.8e-06	 0.1054	9.16e-01
NA	/data/songy4/tes/output/weights_case//ENST00000654068.1.wgt.RDat	ENST00000654068.1	17	69961673	69983544	0.0407	rs12452364	-2.45	rs12941198	-1.03e-03	  3.02	 1.0948	40	 2	enet	0.0043	0.046	 0.7335	4.63e-01
NA	/data/songy4/tes/output/weights_case//ENST00000660804.1.wgt.RDat	ENST00000660804.1	17	14028902	14069483	0.0507	rs11658577	 1.70	rs9912146	 2.22e-02	  4.42	-0.9167	49	 1	top1	0.022	4.2e-05	-0.9167	3.59e-01
NA	/data/songy4/tes/output/weights_case//ENST00000655246.1.wgt.RDat	ENST00000655246.1	17	21529286	21574492	0.0192	rs7219901	 0.65	rs4986049	 1.14e-02	  3.44	 0.5322	 4	 1	top1	0.011	0.0026	 0.5322	5.95e-01
NA	/data/songy4/tes/output/weights_case//ENST00000662986.1.wgt.RDat	ENST00000662986.1	17	13776604	14069483	0.0537	rs2024088	-2.39	rs9912146	 2.01e-02	  4.23	-0.9167	59	 1	top1	0.02	9.5e-05	-0.9167	3.59e-01
NA	/data/songy4/tes/output/weights_case//ENST00000293328.7.wgt.RDat	ENST00000293328.7	17	42199168	42276406	0.0290	rs2269906	 6.19	rs12602832	 6.48e-03	 -3.24	 0.1531	13	 3	lasso	0.01	0.0045	-1.1510	2.50e-01
NA	/data/songy4/tes/output/weights_case//ENST00000293362.7.wgt.RDat	ENST00000293362.7	17	42833471	42843757	0.0219	NA	   NA	NA	       NA	    NA	     NA	 0	 0	enet	-0.00022	0.36	     NA	      NA
NA	/data/songy4/tes/output/weights_case//ENST00000331238.7.wgt.RDat	ENST00000331238.7	17	1934677	2025334	0.0289	rs17626180	 1.78	rs10852873	-5.17e-04	  2.87	 0.5875	24	12	enet	0.0029	0.081	 0.8503	3.95e-01
NA	/data/songy4/tes/output/weights_case//ENST00000293761.7.wgt.RDat	ENST00000293761.7	17	4630926	4641665	0.1294	rs35773449	 2.96	rs748694	 8.12e-02	 -7.68	-2.1649	26	12	enet	0.1	1.1e-18	 1.3424	1.79e-01
NA	/data/songy4/tes/output/weights_case//ENST00000630092.1.wgt.RDat	ENST00000630092.1	17	19112420	19112636	0.0728	rs2472709	-2.35	rs11656071	 5.74e-02	  6.48	-1.4891	11	 3	lasso	0.062	1.4e-11	-1.2576	2.09e-01
NA	/data/songy4/tes/output/weights_case//ENST00000655690.1.wgt.RDat	ENST00000655690.1	17	14374142	14421472	0.0445	rs10521280	-2.34	rs671098	-1.07e-03	 -2.91	-0.2772	46	11	enet	0.00035	0.26	 0.1653	8.69e-01
NA	/data/songy4/tes/output/weights_case//ENST00000301665.8.wgt.RDat	ENST00000301665.8	17	40819113	40836270	0.0142	rs9900213	-2.15	rs2593595	 1.14e-03	 -2.45	 0.0583	 3	 3	enet	0.0086	0.0079	-0.3114	7.56e-01
NA	/data/songy4/tes/output/weights_case//ENST00000301599.7.wgt.RDat	ENST00000301599.7	17	7855066	7856099	0.0299	rs16957160	 3.75	rs16957160	-1.28e-03	 -2.73	 3.7483	27	 3	lasso	-0.0011	0.63	-1.4930	1.35e-01
NA	/data/songy4/tes/output/weights_case//ENST00000389272.7.wgt.RDat	ENST00000389272.7	17	42315468	42388431	0.0269	rs2269906	 6.19	rs12602832	 6.15e-03	 -3.31	 0.1531	10	 2	lasso	0.019	0.00013	-1.5165	1.29e-01
NA	/data/songy4/tes/output/weights_case//ENST00000389040.9.wgt.RDat	ENST00000389040.9	17	532827	714709	0.0453	rs8076943	-2.29	rs9907540	 3.23e-02	 -5.10	-0.6449	41	 1	top1	0.032	9.4e-07	 0.6449	5.19e-01
NA	/data/songy4/tes/output/weights_case//ENST00000389022.9.wgt.RDat	ENST00000389022.9	17	17303373	17347663	0.0977	rs11078396	 2.93	rs7223686	 5.38e-02	  6.33	 0.6742	15	 4	lasso	0.065	4.2e-12	 1.0548	2.92e-01
NA	/data/songy4/tes/output/weights_case//ENST00000388995.11.wgt.RDat	ENST00000388995.11	17	18968789	19004764	0.0447	rs2472709	-2.35	rs2472712	 1.93e-02	  3.84	 0.2643	12	10	enet	0.025	1.3e-05	 0.3992	6.90e-01
NA	/data/songy4/tes/output/weights_case//ENST00000300992.12.wgt.RDat	ENST00000300992.12	17	18426927	18431848	0.0213	rs741783	-2.43	rs4441330	 7.29e-03	  3.23	 2.3396	11	 2	lasso	0.0083	0.0087	 0.8865	3.75e-01
NA	/data/songy4/tes/output/weights_case//ENST00000581595.5.wgt.RDat	ENST00000581595.5	17	18513278	18528694	0.0744	rs2472709	-2.35	rs4441330	 5.80e-02	  6.51	 2.3396	10	 6	enet	0.071	3.6e-13	 1.8302	6.72e-02
NA	/data/songy4/tes/output/weights_case//ENST00000581545.5.wgt.RDat	ENST00000581545.5	17	18476737	18494818	0.0694	rs741783	-2.43	rs4441330	 6.01e-02	  6.68	 2.3396	11	 1	top1	0.06	2.5e-11	 2.3396	1.93e-02
NA	/data/songy4/tes/output/weights_case//ENST00000581558.1.wgt.RDat	ENST00000581558.1	17	19572797	19578904	0.0200	rs4925044	 1.89	rs11656071	 1.35e-02	 -3.40	-1.4891	 5	 1	top1	0.013	0.0012	 1.4891	1.36e-01
NA	/data/songy4/tes/output/weights_case//ENST00000582124.1.wgt.RDat	ENST00000582124.1	17	15973863	15975737	0.1588	rs3813769	-3.01	rs758857	 4.76e-02	  6.55	 0.6444	 7	 4	lasso	0.15	4.8e-26	 0.0153	9.88e-01
NA	/data/songy4/tes/output/weights_case//ENST00000581904.6.wgt.RDat	ENST00000581904.6	17	18698008	18722245	0.0483	rs2472709	-2.35	rs4441330	 3.71e-02	 -5.31	 2.3396	10	 7	enet	0.044	9.6e-09	-2.5221	1.17e-02
NA	/data/songy4/tes/output/weights_case//ENST00000580993.1.wgt.RDat	ENST00000580993.1	17	20323058	20323337	0.0146	rs7220378	 1.91	rs17762379	-7.79e-04	  2.72	-1.1308	 4	 4	enet	0.0092	0.0061	-1.7632	7.79e-02
NA	/data/songy4/tes/output/weights_case//ENST00000580962.1.wgt.RDat	ENST00000580962.1	17	20999747	21000323	0.0167	rs7220378	 1.91	rs899343	 1.93e-02	  3.83	-0.1651	10	 3	enet	0.022	3.8e-05	 0.1754	8.61e-01
NA	/data/songy4/tes/output/weights_case//ENST00000581288.1.wgt.RDat	ENST00000581288.1	17	8263261	8264641	0.0277	rs16957160	 3.75	rs4792722	 2.03e-02	  4.26	 0.6389	30	 1	top1	0.02	8.6e-05	 0.6389	5.23e-01
NA	/data/songy4/tes/output/weights_case//ENST00000583059.1.wgt.RDat	ENST00000583059.1	17	8262920	8264267	0.0395	rs16957160	 3.75	rs4792722	 2.81e-02	  4.94	 0.6389	30	 1	top1	0.028	4.5e-06	 0.6389	5.23e-01
NA	/data/songy4/tes/output/weights_case//ENST00000582909.1.wgt.RDat	ENST00000582909.1	17	17333511	17347208	0.1043	rs11078396	 2.93	rs7223686	 4.65e-02	  6.62	 0.6742	15	 4	lasso	0.073	1.6e-13	 1.1528	2.49e-01
NA	/data/songy4/tes/output/weights_case//ENST00000582928.1.wgt.RDat	ENST00000582928.1	17	18476800	18484335	0.0504	rs741783	-2.43	rs4441330	 4.42e-02	  5.74	 2.3396	11	 2	lasso	0.046	5.6e-09	 2.2338	2.55e-02
NA	/data/songy4/tes/output/weights_case//ENST00000582995.5.wgt.RDat	ENST00000582995.5	17	59155746	59185513	0.0204	rs17601633	 3.06	rs4968433	 4.87e-03	  3.64	-1.9618	16	 3	enet	0.0097	0.005	-2.0595	3.94e-02
NA	/data/songy4/tes/output/weights_case//ENST00000583322.5.wgt.RDat	ENST00000583322.5	17	18476796	18494938	0.0686	rs741783	-2.43	rs4441330	 6.06e-02	  6.70	 2.3396	11	 1	top1	0.061	2.1e-11	 2.3396	1.93e-02
NA	/data/songy4/tes/output/weights_case//ENST00000582846.1.wgt.RDat	ENST00000582846.1	17	42514188	42514307	0.0227	rs2269906	 6.19	rs12602832	 1.09e-02	 -3.42	 0.1531	11	 1	top1	0.011	0.0032	-0.1531	8.78e-01
NA	/data/songy4/tes/output/weights_case//ENST00000582333.5.wgt.RDat	ENST00000582333.5	17	18476765	18492537	0.0842	rs741783	-2.43	rs4441330	 6.89e-02	  7.09	 2.3396	11	 6	enet	0.07	6.2e-13	 1.4579	1.45e-01
NA	/data/songy4/tes/output/weights_case//ENST00000582752.7.wgt.RDat	ENST00000582752.7	17	13755574	14069483	0.0388	NA	   NA	NA	       NA	    NA	     NA	 0	 0	enet	4.4e-05	0.31	     NA	      NA
NA	/data/songy4/tes/output/weights_case//ENST00000582653.1.wgt.RDat	ENST00000582653.1	17	18347514	18363346	0.0266	rs741783	-2.43	rs1634418	 3.65e-03	  2.93	 0.1447	 7	 7	enet	0.011	0.003	-0.4258	6.70e-01
NA	/data/songy4/tes/output/weights_case//ENST00000578709.5.wgt.RDat	ENST00000578709.5	17	39703194	39708492	0.0227	NA	   NA	NA	       NA	    NA	     NA	12	 0	lasso	0.0052	0.031	     NA	      NA
NA	/data/songy4/tes/output/weights_case//ENST00000578777.5.wgt.RDat	ENST00000578777.5	17	59155732	59193686	0.0207	rs17601633	 3.06	rs3744447	 4.67e-03	  3.35	-1.4296	16	 2	lasso	0.0079	0.01	-1.7761	7.57e-02
NA	/data/songy4/tes/output/weights_case//ENST00000578563.1.wgt.RDat	ENST00000578563.1	17	18486052	18487757	0.0427	rs741783	-2.43	rs4441330	 3.37e-02	  5.06	 2.3396	11	 1	top1	0.034	5.4e-07	 2.3396	1.93e-02
NA	/data/songy4/tes/output/weights_case//ENST00000578983.1.wgt.RDat	ENST00000578983.1	17	18476799	18486392	0.0559	rs741783	-2.43	rs4441330	 5.62e-02	  6.43	 2.3396	11	 2	lasso	0.056	1.1e-10	 2.2865	2.22e-02
NA	/data/songy4/tes/output/weights_case//ENST00000578002.1.wgt.RDat	ENST00000578002.1	17	74954326	74955956	0.0361	rs7215278	 2.93	rs1014390	-2.08e-04	  2.83	-1.3672	30	 1	top1	-0.00021	0.36	-1.3672	1.72e-01
NA	/data/songy4/tes/output/weights_case//ENST00000577869.5.wgt.RDat	ENST00000577869.5	17	18517193	18521124	0.0799	rs2472709	-2.35	rs4441330	 6.81e-02	  7.00	 2.3396	10	 7	enet	0.075	8.4e-14	 1.8974	5.78e-02
NA	/data/songy4/tes/output/weights_case//ENST00000578409.5.wgt.RDat	ENST00000578409.5	17	18517319	18523295	0.0658	rs2472709	-2.35	rs4441330	 5.06e-02	  6.09	 2.3396	10	 7	enet	0.058	6e-11	 1.8075	7.07e-02
NA	/data/songy4/tes/output/weights_case//ENST00000578450.1.wgt.RDat	ENST00000578450.1	17	18492169	18492739	0.0414	rs741783	-2.43	rs4441330	 3.36e-02	  5.08	 2.3396	11	 1	top1	0.034	5.8e-07	 2.3396	1.93e-02
NA	/data/songy4/tes/output/weights_case//ENST00000578251.1.wgt.RDat	ENST00000578251.1	17	65533951	65536682	0.0289	rs2009046	 2.25	rs1469731	 3.91e-03	 -3.20	 1.0429	17	 3	lasso	0.0063	0.02	-1.9831	4.74e-02
NA	/data/songy4/tes/output/weights_case//ENST00000580177.5.wgt.RDat	ENST00000580177.5	17	59155757	59203852	0.0201	rs17601633	 3.06	rs4968433	 3.09e-03	  3.28	-1.9618	16	 3	enet	0.0088	0.0072	-1.8229	6.83e-02
NA	/data/songy4/tes/output/weights_case//ENST00000580256.3.wgt.RDat	ENST00000580256.3	17	10822470	10838087	0.0290	rs16944322	-2.87	rs9901596	-1.12e-03	 -3.01	-0.1910	30	11	enet	0.0022	0.11	-0.2526	8.01e-01
NA	/data/songy4/tes/output/weights_case//ENST00000580674.5.wgt.RDat	ENST00000580674.5	17	18476800	18494926	0.0691	rs741783	-2.43	rs4441330	 6.01e-02	  6.67	 2.3396	11	 1	top1	0.06	2.5e-11	 2.3396	1.93e-02
NA	/data/songy4/tes/output/weights_case//ENST00000579773.5.wgt.RDat	ENST00000579773.5	17	18476784	18494434	0.0718	rs741783	-2.43	rs4441330	 6.27e-02	  6.79	 2.3396	11	 1	top1	0.063	9.1e-12	 2.3396	1.93e-02
NA	/data/songy4/tes/output/weights_case//ENST00000579913.5.wgt.RDat	ENST00000579913.5	17	45506741	45515156	0.0333	rs12603843	-2.08	rs9895150	-1.38e-03	  2.78	-1.8545	14	 8	enet	0.0011	0.19	-1.9365	5.28e-02
NA	/data/songy4/tes/output/weights_case//ENST00000583540.1.wgt.RDat	ENST00000583540.1	17	19138549	19158783	0.0469	rs2472709	-2.35	rs2472709	 1.68e-04	 -3.67	-2.3516	12	 9	enet	0.018	0.00019	 1.8512	6.41e-02
NA	/data/songy4/tes/output/weights_case//ENST00000589469.5.wgt.RDat	ENST00000589469.5	17	42833437	42839303	0.0209	rs17682536	 3.05	rs12602832	-5.32e-04	 -2.80	 0.1531	12	 6	enet	0.0029	0.082	-0.7227	4.70e-01
NA	/data/songy4/tes/output/weights_case//ENST00000589492.1.wgt.RDat	ENST00000589492.1	17	42813903	42815014	0.0186	rs11870606	-3.53	rs4986169	 8.42e-03	 -3.30	-0.5532	13	 1	top1	0.0084	0.0084	 0.5532	5.80e-01
NA	/data/songy4/tes/output/weights_case//ENST00000589505.5.wgt.RDat	ENST00000589505.5	17	42572962	42577795	0.0260	rs2269906	 6.19	rs12602832	 1.27e-02	 -3.59	 0.1531	12	 1	top1	0.013	0.0016	-0.1531	8.78e-01
NA	/data/songy4/tes/output/weights_case//ENST00000589493.1.wgt.RDat	ENST00000589493.1	17	42815670	42818682	0.0205	rs11870606	-3.53	rs4986169	 1.36e-02	 -3.27	-0.5532	13	 1	top1	0.014	0.0011	 0.5532	5.80e-01
NA	/data/songy4/tes/output/weights_case//ENST00000589636.5.wgt.RDat	ENST00000589636.5	17	42820794	42833350	0.0198	rs11870606	-3.53	rs4986169	 1.46e-02	 -3.38	-0.5532	13	 1	top1	0.015	0.00076	 0.5532	5.80e-01
NA	/data/songy4/tes/output/weights_case//ENST00000589663.5.wgt.RDat	ENST00000589663.5	17	42810670	42818578	0.0176	rs11870606	-3.53	rs4986169	 1.37e-02	 -3.28	-0.5532	13	 1	top1	0.014	0.0011	 0.5532	5.80e-01
NA	/data/songy4/tes/output/weights_case//ENST00000589219.1.wgt.RDat	ENST00000589219.1	17	42773464	42775348	0.0185	rs2269906	 6.19	rs12602832	 4.94e-04	 -2.68	 0.1531	14	 4	lasso	0.0074	0.013	-0.3896	6.97e-01
NA	/data/songy4/tes/output/weights_case//ENST00000589072.1.wgt.RDat	ENST00000589072.1	17	3377527	3377602	0.0721	rs3744678	-2.49	rs4790495	 1.14e-02	 -4.44	 0.5792	31	11	enet	0.049	1.8e-09	 0.9752	3.29e-01
NA	/data/songy4/tes/output/weights_case//ENST00000590185.1.wgt.RDat	ENST00000590185.1	17	42810780	42812086	0.0172	rs11870606	-3.53	rs4986169	 7.03e-03	 -3.09	-0.5532	13	 1	top1	0.007	0.015	 0.5532	5.80e-01
NA	/data/songy4/tes/output/weights_case//ENST00000590339.5.wgt.RDat	ENST00000590339.5	17	42773480	42779006	0.0176	rs2269906	 6.19	rs4986169	 3.35e-04	 -2.62	-0.5532	14	 1	top1	0.00033	0.27	 0.5532	5.80e-01
NA	/data/songy4/tes/output/weights_case//ENST00000589868.1.wgt.RDat	ENST00000589868.1	17	45645671	45648216	0.0282	rs12603843	-2.08	rs11079764	 1.23e-02	 -3.24	 1.1553	15	 1	top1	0.012	0.0018	-1.1553	2.48e-01
NA	/data/songy4/tes/output/weights_case//ENST00000589846.1.wgt.RDat	ENST00000589846.1	17	42705583	42708919	0.0231	rs2269906	 6.19	rs12602832	 1.51e-02	 -3.49	 0.1531	14	 1	top1	0.015	0.00062	-0.1531	8.78e-01
NA	/data/songy4/tes/output/weights_case//ENST00000590078.5.wgt.RDat	ENST00000590078.5	17	42702385	42745037	0.0229	rs2269906	 6.19	rs12602832	 6.20e-03	 -3.25	 0.1531	14	 1	top1	0.0062	0.02	-0.1531	8.78e-01
NA	/data/songy4/tes/output/weights_case//ENST00000590082.1.wgt.RDat	ENST00000590082.1	17	42724425	42745037	0.0262	rs2269906	 6.19	rs12602832	 1.08e-03	 -3.23	 0.1531	14	 7	enet	0.0038	0.055	-1.4330	1.52e-01
NA	/data/songy4/tes/output/weights_case//ENST00000588969.5.wgt.RDat	ENST00000588969.5	17	42315491	42388482	0.0270	rs2269906	 6.19	rs12602832	 6.24e-03	 -3.32	 0.1531	10	 2	lasso	0.019	0.00013	-1.5204	1.28e-01
NA	/data/songy4/tes/output/weights_case//ENST00000587880.1.wgt.RDat	ENST00000587880.1	17	42810716	42813989	0.0212	rs11870606	-3.53	rs4986169	-4.29e-04	 -3.15	-0.5532	13	 5	enet	0.0048	0.037	-0.9103	3.63e-01
NA	/data/songy4/tes/output/weights_case//ENST00000588138.1.wgt.RDat	ENST00000588138.1	17	42501242	42521045	0.0251	rs2269906	 6.19	rs999716	 2.43e-03	  3.16	-2.8241	11	 3	enet	0.013	0.0012	-2.9086	3.63e-03
NA	/data/songy4/tes/output/weights_case//ENST00000588065.1.wgt.RDat	ENST00000588065.1	17	42346596	42388454	0.0278	rs2269906	 6.19	rs12602832	 6.10e-03	 -3.51	 0.1531	10	 2	lasso	0.02	8.7e-05	-1.4784	1.39e-01
NA	/data/songy4/tes/output/weights_case//ENST00000588629.1.wgt.RDat	ENST00000588629.1	17	42458858	42471439	0.0219	rs2269906	 6.19	rs12602832	 6.57e-03	 -3.40	 0.1531	10	 3	lasso	0.0072	0.013	-1.4919	1.36e-01
NA	/data/songy4/tes/output/weights_case//ENST00000588897.5.wgt.RDat	ENST00000588897.5	17	42702381	42745037	0.0230	rs2269906	 6.19	rs12602832	 6.44e-03	 -3.27	 0.1531	14	 1	top1	0.0064	0.019	-0.1531	8.78e-01
NA	/data/songy4/tes/output/weights_case//ENST00000425211.5.wgt.RDat	ENST00000425211.5	17	18511221	18541920	0.0825	rs2472709	-2.35	rs4441330	 7.40e-02	  7.29	 2.3396	10	 7	enet	0.079	1.8e-14	 2.0491	4.04e-02
NA	/data/songy4/tes/output/weights_case//ENST00000588239.5.wgt.RDat	ENST00000588239.5	17	42708003	42720304	0.0281	rs2269906	 6.19	rs12602832	 1.49e-02	 -3.66	 0.1531	14	 1	top1	0.015	0.00067	-0.1531	8.78e-01
NA	/data/songy4/tes/output/weights_case//ENST00000588544.5.wgt.RDat	ENST00000588544.5	17	42572962	42577795	0.0250	rs2269906	 6.19	rs12602832	 6.84e-03	 -3.42	 0.1531	12	 4	enet	0.0091	0.0066	-1.9897	4.66e-02
NA	/data/songy4/tes/output/weights_case//ENST00000592743.5.wgt.RDat	ENST00000592743.5	17	42702325	42745049	0.0234	rs2269906	 6.19	rs12602832	 6.31e-03	 -3.25	 0.1531	14	 1	top1	0.0063	0.02	-0.1531	8.78e-01
NA	/data/songy4/tes/output/weights_case//ENST00000592578.5.wgt.RDat	ENST00000592578.5	17	42833418	42834804	0.0208	rs17682536	 3.05	rs12602832	 2.73e-03	 -2.97	 0.1531	12	 4	lasso	0.0038	0.056	-0.2069	8.36e-01
NA	/data/songy4/tes/output/weights_case//ENST00000592169.2.wgt.RDat	ENST00000592169.2	17	42833496	42841671	0.0200	rs17682536	 3.05	rs12602832	-7.21e-04	 -2.76	 0.1531	12	 7	enet	0.0022	0.11	-0.6338	5.26e-01
NA	/data/songy4/tes/output/weights_case//ENST00000592105.1.wgt.RDat	ENST00000592105.1	17	41971288	41973817	0.0278	rs2269906	 6.19	rs12602832	 1.10e-02	 -3.11	 0.1531	14	 1	top1	0.011	0.003	-0.1531	8.78e-01
NA	/data/songy4/tes/output/weights_case//ENST00000592324.1.wgt.RDat	ENST00000592324.1	17	42468036	42480717	0.0188	rs2269906	 6.19	rs12602832	 5.84e-03	 -3.14	 0.1531	10	 3	lasso	0.0069	0.016	-1.6694	9.50e-02
NA	/data/songy4/tes/output/weights_case//ENST00000592258.5.wgt.RDat	ENST00000592258.5	17	43483865	43492292	0.0170	rs7223320	 2.90	rs4986169	 1.52e-02	 -3.44	-0.5532	 6	 1	top1	0.015	0.00061	 0.5532	5.80e-01
NA	/data/songy4/tes/output/weights_case//ENST00000593214.5.wgt.RDat	ENST00000593214.5	17	42720438	42745035	0.0211	rs2269906	 6.19	rs12602832	 1.73e-03	 -3.05	 0.1531	14	 5	enet	0.0068	0.016	-1.8597	6.29e-02
NA	/data/songy4/tes/output/weights_case//ENST00000593205.5.wgt.RDat	ENST00000593205.5	17	42814599	42824251	0.0177	rs11870606	-3.53	rs4986169	 1.36e-02	 -3.26	-0.5532	13	 1	top1	0.014	0.0011	 0.5532	5.80e-01
NA	/data/songy4/tes/output/weights_case//ENST00000423676.7.wgt.RDat	ENST00000423676.7	17	20449395	20467534	0.0153	rs7220378	 1.91	rs7209752	-6.39e-04	  2.27	-1.2824	 5	 1	top1	-0.00064	0.46	-1.2824	2.00e-01
NA	/data/songy4/tes/output/weights_case//ENST00000593148.1.wgt.RDat	ENST00000593148.1	17	42718101	42719178	0.0302	rs2269906	 6.19	rs12602832	 7.96e-03	 -3.86	 0.1531	14	 3	lasso	0.012	0.0023	-0.8092	4.18e-01
NA	/data/songy4/tes/output/weights_case//ENST00000592831.1.wgt.RDat	ENST00000592831.1	17	42517927	42522578	0.0304	rs2269906	 6.19	rs708387	 1.51e-02	 -3.43	-1.4809	11	 1	top1	0.015	0.00062	 1.4809	1.39e-01
NA	/data/songy4/tes/output/weights_case//ENST00000593111.1.wgt.RDat	ENST00000593111.1	17	42834542	42839124	0.0223	rs17682536	 3.05	rs12602832	 2.95e-03	 -2.91	 0.1531	12	 7	enet	0.0094	0.0058	-0.8012	4.23e-01
NA	/data/songy4/tes/output/weights_case//ENST00000593112.1.wgt.RDat	ENST00000593112.1	17	42820523	42824260	0.0189	rs11870606	-3.53	rs4986169	 1.34e-02	 -3.26	-0.5532	13	 1	top1	0.013	0.0012	 0.5532	5.80e-01
NA	/data/songy4/tes/output/weights_case//ENST00000591085.1.wgt.RDat	ENST00000591085.1	17	42818651	42824287	0.0186	rs11870606	-3.53	rs4986169	 1.38e-02	 -3.31	-0.5532	13	 1	top1	0.014	0.001	 0.5532	5.80e-01
NA	/data/songy4/tes/output/weights_case//ENST00000590995.1.wgt.RDat	ENST00000590995.1	17	45545804	45549481	0.0391	rs12603843	-2.08	rs2074189	-8.83e-04	  3.09	-0.6316	15	 7	enet	0.012	0.0021	-1.2082	2.27e-01
NA	/data/songy4/tes/output/weights_case//ENST00000591330.5.wgt.RDat	ENST00000591330.5	17	42703459	42745037	0.0231	rs2269906	 6.19	rs12602832	 6.17e-03	 -3.33	 0.1531	14	 1	top1	0.0062	0.021	-0.1531	8.78e-01
NA	/data/songy4/tes/output/weights_case//ENST00000591152.5.wgt.RDat	ENST00000591152.5	17	42833419	42839009	0.0201	rs17682536	 3.05	rs12602832	 2.64e-03	 -2.89	 0.1531	12	 4	lasso	0.0031	0.074	-0.2967	7.67e-01
NA	/data/songy4/tes/output/weights_case//ENST00000591237.1.wgt.RDat	ENST00000591237.1	17	42509784	42511519	0.0281	rs2269906	 6.19	rs12602832	 2.83e-03	 -3.33	 0.1531	11	 2	lasso	0.0038	0.055	 0.0274	9.78e-01
NA	/data/songy4/tes/output/weights_case//ENST00000590931.1.wgt.RDat	ENST00000590931.1	17	42572962	42577795	0.0240	rs2269906	 6.19	rs12602832	 2.17e-03	 -3.49	 0.1531	12	 4	enet	0.0035	0.062	-1.3526	1.76e-01
NA	/data/songy4/tes/output/weights_case//ENST00000590720.6.wgt.RDat	ENST00000590720.6	17	42833397	42843760	0.0229	NA	   NA	NA	       NA	    NA	     NA	 0	 0	enet	0.00016	0.29	     NA	      NA
NA	/data/songy4/tes/output/weights_case//ENST00000590852.1.wgt.RDat	ENST00000590852.1	17	42814168	42815971	0.0181	rs11870606	-3.53	rs4986169	 8.37e-03	 -3.13	-0.5532	13	 1	top1	0.0084	0.0086	 0.5532	5.80e-01
NA	/data/songy4/tes/output/weights_case//ENST00000590760.5.wgt.RDat	ENST00000590760.5	17	42572962	42577696	0.0232	rs2269906	 6.19	rs12602832	 1.30e-02	 -3.63	 0.1531	12	 1	top1	0.013	0.0014	-0.1531	8.78e-01
NA	/data/songy4/tes/output/weights_case//ENST00000590783.5.wgt.RDat	ENST00000590783.5	17	42703791	42709656	0.0328	rs2269906	 6.19	rs12602832	 1.92e-02	 -4.04	 0.1531	14	 1	top1	0.019	0.00013	-0.1531	8.78e-01
NA	/data/songy4/tes/output/weights_case//ENST00000591722.5.wgt.RDat	ENST00000591722.5	17	42833445	42837755	0.0208	rs17682536	 3.05	rs4986169	-8.75e-04	 -2.78	-0.5532	12	 5	enet	0.007	0.015	-0.7960	4.26e-01
NA	/data/songy4/tes/output/weights_case//ENST00000587380.1.wgt.RDat	ENST00000587380.1	17	42012982	42014937	0.0278	rs2269906	 6.19	rs12602832	-4.02e-04	 -3.00	 0.1531	14	 9	enet	0.0011	0.18	-0.3807	7.03e-01
NA	/data/songy4/tes/output/weights_case//ENST00000584586.1.wgt.RDat	ENST00000584586.1	17	39057064	39058036	0.0373	rs16966447	-2.20	rs7220116	-7.39e-04	  2.61	 2.0103	13	 9	enet	0.016	0.00038	 0.9162	3.60e-01
NA	/data/songy4/tes/output/weights_case//ENST00000584941.5.wgt.RDat	ENST00000584941.5	17	18476798	18494641	0.0695	rs741783	-2.43	rs4441330	 6.18e-02	  6.76	 2.3396	11	 1	top1	0.062	1.3e-11	 2.3396	1.93e-02
NA	/data/songy4/tes/output/weights_case//ENST00000584769.1.wgt.RDat	ENST00000584769.1	17	18428172	18430624	0.0433	rs741783	-2.43	rs4441330	 2.78e-02	  4.65	 2.3396	11	 1	top1	0.028	5.2e-06	 2.3396	1.93e-02
NA	/data/songy4/tes/output/weights_case//ENST00000584170.5.wgt.RDat	ENST00000584170.5	17	18485755	18488997	0.0440	rs741783	-2.43	rs4441330	 3.68e-02	  5.31	 2.3396	11	 1	top1	0.037	1.7e-07	 2.3396	1.93e-02
NA	/data/songy4/tes/output/weights_case//ENST00000584127.1.wgt.RDat	ENST00000584127.1	17	18489542	18494940	0.0579	rs741783	-2.43	rs4441330	 3.97e-02	  5.44	 2.3396	11	 1	top1	0.04	5.8e-08	 2.3396	1.93e-02
NA	/data/songy4/tes/output/weights_case//ENST00000586411.1.wgt.RDat	ENST00000586411.1	17	45549781	45558738	0.0323	rs12603843	-2.08	rs11079764	-1.42e-03	  2.78	 1.1553	15	 5	enet	0.0087	0.0077	-1.4259	1.54e-01
NA	/data/songy4/tes/output/weights_case//ENST00000586382.5.wgt.RDat	ENST00000586382.5	17	42713376	42745040	0.0228	rs2269906	 6.19	rs12602832	 4.41e-03	 -3.03	 0.1531	14	 5	enet	0.0066	0.018	-1.1847	2.36e-01
NA	/data/songy4/tes/output/weights_case//ENST00000586652.1.wgt.RDat	ENST00000586652.1	17	42805866	42809579	0.0336	rs11870606	-3.53	rs11870606	-7.93e-04	  2.66	-3.5349	13	 5	enet	0.0098	0.0048	-5.5527	2.81e-08
NA	/data/songy4/tes/output/weights_case//ENST00000586589.5.wgt.RDat	ENST00000586589.5	17	42810860	42818652	0.0176	rs11870606	-3.53	rs4986169	 1.33e-02	 -3.22	-0.5532	13	 1	top1	0.013	0.0013	 0.5532	5.80e-01
NA	/data/songy4/tes/output/weights_case//ENST00000586103.5.wgt.RDat	ENST00000586103.5	17	42703193	42745015	0.0213	rs2269906	 6.19	rs12602832	 2.06e-04	 -3.05	 0.1531	14	 6	enet	0.0016	0.15	-1.1671	2.43e-01
NA	/data/songy4/tes/output/weights_case//ENST00000586114.5.wgt.RDat	ENST00000586114.5	17	42833399	42838985	0.0208	rs17682536	 3.05	rs12602832	-2.14e-04	 -2.80	 0.1531	12	 4	lasso	0.0038	0.055	-0.4025	6.87e-01
NA	/data/songy4/tes/output/weights_case//ENST00000586089.5.wgt.RDat	ENST00000586089.5	17	42720308	42745049	0.0218	rs2269906	 6.19	rs12602832	 1.14e-03	 -2.93	 0.1531	14	 5	enet	0.013	0.0017	-1.0169	3.09e-01
NA	/data/songy4/tes/output/weights_case//ENST00000586312.5.wgt.RDat	ENST00000586312.5	17	42833549	42838976	0.0190	rs17682536	 3.05	rs12602832	-4.73e-04	 -2.80	 0.1531	12	 4	lasso	0.0026	0.091	-0.3438	7.31e-01
NA	/data/songy4/tes/output/weights_case//ENST00000586196.1.wgt.RDat	ENST00000586196.1	17	18453574	18453739	0.0266	rs741783	-2.43	rs4441330	 1.62e-02	  3.59	 2.3396	11	 1	top1	0.016	0.00041	 2.3396	1.93e-02
NA	/data/songy4/tes/output/weights_case//ENST00000587179.1.wgt.RDat	ENST00000587179.1	17	42718006	42722809	0.0294	rs2269906	 6.19	rs12602832	 7.77e-03	 -3.54	 0.1531	14	 6	enet	0.018	0.00024	-0.9614	3.36e-01
NA	/data/songy4/tes/output/weights_case//ENST00000587209.5.wgt.RDat	ENST00000587209.5	17	42572343	42577697	0.0213	rs2269906	 6.19	rs12602832	 3.27e-03	 -3.50	 0.1531	12	 3	enet	0.011	0.0034	-1.5705	1.16e-01
NA	/data/songy4/tes/output/weights_case//ENST00000587078.1.wgt.RDat	ENST00000587078.1	17	45545805	45558767	0.0247	rs12603843	-2.08	rs11079803	 1.96e-03	 -2.73	-0.4316	15	 3	lasso	0.0023	0.11	 0.5007	6.17e-01
NA	/data/songy4/tes/output/weights_case//ENST00000587044.1.wgt.RDat	ENST00000587044.1	17	43491194	43526796	0.0183	rs7223320	 2.90	rs4986169	 6.71e-03	 -3.50	-0.5532	 6	 1	top1	0.0067	0.017	 0.5532	5.80e-01
NA	/data/songy4/tes/output/weights_case//ENST00000586754.2.wgt.RDat	ENST00000586754.2	17	42811724	42815995	0.0213	rs11870606	-3.53	rs4986169	 8.88e-03	 -3.26	-0.5532	13	 5	enet	0.01	0.0042	-0.5007	6.17e-01
NA	/data/songy4/tes/output/weights_case//ENST00000586935.5.wgt.RDat	ENST00000586935.5	17	42712342	42722872	0.0291	rs2269906	 6.19	rs12602832	 8.61e-03	 -3.63	 0.1531	14	 6	enet	0.015	0.00079	-1.0574	2.90e-01
NA	/data/songy4/tes/output/weights_case//ENST00000586867.5.wgt.RDat	ENST00000586867.5	17	42717976	42745037	0.0225	rs2269906	 6.19	rs12602832	 5.01e-03	 -3.10	 0.1531	14	 5	enet	0.006	0.022	-1.1138	2.65e-01
NA	/data/songy4/tes/output/weights_case//ENST00000585319.5.wgt.RDat	ENST00000585319.5	17	8262460	8264314	0.0296	rs16957160	 3.75	rs4792722	 1.93e-02	  4.30	 0.6389	30	 1	top1	0.019	0.00013	 0.6389	5.23e-01
NA	/data/songy4/tes/output/weights_case//ENST00000585093.1.wgt.RDat	ENST00000585093.1	17	33534110	33541339	0.0237	rs17548645	 1.70	rs9675202	 1.48e-02	 -3.49	 0.8440	12	 1	top1	0.015	0.00071	-0.8440	3.99e-01
NA	/data/songy4/tes/output/weights_case//ENST00000585805.5.wgt.RDat	ENST00000585805.5	17	42833411	42838798	0.0193	rs17682536	 3.05	rs12602832	 2.41e-03	 -2.84	 0.1531	12	 1	top1	0.0024	0.1	-0.1531	8.78e-01
NA	/data/songy4/tes/output/weights_case//ENST00000585912.5.wgt.RDat	ENST00000585912.5	17	42703423	42745037	0.0235	rs2269906	 6.19	rs12602832	 6.23e-03	 -3.31	 0.1531	14	 1	top1	0.0062	0.02	-0.1531	8.78e-01
NA	/data/songy4/tes/output/weights_case//ENST00000585893.5.wgt.RDat	ENST00000585893.5	17	42702385	42745031	0.0229	rs2269906	 6.19	rs12602832	 6.40e-03	 -3.25	 0.1531	14	 1	top1	0.0064	0.019	-0.1531	8.78e-01
NA	/data/songy4/tes/output/weights_case//ENST00000585828.5.wgt.RDat	ENST00000585828.5	17	42507335	42522582	0.0265	rs2269906	 6.19	rs708387	 5.17e-03	 -2.95	-1.4809	11	 3	lasso	0.008	0.01	 1.1116	2.66e-01
NA	/data/songy4/tes/output/weights_case//ENST00000585455.1.wgt.RDat	ENST00000585455.1	17	42708045	42709182	0.0367	rs2269906	 6.19	rs12602832	 2.05e-02	 -4.07	 0.1531	14	 1	top1	0.021	8e-05	-0.1531	8.78e-01
NA	/data/songy4/tes/output/weights_case//ENST00000585360.1.wgt.RDat	ENST00000585360.1	17	42345414	42348516	0.0261	rs2269906	 6.19	rs12602832	 6.00e-03	 -3.44	 0.1531	10	 2	lasso	0.02	8.9e-05	-1.4990	1.34e-01
NA	/data/songy4/tes/output/weights_case//ENST00000585505.1.wgt.RDat	ENST00000585505.1	17	43189914	43196120	0.0166	rs17682536	 3.05	rs4986169	 1.37e-03	 -3.11	-0.5532	 6	 2	enet	0.006	0.023	 0.4842	6.28e-01
NA	/data/songy4/tes/output/weights_case//ENST00000585550.5.wgt.RDat	ENST00000585550.5	17	42703427	42722872	0.0245	rs2269906	 6.19	rs12602832	 1.21e-02	 -3.45	 0.1531	14	 1	top1	0.012	0.002	-0.1531	8.78e-01
NA	/data/songy4/tes/output/weights_case//ENST00000585515.5.wgt.RDat	ENST00000585515.5	17	42819324	42824282	0.0204	rs11870606	-3.53	rs4986169	 1.45e-02	 -3.37	-0.5532	13	 1	top1	0.014	0.00081	 0.5532	5.80e-01
NA	/data/songy4/tes/output/weights_case//ENST00000585517.5.wgt.RDat	ENST00000585517.5	17	42314854	42388439	0.0273	rs2269906	 6.19	rs12602832	 5.87e-03	 -3.29	 0.1531	10	 2	lasso	0.018	2e-04	-1.4868	1.37e-01
NA	/data/songy4/tes/output/weights_case//ENST00000519266.5.wgt.RDat	ENST00000519266.5	17	4948092	4951914	0.0274	rs35773449	 2.96	rs17823987	 3.06e-03	 -3.49	 2.1549	19	 4	lasso	0.012	0.0021	-1.4332	1.52e-01
NA	/data/songy4/tes/output/weights_case//ENST00000441946.6.wgt.RDat	ENST00000441946.6	17	42833418	42843216	0.0209	NA	   NA	NA	       NA	    NA	     NA	 0	 0	enet	-0.00012	0.34	     NA	      NA
NA	/data/songy4/tes/output/weights_case//ENST00000441199.2.wgt.RDat	ENST00000441199.2	17	4785285	4786371	0.0581	rs35773449	 2.96	rs8073779	 3.34e-02	 -5.16	 0.6917	26	 1	top1	0.033	6.1e-07	-0.6917	4.89e-01
NA	/data/songy4/tes/output/weights_case//ENST00000520221.5.wgt.RDat	ENST00000520221.5	17	4948252	4955220	0.0261	rs35773449	 2.96	rs17823987	 3.20e-03	 -3.45	 2.1549	19	 8	enet	0.01	0.0037	-1.2749	2.02e-01
NA	/data/songy4/tes/output/weights_case//ENST00000437957.2.wgt.RDat	ENST00000437957.2	17	19132053	19138588	0.0275	rs2472709	-2.35	rs2472709	 2.29e-02	 -4.19	-2.3516	12	 1	top1	0.023	3.3e-05	 2.3516	1.87e-02
NA	/data/songy4/tes/output/weights_case//ENST00000438274.7.wgt.RDat	ENST00000438274.7	17	42810308	42824287	0.0175	rs11870606	-3.53	rs4986169	 1.29e-02	 -3.20	-0.5532	13	 1	top1	0.013	0.0015	 0.5532	5.80e-01
NA	/data/songy4/tes/output/weights_case//ENST00000438266.1.wgt.RDat	ENST00000438266.1	17	5019214	5020093	0.0247	rs35773449	 2.96	rs17823987	-1.29e-03	 -2.75	 2.1549	17	10	enet	0.001	0.19	-0.9847	3.25e-01
NA	/data/songy4/tes/output/weights_case//ENST00000437048.7.wgt.RDat	ENST00000437048.7	17	508668	714839	0.0598	rs8076943	-2.29	rs9907540	 5.00e-02	 -6.25	-0.6449	41	 1	top1	0.05	1.2e-09	 0.6449	5.19e-01
NA	/data/songy4/tes/output/weights_case//ENST00000526484.5.wgt.RDat	ENST00000526484.5	17	45397965	45404186	0.0229	rs2165846	-4.29	rs12603843	-9.10e-04	  3.28	-2.0769	15	 7	enet	0.0031	0.076	-2.3574	1.84e-02
NA	/data/songy4/tes/output/weights_case//ENST00000522954.1.wgt.RDat	ENST00000522954.1	17	4956167	4957129	0.0270	rs35773449	 2.96	rs2875849	 1.93e-03	 -2.66	-0.2842	19	 3	lasso	0.0058	0.024	 0.7386	4.60e-01
NA	/data/songy4/tes/output/weights_case//ENST00000450034.7.wgt.RDat	ENST00000450034.7	17	7107680	7115015	0.0777	rs222836	-3.12	rs314239	 5.12e-02	  6.31	-0.5204	28	 1	top1	0.051	7.4e-10	-0.5204	6.03e-01
NA	/data/songy4/tes/output/weights_case//ENST00000449830.5.wgt.RDat	ENST00000449830.5	17	752667	754888	0.0312	rs8076943	-2.29	rs12948820	 1.44e-03	  2.43	-1.1143	28	 1	top1	0.0014	0.16	-1.1143	2.65e-01
NA	/data/songy4/tes/output/weights_case//ENST00000450277.2.wgt.RDat	ENST00000450277.2	17	18620086	18625541	0.0258	rs2472709	-2.35	rs4441330	 2.00e-02	 -4.05	 2.3396	10	 1	top1	0.02	9.6e-05	-2.3396	1.93e-02
NA	/data/songy4/tes/output/weights_case//ENST00000450523.6.wgt.RDat	ENST00000450523.6	17	1742843	1754642	0.0374	rs17626180	 1.78	rs5030755	 5.44e-03	  3.28	 0.4211	24	11	enet	0.019	0.00013	 0.7095	4.78e-01
NA	/data/songy4/tes/output/weights_case//ENST00000453723.5.wgt.RDat	ENST00000453723.5	17	1742869	1754200	0.0295	rs17626180	 1.78	rs1057355	 1.36e-02	  3.58	-0.2900	24	 1	top1	0.014	0.0011	-0.2900	7.72e-01
NA	/data/songy4/tes/output/weights_case//ENST00000453883.1.wgt.RDat	ENST00000453883.1	17	18450244	18450765	0.0257	rs741783	-2.43	rs9916099	 1.93e-03	  3.29	 0.4911	11	 7	enet	0.003	0.079	 1.6741	9.41e-02
NA	/data/songy4/tes/output/weights_case//ENST00000453408.7.wgt.RDat	ENST00000453408.7	17	4833584	4897287	0.0239	rs35773449	 2.96	rs748694	 1.84e-03	 -3.44	-2.1649	25	 3	lasso	0.0053	0.03	 0.3986	6.90e-01
NA	/data/songy4/tes/output/weights_case//ENST00000449697.7.wgt.RDat	ENST00000449697.7	17	18698028	18704547	0.0266	rs2472709	-2.35	rs4441330	 1.71e-02	 -3.62	 2.3396	10	 6	enet	0.017	0.00027	-1.1575	2.47e-01
NA	/data/songy4/tes/output/weights_case//ENST00000446853.1.wgt.RDat	ENST00000446853.1	17	18528586	18551685	0.0579	rs2472709	-2.35	rs4441330	 4.95e-02	  6.00	 2.3396	10	 5	enet	0.053	3.7e-10	 1.8403	6.57e-02
NA	/data/songy4/tes/output/weights_case//ENST00000446679.6.wgt.RDat	ENST00000446679.6	17	7101575	7114240	0.0895	rs222836	-3.12	rs314239	 5.39e-02	  6.56	-0.5204	29	 1	top1	0.054	2.6e-10	-0.5204	6.03e-01
NA	/data/songy4/tes/output/weights_case//ENST00000445752.5.wgt.RDat	ENST00000445752.5	17	18603289	18625617	0.0326	rs2472709	-2.35	rs4441330	 2.68e-02	 -4.55	 2.3396	10	 1	top1	0.027	7.5e-06	-2.3396	1.93e-02
NA	/data/songy4/tes/output/weights_case//ENST00000449552.6.wgt.RDat	ENST00000449552.6	17	18698010	18736118	0.0312	rs2472709	-2.35	rs4441330	 3.27e-02	 -4.98	 2.3396	10	 1	top1	0.033	8e-07	-2.3396	1.93e-02
NA	/data/songy4/tes/output/weights_case//ENST00000449363.2.wgt.RDat	ENST00000449363.2	17	14029292	14069478	0.0513	rs11658577	 1.70	rs9912146	 2.18e-02	  4.38	-0.9167	49	 1	top1	0.022	4.9e-05	-0.9167	3.59e-01
NA	/data/songy4/tes/output/weights_case//ENST00000544061.6.wgt.RDat	ENST00000544061.6	17	4937724	4940053	0.0300	rs35773449	 2.96	rs2304973	 2.73e-03	  3.26	-0.8587	19	 3	lasso	0.0099	0.0048	 0.8242	4.10e-01
NA	/data/songy4/tes/output/weights_case//ENST00000542826.6.wgt.RDat	ENST00000542826.6	17	6579654	6620907	0.0309	rs218676	-1.80	rs9891085	-9.99e-04	  2.96	-0.6422	31	 1	top1	-0.001	0.59	-0.6422	5.21e-01
NA	/data/songy4/tes/output/weights_case//ENST00000543382.6.wgt.RDat	ENST00000543382.6	17	42810414	42824287	0.0181	rs11870606	-3.53	rs4986169	 1.28e-02	 -3.21	-0.5532	13	 1	top1	0.013	0.0015	 0.5532	5.80e-01
NA	/data/songy4/tes/output/weights_case//ENST00000543428.5.wgt.RDat	ENST00000543428.5	17	42833445	42841695	0.0200	NA	   NA	NA	       NA	    NA	     NA	 0	 0	enet	0.0021	0.12	     NA	      NA
NA	/data/songy4/tes/output/weights_case//ENST00000545225.5.wgt.RDat	ENST00000545225.5	17	42824426	42843239	0.0270	NA	   NA	NA	       NA	    NA	     NA	 0	 0	enet	0.00019	0.29	     NA	      NA
NA	/data/songy4/tes/output/weights_case//ENST00000540306.5.wgt.RDat	ENST00000540306.5	17	43483963	43526786	0.0188	rs7223320	 2.90	rs4986169	 1.58e-02	 -3.52	-0.5532	 6	 1	top1	0.016	0.00047	 0.5532	5.80e-01
NA	/data/songy4/tes/output/weights_case//ENST00000541124.5.wgt.RDat	ENST00000541124.5	17	42833142	42843758	0.0223	NA	   NA	NA	       NA	    NA	     NA	 0	 0	enet	2.1e-05	0.31	     NA	      NA
NA	/data/songy4/tes/output/weights_case//ENST00000563763.5.wgt.RDat	ENST00000563763.5	17	5772234	5930696	0.0308	rs4985681	 2.16	rs17728437	 7.58e-03	 -3.43	 1.3068	42	 1	top1	0.0076	0.012	-1.3068	1.91e-01
NA	/data/songy4/tes/output/weights_case//ENST00000431716.2.wgt.RDat	ENST00000431716.2	17	14235673	14236862	0.0435	rs10521280	-2.34	rs2159132	 2.54e-02	  4.55	-0.3796	45	10	enet	0.03	2.1e-06	 0.0465	9.63e-01
NA	/data/songy4/tes/output/weights_case//ENST00000551338.1.wgt.RDat	ENST00000551338.1	17	42126523	42128759	0.0219	rs2269906	 6.19	rs12602832	 1.12e-02	 -2.99	 0.1531	13	 1	top1	0.011	0.0028	-0.1531	8.78e-01
NA	/data/songy4/tes/output/weights_case//ENST00000550013.1.wgt.RDat	ENST00000550013.1	17	42130161	42155017	0.0247	rs2269906	 6.19	rs12602832	 1.12e-02	 -3.16	 0.1531	13	 1	top1	0.011	0.0028	-0.1531	8.78e-01
NA	/data/songy4/tes/output/weights_case//ENST00000436469.1.wgt.RDat	ENST00000436469.1	17	14374139	14421026	0.0568	rs10521280	-2.34	rs671098	 3.90e-03	 -3.38	-0.2772	46	13	enet	0.011	0.0035	 0.2538	8.00e-01
NA	/data/songy4/tes/output/weights_case//ENST00000436612.5.wgt.RDat	ENST00000436612.5	17	40819106	40835085	0.0151	rs9900213	-2.15	rs2593595	 1.45e-03	 -2.65	 0.0583	 3	 3	enet	0.0059	0.023	-0.2761	7.82e-01
NA	/data/songy4/tes/output/weights_case//ENST00000436374.5.wgt.RDat	ENST00000436374.5	17	16690241	16708748	0.0995	rs3813769	-3.01	rs8065836	 3.41e-03	 -4.05	 1.1538	15	14	enet	0.076	6.5e-14	-2.1922	2.84e-02
NA	/data/songy4/tes/output/weights_case//ENST00000529357.5.wgt.RDat	ENST00000529357.5	17	45397514	45410386	0.0230	rs2165846	-4.29	rs9895150	 6.30e-05	  3.10	-1.8545	15	 9	enet	0.0025	0.096	-2.4543	1.41e-02
NA	/data/songy4/tes/output/weights_case//ENST00000535846.1.wgt.RDat	ENST00000535846.1	17	21535050	21574458	0.0225	rs7219901	 0.65	rs4986049	 2.20e-02	  4.09	 0.5322	 4	 1	top1	0.022	4.6e-05	 0.5322	5.95e-01
NA	/data/songy4/tes/output/weights_case//ENST00000478531.5.wgt.RDat	ENST00000478531.5	17	43063344	43125359	0.0180	rs17682536	 3.05	rs9944407	 1.44e-02	 -3.49	 1.9464	 7	 4	enet	0.015	0.00054	-1.1226	2.62e-01
NA	/data/songy4/tes/output/weights_case//ENST00000478373.6.wgt.RDat	ENST00000478373.6	17	17303366	17344866	0.0997	rs11078396	 2.93	rs7223686	 5.24e-02	  6.24	 0.6742	15	10	enet	0.068	1.2e-12	 0.6207	5.35e-01
NA	/data/songy4/tes/output/weights_case//ENST00000478276.1.wgt.RDat	ENST00000478276.1	17	42329658	42331538	0.0293	rs2269906	 6.19	rs9944407	 6.64e-03	 -3.52	 1.9464	10	 2	lasso	0.024	2.4e-05	-1.5967	1.10e-01
NA	/data/songy4/tes/output/weights_case//ENST00000477152.5.wgt.RDat	ENST00000477152.5	17	43093586	43125364	0.0155	rs17682536	 3.05	rs4986169	 4.85e-03	 -2.87	-0.5532	 7	 4	enet	0.013	0.0016	-0.6230	5.33e-01
NA	/data/songy4/tes/output/weights_case//ENST00000480529.1.wgt.RDat	ENST00000480529.1	17	17345269	17347152	0.0975	rs11078396	 2.93	rs7223686	 5.66e-02	  6.50	 0.6742	14	 4	lasso	0.066	2.5e-12	 1.2359	2.16e-01
NA	/data/songy4/tes/output/weights_case//ENST00000498330.1.wgt.RDat	ENST00000498330.1	17	42323064	42325157	0.0302	rs2269906	 6.19	rs12602832	 6.86e-03	 -3.40	 0.1531	10	 2	lasso	0.021	6.7e-05	-1.5214	1.28e-01
NA	/data/songy4/tes/output/weights_case//ENST00000498674.1.wgt.RDat	ENST00000498674.1	17	42202103	42202953	0.0352	rs2269906	 6.19	rs12602832	 1.27e-02	 -3.53	 0.1531	13	 1	top1	0.013	0.0016	-0.1531	8.78e-01
NA	/data/songy4/tes/output/weights_case//ENST00000476777.5.wgt.RDat	ENST00000476777.5	17	43095846	43125353	0.0168	rs17682536	 3.05	rs9944407	 4.80e-03	 -2.92	 1.9464	 7	 4	enet	0.013	0.0012	-0.8295	4.07e-01
NA	/data/songy4/tes/output/weights_case//ENST00000481231.6.wgt.RDat	ENST00000481231.6	17	40636409	40647824	0.0183	rs9900213	-2.15	rs4796765	-8.15e-04	  2.76	 0.1898	 7	 6	enet	0.0042	0.047	 0.3194	7.49e-01
NA	/data/songy4/tes/output/weights_case//ENST00000487825.5.wgt.RDat	ENST00000487825.5	17	43076488	43104916	0.0181	rs17682536	 3.05	rs9944407	 2.85e-03	 -3.16	 1.9464	 7	 4	enet	0.013	0.0015	-0.6199	5.35e-01
NA	/data/songy4/tes/output/weights_case//ENST00000493919.5.wgt.RDat	ENST00000493919.5	17	43063360	43125402	0.0180	rs17682536	 3.05	rs9944407	 1.49e-02	 -3.53	 1.9464	 7	 4	enet	0.016	0.00041	-1.1876	2.35e-01
NA	/data/songy4/tes/output/weights_case//ENST00000488906.1.wgt.RDat	ENST00000488906.1	17	47159191	47159993	0.0199	rs4793976	-1.88	rs603769	 1.38e-02	  3.45	-0.2451	17	 7	enet	0.016	0.00047	-0.1006	9.20e-01
NA	/data/songy4/tes/output/weights_case//ENST00000491747.6.wgt.RDat	ENST00000491747.6	17	43045678	43125356	0.0170	rs17682536	 3.05	rs9944407	 1.42e-02	 -3.50	 1.9464	 7	 1	top1	0.014	0.00089	-1.9464	5.16e-02
NA	/data/songy4/tes/output/weights_case//ENST00000491272.1.wgt.RDat	ENST00000491272.1	17	42315511	42317223	0.0289	rs2269906	 6.19	rs12602832	 5.19e-03	 -3.47	 0.1531	10	 2	lasso	0.018	0.00025	-1.2127	2.25e-01
NA	/data/songy4/tes/output/weights_case//ENST00000483704.5.wgt.RDat	ENST00000483704.5	17	17303678	17347663	0.0975	rs11078396	 2.93	rs7223686	 4.30e-02	  6.37	 0.6742	15	 3	lasso	0.068	1.4e-12	 1.0987	2.72e-01
NA	/data/songy4/tes/output/weights_case//ENST00000481253.2.wgt.RDat	ENST00000481253.2	17	42207559	42210592	0.0334	rs2269906	 6.19	rs12602832	 5.63e-03	 -3.25	 0.1531	13	 3	lasso	0.013	0.0015	-1.3094	1.90e-01
NA	/data/songy4/tes/output/weights_case//ENST00000481517.1.wgt.RDat	ENST00000481517.1	17	42210417	42217871	0.0352	rs2269906	 6.19	rs12602832	 1.29e-02	 -3.61	 0.1531	13	 1	top1	0.013	0.0015	-0.1531	8.78e-01
NA	/data/songy4/tes/output/weights_case//ENST00000483947.1.wgt.RDat	ENST00000483947.1	17	7140930	7141592	0.0266	rs222836	-3.12	rs314239	-1.18e-03	  2.84	-0.5204	25	15	enet	-3e-04	0.37	-1.5976	1.10e-01
NA	/data/songy4/tes/output/weights_case//ENST00000484087.5.wgt.RDat	ENST00000484087.5	17	43063344	43104916	0.0178	rs17682536	 3.05	rs9944407	 1.48e-02	 -3.51	 1.9464	 7	 4	enet	0.016	0.00052	-1.1535	2.49e-01
NA	/data/songy4/tes/output/weights_case//ENST00000495425.6.wgt.RDat	ENST00000495425.6	17	19555509	19577640	0.0157	rs4925044	 1.89	rs11656071	 1.07e-02	 -3.14	-1.4891	 5	 1	top1	0.011	0.0035	 1.4891	1.36e-01
NA	/data/songy4/tes/output/weights_case//ENST00000461574.1.wgt.RDat	ENST00000461574.1	17	43076537	43091824	0.0180	rs17682536	 3.05	rs4986169	 4.14e-03	 -2.93	-0.5532	 7	 3	lasso	0.0067	0.017	-0.8037	4.22e-01
NA	/data/songy4/tes/output/weights_case//ENST00000463809.1.wgt.RDat	ENST00000463809.1	17	16720517	16727895	0.0876	rs3813769	-3.01	rs8065836	 3.95e-03	 -3.84	 1.1538	15	14	enet	0.048	2.4e-09	-2.6218	8.75e-03
NA	/data/songy4/tes/output/weights_case//ENST00000461699.1.wgt.RDat	ENST00000461699.1	17	17228026	17228729	0.0232	NA	   NA	NA	       NA	    NA	     NA	15	 0	lasso	0.012	0.002	     NA	      NA
NA	/data/songy4/tes/output/weights_case//ENST00000462286.2.wgt.RDat	ENST00000462286.2	17	42314872	42316853	0.0288	rs2269906	 6.19	rs12602832	 4.63e-03	 -3.16	 0.1531	10	10	enet	0.012	0.0017	-1.3407	1.80e-01
NA	/data/songy4/tes/output/weights_case//ENST00000462269.1.wgt.RDat	ENST00000462269.1	17	42315597	42317562	0.0323	rs2269906	 6.19	rs12602832	 5.68e-03	 -3.30	 0.1531	10	 4	lasso	0.016	0.00041	-1.5539	1.20e-01
NA	/data/songy4/tes/output/weights_case//ENST00000456184.1.wgt.RDat	ENST00000456184.1	17	18527557	18528461	0.0688	rs2472709	-2.35	rs4441330	 5.79e-02	  6.52	 2.3396	10	 3	lasso	0.058	5e-11	 2.0435	4.10e-02
NA	/data/songy4/tes/output/weights_case//ENST00000455629.5.wgt.RDat	ENST00000455629.5	17	18606663	18625608	0.0357	rs2472709	-2.35	rs4441330	 2.71e-02	 -4.56	 2.3396	10	 1	top1	0.027	6.6e-06	-2.3396	1.93e-02
NA	/data/songy4/tes/output/weights_case//ENST00000456009.4.wgt.RDat	ENST00000456009.4	17	16690316	16731916	0.1103	rs3813769	-3.01	rs8074984	 2.50e-03	  3.95	-0.0388	16	13	enet	0.085	1.9e-15	-2.0689	3.86e-02
NA	/data/songy4/tes/output/weights_case//ENST00000470418.5.wgt.RDat	ENST00000470418.5	17	17303390	17346858	0.1004	rs11078396	 2.93	rs7223686	 5.56e-02	  6.41	 0.6742	15	10	enet	0.069	8.5e-13	 0.7332	4.63e-01
NA	/data/songy4/tes/output/weights_case//ENST00000471989.5.wgt.RDat	ENST00000471989.5	17	42323035	42325061	0.0317	rs2269906	 6.19	rs12602832	 7.26e-03	 -3.44	 0.1531	10	 2	lasso	0.022	4.7e-05	-1.5169	1.29e-01
NA	/data/songy4/tes/output/weights_case//ENST00000508093.5.wgt.RDat	ENST00000508093.5	17	18513285	18519674	0.0787	rs2472709	-2.35	rs4441330	 6.31e-02	  6.77	 2.3396	10	 7	enet	0.075	8.4e-14	 1.8869	5.92e-02
NA	/data/songy4/tes/output/weights_case//ENST00000468496.5.wgt.RDat	ENST00000468496.5	17	42207582	42217282	0.0332	rs2269906	 6.19	rs12602832	 8.14e-03	 -3.37	 0.1531	13	 3	lasso	0.014	0.0011	-1.1515	2.50e-01
NA	/data/songy4/tes/output/weights_case//ENST00000468312.1.wgt.RDat	ENST00000468312.1	17	42217690	42276406	0.0315	rs2269906	 6.19	rs12602832	 1.26e-02	 -3.47	 0.1531	13	 1	top1	0.013	0.0016	-0.1531	8.78e-01
NA	/data/songy4/tes/output/weights_case//ENST00000468300.5.wgt.RDat	ENST00000468300.5	17	43044805	43125451	0.0175	rs17682536	 3.05	rs9944407	 5.48e-03	 -3.12	 1.9464	 7	 4	enet	0.012	0.0023	-0.6534	5.13e-01
NA	/data/songy4/tes/output/weights_case//ENST00000575298.1.wgt.RDat	ENST00000575298.1	17	4168151	4170861	0.0363	rs35773449	 2.96	rs2304973	 6.02e-04	  3.29	-0.8587	27	 6	enet	0.0051	0.032	 0.3230	7.47e-01
NA	/data/songy4/tes/output/weights_case//ENST00000575400.5.wgt.RDat	ENST00000575400.5	17	4940659	4944851	0.0340	rs35773449	 2.96	rs17823987	 1.08e-02	 -3.79	 2.1549	19	12	enet	0.017	0.00027	-1.7095	8.74e-02
NA	/data/songy4/tes/output/weights_case//ENST00000575027.1.wgt.RDat	ENST00000575027.1	17	6589807	6606928	0.0289	rs218676	-1.80	rs9891085	-5.19e-04	  3.25	-0.6422	31	 1	top1	-0.00052	0.43	-0.6422	5.21e-01
NA	/data/songy4/tes/output/weights_case//ENST00000575201.2.wgt.RDat	ENST00000575201.2	17	6460569	6463881	0.0415	rs218676	-1.80	rs17728437	 1.65e-03	 -3.23	 1.3068	41	11	enet	0.0018	0.13	-1.5763	1.15e-01
NA	/data/songy4/tes/output/weights_case//ENST00000575111.5.wgt.RDat	ENST00000575111.5	17	4940381	4945191	0.0375	rs35773449	 2.96	rs17823987	 1.38e-02	 -3.89	 2.1549	19	 5	lasso	0.022	4.8e-05	-1.6474	9.95e-02
NA	/data/songy4/tes/output/weights_case//ENST00000575142.5.wgt.RDat	ENST00000575142.5	17	4959226	4967790	0.0231	rs35773449	 2.96	rs7217186	 8.10e-04	  3.27	 2.6058	18	 7	enet	0.016	0.00037	-0.8466	3.97e-01
NA	/data/songy4/tes/output/weights_case//ENST00000575840.5.wgt.RDat	ENST00000575840.5	17	2303950	2317981	0.0416	rs3760229	 1.74	rs7218436	 4.35e-02	 -5.72	-0.0490	23	 3	lasso	0.044	1.1e-08	 0.4667	6.41e-01
NA	/data/songy4/tes/output/weights_case//ENST00000575784.2.wgt.RDat	ENST00000575784.2	17	4959503	4967789	0.0247	rs35773449	 2.96	rs7217186	 1.03e-03	  3.38	 2.6058	18	 7	enet	0.019	0.00014	-0.8031	4.22e-01
NA	/data/songy4/tes/output/weights_case//ENST00000575960.5.wgt.RDat	ENST00000575960.5	17	46330453	46361718	0.0431	rs2555110	 2.02	rs4793658	 2.38e-03	  2.80	-1.2037	13	13	enet	0.016	0.00046	-1.6445	1.00e-01
NA	/data/songy4/tes/output/weights_case//ENST00000575524.1.wgt.RDat	ENST00000575524.1	17	4943068	4944800	0.0337	rs35773449	 2.96	rs17823987	 1.60e-02	 -3.66	 2.1549	19	 1	top1	0.016	0.00044	-2.1549	3.12e-02
NA	/data/songy4/tes/output/weights_case//ENST00000575546.1.wgt.RDat	ENST00000575546.1	17	5126740	5127010	0.0271	rs4790738	 2.46	rs2585266	 1.92e-02	  4.01	-0.8962	13	 1	top1	0.019	0.00013	-0.8962	3.70e-01
NA	/data/songy4/tes/output/weights_case//ENST00000575580.1.wgt.RDat	ENST00000575580.1	17	4982802	4983236	0.0214	rs35773449	 2.96	rs748694	 7.42e-04	 -2.98	-2.1649	18	 6	enet	0.0053	0.03	 0.2084	8.35e-01
NA	/data/songy4/tes/output/weights_case//ENST00000575698.5.wgt.RDat	ENST00000575698.5	17	46330345	46361726	0.0323	rs2555110	 2.02	rs4794160	-1.41e-03	  2.62	 0.0945	13	 8	enet	0.013	0.0012	-0.4363	6.63e-01
NA	/data/songy4/tes/output/weights_case//ENST00000575709.5.wgt.RDat	ENST00000575709.5	17	5128392	5175032	0.0549	rs4790738	 2.46	rs2585266	 5.27e-02	  6.46	-0.8962	15	 1	top1	0.053	4.2e-10	-0.8962	3.70e-01
NA	/data/songy4/tes/output/weights_case//ENST00000575634.5.wgt.RDat	ENST00000575634.5	17	319507	341423	0.0513	rs7208188	 1.95	rs12942654	 2.06e-03	  3.93	-1.2945	25	 1	top1	0.0021	0.12	-1.2945	1.95e-01
NA	/data/songy4/tes/output/weights_case//ENST00000574324.1.wgt.RDat	ENST00000574324.1	17	19132719	19159000	0.0203	rs2472709	-2.35	rs2472709	 3.13e-03	 -3.86	-2.3516	12	 1	top1	0.0031	0.074	 2.3516	1.87e-02
NA	/data/songy4/tes/output/weights_case//ENST00000574453.5.wgt.RDat	ENST00000574453.5	17	4833413	4898053	0.0239	rs35773449	 2.96	rs748694	 3.79e-03	 -3.47	-2.1649	25	 3	lasso	0.0053	0.03	 1.0047	3.15e-01
NA	/data/songy4/tes/output/weights_case//ENST00000574429.1.wgt.RDat	ENST00000574429.1	17	6641024	6643123	0.0384	rs222836	-3.12	rs7503953	 7.47e-03	 -3.86	-0.0935	32	 9	enet	0.0098	0.0049	 0.3057	7.60e-01
NA	/data/songy4/tes/output/weights_case//ENST00000574128.1.wgt.RDat	ENST00000574128.1	17	6644295	6651427	0.0308	rs222836	-3.12	rs9889620	-9.62e-04	 -3.07	-1.2293	31	 7	enet	0.008	0.01	-0.1581	8.74e-01
NA	/data/songy4/tes/output/weights_case//ENST00000574029.5.wgt.RDat	ENST00000574029.5	17	517382	714830	0.0506	rs8076943	-2.29	rs9907540	 3.50e-02	 -5.50	-0.6449	41	 1	top1	0.035	3.4e-07	 0.6449	5.19e-01
NA	/data/songy4/tes/output/weights_case//ENST00000574229.1.wgt.RDat	ENST00000574229.1	17	2315378	2317900	0.0597	rs3760229	 1.74	rs7218436	 4.67e-02	 -6.29	-0.0490	22	 3	enet	0.051	7.6e-10	-0.2191	8.27e-01
NA	/data/songy4/tes/output/weights_case//ENST00000574260.1.wgt.RDat	ENST00000574260.1	17	4987706	4988446	0.0234	rs35773449	 2.96	rs2304973	 1.61e-03	  3.13	-0.8587	18	 4	lasso	0.0057	0.025	-0.3540	7.23e-01
NA	/data/songy4/tes/output/weights_case//ENST00000574838.1.wgt.RDat	ENST00000574838.1	17	6641043	6643429	0.0340	rs222836	-3.12	rs7503953	-1.42e-03	 -3.42	-0.0935	32	 9	enet	0.015	0.00065	 0.1791	8.58e-01
NA	/data/songy4/tes/output/weights_case//ENST00000574788.5.wgt.RDat	ENST00000574788.5	17	5116438	5174991	0.1189	rs4790738	 2.46	rs2585266	 1.14e-01	  9.19	-0.8962	16	 1	enet	0.11	1.3e-20	-0.8962	3.70e-01
NA	/data/songy4/tes/output/weights_case//ENST00000574951.5.wgt.RDat	ENST00000574951.5	17	4967992	4986234	0.0212	rs35773449	 2.96	rs748694	 4.86e-03	 -3.04	-2.1649	18	 1	top1	0.0049	0.035	 2.1649	3.04e-02
NA	/data/songy4/tes/output/weights_case//ENST00000574872.1.wgt.RDat	ENST00000574872.1	17	4945667	4947469	0.0282	rs35773449	 2.96	rs17823987	 1.82e-03	 -3.16	 2.1549	19	 4	lasso	0.0081	0.0096	-0.8403	4.01e-01
NA	/data/songy4/tes/output/weights_case//ENST00000574734.5.wgt.RDat	ENST00000574734.5	17	6641034	6643116	0.0336	rs222836	-3.12	rs7503953	-1.40e-04	 -3.57	-0.0935	32	 9	enet	0.014	0.00086	 0.2859	7.75e-01
NA	/data/songy4/tes/output/weights_case//ENST00000574548.1.wgt.RDat	ENST00000574548.1	17	4944380	4944895	0.0371	rs35773449	 2.96	rs17823987	 9.40e-03	 -3.76	 2.1549	19	 3	lasso	0.029	2.9e-06	-1.8891	5.89e-02
NA	/data/songy4/tes/output/weights_case//ENST00000574710.1.wgt.RDat	ENST00000574710.1	17	4937317	4940030	0.0323	rs35773449	 2.96	rs2304973	 4.21e-03	  3.60	-0.8587	19	 3	lasso	0.016	4e-04	 0.7022	4.83e-01
NA	/data/songy4/tes/output/weights_case//ENST00000574668.1.wgt.RDat	ENST00000574668.1	17	7855066	7856061	0.0366	rs16957160	 3.75	rs16957160	 4.18e-04	 -2.95	 3.7483	27	13	enet	0.0083	0.009	-0.9224	3.56e-01
NA	/data/songy4/tes/output/weights_case//ENST00000574640.1.wgt.RDat	ENST00000574640.1	17	4631334	4641935	0.1270	rs35773449	 2.96	rs748694	 7.61e-02	 -7.43	-2.1649	26	14	enet	0.096	2.1e-17	 1.2551	2.09e-01
NA	/data/songy4/tes/output/weights_case//ENST00000576019.5.wgt.RDat	ENST00000576019.5	17	653326	721717	0.0365	rs8076943	-2.29	rs9907540	 2.87e-02	 -4.73	-0.6449	31	 1	top1	0.029	3.6e-06	 0.6449	5.19e-01
NA	/data/songy4/tes/output/weights_case//ENST00000577146.5.wgt.RDat	ENST00000577146.5	17	6641308	6643119	0.0322	rs222836	-3.12	rs7503953	-6.82e-05	 -3.63	-0.0935	32	10	enet	0.012	0.0023	 0.4950	6.21e-01
NA	/data/songy4/tes/output/weights_case//ENST00000577265.5.wgt.RDat	ENST00000577265.5	17	18489481	18494941	0.0521	rs741783	-2.43	rs4441330	 3.24e-02	  4.98	 2.3396	11	 1	top1	0.032	9.1e-07	 2.3396	1.93e-02
NA	/data/songy4/tes/output/weights_case//ENST00000577691.5.wgt.RDat	ENST00000577691.5	17	18476756	18494940	0.0693	rs741783	-2.43	rs4441330	 5.93e-02	  6.59	 2.3396	11	 1	top1	0.059	3.4e-11	 2.3396	1.93e-02
NA	/data/songy4/tes/output/weights_case//ENST00000577591.1.wgt.RDat	ENST00000577591.1	17	17216972	17219103	0.0273	NA	   NA	NA	       NA	    NA	     NA	15	 0	top1	0.027	5.9e-06	     NA	      NA
NA	/data/songy4/tes/output/weights_case//ENST00000576394.1.wgt.RDat	ENST00000576394.1	17	4639438	4641875	0.1326	rs35773449	 2.96	rs748694	 8.76e-02	 -7.97	-2.1649	26	12	enet	0.11	3.4e-20	 1.3063	1.91e-01
NA	/data/songy4/tes/output/weights_case//ENST00000576452.5.wgt.RDat	ENST00000576452.5	17	4940100	4942466	0.0311	rs35773449	 2.96	rs17823987	 3.51e-03	 -3.78	 2.1549	19	12	enet	0.016	0.00045	-2.2836	2.24e-02
NA	/data/songy4/tes/output/weights_case//ENST00000576487.5.wgt.RDat	ENST00000576487.5	17	7107502	7114825	0.0535	rs222836	-3.12	rs314239	 4.96e-02	  6.10	-0.5204	28	 1	top1	0.05	1.3e-09	-0.5204	6.03e-01
NA	/data/songy4/tes/output/weights_case//ENST00000576020.5.wgt.RDat	ENST00000576020.5	17	6640985	6643067	0.0333	rs222836	-3.12	rs7503953	 9.36e-03	 -3.78	-0.0935	32	 9	enet	0.013	0.0015	 0.5078	6.12e-01
NA	/data/songy4/tes/output/weights_case//ENST00000576281.5.wgt.RDat	ENST00000576281.5	17	6578148	6594999	0.0353	rs218676	-1.80	rs9891085	 2.91e-04	  2.80	-0.6422	31	 5	lasso	0.00089	0.2	-0.2269	8.20e-01
NA	/data/songy4/tes/output/weights_case//ENST00000576229.5.wgt.RDat	ENST00000576229.5	17	4940487	4945172	0.0374	rs35773449	 2.96	rs17823987	 1.39e-02	 -3.93	 2.1549	19	 5	lasso	0.022	5e-05	-1.5319	1.26e-01
NA	/data/songy4/tes/output/weights_case//ENST00000576166.2.wgt.RDat	ENST00000576166.2	17	3278826	3386317	0.0629	rs3744678	-2.49	rs4790495	 2.20e-03	 -3.55	 0.5792	38	 5	lasso	0.023	3.4e-05	 0.7297	4.66e-01
NA	/data/songy4/tes/output/weights_case//ENST00000576872.1.wgt.RDat	ENST00000576872.1	17	4969428	4972793	0.0184	rs35773449	 2.96	rs748694	-2.87e-04	 -2.70	-2.1649	18	 4	lasso	-3.1e-05	0.32	-0.8644	3.87e-01
NA	/data/songy4/tes/output/weights_case//ENST00000577021.1.wgt.RDat	ENST00000577021.1	17	4833621	4885965	0.0277	rs35773449	 2.96	rs2304973	 3.48e-03	  3.36	-0.8587	25	 4	lasso	0.0075	0.012	-1.5644	1.18e-01
NA	/data/songy4/tes/output/weights_case//ENST00000576951.1.wgt.RDat	ENST00000576951.1	17	4937763	4939913	0.0300	rs35773449	 2.96	rs2304973	 2.51e-03	  3.20	-0.8587	19	 3	lasso	0.0096	0.0054	 0.9286	3.53e-01
NA	/data/songy4/tes/output/weights_case//ENST00000576965.1.wgt.RDat	ENST00000576965.1	17	4942851	4945222	0.0377	rs35773449	 2.96	rs17823987	 2.85e-03	 -3.64	 2.1549	19	 3	lasso	0.023	3.5e-05	-1.6966	8.98e-02
NA	/data/songy4/tes/output/weights_case//ENST00000576823.1.wgt.RDat	ENST00000576823.1	17	6623937	6628487	0.0370	rs218676	-1.80	rs9889620	-3.18e-04	 -2.91	-1.2293	31	15	enet	0.0023	0.11	 0.6837	4.94e-01
NA	/data/songy4/tes/output/weights_case//ENST00000576820.5.wgt.RDat	ENST00000576820.5	17	4988212	4997033	0.0226	rs35773449	 2.96	rs2304973	 1.83e-03	  3.07	-0.8587	18	 4	lasso	0.0049	0.034	-1.0415	2.98e-01
NA	/data/songy4/tes/output/weights_case//ENST00000576620.5.wgt.RDat	ENST00000576620.5	17	2303950	2323249	0.0310	rs3760229	 1.74	rs7218436	 2.70e-02	 -4.74	-0.0490	23	 1	top1	0.027	6.9e-06	 0.0490	9.61e-01
NA	/data/songy4/tes/output/weights_case//ENST00000576572.1.wgt.RDat	ENST00000576572.1	17	4637170	4639164	0.1148	rs35773449	 2.96	rs748694	 7.90e-02	 -7.58	-2.1649	26	14	enet	0.086	1e-15	 1.2842	1.99e-01
NA	/data/songy4/tes/output/weights_case//ENST00000576764.1.wgt.RDat	ENST00000576764.1	17	3903912	3904743	0.0472	rs3744678	-2.49	rs4995288	 2.51e-02	  5.36	-0.6505	25	 2	enet	0.055	1.6e-10	-0.3687	7.12e-01
NA	/data/songy4/tes/output/weights_case//ENST00000571282.1.wgt.RDat	ENST00000571282.1	17	503171	511347	0.0441	rs7208188	 1.95	rs4968145	 8.89e-04	  3.75	-0.4953	35	12	enet	0.0099	0.0047	-0.2542	7.99e-01
NA	/data/songy4/tes/output/weights_case//ENST00000571365.1.wgt.RDat	ENST00000571365.1	17	4940046	4940836	0.0322	rs35773449	 2.96	rs7217186	 1.50e-03	  3.21	 2.6058	19	15	enet	0.019	0.00016	-1.5975	1.10e-01
NA	/data/songy4/tes/output/weights_case//ENST00000571805.5.wgt.RDat	ENST00000571805.5	17	532708	714846	0.0529	rs8076943	-2.29	rs9907540	 3.73e-02	 -5.44	-0.6449	41	 1	top1	0.037	1.4e-07	 0.6449	5.19e-01
NA	/data/songy4/tes/output/weights_case//ENST00000571708.5.wgt.RDat	ENST00000571708.5	17	18699215	18735490	0.0437	rs2472709	-2.35	rs4441330	 3.38e-02	 -5.08	 2.3396	10	 8	enet	0.036	2.7e-07	-2.4384	1.48e-02
NA	/data/songy4/tes/output/weights_case//ENST00000571722.3.wgt.RDat	ENST00000571722.3	17	19063346	19064136	0.0894	rs2472709	-2.35	rs2472709	 3.77e-02	 -5.41	-2.3516	11	10	enet	0.059	3.7e-11	 2.9499	3.18e-03
NA	/data/songy4/tes/output/weights_case//ENST00000571733.1.wgt.RDat	ENST00000571733.1	17	18722123	18731219	0.0219	rs2472709	-2.35	rs9916099	 1.36e-02	  3.35	 0.4911	10	 1	top1	0.014	0.0011	 0.4911	6.23e-01
NA	/data/songy4/tes/output/weights_case//ENST00000571816.5.wgt.RDat	ENST00000571816.5	17	4940008	4945191	0.0339	rs35773449	 2.96	rs17823987	 6.03e-03	 -3.53	 2.1549	19	10	enet	0.02	9.8e-05	-1.6680	9.53e-02
NA	/data/songy4/tes/output/weights_case//ENST00000571029.1.wgt.RDat	ENST00000571029.1	17	6641658	6643117	0.0305	rs222836	-3.12	rs7503953	-1.72e-04	 -3.51	-0.0935	32	 9	enet	0.012	0.0025	 0.4237	6.72e-01
NA	/data/songy4/tes/output/weights_case//ENST00000571526.1.wgt.RDat	ENST00000571526.1	17	4893196	4893871	0.0215	rs35773449	 2.96	rs748694	-2.44e-04	 -3.14	-2.1649	20	 6	enet	0.015	0.00056	 0.3635	7.16e-01
NA	/data/songy4/tes/output/weights_case//ENST00000571637.1.wgt.RDat	ENST00000571637.1	17	3905263	3916476	0.0503	rs3744678	-2.49	rs4995288	 2.77e-02	  5.85	-0.6505	25	 2	enet	0.064	4.8e-12	-0.3988	6.90e-01
NA	/data/songy4/tes/output/weights_case//ENST00000570492.5.wgt.RDat	ENST00000570492.5	17	4940658	4944601	0.0347	rs35773449	 2.96	rs17823987	 1.21e-02	 -4.02	 2.1549	19	13	enet	0.02	1e-04	-1.7195	8.55e-02
NA	/data/songy4/tes/output/weights_case//ENST00000570328.5.wgt.RDat	ENST00000570328.5	17	4940299	4942605	0.0333	rs35773449	 2.96	rs17823987	 2.18e-02	 -4.11	 2.1549	19	 1	top1	0.022	5e-05	-2.1549	3.12e-02
NA	/data/songy4/tes/output/weights_case//ENST00000570330.5.wgt.RDat	ENST00000570330.5	17	6641016	6643114	0.0316	rs222836	-3.12	rs7503953	-2.07e-04	 -3.57	-0.0935	32	 9	enet	0.012	0.0025	 0.4669	6.41e-01
NA	/data/songy4/tes/output/weights_case//ENST00000429152.6.wgt.RDat	ENST00000429152.6	17	14069496	14077322	0.0398	rs11658577	 1.70	rs9912146	 1.75e-02	  4.02	-0.9167	47	 1	top1	0.017	0.00025	-0.9167	3.59e-01
NA	/data/songy4/tes/output/weights_case//ENST00000570034.1.wgt.RDat	ENST00000570034.1	17	46372855	46487141	0.0255	rs2555110	 2.02	rs4793658	 4.18e-03	  3.45	-1.2037	13	 1	top1	0.0042	0.047	-1.2037	2.29e-01
NA	/data/songy4/tes/output/weights_case//ENST00000428950.2.wgt.RDat	ENST00000428950.2	17	16705284	16709459	0.1471	rs3813769	-3.01	rs8065836	 3.43e-02	 -5.15	 1.1538	15	15	enet	0.1	9.7e-19	-2.4048	1.62e-02
NA	/data/songy4/tes/output/weights_case//ENST00000570836.5.wgt.RDat	ENST00000570836.5	17	4630902	4642294	0.1303	rs35773449	 2.96	rs748694	 7.92e-02	 -7.58	-2.1649	26	13	enet	0.1	1.9e-18	 1.1743	2.40e-01
NA	/data/songy4/tes/output/weights_case//ENST00000570902.1.wgt.RDat	ENST00000570902.1	17	1638140	1640557	0.0423	rs8076943	-2.29	rs4790232	 1.31e-02	  4.11	 1.4298	24	 3	lasso	0.027	6.8e-06	 0.5219	6.02e-01
NA	/data/songy4/tes/output/weights_case//ENST00000570986.1.wgt.RDat	ENST00000570986.1	17	4552183	4555358	0.0239	rs35773449	 2.96	rs2304973	 6.00e-03	  3.70	-0.8587	26	 4	lasso	0.0078	0.011	-1.5372	1.24e-01
NA	/data/songy4/tes/output/weights_case//ENST00000570543.1.wgt.RDat	ENST00000570543.1	17	4938154	4938557	0.0261	rs35773449	 2.96	rs2304973	 2.88e-03	  3.25	-0.8587	19	 9	enet	0.0065	0.018	-0.6385	5.23e-01
NA	/data/songy4/tes/output/weights_case//ENST00000570650.1.wgt.RDat	ENST00000570650.1	17	600880	628231	0.0482	rs7208188	 1.95	rs9907540	 1.99e-02	 -4.15	-0.6449	35	11	enet	0.024	2.4e-05	-0.0374	9.70e-01
NA	/data/songy4/tes/output/weights_case//ENST00000570662.2.wgt.RDat	ENST00000570662.2	17	2307036	2318830	0.0281	rs3760229	 1.74	rs7218436	 1.60e-02	 -3.65	-0.0490	23	 3	lasso	0.016	0.00044	 0.9021	3.67e-01
NA	/data/songy4/tes/output/weights_case//ENST00000570771.1.wgt.RDat	ENST00000570771.1	17	519855	532993	0.0626	rs7208188	 1.95	rs9907540	 5.53e-02	 -6.54	-0.6449	35	 1	top1	0.055	1.5e-10	 0.6449	5.19e-01
NA	/data/songy4/tes/output/weights_case//ENST00000570790.5.wgt.RDat	ENST00000570790.5	17	6579211	6635173	0.0342	rs222836	-3.12	rs9891085	-3.82e-04	  2.83	-0.6422	32	 1	top1	-0.00038	0.39	-0.6422	5.21e-01
NA	/data/songy4/tes/output/weights_case//ENST00000573270.1.wgt.RDat	ENST00000573270.1	17	4610449	4617650	0.0314	rs35773449	 2.96	rs8076142	 6.28e-03	 -3.31	-0.3254	26	 8	enet	0.021	7.5e-05	-0.0928	9.26e-01
NA	/data/songy4/tes/output/weights_case//ENST00000573491.5.wgt.RDat	ENST00000573491.5	17	3278775	3386293	0.0720	rs3744678	-2.49	rs923376	 7.80e-03	 -3.77	-1.7273	38	15	enet	0.056	1.1e-10	 0.9580	3.38e-01
NA	/data/songy4/tes/output/weights_case//ENST00000573366.5.wgt.RDat	ENST00000573366.5	17	4959256	4967191	0.0224	rs35773449	 2.96	rs17823987	 4.32e-04	 -3.36	 2.1549	18	 5	enet	0.018	0.00022	-1.3520	1.76e-01
NA	/data/songy4/tes/output/weights_case//ENST00000573404.5.wgt.RDat	ENST00000573404.5	17	4940083	4942652	0.0324	rs35773449	 2.96	rs17823987	 1.04e-02	 -3.99	 2.1549	19	12	enet	0.019	0.00016	-1.8898	5.88e-02
NA	/data/songy4/tes/output/weights_case//ENST00000573028.5.wgt.RDat	ENST00000573028.5	17	531968	714856	0.0714	rs8076943	-2.29	rs9907540	 5.61e-02	 -6.59	-0.6449	41	 1	top1	0.056	1.1e-10	 0.6449	5.19e-01
NA	/data/songy4/tes/output/weights_case//ENST00000573168.1.wgt.RDat	ENST00000573168.1	17	19141017	19143689	0.1484	rs2472709	-2.35	rs2472709	 1.49e-01	-10.39	-2.3516	12	 2	lasso	0.16	3.1e-29	 1.5618	1.18e-01
NA	/data/songy4/tes/output/weights_case//ENST00000573133.1.wgt.RDat	ENST00000573133.1	17	18986148	18986334	0.0315	rs2472709	-2.35	rs2472712	-1.38e-03	  2.43	 0.2643	12	10	enet	0.0055	0.027	 1.8525	6.40e-02
NA	/data/songy4/tes/output/weights_case//ENST00000572949.5.wgt.RDat	ENST00000572949.5	17	5128392	5175032	0.0562	rs4790738	 2.46	rs2585266	 5.24e-02	  6.46	-0.8962	15	 1	top1	0.052	4.7e-10	-0.8962	3.70e-01
NA	/data/songy4/tes/output/weights_case//ENST00000573862.1.wgt.RDat	ENST00000573862.1	17	7945331	7947722	0.0228	rs16957160	 3.75	rs16957160	 1.04e-02	 -3.50	 3.7483	26	 1	top1	0.01	0.0039	-3.7483	1.78e-04
NA	/data/songy4/tes/output/weights_case//ENST00000573866.2.wgt.RDat	ENST00000573866.2	17	19112000	19112636	0.0817	rs2472709	-2.35	rs11656071	 6.95e-02	  7.11	-1.4891	11	 8	enet	0.079	1.6e-14	-0.3852	7.00e-01
NA	/data/songy4/tes/output/weights_case//ENST00000573815.1.wgt.RDat	ENST00000573815.1	17	5014194	5022265	0.0221	rs35773449	 2.96	rs17823987	 2.64e-03	 -3.47	 2.1549	17	 4	lasso	0.0056	0.026	-0.8047	4.21e-01
NA	/data/songy4/tes/output/weights_case//ENST00000573792.5.wgt.RDat	ENST00000573792.5	17	6641466	6643120	0.0317	rs222836	-3.12	rs7503953	-1.42e-03	 -3.48	-0.0935	32	 9	enet	0.016	0.00053	 0.5699	5.69e-01
NA	/data/songy4/tes/output/weights_case//ENST00000573901.2.wgt.RDat	ENST00000573901.2	17	3284399	3386306	0.0541	rs3744678	-2.49	rs923376	 5.64e-03	 -3.81	-1.7273	38	 7	enet	0.036	2.8e-07	 0.9487	3.43e-01
NA	/data/songy4/tes/output/weights_case//ENST00000573588.5.wgt.RDat	ENST00000573588.5	17	319522	334066	0.0394	rs7208188	 1.95	rs7224163	-1.22e-03	 -2.49	-0.9571	25	17	enet	0.00046	0.25	 0.9416	3.46e-01
NA	/data/songy4/tes/output/weights_case//ENST00000573755.1.wgt.RDat	ENST00000573755.1	17	6954098	6978960	0.0291	rs222836	-3.12	rs684690	 1.70e-03	 -3.27	 0.5000	29	 5	enet	0.0085	0.0082	-0.3773	7.06e-01
NA	/data/songy4/tes/output/weights_case//ENST00000573740.1.wgt.RDat	ENST00000573740.1	17	4638927	4641678	0.1167	rs35773449	 2.96	rs748694	 8.27e-02	 -7.77	-2.1649	26	13	enet	0.098	1.1e-17	 1.2279	2.20e-01
NA	/data/songy4/tes/output/weights_case//ENST00000572265.1.wgt.RDat	ENST00000572265.1	17	4638927	4639882	0.1188	rs35773449	 2.96	rs748694	 8.04e-02	 -7.65	-2.1649	26	 9	enet	0.092	1e-16	 1.7174	8.59e-02
NA	/data/songy4/tes/output/weights_case//ENST00000572235.1.wgt.RDat	ENST00000572235.1	17	6620930	6628282	0.0376	rs218676	-1.80	rs7503953	-6.82e-04	 -3.27	-0.0935	31	15	enet	0.0053	0.03	 0.5071	6.12e-01
NA	/data/songy4/tes/output/weights_case//ENST00000572370.5.wgt.RDat	ENST00000572370.5	17	6579389	6640711	0.0363	rs222836	-3.12	rs9891085	-7.48e-04	  2.91	-0.6422	32	10	enet	0.00037	0.26	 0.2932	7.69e-01
NA	/data/songy4/tes/output/weights_case//ENST00000572382.5.wgt.RDat	ENST00000572382.5	17	4942619	4945209	0.0355	rs35773449	 2.96	rs17823987	 4.75e-03	 -3.66	 2.1549	19	 4	lasso	0.02	8.9e-05	-1.6920	9.07e-02
NA	/data/songy4/tes/output/weights_case//ENST00000572383.1.wgt.RDat	ENST00000572383.1	17	4946693	4949061	0.0296	rs35773449	 2.96	rs17823987	 3.03e-03	 -3.43	 2.1549	19	 7	enet	0.011	0.0036	-1.2646	2.06e-01
NA	/data/songy4/tes/output/weights_case//ENST00000572304.1.wgt.RDat	ENST00000572304.1	17	4893578	4894216	0.0233	rs35773449	 2.96	rs748694	 1.63e-02	 -3.55	-2.1649	20	 1	top1	0.016	4e-04	 2.1649	3.04e-02
NA	/data/songy4/tes/output/weights_case//ENST00000572330.5.wgt.RDat	ENST00000572330.5	17	4833399	4897805	0.0227	rs35773449	 2.96	rs748694	 1.84e-03	 -3.41	-2.1649	25	 3	lasso	0.005	0.033	 0.8980	3.69e-01
NA	/data/songy4/tes/output/weights_case//ENST00000572418.1.wgt.RDat	ENST00000572418.1	17	3896592	3916452	0.0542	rs3744678	-2.49	rs9904113	 2.58e-02	 -5.71	-0.0841	25	 2	enet	0.068	1.4e-12	-0.3555	7.22e-01
NA	/data/songy4/tes/output/weights_case//ENST00000572004.1.wgt.RDat	ENST00000572004.1	17	1538439	1541599	0.0328	rs8076943	-2.29	rs4790232	-9.28e-05	  2.54	 1.4298	26	11	enet	0.0013	0.16	-0.5146	6.07e-01
NA	/data/songy4/tes/output/weights_case//ENST00000571957.5.wgt.RDat	ENST00000571957.5	17	6641027	6642357	0.0334	rs222836	-3.12	rs7503953	-7.21e-04	 -3.47	-0.0935	32	 9	enet	0.012	0.0019	 0.7380	4.60e-01
NA	/data/songy4/tes/output/weights_case//ENST00000572148.1.wgt.RDat	ENST00000572148.1	17	4959984	4960621	0.0209	rs35773449	 2.96	rs7217186	 8.60e-03	  3.16	 2.6058	18	 4	lasso	0.012	0.0023	 0.1960	8.45e-01
NA	/data/songy4/tes/output/weights_case//ENST00000572430.5.wgt.RDat	ENST00000572430.5	17	4940120	4945170	0.0371	rs35773449	 2.96	rs17823987	 7.25e-03	 -3.77	 2.1549	19	12	enet	0.022	5e-05	-1.5053	1.32e-01
NA	/data/songy4/tes/output/weights_case//ENST00000572429.5.wgt.RDat	ENST00000572429.5	17	5128766	5133550	0.0969	rs4790738	 2.46	rs2585266	 9.20e-02	  8.19	-0.8962	13	 1	top1	0.092	1.1e-16	-0.8962	3.70e-01
NA	/data/songy4/tes/output/weights_case//ENST00000572543.5.wgt.RDat	ENST00000572543.5	17	4967997	4987641	0.0208	rs35773449	 2.96	rs748694	 2.85e-03	 -2.93	-2.1649	18	 1	top1	0.0028	0.083	 2.1649	3.04e-02
NA	/data/songy4/tes/output/weights_case//ENST00000572554.1.wgt.RDat	ENST00000572554.1	17	4940976	4943038	0.0390	rs35773449	 2.96	rs17823987	 2.53e-02	 -4.45	 2.1549	19	 1	top1	0.025	1.3e-05	-2.1549	3.12e-02
NA	/data/songy4/tes/output/weights_case//ENST00000572555.5.wgt.RDat	ENST00000572555.5	17	18697998	18735667	0.0480	rs2472709	-2.35	rs4441330	 3.82e-02	 -5.34	 2.3396	10	 2	lasso	0.039	8.7e-08	-2.7537	5.89e-03
NA	/data/songy4/tes/output/weights_case//ENST00000572650.1.wgt.RDat	ENST00000572650.1	17	1007238	1010796	0.0336	rs8076943	-2.29	rs2663342	 2.54e-02	  4.87	 0.1188	29	 1	top1	0.025	1.3e-05	 0.1188	9.05e-01
NA	/data/songy4/tes/output/weights_case//ENST00000572595.6.wgt.RDat	ENST00000572595.6	17	6444446	6451055	0.0367	rs218676	-1.80	rs17728437	 1.10e-02	 -4.10	 1.3068	41	 3	lasso	0.02	8.6e-05	-1.1456	2.52e-01
NA	/data/songy4/tes/output/weights_case//ENST00000609620.2.wgt.RDat	ENST00000609620.2	17	2330180	2330370	0.0296	rs3760229	 1.74	rs2126202	 2.99e-03	  3.41	-0.9002	22	 9	enet	0.01	0.0042	-0.6724	5.01e-01
NA	/data/songy4/tes/output/weights_case//ENST00000609805.5.wgt.RDat	ENST00000609805.5	17	18517382	18533538	0.0741	rs2472709	-2.35	rs4441330	 6.41e-02	  6.81	 2.3396	10	 7	enet	0.067	1.7e-12	 2.0331	4.20e-02
NA	/data/songy4/tes/output/weights_case//ENST00000412260.5.wgt.RDat	ENST00000412260.5	17	18511262	18520806	0.0720	rs2472709	-2.35	rs4441330	 6.18e-02	  6.68	 2.3396	10	 1	top1	0.062	1.3e-11	 2.3396	1.93e-02
NA	/data/songy4/tes/output/weights_case//ENST00000609768.5.wgt.RDat	ENST00000609768.5	17	18541486	18551554	0.0812	rs2472709	-2.35	rs4441330	 7.68e-02	  7.44	 2.3396	10	 1	top1	0.077	4.1e-14	 2.3396	1.93e-02
NA	/data/songy4/tes/output/weights_case//ENST00000412324.1.wgt.RDat	ENST00000412324.1	17	18139274	18142137	0.0373	rs11078396	 2.93	rs741783	 1.99e-02	  4.19	-2.4338	 4	 4	enet	0.026	8.7e-06	-3.2126	1.32e-03
NA	/data/songy4/tes/output/weights_case//ENST00000609578.1.wgt.RDat	ENST00000609578.1	17	18523806	18533034	0.0677	rs2472709	-2.35	rs4441330	 5.52e-02	  6.35	 2.3396	10	 7	enet	0.064	6.7e-12	 1.8727	6.11e-02
NA	/data/songy4/tes/output/weights_case//ENST00000412061.3.wgt.RDat	ENST00000412061.3	17	43093570	43095866	0.0159	rs17682536	 3.05	rs4986169	 4.40e-03	 -2.96	-0.5532	 7	 3	lasso	0.0072	0.014	-0.4255	6.71e-01
NA	/data/songy4/tes/output/weights_case//ENST00000610155.5.wgt.RDat	ENST00000610155.5	17	18517382	18534062	0.0614	rs2472709	-2.35	rs4441330	 5.19e-02	  6.18	 2.3396	10	 6	enet	0.057	8.1e-11	 1.9186	5.50e-02
NA	/data/songy4/tes/output/weights_case//ENST00000619178.1.wgt.RDat	ENST00000619178.1	17	19112419	19112636	0.0733	rs2472709	-2.35	rs11656071	 5.67e-02	  6.44	-1.4891	11	 3	lasso	0.062	1.4e-11	-1.2456	2.13e-01
NA	/data/songy4/tes/output/weights_case//ENST00000416307.6.wgt.RDat	ENST00000416307.6	17	4785285	4786398	0.0557	rs35773449	 2.96	rs8073779	 3.22e-02	 -5.06	 0.6917	26	 1	top1	0.032	9.5e-07	-0.6917	4.89e-01
NA	/data/songy4/tes/output/weights_case//ENST00000609832.5.wgt.RDat	ENST00000609832.5	17	18519482	18551554	0.0729	rs2472709	-2.35	rs4441330	 6.27e-02	  6.73	 2.3396	10	 6	enet	0.067	1.8e-12	 1.9822	4.75e-02
NA	/data/songy4/tes/output/weights_case//ENST00000609831.5.wgt.RDat	ENST00000609831.5	17	18519482	18528600	0.0708	rs2472709	-2.35	rs4441330	 6.16e-02	  6.71	 2.3396	10	 5	enet	0.065	3.6e-12	 2.0431	4.10e-02
NA	/data/songy4/tes/output/weights_case//ENST00000610104.1.wgt.RDat	ENST00000610104.1	17	18519482	18524235	0.0797	rs2472709	-2.35	rs4441330	 6.49e-02	  6.84	 2.3396	10	 7	enet	0.072	2.2e-13	 1.7186	8.57e-02
NA	/data/songy4/tes/output/weights_case//ENST00000615089.1.wgt.RDat	ENST00000615089.1	17	42708084	42708151	0.0239	rs2269906	 6.19	rs713101	 3.47e-03	 -3.39	-0.0918	14	 7	enet	0.0046	0.039	-0.0396	9.68e-01
NA	/data/songy4/tes/output/weights_case//ENST00000605229.1.wgt.RDat	ENST00000605229.1	17	8560471	8560962	0.0313	rs1561	 1.89	rs4792722	 6.09e-03	 -3.27	 0.6389	28	 1	top1	0.0061	0.021	-0.6389	5.23e-01
NA	/data/songy4/tes/output/weights_case//ENST00000608726.5.wgt.RDat	ENST00000608726.5	17	18517382	18524397	0.0839	rs2472709	-2.35	rs4441330	 6.98e-02	  7.09	 2.3396	10	 6	enet	0.079	1.5e-14	 1.9876	4.69e-02
NA	/data/songy4/tes/output/weights_case//ENST00000608385.5.wgt.RDat	ENST00000608385.5	17	18517382	18532878	0.0722	rs2472709	-2.35	rs4441330	 6.25e-02	  6.74	 2.3396	10	 7	enet	0.066	2.6e-12	 1.9231	5.45e-02
NA	/data/songy4/tes/output/weights_case//ENST00000608376.1.wgt.RDat	ENST00000608376.1	17	18519491	18525930	0.0698	rs2472709	-2.35	rs4441330	 5.69e-02	  6.42	 2.3396	10	 5	enet	0.059	3.7e-11	 1.8687	6.17e-02
NA	/data/songy4/tes/output/weights_case//ENST00000612122.1.wgt.RDat	ENST00000612122.1	17	6521131	6521412	0.0317	rs218676	-1.80	rs7503953	 1.45e-02	  3.59	-0.0935	38	 1	top1	0.015	0.00078	-0.0935	9.25e-01
NA	/data/songy4/tes/output/weights_case//ENST00000609272.5.wgt.RDat	ENST00000609272.5	17	18519644	18533632	0.0696	rs2472709	-2.35	rs4441330	 5.89e-02	  6.55	 2.3396	10	 7	enet	0.063	7.6e-12	 1.8994	5.75e-02
NA	/data/songy4/tes/output/weights_case//ENST00000605777.1.wgt.RDat	ENST00000605777.1	17	43484140	43490493	0.0177	rs7223320	 2.90	rs4986169	 1.37e-02	 -3.29	-0.5532	 6	 1	top1	0.014	0.0011	 0.5532	5.80e-01
NA	/data/songy4/tes/output/weights_case//ENST00000420162.6.wgt.RDat	ENST00000420162.6	17	14235673	14236849	0.0394	rs10521280	-2.34	rs2159132	 2.25e-02	  4.34	-0.3796	45	11	enet	0.023	3.3e-05	 0.1094	9.13e-01
NA	/data/songy4/tes/output/weights_case//ENST00000602539.2.wgt.RDat	ENST00000602539.2	17	13776880	14069478	0.0433	rs2024088	-2.39	rs9912146	 1.59e-02	  3.86	-0.9167	59	 1	top1	0.016	0.00047	-0.9167	3.59e-01
NA	/data/songy4/tes/output/weights_case//ENST00000609193.5.wgt.RDat	ENST00000609193.5	17	18517411	18551705	0.0685	rs2472709	-2.35	rs4441330	 5.80e-02	  6.49	 2.3396	10	 7	enet	0.064	5.5e-12	 1.8919	5.85e-02
NA	/data/songy4/tes/output/weights_case//ENST00000414432.5.wgt.RDat	ENST00000414432.5	17	18514072	18521252	0.0823	rs2472709	-2.35	rs4441330	 6.67e-02	  6.97	 2.3396	10	 9	enet	0.075	8.6e-14	 2.0952	3.62e-02
NA	/data/songy4/tes/output/weights_case//ENST00000610816.1.wgt.RDat	ENST00000610816.1	17	16710059	16710361	0.0198	rs3813769	-3.01	rs8072402	-1.36e-03	 -2.85	 1.7751	15	 7	enet	0.0047	0.037	-1.9922	4.63e-02
NA	/data/songy4/tes/output/weights_case//ENST00000611427.1.wgt.RDat	ENST00000611427.1	17	58202352	58203003	0.0239	rs12162165	 1.73	rs237957	 6.56e-03	  2.83	-1.0934	 4	 4	enet	0.016	0.00047	 0.1109	9.12e-01
NA	/data/songy4/tes/output/weights_case//ENST00000617806.4.wgt.RDat	ENST00000617806.4	17	42810134	42824278	0.0194	rs11870606	-3.53	rs4986169	 2.94e-03	 -3.01	-0.5532	13	 1	top1	0.0029	0.08	 0.5532	5.80e-01
NA	/data/songy4/tes/output/weights_case//ENST00000616989.1.wgt.RDat	ENST00000616989.1	17	17303335	17347661	0.0993	rs11078396	 2.93	rs7223686	 5.50e-02	  6.39	 0.6742	15	10	enet	0.067	2e-12	 0.7830	4.34e-01
NA	/data/songy4/tes/output/weights_case//ENST00000421108.1.wgt.RDat	ENST00000421108.1	17	18515675	18519571	0.0747	rs2472709	-2.35	rs4441330	 6.19e-02	  6.70	 2.3396	10	 6	enet	0.067	2e-12	 2.0176	4.36e-02
NA	/data/songy4/tes/output/weights_case//ENST00000410497.1.wgt.RDat	ENST00000410497.1	17	4619749	4619852	0.0333	rs35773449	 2.96	rs8076142	 2.71e-03	 -3.23	-0.3254	26	17	enet	0.0052	0.031	 1.1819	2.37e-01
NA	/data/songy4/tes/output/weights_case//ENST00000617399.1.wgt.RDat	ENST00000617399.1	17	43177936	43177998	0.0175	rs17682536	 3.05	rs4986169	 1.75e-02	 -3.68	-0.5532	 6	 1	top1	0.018	0.00025	 0.5532	5.80e-01
NA	/data/songy4/tes/output/weights_case//ENST00000611551.1.wgt.RDat	ENST00000611551.1	17	21238870	21253410	0.0171	rs17771193	-1.49	rs732928	 1.11e-02	  3.35	 0.2574	 7	 1	top1	0.011	0.003	 0.2574	7.97e-01
NA	/data/songy4/tes/output/weights_case//ENST00000415845.1.wgt.RDat	ENST00000415845.1	17	42223463	42276707	0.0294	rs2269906	 6.19	rs12602832	 5.78e-03	 -3.23	 0.1531	13	 3	lasso	0.012	0.0021	-1.3195	1.87e-01
NA	/data/songy4/tes/output/weights_case//ENST00000420937.5.wgt.RDat	ENST00000420937.5	17	16690712	16708902	0.1468	rs3813769	-3.01	rs8065836	 2.51e-02	 -5.06	 1.1538	15	14	enet	0.11	5.3e-20	-2.3651	1.80e-02
NA	/data/songy4/tes/output/weights_case//ENST00000404395.3.wgt.RDat	ENST00000404395.3	17	42315559	42388414	0.0270	rs2269906	 6.19	rs12602832	 6.32e-03	 -3.34	 0.1531	10	 2	lasso	0.02	0.00011	-1.5109	1.31e-01
NA	/data/songy4/tes/output/weights_case//ENST00000610580.1.wgt.RDat	ENST00000610580.1	17	36172886	36176592	0.0210	rs17847528	-2.10	rs4359493	 1.97e-02	  3.88	 1.4564	15	 1	top1	0.02	0.00011	 1.4564	1.45e-01
NA	/data/songy4/tes/output/weights_case//ENST00000420856.6.wgt.RDat	ENST00000420856.6	17	18517290	18529328	0.0726	rs2472709	-2.35	rs4441330	 5.92e-02	  6.56	 2.3396	10	 6	enet	0.064	6.1e-12	 1.9352	5.30e-02
NA	/data/songy4/tes/output/weights_case//ENST00000612631.1.wgt.RDat	ENST00000612631.1	17	42823818	42833332	0.0198	rs11870606	-3.53	rs4986169	 1.46e-02	 -3.39	-0.5532	13	 1	top1	0.015	0.00075	 0.5532	5.80e-01
NA	/data/songy4/tes/output/weights_case//ENST00000414043.7.wgt.RDat	ENST00000414043.7	17	4967997	4987112	0.0227	rs35773449	 2.96	rs748694	 8.12e-04	 -2.95	-2.1649	18	 6	lasso	0.0037	0.058	 0.5425	5.87e-01
NA	/data/songy4/tes/output/weights_case//ENST00000612568.1.wgt.RDat	ENST00000612568.1	17	15789016	15789705	0.0221	rs9903817	-2.71	rs758857	 6.15e-03	 -3.04	 0.6444	 6	 2	lasso	0.013	0.0016	-2.0207	4.33e-02
NA	/data/songy4/tes/output/weights_case//ENST00000620210.1.wgt.RDat	ENST00000620210.1	17	36428618	36439566	0.0331	rs17847528	-2.10	rs4359493	 1.23e-02	  4.36	 1.4564	15	 8	enet	0.02	9.2e-05	 0.8961	3.70e-01
NA	/data/songy4/tes/output/weights_case//ENST00000419151.2.wgt.RDat	ENST00000419151.2	17	16988329	16990177	0.0778	rs8072402	 1.85	rs7214091	 7.04e-02	  7.19	 0.0345	16	 5	enet	0.074	1.2e-13	-0.2401	8.10e-01
NA	/data/songy4/tes/output/weights_case//ENST00000608141.5.wgt.RDat	ENST00000608141.5	17	18517382	18541236	0.1045	rs2472709	-2.35	rs4441330	 9.56e-02	  8.27	 2.3396	10	 7	enet	0.1	1.1e-18	 2.0586	3.95e-02
NA	/data/songy4/tes/output/weights_case//ENST00000401468.7.wgt.RDat	ENST00000401468.7	17	532827	714709	0.0481	rs8076943	-2.29	rs9907540	 3.59e-02	 -5.35	-0.6449	41	 1	top1	0.036	2.4e-07	 0.6449	5.19e-01
NA	/data/songy4/tes/output/weights_case//ENST00000621616.1.wgt.RDat	ENST00000621616.1	17	42823880	42823943	0.0188	rs11870606	-3.53	rs4986169	-1.18e-03	 -2.61	-0.5532	13	 6	enet	-8.7e-05	0.33	-1.3190	1.87e-01
NA	/data/songy4/tes/output/weights_case//ENST00000418233.7.wgt.RDat	ENST00000418233.7	17	18153395	18179222	0.0181	rs741783	-2.43	rs741783	 1.03e-02	  3.41	-2.4338	 3	 3	enet	0.015	0.00077	-3.1155	1.84e-03
NA	/data/songy4/tes/output/weights_case//ENST00000608313.5.wgt.RDat	ENST00000608313.5	17	18517382	18528984	0.0748	rs2472709	-2.35	rs4441330	 6.34e-02	  6.78	 2.3396	10	 1	top1	0.063	7.1e-12	 2.3396	1.93e-02
NA	/data/songy4/tes/output/weights_case//ENST00000608216.5.wgt.RDat	ENST00000608216.5	17	18517382	18551694	0.0682	rs2472709	-2.35	rs4441330	 5.80e-02	  6.47	 2.3396	10	 6	enet	0.063	8.7e-12	 1.9283	5.38e-02
