PANEL	FILE	ID	CHR	P0	P1	HSQ	BEST.GWAS.ID	BEST.GWAS.Z	EQTL.ID	EQTL.R2	EQTL.Z	EQTL.GWAS.Z	NSNP	NWGT	MODEL	MODELCV.R2	MODELCV.PV	TWAS.Z	TWAS.P
NA	/data/songy4/tes/output/weights_case//ENST00000459159.1.wgt.RDat	ENST00000459159.1	8	56073835	56073901	0.0416	rs2975985	 2.262	rs4236995	 0.027144	 -4.61	-0.4700	22	 1	top1	0.027	6.5e-06	 0.4700	6.38e-01
NA	/data/songy4/tes/output/weights_case//ENST00000518513.1.wgt.RDat	ENST00000518513.1	8	2143349	2144766	0.1780	rs12716586	 2.896	rs11989864	 0.052876	  7.08	-0.6423	52	24	enet	0.14	1.6e-24	 0.3473	7.28e-01
NA	/data/songy4/tes/output/weights_case//ENST00000518539.2.wgt.RDat	ENST00000518539.2	8	1971397	1976478	0.0568	rs4876132	 2.718	rs6558568	 0.015810	 -4.42	 2.1176	49	 1	top1	0.016	0.00048	-2.1176	3.42e-02
NA	/data/songy4/tes/output/weights_case//ENST00000511897.5.wgt.RDat	ENST00000511897.5	8	22877984	22888022	0.0512	rs2280104	 5.673	rs2280939	 0.014329	 -3.60	 1.8367	41	20	enet	0.014	8e-04	 0.1694	8.65e-01
NA	/data/songy4/tes/output/weights_case//ENST00000518472.1.wgt.RDat	ENST00000518472.1	8	23331437	23333553	0.0363	rs2942202	-2.527	rs6557678	-0.001266	  2.71	-0.7426	30	11	enet	0.0029	0.08	 0.1236	9.02e-01
NA	/data/songy4/tes/output/weights_case//ENST00000525001.5.wgt.RDat	ENST00000525001.5	8	38424549	38467842	0.0327	rs7821911	 1.793	rs1541897	 0.035494	 -5.20	 0.5050	17	 1	top1	0.035	2.8e-07	-0.5050	6.14e-01
NA	/data/songy4/tes/output/weights_case//ENST00000519726.2.wgt.RDat	ENST00000519726.2	8	8167819	8226614	0.1068	rs6981750	 1.637	rs12678166	 0.048850	 -6.20	-0.9229	 7	 7	enet	0.089	3.5e-16	 2.0263	4.27e-02
NA	/data/songy4/tes/output/weights_case//ENST00000511929.2.wgt.RDat	ENST00000511929.2	8	23225233	23230915	0.0487	rs2942202	-2.527	rs2280939	-0.001391	  2.91	 1.8367	30	19	enet	0.0067	0.017	 0.7404	4.59e-01
NA	/data/songy4/tes/output/weights_case//ENST00000612167.4.wgt.RDat	ENST00000612167.4	8	2127735	2144910	0.1882	rs12716586	 2.896	rs2294073	 0.044363	  7.17	 1.2885	53	24	enet	0.16	5.5e-28	 0.3131	7.54e-01
NA	/data/songy4/tes/output/weights_case//ENST00000460623.5.wgt.RDat	ENST00000460623.5	8	143574785	143576162	0.0240	rs6986353	 2.720	rs9657474	 0.004550	 -3.06	 0.4035	14	 9	enet	0.015	7e-04	-1.5019	1.33e-01
NA	/data/songy4/tes/output/weights_case//ENST00000519650.5.wgt.RDat	ENST00000519650.5	8	27311567	27322817	0.0417	rs13261706	 2.185	rs6986075	 0.028893	 -5.08	-0.9697	23	 1	top1	0.029	3.4e-06	 0.9697	3.32e-01
NA	/data/songy4/tes/output/weights_case//ENST00000437682.6.wgt.RDat	ENST00000437682.6	8	39107571	39284909	0.0706	rs4733986	-2.949	rs4733986	 0.067381	  7.07	-2.9490	 6	 1	top1	0.067	1.5e-12	-2.9490	3.19e-03
NA	/data/songy4/tes/output/weights_case//ENST00000389060.8.wgt.RDat	ENST00000389060.8	8	39949166	40015605	0.0470	rs10504018	 2.075	rs7846217	 0.036842	  5.27	 0.3919	18	 1	top1	0.037	1.7e-07	 0.3919	6.95e-01
NA	/data/songy4/tes/output/weights_case//ENST00000519240.5.wgt.RDat	ENST00000519240.5	8	32721845	32756475	0.0585	rs7005288	 1.175	rs11780004	 0.006778	  4.18	 1.0417	16	 8	enet	0.055	1.9e-10	-0.5089	6.11e-01
NA	/data/songy4/tes/output/weights_case//ENST00000519692.1.wgt.RDat	ENST00000519692.1	8	23336208	23366125	0.0461	rs2942202	-2.527	rs732563	 0.005685	  3.68	 1.3093	30	15	enet	0.012	0.0024	-0.3905	6.96e-01
NA	/data/songy4/tes/output/weights_case//ENST00000524278.5.wgt.RDat	ENST00000524278.5	8	53229203	53238732	0.0278	NA	    NA	NA	       NA	    NA	     NA	14	 0	lasso	0.016	0.00047	     NA	      NA
NA	/data/songy4/tes/output/weights_case//ENST00000519902.1.wgt.RDat	ENST00000519902.1	8	26379259	26382953	0.0420	rs6557919	-1.583	rs17055205	-0.000592	 -2.70	-0.5872	27	23	enet	5.6e-05	0.31	-0.1725	8.63e-01
NA	/data/songy4/tes/output/weights_case//ENST00000519315.5.wgt.RDat	ENST00000519315.5	8	39107608	39284909	0.0800	rs4733986	-2.949	rs4733986	 0.075185	  7.43	-2.9490	 6	 1	top1	0.075	7.6e-14	-2.9490	3.19e-03
NA	/data/songy4/tes/output/weights_case//ENST00000530568.5.wgt.RDat	ENST00000530568.5	8	38428012	38466663	0.0642	rs7821911	 1.793	rs1541897	 0.040937	 -5.55	 0.5050	17	 2	lasso	0.048	2.2e-09	-1.0315	3.02e-01
NA	/data/songy4/tes/output/weights_case//ENST00000519833.5.wgt.RDat	ENST00000519833.5	8	78717900	78740082	0.0166	rs11780588	-2.321	rs7839056	 0.014799	  3.64	 1.1194	 4	 1	top1	0.015	0.00071	 1.1194	2.63e-01
NA	/data/songy4/tes/output/weights_case//ENST00000520351.1.wgt.RDat	ENST00000520351.1	8	78723796	78724136	0.0226	rs11780588	-2.321	rs7839056	 0.017539	  3.91	 1.1194	 4	 1	top1	0.018	0.00025	 1.1194	2.63e-01
NA	/data/songy4/tes/output/weights_case//ENST00000518259.1.wgt.RDat	ENST00000518259.1	8	39118122	39224155	0.0495	rs4733986	-2.949	rs4733986	 0.048802	  6.05	-2.9490	 6	 1	top1	0.049	1.8e-09	-2.9490	3.19e-03
NA	/data/songy4/tes/output/weights_case//ENST00000301905.9.wgt.RDat	ENST00000301905.9	8	27809624	27837817	0.0516	rs1381113	-2.576	rs17392666	-0.001374	  3.01	-0.7917	31	14	enet	0.0094	0.0057	-1.1274	2.60e-01
NA	/data/songy4/tes/output/weights_case//ENST00000518288.5.wgt.RDat	ENST00000518288.5	8	1824015	1958641	0.0802	rs7017774	 2.794	rs2294030	 0.010198	  4.29	-0.1985	51	14	enet	0.057	7e-11	-0.6561	5.12e-01
NA	/data/songy4/tes/output/weights_case//ENST00000520349.1.wgt.RDat	ENST00000520349.1	8	23319885	23333495	0.0334	rs2942202	-2.527	rs732563	 0.019215	  3.85	 1.3093	30	 1	top1	0.019	0.00013	 1.3093	1.90e-01
NA	/data/songy4/tes/output/weights_case//ENST00000520072.5.wgt.RDat	ENST00000520072.5	8	2118865	2140818	0.1817	rs12716586	 2.896	rs2294073	 0.062679	  6.93	 1.2885	54	25	enet	0.13	7.1e-24	 0.1795	8.58e-01
NA	/data/songy4/tes/output/weights_case//ENST00000520298.5.wgt.RDat	ENST00000520298.5	8	2140743	2145438	0.1899	rs12716586	 2.896	rs11989864	 0.044692	  6.97	-0.6423	52	25	enet	0.16	1.7e-28	 0.1097	9.13e-01
NA	/data/songy4/tes/output/weights_case//ENST00000665094.1.wgt.RDat	ENST00000665094.1	8	60046755	60060232	0.0343	rs13272776	-2.240	rs16923954	 0.007007	  3.50	 1.6915	22	 9	enet	0.015	0.00073	 1.2498	2.11e-01
NA	/data/songy4/tes/output/weights_case//ENST00000519301.6.wgt.RDat	ENST00000519301.6	8	31639222	32764405	0.0640	rs10503899	 2.198	rs11780004	 0.030970	  5.17	 1.0417	26	15	enet	0.05	1.1e-09	-0.5944	5.52e-01
NA	/data/songy4/tes/output/weights_case//ENST00000519307.1.wgt.RDat	ENST00000519307.1	8	78697406	78717502	0.0163	rs11780588	-2.321	rs7839056	 0.015724	  3.67	 1.1194	 4	 1	top1	0.016	5e-04	 1.1194	2.63e-01
NA	/data/songy4/tes/output/weights_case//ENST00000526742.5.wgt.RDat	ENST00000526742.5	8	38426158	38467804	0.0312	rs7821911	 1.793	rs1541897	 0.027641	 -4.74	 0.5050	17	 1	top1	0.028	5.4e-06	-0.5050	6.14e-01
NA	/data/songy4/tes/output/weights_case//ENST00000519171.1.wgt.RDat	ENST00000519171.1	8	20147603	20150996	0.0315	rs7005359	 2.523	rs4922151	-0.001345	  2.68	-0.0874	24	 8	enet	0.0051	0.032	 0.3166	7.52e-01
NA	/data/songy4/tes/output/weights_case//ENST00000526688.1.wgt.RDat	ENST00000526688.1	8	38412085	38413976	0.0471	rs7821911	 1.793	rs1541897	 0.027013	 -4.83	 0.5050	17	 1	top1	0.027	6.8e-06	-0.5050	6.14e-01
NA	/data/songy4/tes/output/weights_case//ENST00000526818.1.wgt.RDat	ENST00000526818.1	8	12205759	12206389	0.0364	rs1293298	 8.158	rs1293298	 0.010060	 -3.72	 8.1579	 8	 6	enet	0.024	2.5e-05	-4.7495	2.04e-06
NA	/data/songy4/tes/output/weights_case//ENST00000520191.5.wgt.RDat	ENST00000520191.5	8	30442617	30545591	0.0334	rs4260861	 1.931	rs2979470	 0.018474	  4.41	-0.8980	12	 1	top1	0.018	0.00017	-0.8980	3.69e-01
NA	/data/songy4/tes/output/weights_case//ENST00000518913.5.wgt.RDat	ENST00000518913.5	8	22165252	22201482	0.0402	rs2280104	 5.673	rs4507761	 0.005378	  3.37	-0.3840	39	 8	enet	0.01	0.0044	-0.5505	5.82e-01
NA	/data/songy4/tes/output/weights_case//ENST00000511342.1.wgt.RDat	ENST00000511342.1	8	15743530	15748846	0.0283	rs2543147	-2.323	rs10090209	 0.009166	  3.61	-0.2360	22	 6	enet	0.013	0.0017	-0.8369	4.03e-01
NA	/data/songy4/tes/output/weights_case//ENST00000511357.2.wgt.RDat	ENST00000511357.2	8	52975111	52976116	0.0286	rs13258413	-2.241	rs3843918	 0.011832	  3.13	-0.3868	14	 1	top1	0.012	0.0022	-0.3868	6.99e-01
NA	/data/songy4/tes/output/weights_case//ENST00000519537.6.wgt.RDat	ENST00000519537.6	8	39522976	39580134	0.0197	rs4733986	-2.949	rs4733986	 0.014387	  3.42	-2.9490	 6	 1	top1	0.014	0.00083	-2.9490	3.19e-03
NA	/data/songy4/tes/output/weights_case//ENST00000527114.5.wgt.RDat	ENST00000527114.5	8	38414779	38420344	0.0503	rs7821911	 1.793	rs1541897	 0.045362	 -5.74	 0.5050	17	 1	lasso	0.046	4.6e-09	-0.5050	6.14e-01
NA	/data/songy4/tes/output/weights_case//ENST00000527203.5.wgt.RDat	ENST00000527203.5	8	38424528	38457476	0.0758	rs7821911	 1.793	rs1541897	 0.060944	 -6.77	 0.5050	17	 1	top1	0.061	1.8e-11	-0.5050	6.14e-01
NA	/data/songy4/tes/output/weights_case//ENST00000527445.1.wgt.RDat	ENST00000527445.1	8	11423943	11474715	0.0427	rs1293298	 8.158	rs6982453	 0.001163	  3.02	-2.4694	17	14	enet	0.0081	0.0098	-1.4343	1.51e-01
NA	/data/songy4/tes/output/weights_case//ENST00000457582.1.wgt.RDat	ENST00000457582.1	8	6950726	6951599	0.0283	rs4512398	 1.208	rs4512398	 0.001720	 -3.37	 1.2079	18	 7	enet	0.0021	0.12	 0.1614	8.72e-01
NA	/data/songy4/tes/output/weights_case//ENST00000518723.1.wgt.RDat	ENST00000518723.1	8	139904432	139908695	0.0398	rs11166827	-2.487	rs2318349	 0.004225	  3.74	-0.5545	36	 1	top1	0.0042	0.046	-0.5545	5.79e-01
NA	/data/songy4/tes/output/weights_case//ENST00000528514.1.wgt.RDat	ENST00000528514.1	8	12194467	12196280	0.0240	rs1293298	 8.158	rs7817757	 0.003342	 -3.12	-0.5000	 8	 3	lasso	0.0036	0.059	 0.4442	6.57e-01
NA	/data/songy4/tes/output/weights_case//ENST00000518755.1.wgt.RDat	ENST00000518755.1	8	17755438	17780962	0.0353	rs1353035	-2.101	rs7387252	-0.001206	  2.90	 0.4091	28	15	enet	0.0065	0.018	 0.3138	7.54e-01
NA	/data/songy4/tes/output/weights_case//ENST00000527787.2.wgt.RDat	ENST00000527787.2	8	12095176	12099536	0.0198	rs1293298	 8.158	rs2686206	 0.013474	 -3.52	 0.9286	 7	 1	top1	0.013	0.0012	-0.9286	3.53e-01
NA	/data/songy4/tes/output/weights_case//ENST00000527745.3.wgt.RDat	ENST00000527745.3	8	38417407	38420044	0.0423	rs7821911	 1.793	rs1541897	 0.028909	 -4.70	 0.5050	17	 2	lasso	0.03	2.6e-06	-0.7853	4.32e-01
NA	/data/songy4/tes/output/weights_case//ENST00000519623.1.wgt.RDat	ENST00000519623.1	8	2999979	3043788	0.0474	rs4503118	 3.099	rs341704	-0.000576	 -3.36	 1.2500	47	22	enet	0.0055	0.027	 0.5466	5.85e-01
NA	/data/songy4/tes/output/weights_case//ENST00000518699.4.wgt.RDat	ENST00000518699.4	8	41645177	41650817	0.0698	NA	    NA	NA	       NA	    NA	     NA	20	 0	top1	0.048	2.8e-09	     NA	      NA
NA	/data/songy4/tes/output/weights_case//ENST00000519631.5.wgt.RDat	ENST00000519631.5	8	2119258	2140826	0.1799	rs12716586	 2.896	rs2294073	 0.064837	  7.01	 1.2885	54	31	enet	0.13	8.9e-24	 0.2546	7.99e-01
NA	/data/songy4/tes/output/weights_case//ENST00000518839.1.wgt.RDat	ENST00000518839.1	8	140215910	140262730	0.0401	rs6577955	 2.324	rs4736088	 0.002141	  2.57	-0.8242	36	14	enet	0.0058	0.024	-0.7926	4.28e-01
NA	/data/songy4/tes/output/weights_case//ENST00000519556.1.wgt.RDat	ENST00000519556.1	8	120518703	120541965	0.0232	rs13253096	-2.297	rs2305128	 0.004372	  3.15	 1.0966	17	 1	top1	0.0044	0.043	 1.0966	2.73e-01
NA	/data/songy4/tes/output/weights_case//ENST00000518889.1.wgt.RDat	ENST00000518889.1	8	17645869	17647278	0.0320	NA	    NA	NA	       NA	    NA	     NA	 0	 0	enet	0.0023	0.11	     NA	      NA
NA	/data/songy4/tes/output/weights_case//ENST00000520196.5.wgt.RDat	ENST00000520196.5	8	17643799	17755011	0.0389	rs1353035	-2.101	rs11203910	-0.001155	 -2.53	-0.9074	32	14	enet	0.004	0.05	 1.9687	4.90e-02
NA	/data/songy4/tes/output/weights_case//ENST00000518878.5.wgt.RDat	ENST00000518878.5	8	23319885	23341176	0.0457	rs2942202	-2.527	rs732563	 0.017357	  4.02	 1.3093	30	 1	top1	0.017	0.00027	 1.3093	1.90e-01
NA	/data/songy4/tes/output/weights_case//ENST00000297488.10.wgt.RDat	ENST00000297488.10	8	17643799	17697670	0.0445	rs1353035	-2.101	rs2517168	 0.001848	  3.28	 1.2734	32	18	enet	0.0026	0.093	 1.8651	6.22e-02
NA	/data/songy4/tes/output/weights_case//ENST00000525862.5.wgt.RDat	ENST00000525862.5	8	143684507	143693703	0.0240	rs3819495	 1.534	rs9657474	 0.002934	 -2.70	 0.4035	11	 9	enet	0.0061	0.022	-1.6246	1.04e-01
NA	/data/songy4/tes/output/weights_case//ENST00000520109.1.wgt.RDat	ENST00000520109.1	8	23022886	23027634	0.0540	rs2280104	 5.673	rs4259415	 0.023791	 -4.28	 1.0291	41	 1	top1	0.024	2.3e-05	-1.0291	3.03e-01
NA	/data/songy4/tes/output/weights_case//ENST00000526097.1.wgt.RDat	ENST00000526097.1	8	11560333	11564599	0.0220	rs1293298	 8.158	rs17153607	 0.000574	  3.55	 4.4462	16	 6	enet	0.0046	0.039	 2.4508	1.43e-02
NA	/data/songy4/tes/output/weights_case//ENST00000522435.5.wgt.RDat	ENST00000522435.5	8	1882656	1958639	0.1260	rs4876132	 2.718	rs2294030	 0.034990	  5.18	-0.1985	49	15	enet	0.096	2.2e-17	-0.7175	4.73e-01
NA	/data/songy4/tes/output/weights_case//ENST00000520925.1.wgt.RDat	ENST00000520925.1	8	23321737	23333636	0.0355	rs2942202	-2.527	rs17768448	 0.006099	 -3.21	 2.2632	30	 1	top1	0.0061	0.021	-2.2632	2.36e-02
NA	/data/songy4/tes/output/weights_case//ENST00000520933.7.wgt.RDat	ENST00000520933.7	8	27461098	27479013	0.0450	rs13261706	 2.185	rs11776693	 0.035271	  5.18	-0.5484	29	 2	lasso	0.041	4e-08	-0.3134	7.54e-01
NA	/data/songy4/tes/output/weights_case//ENST00000520972.5.wgt.RDat	ENST00000520972.5	8	1859894	1904110	0.0855	rs4876132	 2.718	rs6990007	 0.005507	  3.96	-1.0808	46	12	enet	0.067	1.5e-12	-0.6285	5.30e-01
NA	/data/songy4/tes/output/weights_case//ENST00000522388.1.wgt.RDat	ENST00000522388.1	8	41660991	41665566	0.0363	NA	    NA	NA	       NA	    NA	     NA	18	 0	top1	0.033	7.6e-07	     NA	      NA
NA	/data/songy4/tes/output/weights_case//ENST00000522402.5.wgt.RDat	ENST00000522402.5	8	32721819	32756447	0.0667	rs7005288	 1.175	rs11780004	 0.018990	  4.98	 1.0417	16	11	enet	0.06	2.2e-11	-0.4265	6.70e-01
NA	/data/songy4/tes/output/weights_case//ENST00000662506.1.wgt.RDat	ENST00000662506.1	8	1971179	1973610	0.0330	rs4876132	 2.718	rs6990007	 0.001176	  2.73	-1.0808	49	 1	top1	0.0012	0.18	-1.0808	2.80e-01
NA	/data/songy4/tes/output/weights_case//ENST00000284486.9.wgt.RDat	ENST00000284486.9	8	11421476	11466753	0.0334	rs1293298	 8.158	rs2686206	-0.000416	  2.92	 0.9286	17	11	enet	0.006	0.022	-1.1581	2.47e-01
NA	/data/songy4/tes/output/weights_case//ENST00000520914.5.wgt.RDat	ENST00000520914.5	8	22877972	22884139	0.0513	rs2280104	 5.673	rs2280939	 0.015902	 -3.59	 1.8367	41	 1	top1	0.016	0.00046	-1.8367	6.62e-02
NA	/data/songy4/tes/output/weights_case//ENST00000522506.5.wgt.RDat	ENST00000522506.5	8	39107773	39164792	0.0796	rs4733986	-2.949	rs4733986	 0.070952	  7.19	-2.9490	 6	 1	top1	0.071	3.9e-13	-2.9490	3.19e-03
NA	/data/songy4/tes/output/weights_case//ENST00000522258.1.wgt.RDat	ENST00000522258.1	8	9049818	9100101	0.0298	rs1551790	-2.790	rs9693857	-0.000990	 -2.93	 2.0874	18	 1	top1	-0.00099	0.58	-2.0874	3.69e-02
NA	/data/songy4/tes/output/weights_case//ENST00000522569.1.wgt.RDat	ENST00000522569.1	8	32614375	32756528	0.0647	rs7005288	 1.175	rs11780004	 0.016888	  4.90	 1.0417	18	 7	enet	0.061	1.7e-11	-0.4221	6.73e-01
NA	/data/songy4/tes/output/weights_case//ENST00000520691.5.wgt.RDat	ENST00000520691.5	8	39220935	39284909	0.0325	rs4733986	-2.949	rs4733986	 0.035145	  5.17	-2.9490	 6	 1	top1	0.035	3.2e-07	-2.9490	3.19e-03
NA	/data/songy4/tes/output/weights_case//ENST00000522826.5.wgt.RDat	ENST00000522826.5	8	119557521	119638780	0.0409	rs10955876	 2.529	rs1521151	 0.016505	 -3.77	 1.5468	22	 1	top1	0.017	0.00037	-1.5468	1.22e-01
NA	/data/songy4/tes/output/weights_case//ENST00000522881.2.wgt.RDat	ENST00000522881.2	8	22398719	22409954	0.0423	rs2280104	 5.673	rs6998654	 0.007144	 -3.51	 0.4487	45	 1	top1	0.0071	0.014	-0.4487	6.54e-01
NA	/data/songy4/tes/output/weights_case//ENST00000520644.1.wgt.RDat	ENST00000520644.1	8	22367278	22404980	0.0519	rs2280104	 5.673	rs7819400	 0.008539	  3.36	 0.8760	47	16	enet	0.013	0.0016	 1.5432	1.23e-01
NA	/data/songy4/tes/output/weights_case//ENST00000522600.1.wgt.RDat	ENST00000522600.1	8	23225634	23228207	0.0663	rs2942202	-2.527	rs2280939	-0.001257	  3.51	 1.8367	30	15	enet	0.027	7.7e-06	 1.1657	2.44e-01
NA	/data/songy4/tes/output/weights_case//ENST00000520779.1.wgt.RDat	ENST00000520779.1	8	2140849	2165552	0.2065	rs12716586	 2.896	rs11989864	 0.057175	  7.56	-0.6423	52	27	enet	0.15	3.8e-27	 0.2241	8.23e-01
NA	/data/songy4/tes/output/weights_case//ENST00000522694.1.wgt.RDat	ENST00000522694.1	8	30479330	30547517	0.0300	rs4260861	 1.931	rs2979470	 0.027321	  4.94	-0.8980	12	 1	top1	0.027	6.1e-06	-0.8980	3.69e-01
NA	/data/songy4/tes/output/weights_case//ENST00000521670.5.wgt.RDat	ENST00000521670.5	8	32548619	32763998	0.0794	rs7005288	 1.175	rs11780004	 0.040042	  5.72	 1.0417	19	11	enet	0.073	1.5e-13	-0.2489	8.03e-01
NA	/data/songy4/tes/output/weights_case//ENST00000521741.5.wgt.RDat	ENST00000521741.5	8	39107956	39151406	0.0219	rs4733986	-2.949	rs4733986	 0.003867	  3.58	-2.9490	 6	 3	enet	0.008	0.01	-2.5824	9.81e-03
NA	/data/songy4/tes/output/weights_case//ENST00000516258.1.wgt.RDat	ENST00000516258.1	8	23600026	23600138	0.0286	rs2942202	-2.527	rs2942213	 0.006571	  4.11	 0.5410	26	 5	enet	0.019	0.00013	 0.7486	4.54e-01
NA	/data/songy4/tes/output/weights_case//ENST00000521301.5.wgt.RDat	ENST00000521301.5	8	22604791	22606703	0.0360	rs2280104	 5.673	rs2280104	 0.005427	  3.41	 5.6735	34	 1	lasso	0.0084	0.0084	 5.6735	1.40e-08
NA	/data/songy4/tes/output/weights_case//ENST00000445741.6.wgt.RDat	ENST00000445741.6	8	118215822	118621893	0.0337	NA	    NA	NA	       NA	    NA	     NA	25	 0	top1	0.0035	0.062	     NA	      NA
NA	/data/songy4/tes/output/weights_case//ENST00000521407.1.wgt.RDat	ENST00000521407.1	8	41788882	41797593	0.0666	rs4736978	-1.097	rs1362890	 0.067621	  7.08	 0.5760	14	 6	enet	0.07	5e-13	 0.6187	5.36e-01
NA	/data/songy4/tes/output/weights_case//ENST00000521107.1.wgt.RDat	ENST00000521107.1	8	133113503	133134891	0.0258	rs2673558	-2.304	rs13253244	 0.005715	 -3.41	 0.1842	29	 3	lasso	0.0093	0.0059	-1.4218	1.55e-01
NA	/data/songy4/tes/output/weights_case//ENST00000521994.1.wgt.RDat	ENST00000521994.1	8	19939256	19951828	0.0429	rs7005359	 2.523	rs7005359	 0.020586	  4.04	 2.5234	30	12	enet	0.027	6.6e-06	 2.2811	2.25e-02
NA	/data/songy4/tes/output/weights_case//ENST00000521066.2.wgt.RDat	ENST00000521066.2	8	16374618	16375082	0.0294	rs2247534	-7.547	rs11990679	 0.004867	 -3.51	-0.7287	14	 5	enet	0.0099	0.0047	 0.7749	4.38e-01
NA	/data/songy4/tes/output/weights_case//ENST00000522130.1.wgt.RDat	ENST00000522130.1	8	16467764	16567490	0.0263	rs2247534	-7.547	rs7813019	-0.000683	  2.92	 1.0593	24	 4	lasso	0.00046	0.25	-0.8471	3.97e-01
NA	/data/songy4/tes/output/weights_case//ENST00000447712.6.wgt.RDat	ENST00000447712.6	8	38411139	38468834	0.0860	rs7821911	 1.793	rs1541897	 0.070540	 -7.31	 0.5050	17	 1	top1	0.071	4.6e-13	-0.5050	6.14e-01
NA	/data/songy4/tes/output/weights_case//ENST00000521873.1.wgt.RDat	ENST00000521873.1	8	78666089	78679390	0.0237	rs11780588	-2.321	rs7839056	 0.023303	  4.32	 1.1194	 4	 1	top1	0.023	2.8e-05	 1.1194	2.63e-01
NA	/data/songy4/tes/output/weights_case//ENST00000287842.7.wgt.RDat	ENST00000287842.7	8	32548635	32764407	0.0769	rs7005288	 1.175	rs11780004	 0.032635	  5.22	 1.0417	19	13	enet	0.075	7e-14	-0.4687	6.39e-01
NA	/data/songy4/tes/output/weights_case//ENST00000521176.1.wgt.RDat	ENST00000521176.1	8	78666129	78697505	0.0254	rs11780588	-2.321	rs7839056	 0.025460	  4.49	 1.1194	 4	 1	top1	0.025	1.2e-05	 1.1194	2.63e-01
NA	/data/songy4/tes/output/weights_case//ENST00000523959.5.wgt.RDat	ENST00000523959.5	8	78675743	78738570	0.0203	rs11780588	-2.321	rs7839056	 0.020525	  4.00	 1.1194	 4	 1	top1	0.021	8e-05	 1.1194	2.63e-01
NA	/data/songy4/tes/output/weights_case//ENST00000517774.1.wgt.RDat	ENST00000517774.1	8	23224471	23225882	0.0381	rs2942202	-2.527	rs2280939	 0.015492	  3.58	 1.8367	30	 1	top1	0.015	0.00054	 1.8367	6.62e-02
NA	/data/songy4/tes/output/weights_case//ENST00000523752.5.wgt.RDat	ENST00000523752.5	8	23020133	23027968	0.0412	rs2280104	 5.673	rs4259415	 0.021202	 -4.06	 1.0291	41	 1	top1	0.021	6.2e-05	-1.0291	3.03e-01
NA	/data/songy4/tes/output/weights_case//ENST00000523711.5.wgt.RDat	ENST00000523711.5	8	1876051	1927513	0.0495	rs4876132	 2.718	rs6990007	 0.005366	  3.44	-1.0808	49	11	enet	0.031	1.4e-06	-0.8921	3.72e-01
NA	/data/songy4/tes/output/weights_case//ENST00000523696.1.wgt.RDat	ENST00000523696.1	8	19939372	19948485	0.0335	rs7005359	 2.523	rs7005359	 0.021123	  4.12	 2.5234	30	 1	top1	0.021	6.3e-05	 2.5234	1.16e-02
NA	/data/songy4/tes/output/weights_case//ENST00000523695.5.wgt.RDat	ENST00000523695.5	8	27461098	27479214	0.0489	rs13261706	 2.185	rs11776693	 0.033566	  5.07	-0.5484	29	 3	lasso	0.035	3e-07	-0.3572	7.21e-01
NA	/data/songy4/tes/output/weights_case//ENST00000631040.2.wgt.RDat	ENST00000631040.2	8	32221042	32728077	0.0825	rs10503899	 2.198	rs11780004	 0.016129	  4.56	 1.0417	23	17	enet	0.073	1.7e-13	-0.8277	4.08e-01
NA	/data/songy4/tes/output/weights_case//ENST00000520494.1.wgt.RDat	ENST00000520494.1	8	10477491	10479375	0.0312	rs4321966	 1.766	rs10106098	-0.000714	  3.50	-0.8316	22	 4	lasso	-0.00012	0.34	-0.4212	6.74e-01
NA	/data/songy4/tes/output/weights_case//ENST00000523833.2.wgt.RDat	ENST00000523833.2	8	23316984	23404126	0.0616	rs2942202	-2.527	rs732563	 0.024052	  4.74	 1.3093	31	11	enet	0.036	2.5e-07	 0.0291	9.77e-01
NA	/data/songy4/tes/output/weights_case//ENST00000523801.5.wgt.RDat	ENST00000523801.5	8	22604763	22608008	0.0326	rs2280104	 5.673	rs2280104	-0.000269	  2.91	 5.6735	34	 1	enet	0.0024	0.1	 5.6735	1.40e-08
NA	/data/songy4/tes/output/weights_case//ENST00000524168.1.wgt.RDat	ENST00000524168.1	8	23360204	23404076	0.0301	rs2942202	-2.527	rs732563	 0.000403	  3.33	 1.3093	30	10	enet	0.0022	0.11	 2.2643	2.36e-02
NA	/data/songy4/tes/output/weights_case//ENST00000524156.1.wgt.RDat	ENST00000524156.1	8	26379392	26381519	0.0406	rs6557919	-1.583	rs17055205	-0.000647	 -2.66	-0.5872	27	 2	lasso	0.00068	0.22	 0.5057	6.13e-01
NA	/data/songy4/tes/output/weights_case//ENST00000520359.5.wgt.RDat	ENST00000520359.5	8	1823988	1958641	0.0933	rs7017774	 2.794	rs2294030	 0.014948	  4.55	-0.1985	51	13	enet	0.066	2.5e-12	-0.6442	5.19e-01
NA	/data/songy4/tes/output/weights_case//ENST00000276282.7.wgt.RDat	ENST00000276282.7	8	8783354	8893630	0.0337	rs1551790	-2.790	rs1112331	 0.017993	  3.74	-1.4082	20	 1	top1	0.018	0.00021	-1.4082	1.59e-01
NA	/data/songy4/tes/output/weights_case//ENST00000518206.5.wgt.RDat	ENST00000518206.5	8	32605648	32743224	0.0654	rs7005288	 1.175	rs11780004	 0.033020	  5.07	 1.0417	18	 7	enet	0.063	9.8e-12	-0.0113	9.91e-01
NA	/data/songy4/tes/output/weights_case//ENST00000524115.2.wgt.RDat	ENST00000524115.2	8	41645178	41647359	0.0898	rs973441	-1.223	rs13252523	 0.063204	 -6.78	-0.6908	20	 8	enet	0.064	6.3e-12	 0.8442	3.99e-01
NA	/data/songy4/tes/output/weights_case//ENST00000520392.1.wgt.RDat	ENST00000520392.1	8	56963926	56980112	0.0271	rs6474006	-2.102	rs4236995	 0.018333	 -3.86	-0.4700	12	 1	top1	0.018	0.00018	 0.4700	6.38e-01
NA	/data/songy4/tes/output/weights_case//ENST00000518084.5.wgt.RDat	ENST00000518084.5	8	32721753	32754423	0.0617	rs7005288	 1.175	rs11780004	 0.008184	  4.34	 1.0417	16	12	enet	0.048	2.3e-09	-0.5770	5.64e-01
NA	/data/songy4/tes/output/weights_case//ENST00000524088.1.wgt.RDat	ENST00000524088.1	8	22690472	22692717	0.0390	rs2280104	 5.673	rs2280939	-0.000470	 -2.89	 1.8367	39	15	enet	0.0035	0.063	-1.6889	9.12e-02
NA	/data/songy4/tes/output/weights_case//ENST00000517437.1.wgt.RDat	ENST00000517437.1	8	95432637	95810136	0.0295	rs17723724	-2.614	rs2514565	-0.000849	  3.29	 0.8041	26	12	enet	0.0017	0.14	-0.4826	6.29e-01
NA	/data/songy4/tes/output/weights_case//ENST00000523261.1.wgt.RDat	ENST00000523261.1	8	23680988	23682889	0.2042	rs2942202	-2.527	rs2942202	 0.173526	 11.11	-2.5269	19	11	enet	0.26	2.6e-48	-1.5896	1.12e-01
NA	/data/songy4/tes/output/weights_case//ENST00000522984.2.wgt.RDat	ENST00000522984.2	8	202660	202897	0.0832	rs722782	 0.977	rs2161010	 0.078351	 -7.79	 0.6509	 5	 1	top1	0.078	2.2e-14	-0.6509	5.15e-01
NA	/data/songy4/tes/output/weights_case//ENST00000522969.1.wgt.RDat	ENST00000522969.1	8	1859915	1871131	0.0631	rs4876132	 2.718	rs2294030	 0.030259	  4.94	-0.1985	45	15	enet	0.037	1.7e-07	-0.7214	4.71e-01
NA	/data/songy4/tes/output/weights_case//ENST00000517420.1.wgt.RDat	ENST00000517420.1	8	23336171	23341536	0.0401	rs2942202	-2.527	rs732563	 0.008358	  3.95	 1.3093	30	18	enet	0.012	0.0018	-0.0656	9.48e-01
NA	/data/songy4/tes/output/weights_case//ENST00000523068.2.wgt.RDat	ENST00000523068.2	8	127796033	128101256	0.0334	rs6470517	-2.210	rs7827583	-0.000804	 -2.82	 2.0357	42	 4	lasso	-0.00064	0.46	-1.2190	2.23e-01
NA	/data/songy4/tes/output/weights_case//ENST00000523079.5.wgt.RDat	ENST00000523079.5	8	32548210	32760989	0.0684	rs7005288	 1.175	rs11780004	 0.031556	  5.21	 1.0417	19	11	enet	0.055	1.9e-10	-0.2879	7.73e-01
NA	/data/songy4/tes/output/weights_case//ENST00000523099.5.wgt.RDat	ENST00000523099.5	8	143039261	143043243	0.0264	rs6986353	 2.720	rs12547827	 0.011817	 -3.21	 0.8973	19	 1	top1	0.012	0.0022	-0.8973	3.70e-01
NA	/data/songy4/tes/output/weights_case//ENST00000523041.2.wgt.RDat	ENST00000523041.2	8	32647103	32743221	0.0569	rs7005288	 1.175	rs11780004	 0.009991	  4.71	 1.0417	16	10	enet	0.048	2.8e-09	-0.0304	9.76e-01
NA	/data/songy4/tes/output/weights_case//ENST00000664584.1.wgt.RDat	ENST00000664584.1	8	118621406	118906083	0.0265	rs1793703	-1.633	rs13274192	 0.010580	 -3.59	-0.4938	21	 2	lasso	0.023	2.6e-05	 0.6598	5.09e-01
NA	/data/songy4/tes/output/weights_case//ENST00000523534.5.wgt.RDat	ENST00000523534.5	8	31640426	32764776	0.0684	rs10503899	 2.198	rs11780004	 0.029611	  5.10	 1.0417	26	15	enet	0.062	1.3e-11	-0.8880	3.75e-01
NA	/data/songy4/tes/output/weights_case//ENST00000517692.2.wgt.RDat	ENST00000517692.2	8	102417979	102418953	0.0287	NA	    NA	NA	       NA	    NA	     NA	 0	 0	enet	0.0013	0.17	     NA	      NA
NA	/data/songy4/tes/output/weights_case//ENST00000523488.5.wgt.RDat	ENST00000523488.5	8	3151247	3396319	0.0413	rs4503118	 3.099	rs17079629	 0.000210	  3.16	-1.0068	62	11	enet	0.00055	0.24	-0.2388	8.11e-01
NA	/data/songy4/tes/output/weights_case//ENST00000520502.7.wgt.RDat	ENST00000520502.7	8	32647103	32743207	0.0601	rs7005288	 1.175	rs11780004	 0.030013	  4.89	 1.0417	16	11	enet	0.052	5.3e-10	-0.0346	9.72e-01
NA	/data/songy4/tes/output/weights_case//ENST00000523681.1.wgt.RDat	ENST00000523681.1	8	32748824	32751155	0.0576	rs7005288	 1.175	rs11780004	 0.012701	  4.60	 1.0417	16	 7	enet	0.044	1.3e-08	-0.1906	8.49e-01
NA	/data/songy4/tes/output/weights_case//ENST00000520561.1.wgt.RDat	ENST00000520561.1	8	3110213	3113363	0.0490	rs4503118	 3.099	rs10106035	-0.001180	  3.45	 0.4483	49	21	enet	0.0031	0.076	 1.2892	1.97e-01
NA	/data/songy4/tes/output/weights_case//ENST00000523317.1.wgt.RDat	ENST00000523317.1	8	134211865	134320447	0.0359	rs13261909	-2.319	rs1584448	 0.021370	  4.02	-1.4554	34	 1	top1	0.021	5.8e-05	-1.4554	1.46e-01
NA	/data/songy4/tes/output/weights_case//ENST00000517552.1.wgt.RDat	ENST00000517552.1	8	22404517	22408421	0.0895	rs2280104	 5.673	rs7819400	 0.010400	  4.56	 0.8760	44	21	enet	0.027	7.7e-06	 0.7212	4.71e-01
NA	/data/songy4/tes/output/weights_case//ENST00000523349.5.wgt.RDat	ENST00000523349.5	8	22605719	22607325	0.0377	rs2280104	 5.673	rs2280104	 0.003130	  3.32	 5.6735	34	 2	enet	0.0033	0.07	 5.6801	1.35e-08
NA	/data/songy4/tes/output/weights_case//ENST00000517636.5.wgt.RDat	ENST00000517636.5	8	56211789	56216512	0.0290	rs2975985	 2.262	rs4236995	-0.000557	 -3.79	-0.4700	22	 5	enet	0.0014	0.16	 0.3130	7.54e-01
NA	/data/songy4/tes/output/weights_case//ENST00000523443.5.wgt.RDat	ENST00000523443.5	8	2109287	2129175	0.1782	rs12716586	 2.896	rs2294073	 0.062429	  6.93	 1.2885	54	26	enet	0.14	1.6e-25	 0.3599	7.19e-01
NA	/data/songy4/tes/output/weights_case//ENST00000523438.1.wgt.RDat	ENST00000523438.1	8	2045069	2145455	0.1937	rs12716586	 2.896	rs2294073	 0.069311	  7.26	 1.2885	54	26	enet	0.15	6.7e-27	 0.1722	8.63e-01
NA	/data/songy4/tes/output/weights_case//ENST00000398564.5.wgt.RDat	ENST00000398564.5	8	1826111	1958633	0.1015	rs7017774	 2.794	rs2294030	 0.017731	  4.88	-0.1985	51	18	enet	0.076	4.7e-14	-0.7122	4.76e-01
NA	/data/songy4/tes/output/weights_case//ENST00000398560.2.wgt.RDat	ENST00000398560.2	8	1858755	1904096	0.0777	rs4876132	 2.718	rs6990007	 0.006043	  4.03	-1.0808	46	11	enet	0.062	1.1e-11	-0.4908	6.24e-01
NA	/data/songy4/tes/output/weights_case//ENST00000644741.1.wgt.RDat	ENST00000644741.1	8	11479203	11481068	0.0452	rs1293298	 8.158	rs2686206	 0.013510	 -4.53	 0.9286	16	12	enet	0.023	2.9e-05	 2.3973	1.65e-02
NA	/data/songy4/tes/output/weights_case//ENST00000590591.1.wgt.RDat	ENST00000590591.1	8	8237208	8238926	0.0252	rs6981750	 1.637	rs4840939	 0.012336	 -4.09	-0.7732	 8	 1	top1	0.012	0.0018	 0.7732	4.39e-01
NA	/data/songy4/tes/output/weights_case//ENST00000620407.2.wgt.RDat	ENST00000620407.2	8	39536209	39558532	0.0182	rs10504018	 2.075	rs10504018	 0.001815	 -2.63	 2.0745	 5	 2	lasso	0.0042	0.047	-1.8963	5.79e-02
NA	/data/songy4/tes/output/weights_case//ENST00000496629.1.wgt.RDat	ENST00000496629.1	8	38465413	38466663	0.0407	rs7821911	 1.793	rs1541897	 0.035446	 -5.11	 0.5050	17	 1	top1	0.035	2.8e-07	-0.5050	6.14e-01
NA	/data/songy4/tes/output/weights_case//ENST00000496296.5.wgt.RDat	ENST00000496296.5	8	38424017	38468635	0.0857	rs7821911	 1.793	rs1541897	 0.071147	 -7.35	 0.5050	17	 1	top1	0.071	3.6e-13	-0.5050	6.14e-01
NA	/data/songy4/tes/output/weights_case//ENST00000647726.1.wgt.RDat	ENST00000647726.1	8	143838779	143840256	0.0293	rs3819495	 1.534	rs9657474	 0.013614	 -3.39	 0.4035	13	 1	top1	0.014	0.0011	-0.4035	6.87e-01
NA	/data/songy4/tes/output/weights_case//ENST00000647689.1.wgt.RDat	ENST00000647689.1	8	22188369	22192578	0.1927	rs2280104	 5.673	rs7838961	 0.176556	 11.33	-0.6019	38	 7	enet	0.18	9.4e-33	-0.4456	6.56e-01
NA	/data/songy4/tes/output/weights_case//ENST00000645242.1.wgt.RDat	ENST00000645242.1	8	11486894	11564598	0.0226	rs1293298	 8.158	rs17153607	 0.006204	  3.81	 4.4462	16	 3	lasso	0.009	0.0068	 3.3878	7.05e-04
NA	/data/songy4/tes/output/weights_case//ENST00000670072.1.wgt.RDat	ENST00000670072.1	8	23225479	23228659	0.0775	rs2942202	-2.527	rs4242397	 0.001926	 -3.85	-0.3281	30	15	enet	0.031	1.4e-06	 1.1544	2.48e-01
NA	/data/songy4/tes/output/weights_case//ENST00000637129.1.wgt.RDat	ENST00000637129.1	8	24953796	24953867	0.0263	rs1918211	 2.523	rs13270272	 0.003596	  2.90	 0.6256	10	 7	enet	0.0042	0.047	-1.5991	1.10e-01
NA	/data/songy4/tes/output/weights_case//ENST00000502986.2.wgt.RDat	ENST00000502986.2	8	39934955	40016391	0.0450	rs10504018	 2.075	rs7846217	 0.034039	  5.13	 0.3919	18	 1	top1	0.034	4.8e-07	 0.3919	6.95e-01
NA	/data/songy4/tes/output/weights_case//ENST00000397113.6.wgt.RDat	ENST00000397113.6	8	38412728	38467900	0.0655	rs7821911	 1.793	rs1541897	 0.055115	 -6.70	 0.5050	17	 1	top1	0.055	1.7e-10	-0.5050	6.14e-01
NA	/data/songy4/tes/output/weights_case//ENST00000397090.4.wgt.RDat	ENST00000397090.4	8	38429521	38468150	0.0698	rs7821911	 1.793	rs1541897	 0.048706	 -6.34	 0.5050	17	 1	top1	0.049	1.9e-09	-0.5050	6.14e-01
NA	/data/songy4/tes/output/weights_case//ENST00000397108.8.wgt.RDat	ENST00000397108.8	8	38413522	38467724	0.0448	rs7821911	 1.793	rs1541897	 0.047108	 -5.97	 0.5050	17	 1	top1	0.047	3.5e-09	-0.5050	6.14e-01
NA	/data/songy4/tes/output/weights_case//ENST00000397103.5.wgt.RDat	ENST00000397103.5	8	38412934	38457503	0.0667	rs7821911	 1.793	rs1541897	 0.058133	 -6.69	 0.5050	17	 2	enet	0.059	3.6e-11	-0.5135	6.08e-01
NA	/data/songy4/tes/output/weights_case//ENST00000397091.9.wgt.RDat	ENST00000397091.9	8	38411138	38468641	0.0919	rs7821911	 1.793	rs1541897	 0.075187	 -7.52	 0.5050	17	 1	top1	0.075	7.6e-14	-0.5050	6.14e-01
NA	/data/songy4/tes/output/weights_case//ENST00000380871.5.wgt.RDat	ENST00000380871.5	8	23678697	23682938	0.2038	rs2942202	-2.527	rs2942202	 0.172796	 11.12	-2.5269	19	10	enet	0.26	2.8e-48	-1.6077	1.08e-01
NA	/data/songy4/tes/output/weights_case//ENST00000381861.7.wgt.RDat	ENST00000381861.7	8	17643804	17722221	0.0401	rs1353035	-2.101	rs2517168	 0.000380	  3.28	 1.2734	32	19	enet	0.0033	0.07	 2.2272	2.59e-02
NA	/data/songy4/tes/output/weights_case//ENST00000379907.9.wgt.RDat	ENST00000379907.9	8	39107734	39284917	0.0590	rs4733986	-2.949	rs4733986	 0.056033	  6.49	-2.9490	 6	 1	top1	0.056	1.2e-10	-2.9490	3.19e-03
NA	/data/songy4/tes/output/weights_case//ENST00000642083.1.wgt.RDat	ENST00000642083.1	8	8059596	8199973	0.0658	rs6981750	 1.637	rs4840939	 0.012379	 -4.85	-0.7732	 6	 6	enet	0.06	3e-11	 2.0651	3.89e-02
NA	/data/songy4/tes/output/weights_case//ENST00000619564.3.wgt.RDat	ENST00000619564.3	8	38411139	38468834	0.0901	rs7821911	 1.793	rs1541897	 0.072624	 -7.42	 0.5050	17	 1	top1	0.073	2e-13	-0.5050	6.14e-01
NA	/data/songy4/tes/output/weights_case//ENST00000641825.1.wgt.RDat	ENST00000641825.1	8	127223008	127223666	0.0422	rs2721112	-1.872	rs10447994	 0.004220	 -3.59	 0.2241	20	19	enet	0.0056	0.027	 0.2451	8.06e-01
NA	/data/songy4/tes/output/weights_case//ENST00000625758.3.wgt.RDat	ENST00000625758.3	8	118620498	118906091	0.0357	rs1793703	-1.633	rs13274192	 0.014858	 -3.51	-0.4938	21	 1	top1	0.015	0.00069	 0.4938	6.21e-01
NA	/data/songy4/tes/output/weights_case//ENST00000480571.1.wgt.RDat	ENST00000480571.1	8	38465514	38466196	0.0313	rs7821911	 1.793	rs1541897	 0.025405	 -4.45	 0.5050	17	 1	top1	0.025	1.3e-05	-0.5050	6.14e-01
NA	/data/songy4/tes/output/weights_case//ENST00000500853.1.wgt.RDat	ENST00000500853.1	8	23225221	23230926	0.0603	rs2942202	-2.527	rs2280939	 0.003369	  3.25	 1.8367	30	16	enet	0.021	5.8e-05	 0.8758	3.81e-01
NA	/data/songy4/tes/output/weights_case//ENST00000594215.2.wgt.RDat	ENST00000594215.2	8	8188535	8189195	0.0198	NA	    NA	NA	       NA	    NA	     NA	 6	 0	lasso	0.021	7.9e-05	     NA	      NA
NA	/data/songy4/tes/output/weights_case//ENST00000639358.1.wgt.RDat	ENST00000639358.1	8	132170397	132480309	0.0346	NA	    NA	NA	       NA	    NA	     NA	 0	 0	enet	0.0048	0.036	     NA	      NA
NA	/data/songy4/tes/output/weights_case//ENST00000407991.3.wgt.RDat	ENST00000407991.3	8	27459756	27479261	0.0291	rs13261706	 2.185	rs1367088	 0.014818	 -3.53	 0.6701	29	 1	top1	0.015	7e-04	-0.6701	5.03e-01
NA	/data/songy4/tes/output/weights_case//ENST00000639496.1.wgt.RDat	ENST00000639496.1	8	132126541	132321522	0.0498	rs3829210	 2.367	rs4269521	 0.001422	 -3.32	 1.9197	41	 2	lasso	0.0078	0.011	-1.9006	5.74e-02
NA	/data/songy4/tes/output/weights_case//ENST00000641582.1.wgt.RDat	ENST00000641582.1	8	127168352	127174844	0.0470	rs2721112	-1.872	rs10447994	-0.001339	 -3.29	 0.2241	20	12	enet	0.018	0.00021	 1.1679	2.43e-01
NA	/data/songy4/tes/output/weights_case//ENST00000641309.2.wgt.RDat	ENST00000641309.2	8	127185024	127219127	0.0230	rs2721112	-1.872	rs10481157	 0.005269	  3.45	 0.8182	21	 8	enet	0.016	0.00039	 0.6135	5.40e-01
NA	/data/songy4/tes/output/weights_case//ENST00000335922.9.wgt.RDat	ENST00000335922.9	8	38412731	38468621	0.0674	rs7821911	 1.793	rs1541897	 0.063328	 -6.92	 0.5050	17	 1	enet	0.063	7.2e-12	-0.5050	6.14e-01
NA	/data/songy4/tes/output/weights_case//ENST00000331251.3.wgt.RDat	ENST00000331251.3	8	52938431	52941117	0.0324	rs13258413	-2.241	rs16917430	 0.002208	 -3.06	-0.6667	15	 5	lasso	0.0046	0.04	 0.3441	7.31e-01
NA	/data/songy4/tes/output/weights_case//ENST00000655800.1.wgt.RDat	ENST00000655800.1	8	53395213	53483962	0.0237	NA	    NA	NA	       NA	    NA	     NA	16	 0	lasso	0.0051	0.032	     NA	      NA
NA	/data/songy4/tes/output/weights_case//ENST00000566892.1.wgt.RDat	ENST00000566892.1	8	53388701	53390872	0.0256	rs13258413	-2.241	rs3843918	 0.018282	  3.80	-0.3868	15	 1	top1	0.018	0.00019	-0.3868	6.99e-01
NA	/data/songy4/tes/output/weights_case//ENST00000488192.1.wgt.RDat	ENST00000488192.1	8	38434347	38435664	0.0398	rs7821911	 1.793	rs1541897	 0.021778	 -4.08	 0.5050	17	 1	top1	0.022	5e-05	-0.5050	6.14e-01
NA	/data/songy4/tes/output/weights_case//ENST00000621976.1.wgt.RDat	ENST00000621976.1	8	132120859	132187213	0.0381	rs3829210	 2.367	rs277037	-0.001170	  2.63	 0.0600	42	 2	lasso	0.00057	0.24	-0.5502	5.82e-01
NA	/data/songy4/tes/output/weights_case//ENST00000578598.1.wgt.RDat	ENST00000578598.1	8	12727232	12727304	0.0309	rs4240187	-1.626	rs4831375	-0.001411	 -2.65	-0.2313	14	 3	lasso	0.0017	0.14	-0.2361	8.13e-01
NA	/data/songy4/tes/output/weights_case//ENST00000671532.1.wgt.RDat	ENST00000671532.1	8	95268823	95802733	0.0286	rs17723724	-2.614	rs2514565	 0.018241	  4.04	 0.8041	25	 1	top1	0.018	0.00019	 0.8041	4.21e-01
NA	/data/songy4/tes/output/weights_case//ENST00000658340.1.wgt.RDat	ENST00000658340.1	8	118621394	118906155	0.0236	rs1793703	-1.633	rs13274192	 0.019941	 -3.97	-0.4938	21	 3	lasso	0.021	8e-05	 0.6790	4.97e-01
NA	/data/songy4/tes/output/weights_case//ENST00000490268.6.wgt.RDat	ENST00000490268.6	8	39451045	39522848	0.0200	rs4733986	-2.949	rs4733986	 0.013383	  3.55	-2.9490	 7	 1	top1	0.013	0.0012	-2.9490	3.19e-03
NA	/data/songy4/tes/output/weights_case//ENST00000327857.7.wgt.RDat	ENST00000327857.7	8	7015869	7018297	0.2438	rs4512398	 1.208	rs6605579	 0.219280	-12.53	-0.3559	15	 3	lasso	0.22	3.2e-40	 0.3944	6.93e-01
NA	/data/songy4/tes/output/weights_case//ENST00000075322.10.wgt.RDat	ENST00000075322.10	8	119557521	119638839	0.0374	rs10955876	 2.529	rs1521151	 0.005107	 -3.67	 1.5468	22	 6	enet	0.009	0.0066	-2.1484	3.17e-02
NA	/data/songy4/tes/output/weights_case//ENST00000623082.1.wgt.RDat	ENST00000623082.1	8	19375128	19375622	0.0366	rs7005359	 2.523	rs1472165	 0.011420	  3.29	-1.1250	36	 1	top1	0.011	0.0026	-1.1250	2.61e-01
NA	/data/songy4/tes/output/weights_case//ENST00000326324.10.wgt.RDat	ENST00000326324.10	8	38412732	38468616	0.0898	rs7821911	 1.793	rs1541897	 0.083977	 -7.94	 0.5050	17	 3	enet	0.085	2e-15	-0.4800	6.31e-01
NA	/data/songy4/tes/output/weights_case//ENST00000621894.4.wgt.RDat	ENST00000621894.4	8	2127797	2144843	0.1809	rs12716586	 2.896	rs2294073	 0.053511	  7.14	 1.2885	53	23	enet	0.14	7e-26	 0.3290	7.42e-01
NA	/data/songy4/tes/output/weights_case//ENST00000356207.9.wgt.RDat	ENST00000356207.9	8	38412730	38468616	0.0906	rs7821911	 1.793	rs1541897	 0.084912	 -7.98	 0.5050	17	 3	enet	0.086	1.3e-15	-0.4826	6.29e-01
NA	/data/songy4/tes/output/weights_case//ENST00000356819.7.wgt.RDat	ENST00000356819.7	8	32548267	32767959	0.0801	rs7005288	 1.175	rs11780004	 0.035591	  5.30	 1.0417	19	13	enet	0.074	1.3e-13	-0.4887	6.25e-01
NA	/data/songy4/tes/output/weights_case//ENST00000583549.1.wgt.RDat	ENST00000583549.1	8	9048445	9048518	0.0477	rs1551790	-2.790	rs9693857	 0.022025	 -4.68	 2.0874	18	 7	enet	0.039	6.3e-08	-1.6013	1.09e-01
NA	/data/songy4/tes/output/weights_case//ENST00000649853.1.wgt.RDat	ENST00000649853.1	8	10476597	10479420	0.0424	rs4321966	 1.766	rs11782819	 0.023127	  4.52	 1.1837	22	 2	lasso	0.025	1.7e-05	 0.6441	5.20e-01
NA	/data/songy4/tes/output/weights_case//ENST00000405005.7.wgt.RDat	ENST00000405005.7	8	32548727	32764471	0.0779	rs7005288	 1.175	rs11780004	 0.037172	  5.51	 1.0417	19	12	enet	0.072	2.9e-13	-0.3040	7.61e-01
NA	/data/songy4/tes/output/weights_case//ENST00000670524.1.wgt.RDat	ENST00000670524.1	8	60046815	60060120	0.0281	rs13272776	-2.240	rs16923954	 0.003452	  2.91	 1.6915	22	 1	top1	0.0035	0.064	 1.6915	9.07e-02
NA	/data/songy4/tes/output/weights_case//ENST00000425967.7.wgt.RDat	ENST00000425967.7	8	38411138	38467845	0.0580	rs7821911	 1.793	rs1541897	 0.050092	 -6.17	 0.5050	17	 1	top1	0.05	1.1e-09	-0.5050	6.14e-01
NA	/data/songy4/tes/output/weights_case//ENST00000484370.5.wgt.RDat	ENST00000484370.5	8	38426179	38457446	0.0304	rs7821911	 1.793	rs1541897	 0.020045	 -4.36	 0.5050	17	 1	top1	0.02	9.6e-05	-0.5050	6.14e-01
NA	/data/songy4/tes/output/weights_case//ENST00000650042.1.wgt.RDat	ENST00000650042.1	8	26375913	26382941	0.0289	rs6557919	-1.583	rs4416829	-0.000875	  2.71	-0.5839	27	 9	enet	0.00036	0.26	 0.1987	8.42e-01
NA	/data/songy4/tes/output/weights_case//ENST00000399831.7.wgt.RDat	ENST00000399831.7	8	39107529	39160959	0.0721	rs4733986	-2.949	rs4733986	 0.061180	  6.71	-2.9490	 6	 1	top1	0.061	1.6e-11	-2.9490	3.19e-03
NA	/data/songy4/tes/output/weights_case//ENST00000343295.8.wgt.RDat	ENST00000343295.8	8	39934614	40016391	0.0332	rs10504018	 2.075	rs7846217	 0.019926	  4.07	 0.3919	18	 1	top1	0.02	1e-04	 0.3919	6.95e-01
NA	/data/songy4/tes/output/weights_case//ENST00000651807.1.wgt.RDat	ENST00000651807.1	8	32548290	32728623	0.0598	rs7005288	 1.175	rs11780004	 0.035963	  5.32	 1.0417	19	 9	enet	0.051	8.8e-10	-0.1245	9.01e-01
NA	/data/songy4/tes/output/weights_case//ENST00000651696.1.wgt.RDat	ENST00000651696.1	8	32647962	32767654	0.0803	rs7005288	 1.175	rs11780004	 0.039155	  5.50	 1.0417	16	12	enet	0.067	1.7e-12	-0.2049	8.38e-01
NA	/data/songy4/tes/output/weights_case//ENST00000566457.1.wgt.RDat	ENST00000566457.1	8	22679013	22684009	0.0409	rs2280104	 5.673	rs4581063	 0.008636	 -3.58	 0.6331	39	11	enet	0.025	1.6e-05	-0.6249	5.32e-01
NA	/data/songy4/tes/output/weights_case//ENST00000653042.1.wgt.RDat	ENST00000653042.1	8	53395213	53483820	0.0240	NA	    NA	NA	       NA	    NA	     NA	16	 0	lasso	0.0079	0.01	     NA	      NA
NA	/data/songy4/tes/output/weights_case//ENST00000652592.1.wgt.RDat	ENST00000652592.1	8	32646967	32767894	0.0776	rs7005288	 1.175	rs11780004	 0.036769	  5.37	 1.0417	16	12	enet	0.066	2.8e-12	-0.1731	8.63e-01
NA	/data/songy4/tes/output/weights_case//ENST00000652588.1.wgt.RDat	ENST00000652588.1	8	32548590	32760813	0.0671	rs7005288	 1.175	rs11780004	 0.029598	  5.00	 1.0417	19	12	enet	0.055	1.7e-10	-0.4034	6.87e-01
NA	/data/songy4/tes/output/weights_case//ENST00000652575.1.wgt.RDat	ENST00000652575.1	8	32647202	32647390	0.0346	rs7005288	 1.175	rs4458837	 0.017067	  3.77	-0.8119	16	 1	top1	0.017	3e-04	-0.8119	4.17e-01
NA	/data/songy4/tes/output/weights_case//ENST00000487647.5.wgt.RDat	ENST00000487647.5	8	38415993	38457446	0.0910	rs7821911	 1.793	rs1541897	 0.093016	 -8.19	 0.5050	17	 1	top1	0.093	7.3e-17	-0.5050	6.14e-01
NA	/data/songy4/tes/output/weights_case//ENST00000341462.8.wgt.RDat	ENST00000341462.8	8	38411139	38468834	0.0835	rs7821911	 1.793	rs1541897	 0.070579	 -7.32	 0.5050	17	 1	top1	0.071	4.5e-13	-0.5050	6.14e-01
NA	/data/songy4/tes/output/weights_case//ENST00000652698.1.wgt.RDat	ENST00000652698.1	8	31639245	32774046	0.0660	rs10503899	 2.198	rs11780004	 0.027818	  4.75	 1.0417	26	16	enet	0.04	4.3e-08	-0.6486	5.17e-01
NA	/data/songy4/tes/output/weights_case//ENST00000651333.1.wgt.RDat	ENST00000651333.1	8	32646958	32764418	0.0714	rs7005288	 1.175	rs11780004	 0.033301	  5.18	 1.0417	16	13	enet	0.05	1e-09	 0.0341	9.73e-01
NA	/data/songy4/tes/output/weights_case//ENST00000650478.1.wgt.RDat	ENST00000650478.1	8	19956005	19967196	0.0587	rs7005359	 2.523	rs7005359	 0.039195	  5.48	 2.5234	29	 1	top1	0.039	6.9e-08	 2.5234	1.16e-02
NA	/data/songy4/tes/output/weights_case//ENST00000650287.1.wgt.RDat	ENST00000650287.1	8	19939253	19967259	0.0470	rs7005359	 2.523	rs7005359	 0.031839	  5.01	 2.5234	30	 1	top1	0.032	1.1e-06	 2.5234	1.16e-02
NA	/data/songy4/tes/output/weights_case//ENST00000650980.1.wgt.RDat	ENST00000650980.1	8	32548662	32764519	0.0810	rs7005288	 1.175	rs11780004	 0.037266	  5.53	 1.0417	19	11	enet	0.077	4.1e-14	-0.3906	6.96e-01
NA	/data/songy4/tes/output/weights_case//ENST00000650967.1.wgt.RDat	ENST00000650967.1	8	32548327	32743224	0.0386	rs7005288	 1.175	rs11780004	 0.021204	  4.33	 1.0417	19	 5	enet	0.025	1.7e-05	 0.2862	7.75e-01
NA	/data/songy4/tes/output/weights_case//ENST00000650964.1.wgt.RDat	ENST00000650964.1	8	32548730	32728094	0.0333	rs7005288	 1.175	rs11780004	 0.004347	  3.32	 1.0417	19	 8	enet	0.013	0.0015	 0.0103	9.92e-01
NA	/data/songy4/tes/output/weights_case//ENST00000650919.1.wgt.RDat	ENST00000650919.1	8	32548235	32743253	0.0622	rs7005288	 1.175	rs11780004	 0.025824	  4.68	 1.0417	19	 8	enet	0.053	4.1e-10	-0.2489	8.03e-01
NA	/data/songy4/tes/output/weights_case//ENST00000651175.1.wgt.RDat	ENST00000651175.1	8	32548730	32728090	0.0489	rs7005288	 1.175	rs11780004	 0.014380	  4.35	 1.0417	19	11	enet	0.044	1.2e-08	-0.0846	9.33e-01
NA	/data/songy4/tes/output/weights_case//ENST00000651149.1.wgt.RDat	ENST00000651149.1	8	31639304	32728077	0.0275	rs10503899	 2.198	rs17695276	 0.018051	 -3.84	 0.5443	26	 1	top1	0.018	2e-04	-0.5443	5.86e-01
NA	/data/songy4/tes/output/weights_case//ENST00000349830.8.wgt.RDat	ENST00000349830.8	8	1823926	1958641	0.0782	rs7017774	 2.794	rs2294030	 0.012713	  4.26	-0.1985	51	14	enet	0.059	4.1e-11	-0.5906	5.55e-01
NA	/data/songy4/tes/output/weights_case//ENST00000650866.1.wgt.RDat	ENST00000650866.1	8	31639304	32764402	0.0760	rs10503899	 2.198	rs11780004	 0.034256	  5.38	 1.0417	26	16	enet	0.075	7.5e-14	-0.8039	4.21e-01
NA	/data/songy4/tes/output/weights_case//ENST00000650856.1.wgt.RDat	ENST00000650856.1	8	31639309	32764407	0.0756	rs10503899	 2.198	rs11780004	 0.036279	  5.49	 1.0417	26	14	enet	0.067	1.5e-12	-0.7073	4.79e-01
NA	/data/songy4/tes/output/weights_case//ENST00000650819.1.wgt.RDat	ENST00000650819.1	8	32647117	32762021	0.0638	rs7005288	 1.175	rs11780004	 0.018557	  4.88	 1.0417	16	10	enet	0.052	5.9e-10	-0.2219	8.24e-01
NA	/data/songy4/tes/output/weights_case//ENST00000382435.4.wgt.RDat	ENST00000382435.4	8	11330888	11332208	0.0237	rs1293298	 8.158	rs17153698	 0.000505	 -3.17	-1.2857	18	 9	enet	0.0096	0.0052	 1.3069	1.91e-01
NA	/data/songy4/tes/output/weights_case//ENST00000434187.5.wgt.RDat	ENST00000434187.5	8	38428363	38466695	0.0512	rs7821911	 1.793	rs1541897	 0.035593	 -5.22	 0.5050	17	 2	lasso	0.036	2e-07	-0.8369	4.03e-01
NA	/data/songy4/tes/output/weights_case//ENST00000306349.12.wgt.RDat	ENST00000306349.12	8	22165252	22201482	0.0396	rs2280104	 5.673	rs4507761	 0.005205	  3.34	-0.3840	39	 8	enet	0.01	0.0044	-0.5883	5.56e-01
NA	/data/songy4/tes/output/weights_case//ENST00000418203.3.wgt.RDat	ENST00000418203.3	8	143688659	143695380	0.0243	rs3819495	 1.534	rs9657474	-0.001391	 -2.57	 0.4035	11	 9	enet	0.0092	0.0062	-1.7430	8.13e-02
NA	/data/songy4/tes/output/weights_case//ENST00000470826.5.wgt.RDat	ENST00000470826.5	8	38423313	38468308	0.0645	rs7821911	 1.793	rs1541897	 0.049792	 -6.11	 0.5050	17	 5	enet	0.053	4.1e-10	-0.6144	5.39e-01
NA	/data/songy4/tes/output/weights_case//ENST00000602626.2.wgt.RDat	ENST00000602626.2	8	11552488	11564694	0.0208	rs1293298	 8.158	rs2686206	 0.001684	 -3.80	 0.9286	16	 5	enet	0.0073	0.013	 1.2449	2.13e-01
NA	/data/songy4/tes/output/weights_case//ENST00000533716.2.wgt.RDat	ENST00000533716.2	8	7768977	7771988	0.0130	rs6981750	 1.637	rs4840939	 0.014654	 -3.44	-0.7732	 3	 1	top1	0.015	0.00075	 0.7732	4.39e-01
NA	/data/songy4/tes/output/weights_case//ENST00000533846.5.wgt.RDat	ENST00000533846.5	8	143835530	143840213	0.0273	rs3819495	 1.534	rs9657474	 0.002016	 -3.19	 0.4035	13	 3	lasso	0.0023	0.1	-0.6973	4.86e-01
NA	/data/songy4/tes/output/weights_case//ENST00000533405.1.wgt.RDat	ENST00000533405.1	8	11801698	11802568	0.0453	rs1293298	 8.158	rs6982453	 0.003691	  2.92	-2.4694	14	14	enet	0.023	2.8e-05	-2.0769	3.78e-02
NA	/data/songy4/tes/output/weights_case//ENST00000533322.1.wgt.RDat	ENST00000533322.1	8	11558466	11560020	0.0195	rs1293298	 8.158	rs17153607	 0.002993	  3.78	 4.4462	16	 5	enet	0.0053	0.029	 2.5723	1.01e-02
NA	/data/songy4/tes/output/weights_case//ENST00000464332.5.wgt.RDat	ENST00000464332.5	8	143574787	143576801	0.0327	rs6986353	 2.720	rs9657474	 0.007657	 -3.36	 0.4035	14	 8	enet	0.024	2e-05	-1.5607	1.19e-01
NA	/data/songy4/tes/output/weights_case//ENST00000262644.9.wgt.RDat	ENST00000262644.9	8	56957931	56993867	0.0266	rs6474006	-2.102	rs4236995	 0.019456	 -3.97	-0.4700	12	 1	top1	0.019	0.00012	 0.4700	6.38e-01
NA	/data/songy4/tes/output/weights_case//ENST00000659375.1.wgt.RDat	ENST00000659375.1	8	1761064	1764508	0.0356	rs7017774	 2.794	rs4876132	 0.002397	  3.49	 2.7182	52	 3	lasso	0.021	6.4e-05	 2.6377	8.35e-03
NA	/data/songy4/tes/output/weights_case//ENST00000464163.1.wgt.RDat	ENST00000464163.1	8	38422744	38424621	0.0268	rs7821911	 1.793	rs1541897	 0.027828	 -4.61	 0.5050	17	 1	top1	0.028	5e-06	-0.5050	6.14e-01
NA	/data/songy4/tes/output/weights_case//ENST00000602711.1.wgt.RDat	ENST00000602711.1	8	11846154	11846391	0.0270	rs1293298	 8.158	rs4272426	 0.000405	  3.04	-0.4706	14	 4	enet	0.0076	0.012	-1.8662	6.20e-02
NA	/data/songy4/tes/output/weights_case//ENST00000660212.1.wgt.RDat	ENST00000660212.1	8	2130550	2134880	0.1285	rs12716586	 2.896	rs2294073	 0.051713	  6.33	 1.2885	52	27	enet	0.076	6.2e-14	 0.6737	5.00e-01
NA	/data/songy4/tes/output/weights_case//ENST00000605539.1.wgt.RDat	ENST00000605539.1	8	1974818	1975314	0.0556	rs4876132	 2.718	rs6558568	 0.024003	 -4.58	 2.1176	49	 1	top1	0.024	2.1e-05	-2.1176	3.42e-02
NA	/data/songy4/tes/output/weights_case//ENST00000539990.3.wgt.RDat	ENST00000539990.3	8	32721833	32765030	0.0865	rs7005288	 1.175	rs11780004	 0.042957	  5.83	 1.0417	16	12	enet	0.072	2.4e-13	-0.2037	8.39e-01
NA	/data/songy4/tes/output/weights_case//ENST00000607598.2.wgt.RDat	ENST00000607598.2	8	9555144	9556520	0.0375	rs1551790	-2.790	rs587059	 0.029270	 -4.74	 2.3960	17	 2	lasso	0.034	4.7e-07	-2.0118	4.42e-02
NA	/data/songy4/tes/output/weights_case//ENST00000262102.10.wgt.RDat	ENST00000262102.10	8	17643804	17800668	0.0410	rs1353035	-2.101	rs6998733	-0.001100	  2.51	-0.8283	33	14	enet	0.0031	0.076	 1.7773	7.55e-02
NA	/data/songy4/tes/output/weights_case//ENST00000544260.3.wgt.RDat	ENST00000544260.3	8	17643795	17722575	0.0500	rs1353035	-2.101	rs2517168	 0.001222	  3.49	 1.2734	32	14	enet	0.012	0.0019	 2.4395	1.47e-02
NA	/data/songy4/tes/output/weights_case//ENST00000466021.5.wgt.RDat	ENST00000466021.5	8	38417313	38422044	0.0395	rs7821911	 1.793	rs1541897	 0.026501	 -4.67	 0.5050	17	 1	top1	0.027	8.3e-06	-0.5050	6.14e-01
NA	/data/songy4/tes/output/weights_case//ENST00000262113.9.wgt.RDat	ENST00000262113.9	8	2045046	2145456	0.1723	rs12716586	 2.896	rs2294073	 0.062592	  6.94	 1.2885	54	28	enet	0.12	1e-20	 0.3311	7.41e-01
NA	/data/songy4/tes/output/weights_case//ENST00000509557.1.wgt.RDat	ENST00000509557.1	8	8154308	8216916	0.0974	rs6981750	 1.637	rs12678166	 0.040494	 -5.69	-0.9229	 7	 7	enet	0.075	7.7e-14	 2.0862	3.70e-02
NA	/data/songy4/tes/output/weights_case//ENST00000263849.9.wgt.RDat	ENST00000263849.9	8	78666089	78719765	0.0187	rs11780588	-2.321	rs7839056	 0.017379	  3.80	 1.1194	 4	 1	top1	0.017	0.00026	 1.1194	2.63e-01
NA	/data/songy4/tes/output/weights_case//ENST00000531707.1.wgt.RDat	ENST00000531707.1	8	143985914	143986932	0.0271	rs3819495	 1.534	rs2717591	 0.012308	  3.27	-0.8976	14	 1	top1	0.012	0.0018	-0.8976	3.69e-01
NA	/data/songy4/tes/output/weights_case//ENST00000531804.5.wgt.RDat	ENST00000531804.5	8	11444138	11467594	0.0311	rs1293298	 8.158	rs7814834	-0.001416	 -3.14	-0.6465	17	10	enet	-0.00016	0.35	-2.3008	2.14e-02
NA	/data/songy4/tes/output/weights_case//ENST00000384399.1.wgt.RDat	ENST00000384399.1	8	10476223	10476329	0.0480	rs4321966	 1.766	rs11782819	 0.028634	  4.81	 1.1837	22	 1	top1	0.029	3.7e-06	 1.1837	2.37e-01
NA	/data/songy4/tes/output/weights_case//ENST00000473291.1.wgt.RDat	ENST00000473291.1	8	132063785	132081104	0.0374	rs3829210	 2.367	rs16904332	 0.002915	  2.98	 0.1823	39	 1	top1	0.0029	0.081	 0.1823	8.55e-01
NA	/data/songy4/tes/output/weights_case//ENST00000532205.5.wgt.RDat	ENST00000532205.5	8	143684508	143695380	0.0248	rs3819495	 1.534	rs9657474	-0.001334	 -2.94	 0.4035	11	 9	enet	0.0084	0.0084	-1.8804	6.00e-02
NA	/data/songy4/tes/output/weights_case//ENST00000532791.5.wgt.RDat	ENST00000532791.5	8	38411231	38468622	0.0920	rs7821911	 1.793	rs1541897	 0.074890	 -7.51	 0.5050	17	 1	top1	0.075	8.5e-14	-0.5050	6.14e-01
NA	/data/songy4/tes/output/weights_case//ENST00000532940.5.wgt.RDat	ENST00000532940.5	8	143835530	143840213	0.0298	rs3819495	 1.534	rs9657474	 0.002071	 -3.25	 0.4035	13	 8	enet	0.0043	0.046	-1.3119	1.90e-01
NA	/data/songy4/tes/output/weights_case//ENST00000616228.1.wgt.RDat	ENST00000616228.1	8	20249895	20255181	0.0296	rs7005359	 2.523	rs4922151	 0.000663	  3.12	-0.0874	22	 3	enet	0.0022	0.11	-0.4330	6.65e-01
NA	/data/songy4/tes/output/weights_case//ENST00000530701.1.wgt.RDat	ENST00000530701.1	8	38421843	38457532	0.0337	rs7821911	 1.793	rs1541897	 0.004458	 -3.27	 0.5050	17	11	enet	0.012	0.0024	-0.6570	5.11e-01
NA	/data/songy4/tes/output/weights_case//ENST00000634613.1.wgt.RDat	ENST00000634613.1	8	17645926	17676493	0.0297	rs1353035	-2.101	rs2517168	-0.000691	  2.96	 1.2734	31	18	enet	0.00039	0.26	 1.8754	6.07e-02
