PANEL	FILE	ID	CHR	P0	P1	HSQ	BEST.GWAS.ID	BEST.GWAS.Z	EQTL.ID	EQTL.R2	EQTL.Z	EQTL.GWAS.Z	NSNP	NWGT	MODEL	MODELCV.R2	MODELCV.PV	TWAS.Z	TWAS.P
NA	/data/songy4/tes/output/weights_case//ENST00000556329.6.wgt.RDat	ENST00000556329.6	14	21020784	21025094	0.0537	NA	   NA	NA	       NA	    NA	     NA	 0	 0	enet	0.0044	0.044	      NA	      NA
NA	/data/songy4/tes/output/weights_case//ENST00000555865.5.wgt.RDat	ENST00000555865.5	14	100476474	100530007	0.0239	rs2757526	-2.96	rs7157731	 3.22e-03	  2.97	-0.7857	10	 3	enet	0.0061	0.021	-0.87862	3.80e-01
NA	/data/songy4/tes/output/weights_case//ENST00000556154.5.wgt.RDat	ENST00000556154.5	14	91870043	91947074	0.1103	rs8004687	 2.06	rs2498852	 6.70e-02	  6.97	 1.2660	23	 7	enet	0.088	4.3e-16	 0.14124	8.88e-01
NA	/data/songy4/tes/output/weights_case//ENST00000555937.1.wgt.RDat	ENST00000555937.1	14	61734138	61776260	0.0168	rs17805820	-2.80	rs17805820	 3.35e-03	 -3.26	-2.7953	11	 2	enet	0.0071	0.015	 0.61136	5.41e-01
NA	/data/songy4/tes/output/weights_case//ENST00000637716.1.wgt.RDat	ENST00000637716.1	14	100537149	100577952	0.0601	rs2757526	-2.96	rs7152089	 5.26e-02	 -6.27	-1.1961	10	 2	lasso	0.056	1.2e-10	 0.95791	3.38e-01
NA	/data/songy4/tes/output/weights_case//ENST00000555972.2.wgt.RDat	ENST00000555972.2	14	73522878	73530610	0.0867	rs8005548	 2.28	rs10220356	 6.27e-02	 -7.07	-1.8878	25	 1	top1	0.063	9.3e-12	 1.88776	5.91e-02
NA	/data/songy4/tes/output/weights_case//ENST00000555993.6.wgt.RDat	ENST00000555993.6	14	70729651	70809534	0.0403	rs8016522	-1.65	rs7144786	 2.92e-02	  4.84	 0.8000	22	 1	top1	0.029	3e-06	 0.80000	4.24e-01
NA	/data/songy4/tes/output/weights_case//ENST00000555992.1.wgt.RDat	ENST00000555992.1	14	72958715	72959375	0.0498	rs8005548	 2.28	rs3742832	 1.41e-02	  4.93	 0.3784	34	11	enet	0.018	0.00018	-0.37958	7.04e-01
NA	/data/songy4/tes/output/weights_case//ENST00000555964.5.wgt.RDat	ENST00000555964.5	14	103707103	103715484	0.0239	rs10138062	 3.25	rs3759579	 4.47e-03	  3.84	 1.7476	11	 3	lasso	0.009	0.0068	 1.29581	1.95e-01
NA	/data/songy4/tes/output/weights_case//ENST00000555949.2.wgt.RDat	ENST00000555949.2	14	100298019	100306532	0.1200	rs2757526	-2.96	rs3825555	 9.71e-02	  8.40	 1.6964	11	 4	lasso	0.13	2.6e-23	 0.73379	4.63e-01
NA	/data/songy4/tes/output/weights_case//ENST00000659330.1.wgt.RDat	ENST00000659330.1	14	88036880	88097053	0.0210	rs979812	-6.56	rs979812	 2.13e-02	  4.15	-6.5591	 7	 1	top1	0.021	6e-05	-6.55914	5.41e-11
NA	/data/songy4/tes/output/weights_case//ENST00000556188.5.wgt.RDat	ENST00000556188.5	14	100538888	100569558	0.1087	rs2757526	-2.96	rs7152089	 8.62e-02	 -7.94	-1.1961	10	 4	enet	0.1	2e-18	 0.64129	5.21e-01
NA	/data/songy4/tes/output/weights_case//ENST00000556201.1.wgt.RDat	ENST00000556201.1	14	100304915	100305809	0.1111	rs2757526	-2.96	rs3825555	 7.63e-02	  7.69	 1.6964	11	 5	enet	0.11	9.4e-20	 0.11522	9.08e-01
NA	/data/songy4/tes/output/weights_case//ENST00000555888.1.wgt.RDat	ENST00000555888.1	14	100298645	100299529	0.1187	rs2757526	-2.96	rs3825555	 8.82e-02	  8.09	 1.6964	11	 6	enet	0.12	4.6e-22	-0.11563	9.08e-01
NA	/data/songy4/tes/output/weights_case//ENST00000637646.1.wgt.RDat	ENST00000637646.1	14	100537147	100568141	0.0889	rs2757526	-2.96	rs7152089	 6.98e-02	 -7.17	-1.1961	10	 2	lasso	0.084	2.9e-15	 0.73903	4.60e-01
NA	/data/songy4/tes/output/weights_case//ENST00000556194.2.wgt.RDat	ENST00000556194.2	14	73787360	73803300	0.1099	rs10220356	-1.89	rs12717560	 7.56e-02	  7.55	-0.5575	11	 4	enet	0.1	1.2e-18	-1.04858	2.94e-01
NA	/data/songy4/tes/output/weights_case//ENST00000555835.3.wgt.RDat	ENST00000555835.3	14	20684560	20701216	0.0863	rs1760945	 3.32	rs944438	 5.61e-02	 -6.60	-0.7603	39	 1	top1	0.056	1.2e-10	 0.76033	4.47e-01
NA	/data/songy4/tes/output/weights_case//ENST00000556124.3.wgt.RDat	ENST00000556124.3	14	20447063	20449557	0.0292	rs1760945	 3.32	rs1760931	-1.31e-03	  2.56	 1.0459	19	 4	lasso	-0.00097	0.57	 0.89588	3.70e-01
NA	/data/songy4/tes/output/weights_case//ENST00000555927.5.wgt.RDat	ENST00000555927.5	14	100292230	100295861	0.1267	rs2757526	-2.96	rs3825555	 9.42e-02	  8.21	 1.6964	11	 7	enet	0.14	3.9e-25	-0.05329	9.58e-01
NA	/data/songy4/tes/output/weights_case//ENST00000555785.2.wgt.RDat	ENST00000555785.2	14	20447678	20449273	0.0285	rs1760945	 3.32	rs944398	-1.05e-03	 -2.30	 0.3438	19	 1	top1	-0.0011	0.61	-0.34375	7.31e-01
NA	/data/songy4/tes/output/weights_case//ENST00000555906.5.wgt.RDat	ENST00000555906.5	14	61281149	61449252	0.0230	rs10151958	 3.21	rs17805820	 2.08e-03	 -3.25	-2.7953	12	 1	top1	0.0021	0.12	 2.79532	5.18e-03
NA	/data/songy4/tes/output/weights_case//ENST00000555775.5.wgt.RDat	ENST00000555775.5	14	100376418	100529855	0.0412	rs2757526	-2.96	rs7157731	 3.25e-02	  4.90	-0.7857	11	 1	top1	0.033	8.6e-07	-0.78571	4.32e-01
NA	/data/songy4/tes/output/weights_case//ENST00000554710.1.wgt.RDat	ENST00000554710.1	14	81398373	81436207	0.0227	rs17111775	-1.31	rs961096	 6.92e-05	 -2.89	-0.7119	17	 7	enet	0.0051	0.032	 0.48609	6.27e-01
NA	/data/songy4/tes/output/weights_case//ENST00000554699.1.wgt.RDat	ENST00000554699.1	14	20449222	20454793	0.0259	NA	   NA	NA	       NA	    NA	     NA	 0	 0	enet	-0.0013	0.78	      NA	      NA
NA	/data/songy4/tes/output/weights_case//ENST00000554561.5.wgt.RDat	ENST00000554561.5	14	21021822	21024295	0.0471	rs1760945	 3.32	rs2228035	 1.25e-03	 -3.53	-0.4684	53	 9	enet	0.015	0.00058	-0.36768	7.13e-01
NA	/data/songy4/tes/output/weights_case//ENST00000554575.2.wgt.RDat	ENST00000554575.2	14	68411510	68470717	0.0359	rs1077989	-1.48	rs2064928	 2.19e-02	 -4.05	-1.2857	19	 3	lasso	0.025	1.6e-05	 1.04903	2.94e-01
NA	/data/songy4/tes/output/weights_case//ENST00000554730.1.wgt.RDat	ENST00000554730.1	14	22764385	22766530	0.0435	rs226998	 3.56	rs11157756	 6.78e-03	 -4.43	 1.0490	55	12	enet	0.022	4.4e-05	-0.52903	5.97e-01
NA	/data/songy4/tes/output/weights_case//ENST00000554835.1.wgt.RDat	ENST00000554835.1	14	61281184	61299854	0.0115	rs10151958	 3.21	rs11623261	 1.32e-02	 -3.41	 2.1863	 6	 1	top1	0.013	0.0013	-2.18627	2.88e-02
NA	/data/songy4/tes/output/weights_case//ENST00000554915.1.wgt.RDat	ENST00000554915.1	14	20448024	20449170	0.0294	rs1760945	 3.32	rs1958706	-1.24e-03	  2.29	 0.2626	19	 1	top1	-0.0012	0.72	 0.26263	7.93e-01
NA	/data/songy4/tes/output/weights_case//ENST00000554912.1.wgt.RDat	ENST00000554912.1	14	100291116	100296545	0.1169	rs2757526	-2.96	rs3825555	 8.81e-02	  7.99	 1.6964	11	 6	enet	0.13	1.2e-22	-0.06220	9.50e-01
NA	/data/songy4/tes/output/weights_case//ENST00000554900.1.wgt.RDat	ENST00000554900.1	14	74911353	74922394	0.0321	rs2268613	-4.16	rs10483863	 2.60e-02	  4.61	-0.0538	 8	 1	top1	0.026	9.9e-06	-0.05376	9.57e-01
NA	/data/songy4/tes/output/weights_case//ENST00000554766.5.wgt.RDat	ENST00000554766.5	14	77181623	77231730	0.0898	rs8021076	 3.89	rs11627633	 6.73e-02	  7.08	 0.5229	43	14	enet	0.074	1.1e-13	-0.33876	7.35e-01
NA	/data/songy4/tes/output/weights_case//ENST00000554769.1.wgt.RDat	ENST00000554769.1	14	96233431	96234101	0.0397	rs7140309	-3.00	rs12885978	-1.41e-03	  2.92	 0.8381	54	 3	lasso	-0.00043	0.4	 0.95213	3.41e-01
NA	/data/songy4/tes/output/weights_case//ENST00000554752.6.wgt.RDat	ENST00000554752.6	14	70722526	70809171	0.0504	rs8016522	-1.65	rs7144786	 5.20e-02	  6.18	 0.8000	22	 1	top1	0.052	5.5e-10	 0.80000	4.24e-01
NA	/data/songy4/tes/output/weights_case//ENST00000554747.1.wgt.RDat	ENST00000554747.1	14	100546022	100569086	0.1038	rs2757526	-2.96	rs7152089	 9.24e-02	 -8.21	-1.1961	10	 2	lasso	0.098	1.2e-17	 0.97788	3.28e-01
NA	/data/songy4/tes/output/weights_case//ENST00000381250.8.wgt.RDat	ENST00000381250.8	14	70729936	70809506	0.0452	rs8016522	-1.65	rs7144786	 2.84e-02	  4.76	 0.8000	22	 1	top1	0.028	4.1e-06	 0.80000	4.24e-01
NA	/data/songy4/tes/output/weights_case//ENST00000554286.1.wgt.RDat	ENST00000554286.1	14	20693480	20707120	0.0516	rs1760945	 3.32	rs944438	 3.81e-02	 -5.47	-0.7603	41	 1	top1	0.038	1e-07	 0.76033	4.47e-01
NA	/data/songy4/tes/output/weights_case//ENST00000554291.5.wgt.RDat	ENST00000554291.5	14	100292608	100294199	0.1284	rs2757526	-2.96	rs3825555	 9.33e-02	  8.19	 1.6964	11	 7	enet	0.14	2.2e-25	-0.12190	9.03e-01
NA	/data/songy4/tes/output/weights_case//ENST00000554263.5.wgt.RDat	ENST00000554263.5	14	80955655	81108918	0.0213	rs12323429	-1.45	rs2110697	 1.02e-03	 -2.89	 0.2400	14	11	enet	0.0068	0.016	-0.46494	6.42e-01
NA	/data/songy4/tes/output/weights_case//ENST00000554274.1.wgt.RDat	ENST00000554274.1	14	100543942	100545329	0.0995	rs2757526	-2.96	rs7152089	 8.55e-02	 -7.91	-1.1961	10	 2	lasso	0.093	6.4e-17	 0.88889	3.74e-01
NA	/data/songy4/tes/output/weights_case//ENST00000554346.5.wgt.RDat	ENST00000554346.5	14	77181827	77218963	0.0715	rs1676241	-2.03	rs11627633	 4.99e-02	  6.17	 0.5229	42	 1	top1	0.05	1.2e-09	 0.52294	6.01e-01
NA	/data/songy4/tes/output/weights_case//ENST00000554194.1.wgt.RDat	ENST00000554194.1	14	22706215	22766547	0.0374	rs226998	 3.56	rs9323178	 9.89e-03	 -3.58	 0.3762	55	 1	top1	0.0099	0.0047	-0.37624	7.07e-01
NA	/data/songy4/tes/output/weights_case//ENST00000554175.5.wgt.RDat	ENST00000554175.5	14	100376541	100455512	0.0257	rs2757526	-2.96	rs7157731	 1.32e-02	  3.44	-0.7857	10	 1	top1	0.013	0.0013	-0.78571	4.32e-01
NA	/data/songy4/tes/output/weights_case//ENST00000554185.1.wgt.RDat	ENST00000554185.1	14	75689421	75690322	0.0277	rs2268613	-4.16	rs741847	 5.77e-03	 -3.41	 0.5847	24	 1	top1	0.0058	0.024	-0.58475	5.59e-01
NA	/data/songy4/tes/output/weights_case//ENST00000554249.5.wgt.RDat	ENST00000554249.5	14	20447139	20449398	0.0277	rs1760945	 3.32	rs1760931	-1.30e-03	  2.41	 1.0459	19	 1	top1	-0.0013	0.77	 1.04587	2.96e-01
NA	/data/songy4/tes/output/weights_case//ENST00000554243.1.wgt.RDat	ENST00000554243.1	14	32484098	32484800	0.0838	rs7151842	-3.40	rs941750	 4.67e-02	  5.88	-1.2655	18	 4	lasso	0.05	1e-09	-2.11821	3.42e-02
NA	/data/songy4/tes/output/weights_case//ENST00000554224.5.wgt.RDat	ENST00000554224.5	14	100292458	100306547	0.1332	rs2757526	-2.96	rs3825555	 1.04e-01	  8.64	 1.6964	11	 5	lasso	0.15	1.3e-26	 0.60509	5.45e-01
NA	/data/songy4/tes/output/weights_case//ENST00000554461.5.wgt.RDat	ENST00000554461.5	14	92408379	92442753	0.0471	rs10137770	-3.34	rs17128291	 2.82e-02	  5.04	 1.9926	20	 1	top1	0.028	4.4e-06	 1.99259	4.63e-02
NA	/data/songy4/tes/output/weights_case//ENST00000554502.5.wgt.RDat	ENST00000554502.5	14	80476983	80836336	0.0319	rs8012341	-1.90	rs1491489	 5.33e-03	  3.11	-0.1930	23	 8	enet	0.0056	0.026	-0.13563	8.92e-01
NA	/data/songy4/tes/output/weights_case//ENST00000554490.1.wgt.RDat	ENST00000554490.1	14	74377818	74378418	0.0245	rs2286425	 1.80	rs747513	 2.38e-04	 -3.05	 0.6689	 8	 5	enet	0.017	0.00035	-0.96497	3.35e-01
NA	/data/songy4/tes/output/weights_case//ENST00000554492.5.wgt.RDat	ENST00000554492.5	14	100376500	100525895	0.0288	rs2757526	-2.96	rs7157731	 2.75e-02	  4.56	-0.7857	10	 1	top1	0.028	5.7e-06	-0.78571	4.32e-01
NA	/data/songy4/tes/output/weights_case//ENST00000554483.5.wgt.RDat	ENST00000554483.5	14	21020809	21025061	0.0662	NA	   NA	NA	       NA	    NA	     NA	53	 0	top1	0.0078	0.011	      NA	      NA
NA	/data/songy4/tes/output/weights_case//ENST00000554435.1.wgt.RDat	ENST00000554435.1	14	80955655	81108919	0.0218	rs12323429	-1.45	rs733234	 1.00e-03	 -2.92	 0.7890	14	11	enet	0.0098	0.0049	-0.49709	6.19e-01
NA	/data/songy4/tes/output/weights_case//ENST00000554356.5.wgt.RDat	ENST00000554356.5	14	100539035	100548098	0.1930	rs2757526	-2.96	rs7152089	 1.57e-01	-10.59	-1.1961	10	 2	lasso	0.19	3.4e-34	 0.75669	4.49e-01
NA	/data/songy4/tes/output/weights_case//ENST00000554409.1.wgt.RDat	ENST00000554409.1	14	51333541	51365529	0.0409	rs1547763	 2.48	rs4268678	 2.83e-02	  4.96	-1.0424	25	 1	top1	0.028	4.1e-06	-1.04237	2.97e-01
NA	/data/songy4/tes/output/weights_case//ENST00000555428.1.wgt.RDat	ENST00000555428.1	14	100291117	100291950	0.1064	rs2757526	-2.96	rs3825555	 8.31e-02	  7.75	 1.6964	11	 4	lasso	0.11	1.3e-19	 0.82452	4.10e-01
NA	/data/songy4/tes/output/weights_case//ENST00000555435.1.wgt.RDat	ENST00000555435.1	14	20451305	20451918	0.0295	rs1760945	 3.32	rs1760931	-1.09e-03	  3.26	 1.0459	19	 4	lasso	-0.00086	0.53	-0.87537	3.81e-01
NA	/data/songy4/tes/output/weights_case//ENST00000555475.1.wgt.RDat	ENST00000555475.1	14	100293587	100294388	0.0776	rs2757526	-2.96	rs3825555	 5.86e-02	  6.66	 1.6964	11	 6	enet	0.084	2.1e-15	 0.30706	7.59e-01
NA	/data/songy4/tes/output/weights_case//ENST00000555464.1.wgt.RDat	ENST00000555464.1	14	100370379	100375547	0.0279	rs2757526	-2.96	rs2757526	-6.15e-04	 -2.65	-2.9608	 9	 9	enet	-0.00025	0.37	-0.60200	5.47e-01
NA	/data/songy4/tes/output/weights_case//ENST00000555338.5.wgt.RDat	ENST00000555338.5	14	77175850	77219501	0.0790	rs8021076	 3.89	rs11627633	 5.01e-02	  6.17	 0.5229	43	10	enet	0.051	7.1e-10	-0.02172	9.83e-01
NA	/data/songy4/tes/output/weights_case//ENST00000555333.1.wgt.RDat	ENST00000555333.1	14	77902385	77924575	0.0773	rs8021076	 3.89	rs10140793	 2.84e-02	 -5.61	 0.2936	20	 3	lasso	0.073	1.5e-13	-2.31322	2.07e-02
NA	/data/songy4/tes/output/weights_case//ENST00000555330.5.wgt.RDat	ENST00000555330.5	14	74661272	74685660	0.0221	rs11159080	 2.49	rs887506	 6.63e-04	 -3.15	 0.7353	10	 3	enet	0.0089	0.0069	-0.86029	3.90e-01
NA	/data/songy4/tes/output/weights_case//ENST00000555623.1.wgt.RDat	ENST00000555623.1	14	74658049	74658590	0.0237	rs11159080	 2.49	rs887506	 1.38e-02	 -3.52	 0.7353	10	 3	enet	0.015	6e-04	-0.89034	3.73e-01
NA	/data/songy4/tes/output/weights_case//ENST00000555617.5.wgt.RDat	ENST00000555617.5	14	74292604	74302959	0.0187	rs10220356	-1.89	rs887506	 4.55e-03	 -3.54	 0.7353	 8	 2	enet	0.013	0.0013	-0.00535	9.96e-01
NA	/data/songy4/tes/output/weights_case//ENST00000555597.1.wgt.RDat	ENST00000555597.1	14	20688782	20700602	0.0739	rs1760945	 3.32	rs944438	 4.79e-02	 -6.16	-0.7603	39	 1	top1	0.048	2.6e-09	 0.76033	4.47e-01
NA	/data/songy4/tes/output/weights_case//ENST00000555675.5.wgt.RDat	ENST00000555675.5	14	77301089	77306490	0.0418	rs8021076	 3.89	rs2287386	 1.52e-03	 -3.12	 0.4566	34	 4	lasso	0.0041	0.049	 2.53732	1.12e-02
NA	/data/songy4/tes/output/weights_case//ENST00000555647.5.wgt.RDat	ENST00000555647.5	14	74905643	74923302	0.0426	rs2268613	-4.16	rs10483863	 5.16e-03	  3.79	-0.0538	 8	 8	enet	0.027	6.5e-06	 1.23404	2.17e-01
NA	/data/songy4/tes/output/weights_case//ENST00000555649.1.wgt.RDat	ENST00000555649.1	14	51344914	51385603	0.0539	rs10143554	 2.74	rs4268678	 3.26e-02	  5.15	-1.0424	26	 1	top1	0.033	8.2e-07	-1.04237	2.97e-01
NA	/data/songy4/tes/output/weights_case//ENST00000555656.5.wgt.RDat	ENST00000555656.5	14	20446411	20450879	0.0433	rs1760945	 3.32	rs1760931	 7.60e-03	  4.00	 1.0459	19	 4	lasso	0.0089	0.007	-0.63241	5.27e-01
NA	/data/songy4/tes/output/weights_case//ENST00000555588.5.wgt.RDat	ENST00000555588.5	14	77175856	77213630	0.0795	rs1676241	-2.03	rs11627633	 6.07e-02	  6.63	 0.5229	40	 9	enet	0.066	2.7e-12	-0.44557	6.56e-01
NA	/data/songy4/tes/output/weights_case//ENST00000555567.6.wgt.RDat	ENST00000555567.6	14	74941834	74955597	0.0776	rs2268613	-4.16	rs2268613	 5.40e-02	  6.42	-4.1587	 8	 6	enet	0.069	8.4e-13	-3.62751	2.86e-04
NA	/data/songy4/tes/output/weights_case//ENST00000555581.1.wgt.RDat	ENST00000555581.1	14	71848606	71908430	0.0611	rs36560	-1.96	rs36457	 2.47e-02	  4.45	 1.0312	 8	 4	enet	0.028	5.4e-06	 0.98177	3.26e-01
NA	/data/songy4/tes/output/weights_case//ENST00000555539.1.wgt.RDat	ENST00000555539.1	14	73822559	73830135	0.0545	rs10220356	-1.89	rs12717560	 4.86e-02	  6.09	-0.5575	11	 1	top1	0.049	2e-09	-0.55752	5.77e-01
NA	/data/songy4/tes/output/weights_case//ENST00000555542.5.wgt.RDat	ENST00000555542.5	14	61280953	61443211	0.0256	rs10151958	 3.21	rs17805820	 2.36e-03	 -3.31	-2.7953	12	 9	enet	0.0093	0.0059	 0.48960	6.24e-01
NA	/data/songy4/tes/output/weights_case//ENST00000555042.5.wgt.RDat	ENST00000555042.5	14	72926487	72959644	0.0758	rs8005548	 2.28	rs3742832	 2.27e-02	  5.61	 0.3784	34	11	enet	0.046	5.2e-09	-0.82998	4.07e-01
NA	/data/songy4/tes/output/weights_case//ENST00000555051.5.wgt.RDat	ENST00000555051.5	14	100295897	100299244	0.1215	rs2757526	-2.96	rs3825555	 9.20e-02	  8.24	 1.6964	11	 4	lasso	0.13	1.5e-23	 0.44609	6.56e-01
NA	/data/songy4/tes/output/weights_case//ENST00000555082.5.wgt.RDat	ENST00000555082.5	14	61322664	61550976	0.0184	rs10151958	 3.21	rs17805820	 1.50e-03	 -3.09	-2.7953	12	 1	top1	0.0015	0.15	 2.79532	5.18e-03
NA	/data/songy4/tes/output/weights_case//ENST00000555009.5.wgt.RDat	ENST00000555009.5	14	74905643	74922174	0.0461	rs2268613	-4.16	rs10483863	 6.28e-03	  3.74	-0.0538	 8	 8	enet	0.028	4.4e-06	 1.50683	1.32e-01
NA	/data/songy4/tes/output/weights_case//ENST00000554953.1.wgt.RDat	ENST00000554953.1	14	74409505	74426102	0.0171	rs11159080	 2.49	rs747513	-1.20e-03	 -2.56	 0.6689	 9	 5	enet	0.0036	0.061	 0.43719	6.62e-01
NA	/data/songy4/tes/output/weights_case//ENST00000554998.5.wgt.RDat	ENST00000554998.5	14	100376433	100530271	0.0279	rs2757526	-2.96	rs7157731	 1.94e-02	  3.84	-0.7857	11	 1	top1	0.019	0.00012	-0.78571	4.32e-01
NA	/data/songy4/tes/output/weights_case//ENST00000555253.1.wgt.RDat	ENST00000555253.1	14	74944564	74948215	0.0708	rs2268613	-4.16	rs2268613	 6.34e-02	  6.82	-4.1587	 8	 8	enet	0.068	1.2e-12	-3.33848	8.42e-04
NA	/data/songy4/tes/output/weights_case//ENST00000636454.1.wgt.RDat	ENST00000636454.1	14	81078702	81143746	0.0293	rs10129556	 1.17	rs2288496	 2.09e-02	  4.13	 0.3762	13	 1	top1	0.021	7e-05	 0.37624	7.07e-01
NA	/data/songy4/tes/output/weights_case//ENST00000555223.5.wgt.RDat	ENST00000555223.5	14	20447631	20452448	0.0277	rs1760945	 3.32	rs1760931	-1.38e-03	  2.42	 1.0459	19	 4	lasso	-0.0012	0.67	 0.84534	3.98e-01
NA	/data/songy4/tes/output/weights_case//ENST00000555231.5.wgt.RDat	ENST00000555231.5	14	103708429	103715459	0.0262	rs10138062	 3.25	rs3759579	 2.03e-02	  4.05	 1.7476	11	 1	top1	0.02	8.7e-05	 1.74757	8.05e-02
NA	/data/songy4/tes/output/weights_case//ENST00000555302.1.wgt.RDat	ENST00000555302.1	14	91866275	91867536	0.0395	rs8004687	 2.06	rs7155616	 4.01e-02	 -5.98	-1.3889	19	 1	top1	0.04	4.9e-08	 1.38889	1.65e-01
NA	/data/songy4/tes/output/weights_case//ENST00000559613.1.wgt.RDat	ENST00000559613.1	14	24145741	24146629	0.0820	rs12889516	-2.40	rs2277481	 9.24e-02	 -8.15	-0.4545	27	 1	top1	0.092	9.4e-17	 0.45455	6.49e-01
NA	/data/songy4/tes/output/weights_case//ENST00000559669.1.wgt.RDat	ENST00000559669.1	14	24254123	24255056	0.0453	rs12889516	-2.40	rs941504	 2.32e-02	 -4.33	 0.1043	28	 3	lasso	0.025	1.7e-05	-0.60641	5.44e-01
NA	/data/songy4/tes/output/weights_case//ENST00000642896.1.wgt.RDat	ENST00000642896.1	14	92044798	92049762	0.0770	rs8004687	 2.06	rs2498852	 6.05e-02	  6.73	 1.2660	23	 1	top1	0.061	2.1e-11	 1.26596	2.06e-01
NA	/data/songy4/tes/output/weights_case//ENST00000558293.7.wgt.RDat	ENST00000558293.7	14	23969931	24051377	0.0272	NA	   NA	NA	       NA	    NA	     NA	 0	 0	enet	0.0041	0.049	      NA	      NA
NA	/data/songy4/tes/output/weights_case//ENST00000558366.5.wgt.RDat	ENST00000558366.5	14	67580895	67585602	0.0234	rs1077989	-1.48	rs11158685	 2.66e-02	 -4.52	-0.9032	12	 1	top1	0.027	7.9e-06	 0.90323	3.66e-01
NA	/data/songy4/tes/output/weights_case//ENST00000558386.5.wgt.RDat	ENST00000558386.5	14	67569033	67587681	0.0450	rs1077989	-1.48	rs11158685	 3.36e-02	 -4.99	-0.9032	12	 1	top1	0.034	5.6e-07	 0.90323	3.66e-01
NA	/data/songy4/tes/output/weights_case//ENST00000642417.1.wgt.RDat	ENST00000642417.1	14	92044496	92058351	0.0338	rs8004687	 2.06	rs2498852	 3.04e-02	  4.96	 1.2660	23	 4	enet	0.033	6.4e-07	 1.31545	1.88e-01
NA	/data/songy4/tes/output/weights_case//ENST00000559136.1.wgt.RDat	ENST00000559136.1	14	24255454	24260158	0.0517	rs12889516	-2.40	rs941504	 2.52e-02	 -4.48	 0.1043	28	 1	top1	0.025	1.3e-05	-0.10427	9.17e-01
NA	/data/songy4/tes/output/weights_case//ENST00000559021.2.wgt.RDat	ENST00000559021.2	14	75292131	75292495	0.0453	rs2268613	-4.16	rs11159133	 2.61e-02	  4.59	-0.5291	17	 7	enet	0.027	6.7e-06	-0.76397	4.45e-01
NA	/data/songy4/tes/output/weights_case//ENST00000646052.2.wgt.RDat	ENST00000646052.2	14	81012099	81170429	0.0240	rs12323429	-1.45	rs2288496	 7.46e-03	  3.92	 0.3762	15	 1	top1	0.0075	0.012	 0.37624	7.07e-01
NA	/data/songy4/tes/output/weights_case//ENST00000561057.1.wgt.RDat	ENST00000561057.1	14	67584111	67587366	0.0300	rs1077989	-1.48	rs11158685	 1.63e-02	 -3.90	-0.9032	12	 1	top1	0.016	0.00039	 0.90323	3.66e-01
NA	/data/songy4/tes/output/weights_case//ENST00000646928.1.wgt.RDat	ENST00000646928.1	14	81049426	81170414	0.0365	rs10129556	 1.17	rs2288496	 3.40e-02	  5.26	 0.3762	14	 1	top1	0.034	4.8e-07	 0.37624	7.07e-01
NA	/data/songy4/tes/output/weights_case//ENST00000364314.1.wgt.RDat	ENST00000364314.1	14	103567405	103567545	0.0189	rs10138062	 3.25	rs3759579	 9.81e-04	  2.99	 1.7476	12	 1	top1	0.00098	0.19	 1.74757	8.05e-02
NA	/data/songy4/tes/output/weights_case//ENST00000644720.1.wgt.RDat	ENST00000644720.1	14	92044775	92048065	0.0600	rs8004687	 2.06	rs2498852	 3.85e-02	  5.41	 1.2660	23	 8	enet	0.048	2.5e-09	 0.97796	3.28e-01
NA	/data/songy4/tes/output/weights_case//ENST00000560592.5.wgt.RDat	ENST00000560592.5	14	24145134	24146621	0.0362	rs12889516	-2.40	rs2277481	 4.84e-02	 -5.95	-0.4545	27	 1	top1	0.048	2.1e-09	 0.45455	6.49e-01
NA	/data/songy4/tes/output/weights_case//ENST00000560788.1.wgt.RDat	ENST00000560788.1	14	24145170	24146596	0.0433	rs12889516	-2.40	rs2277481	 5.57e-02	 -6.36	-0.4545	27	 1	top1	0.056	1.3e-10	 0.45455	6.49e-01
NA	/data/songy4/tes/output/weights_case//ENST00000556868.1.wgt.RDat	ENST00000556868.1	14	100292781	100306517	0.1213	rs2757526	-2.96	rs3825555	 9.75e-02	  8.37	 1.6964	11	 5	lasso	0.13	6.4e-24	 0.71750	4.73e-01
NA	/data/songy4/tes/output/weights_case//ENST00000556873.5.wgt.RDat	ENST00000556873.5	14	100295695	100299076	0.1030	rs2757526	-2.96	rs3825555	 7.84e-02	  7.59	 1.6964	11	 6	enet	0.11	9.1e-20	 0.15976	8.73e-01
NA	/data/songy4/tes/output/weights_case//ENST00000556844.1.wgt.RDat	ENST00000556844.1	14	100304953	100306424	0.1270	rs2757526	-2.96	rs3825555	 9.75e-02	  8.51	 1.6964	11	 4	lasso	0.13	3.8e-24	 0.62547	5.32e-01
NA	/data/songy4/tes/output/weights_case//ENST00000556778.5.wgt.RDat	ENST00000556778.5	14	61187569	61453265	0.0192	rs10151958	 3.21	rs17805820	 1.24e-03	 -3.10	-2.7953	14	 1	top1	0.0012	0.17	 2.79532	5.18e-03
NA	/data/songy4/tes/output/weights_case//ENST00000556776.1.wgt.RDat	ENST00000556776.1	14	74921516	74923251	0.0428	rs2268613	-4.16	rs10483863	-1.14e-03	  3.53	-0.0538	 8	 8	enet	0.024	2.5e-05	 1.52816	1.26e-01
NA	/data/songy4/tes/output/weights_case//ENST00000556751.5.wgt.RDat	ENST00000556751.5	14	100537153	100549889	0.1638	rs2757526	-2.96	rs7152089	 1.31e-01	 -9.66	-1.1961	10	 2	lasso	0.16	1.3e-29	 0.69445	4.87e-01
NA	/data/songy4/tes/output/weights_case//ENST00000556816.6.wgt.RDat	ENST00000556816.6	14	74493765	74497106	0.0194	rs11159080	 2.49	rs11159080	 4.78e-03	 -3.13	 2.4947	 9	 3	enet	0.0084	0.0085	-1.94489	5.18e-02
NA	/data/songy4/tes/output/weights_case//ENST00000556961.1.wgt.RDat	ENST00000556961.1	14	91869412	91874816	0.0862	rs8004687	 2.06	rs2018736	 1.59e-02	  4.87	-0.8713	20	 8	enet	0.041	3.7e-08	-1.19459	2.32e-01
NA	/data/songy4/tes/output/weights_case//ENST00000556939.5.wgt.RDat	ENST00000556939.5	14	74948129	74955597	0.0186	rs2268613	-4.16	rs862026	 8.49e-03	  3.04	 0.4694	 8	 6	enet	0.015	0.00064	-0.37481	7.08e-01
NA	/data/songy4/tes/output/weights_case//ENST00000556981.5.wgt.RDat	ENST00000556981.5	14	80916452	80959504	0.0237	rs12323429	-1.45	rs17613144	 3.71e-03	  3.23	 0.1566	11	 3	lasso	0.015	0.00064	 0.44347	6.57e-01
NA	/data/songy4/tes/output/weights_case//ENST00000556514.5.wgt.RDat	ENST00000556514.5	14	77175853	77218922	0.0785	rs1676241	-2.03	rs11627633	 5.69e-02	  6.50	 0.5229	42	 1	top1	0.057	8.3e-11	 0.52294	6.01e-01
NA	/data/songy4/tes/output/weights_case//ENST00000556505.5.wgt.RDat	ENST00000556505.5	14	100291686	100295734	0.1217	rs2757526	-2.96	rs3825555	 8.79e-02	  7.94	 1.6964	11	 5	lasso	0.13	1.3e-23	 0.53014	5.96e-01
NA	/data/songy4/tes/output/weights_case//ENST00000556497.2.wgt.RDat	ENST00000556497.2	14	32241524	32243093	0.0205	rs7151842	-3.40	rs11625567	 2.48e-03	 -2.95	 0.2484	12	 8	enet	0.004	0.051	 1.72408	8.47e-02
NA	/data/songy4/tes/output/weights_case//ENST00000556560.5.wgt.RDat	ENST00000556560.5	14	77908177	77933521	0.0505	rs8021076	 3.89	rs10140793	 4.83e-03	 -4.05	 0.2936	20	11	enet	0.023	3.5e-05	-2.23380	2.55e-02
NA	/data/songy4/tes/output/weights_case//ENST00000556479.6.wgt.RDat	ENST00000556479.6	14	51333068	51365557	0.0487	rs1547763	 2.48	rs4268678	 4.14e-02	  5.66	-1.0424	25	 1	top1	0.041	3e-08	-1.04237	2.97e-01
NA	/data/songy4/tes/output/weights_case//ENST00000556416.1.wgt.RDat	ENST00000556416.1	14	95191713	95193917	0.0564	rs1057035	-4.90	rs1187628	 3.43e-02	 -5.17	 1.8824	56	 7	enet	0.041	2.9e-08	 0.99293	3.21e-01
NA	/data/songy4/tes/output/weights_case//ENST00000556458.1.wgt.RDat	ENST00000556458.1	14	100291118	100294656	0.1274	rs2757526	-2.96	rs3825555	 9.45e-02	  8.31	 1.6964	11	 6	enet	0.13	7.1e-24	 0.17099	8.64e-01
NA	/data/songy4/tes/output/weights_case//ENST00000556441.1.wgt.RDat	ENST00000556441.1	14	95191531	95194300	0.0512	rs1057035	-4.90	rs1187628	 3.25e-02	 -4.98	 1.8824	56	 1	top1	0.032	8.7e-07	-1.88235	5.98e-02
NA	/data/songy4/tes/output/weights_case//ENST00000556688.5.wgt.RDat	ENST00000556688.5	14	21020830	21025072	0.0479	NA	   NA	NA	       NA	    NA	     NA	53	 0	top1	0.00047	0.25	      NA	      NA
NA	/data/songy4/tes/output/weights_case//ENST00000556715.6.wgt.RDat	ENST00000556715.6	14	100292525	100306515	0.1268	rs2757526	-2.96	rs3825555	 1.01e-01	  8.50	 1.6964	11	 5	lasso	0.14	2.5e-25	 0.66108	5.09e-01
NA	/data/songy4/tes/output/weights_case//ENST00000557585.5.wgt.RDat	ENST00000557585.5	14	61390694	61457557	0.0176	rs10151958	 3.21	rs17805820	 4.59e-04	 -2.88	-2.7953	11	 1	top1	0.00046	0.25	 2.79532	5.18e-03
NA	/data/songy4/tes/output/weights_case//ENST00000557473.1.wgt.RDat	ENST00000557473.1	14	61442558	61450941	0.0218	rs10151958	 3.21	rs17805820	 2.04e-03	 -3.19	-2.7953	11	 1	top1	0.002	0.12	 2.79532	5.18e-03
NA	/data/songy4/tes/output/weights_case//ENST00000557501.5.wgt.RDat	ENST00000557501.5	14	77800135	77924512	0.0440	rs8021076	 3.89	rs8006523	 3.47e-02	  5.07	-3.2523	25	 1	top1	0.035	3.8e-07	-3.25225	1.14e-03
NA	/data/songy4/tes/output/weights_case//ENST00000557504.1.wgt.RDat	ENST00000557504.1	14	77251709	77256794	0.0941	rs8021076	 3.89	rs11627633	 4.58e-02	  5.89	 0.5229	38	 1	top1	0.046	5.7e-09	 0.52294	6.01e-01
NA	/data/songy4/tes/output/weights_case//ENST00000557526.1.wgt.RDat	ENST00000557526.1	14	77069180	77076191	0.0544	rs1676241	-2.03	rs4903539	 5.03e-02	 -6.24	-0.3438	36	 1	top1	0.05	1e-09	 0.34375	7.31e-01
NA	/data/songy4/tes/output/weights_case//ENST00000557518.1.wgt.RDat	ENST00000557518.1	14	51304416	51328386	0.0264	rs1547763	 2.48	rs4268678	 2.85e-02	  4.85	-1.0424	23	 1	top1	0.028	3.9e-06	-1.04237	2.97e-01
NA	/data/songy4/tes/output/weights_case//ENST00000557748.5.wgt.RDat	ENST00000557748.5	14	74942494	74954234	0.0505	rs2268613	-4.16	rs2268613	 2.90e-02	  4.71	-4.1587	 8	 6	enet	0.039	7.4e-08	-3.57839	3.46e-04
NA	/data/songy4/tes/output/weights_case//ENST00000557744.1.wgt.RDat	ENST00000557744.1	14	103742089	103742898	0.0214	rs11627664	 2.12	rs11627664	 3.59e-03	  2.74	 2.1215	10	 8	enet	0.0098	0.0048	 2.07558	3.79e-02
NA	/data/songy4/tes/output/weights_case//ENST00000557710.5.wgt.RDat	ENST00000557710.5	14	100380910	100530290	0.0269	rs2757526	-2.96	rs7157731	 1.79e-02	  3.70	-0.7857	11	 1	top1	0.018	0.00021	-0.78571	4.32e-01
NA	/data/songy4/tes/output/weights_case//ENST00000557681.1.wgt.RDat	ENST00000557681.1	14	74008930	74019271	0.0189	rs10220356	-1.89	rs12717560	 1.73e-02	 -3.83	-0.5575	10	 1	top1	0.017	0.00027	 0.55752	5.77e-01
NA	/data/songy4/tes/output/weights_case//ENST00000557688.1.wgt.RDat	ENST00000557688.1	14	74663671	74664954	0.0231	rs11159080	 2.49	rs887506	 1.12e-02	 -3.33	 0.7353	10	 1	top1	0.011	0.0028	-0.73529	4.62e-01
NA	/data/songy4/tes/output/weights_case//ENST00000557215.5.wgt.RDat	ENST00000557215.5	14	95191527	95194395	0.0402	rs1057035	-4.90	rs1187628	 2.74e-02	 -4.61	 1.8824	56	 1	top1	0.027	5.8e-06	-1.88235	5.98e-02
NA	/data/songy4/tes/output/weights_case//ENST00000557203.1.wgt.RDat	ENST00000557203.1	14	72942719	72946029	0.0368	rs8005548	 2.28	rs3742832	 2.64e-02	  4.49	 0.3784	34	 4	enet	0.03	1.9e-06	-0.49422	6.21e-01
NA	/data/songy4/tes/output/weights_case//ENST00000557177.1.wgt.RDat	ENST00000557177.1	14	74303069	74357033	0.0166	rs10220356	-1.89	rs12717560	 1.56e-03	  2.99	-0.5575	 9	 5	enet	0.0023	0.11	-0.51981	6.03e-01
NA	/data/songy4/tes/output/weights_case//ENST00000557149.5.wgt.RDat	ENST00000557149.5	14	21020549	21024285	0.0430	rs1760945	 3.32	rs10132408	-1.80e-04	 -2.91	 0.2039	53	 3	lasso	2e-04	0.29	 0.00288	9.98e-01
NA	/data/songy4/tes/output/weights_case//ENST00000557401.5.wgt.RDat	ENST00000557401.5	14	74660221	74713108	0.0217	rs11159080	 2.49	rs887506	 8.33e-04	 -3.13	 0.7353	10	 3	enet	0.012	0.0022	-0.83889	4.02e-01
NA	/data/songy4/tes/output/weights_case//ENST00000557371.1.wgt.RDat	ENST00000557371.1	14	32373337	32417963	0.0289	rs7151842	-3.40	rs12883234	 1.80e-03	  2.95	-2.4896	17	 1	top1	0.0018	0.13	-2.48958	1.28e-02
NA	/data/songy4/tes/output/weights_case//ENST00000557378.5.wgt.RDat	ENST00000557378.5	14	100539248	100568070	0.1676	rs2757526	-2.96	rs7152089	 1.32e-01	 -9.76	-1.1961	10	 2	lasso	0.17	5.1e-30	 0.67190	5.02e-01
NA	/data/songy4/tes/output/weights_case//ENST00000557438.1.wgt.RDat	ENST00000557438.1	14	100298598	100306444	0.1305	rs2757526	-2.96	rs3825555	 1.02e-01	  8.56	 1.6964	11	 7	enet	0.14	6.4e-26	-0.26883	7.88e-01
NA	/data/songy4/tes/output/weights_case//ENST00000557439.5.wgt.RDat	ENST00000557439.5	14	103704396	103715483	0.0282	rs10138062	 3.25	rs3759579	 1.69e-02	  3.80	 1.7476	11	 1	top1	0.017	0.00032	 1.74757	8.05e-02
NA	/data/songy4/tes/output/weights_case//ENST00000557413.5.wgt.RDat	ENST00000557413.5	14	74906984	74923396	0.0481	rs2268613	-4.16	rs862026	 3.69e-03	  3.74	 0.4694	 8	 7	enet	0.032	1.1e-06	 1.47861	1.39e-01
NA	/data/songy4/tes/output/weights_case//ENST00000557295.1.wgt.RDat	ENST00000557295.1	14	51333542	51342967	0.0418	rs1547763	 2.48	rs4268678	 2.64e-02	  4.56	-1.0424	23	 1	top1	0.026	8.7e-06	-1.04237	2.97e-01
NA	/data/songy4/tes/output/weights_case//ENST00000557339.5.wgt.RDat	ENST00000557339.5	14	88024614	88079369	0.0305	rs979812	-6.56	rs1288708	 8.70e-03	 -3.45	 0.3964	 7	 5	enet	0.023	2.7e-05	-4.51352	6.38e-06
NA	/data/songy4/tes/output/weights_case//ENST00000555980.1.wgt.RDat	ENST00000555980.1	14	74873684	74874254	0.0185	rs11159080	 2.49	rs2286425	 5.38e-03	 -3.45	 1.7980	 8	 6	enet	0.0099	0.0047	-0.84661	3.97e-01
NA	/data/songy4/tes/output/weights_case//ENST00000513337.1.wgt.RDat	ENST00000513337.1	14	72941909	72945927	0.0530	rs8005548	 2.28	rs3742832	 4.57e-02	  5.88	 0.3784	34	 1	top1	0.046	6e-09	 0.37838	7.05e-01
NA	/data/songy4/tes/output/weights_case//ENST00000665016.1.wgt.RDat	ENST00000665016.1	14	53217925	53410575	0.0221	rs17125636	 1.68	rs1424838	 7.24e-03	  3.67	-1.4590	11	 4	enet	0.017	0.00034	-1.27863	2.01e-01
NA	/data/songy4/tes/output/weights_case//ENST00000393639.8.wgt.RDat	ENST00000393639.8	14	77800120	77925961	0.0700	rs8021076	 3.89	rs8006523	 5.21e-02	  6.18	-3.2523	25	 6	enet	0.057	7.8e-11	-2.73224	6.29e-03
NA	/data/songy4/tes/output/weights_case//ENST00000665065.1.wgt.RDat	ENST00000665065.1	14	88024550	88097631	0.0221	rs979812	-6.56	rs979812	 2.24e-02	  4.20	-6.5591	 7	 1	top1	0.022	4e-05	-6.55914	5.41e-11
NA	/data/songy4/tes/output/weights_case//ENST00000392908.7.wgt.RDat	ENST00000392908.7	14	100291118	100306441	0.1273	rs2757526	-2.96	rs3825555	 9.59e-02	  8.29	 1.6964	11	 5	lasso	0.14	1.7e-24	 0.57344	5.66e-01
NA	/data/songy4/tes/output/weights_case//ENST00000282146.5.wgt.RDat	ENST00000282146.5	14	90061994	90185853	0.0452	rs243224	 2.00	rs7350740	 2.05e-02	  4.11	 0.0000	30	 1	top1	0.021	8e-05	 0.00000	1.00e+00
NA	/data/songy4/tes/output/weights_case//ENST00000514486.5.wgt.RDat	ENST00000514486.5	14	72929700	72941824	0.0743	rs8005548	 2.28	rs3742832	 1.18e-02	  4.39	 0.3784	34	15	enet	0.047	4.2e-09	 0.87299	3.83e-01
NA	/data/songy4/tes/output/weights_case//ENST00000514191.5.wgt.RDat	ENST00000514191.5	14	72926499	72940526	0.0434	rs8005548	 2.28	rs3742832	 1.86e-02	  4.85	 0.3784	34	 3	enet	0.023	3.7e-05	-0.47277	6.36e-01
NA	/data/songy4/tes/output/weights_case//ENST00000463521.1.wgt.RDat	ENST00000463521.1	14	77683202	77683989	0.0460	NA	   NA	NA	       NA	    NA	     NA	20	 0	lasso	0.014	0.00095	      NA	      NA
NA	/data/songy4/tes/output/weights_case//ENST00000411053.1.wgt.RDat	ENST00000411053.1	14	65124352	65124542	0.0191	rs2296322	 1.94	rs11620955	 5.17e-04	  2.91	 1.3686	 9	 5	enet	0.0054	0.028	 1.84260	6.54e-02
NA	/data/songy4/tes/output/weights_case//ENST00000509320.5.wgt.RDat	ENST00000509320.5	14	72926451	72959121	0.0755	rs8005548	 2.28	rs3742832	 2.49e-02	  5.57	 0.3784	34	10	enet	0.041	3.3e-08	-0.66781	5.04e-01
NA	/data/songy4/tes/output/weights_case//ENST00000509153.5.wgt.RDat	ENST00000509153.5	14	72926480	72958946	0.0613	rs8005548	 2.28	rs17182027	 1.87e-02	  5.05	-1.7010	34	 7	enet	0.034	4.2e-07	-0.73171	4.64e-01
NA	/data/songy4/tes/output/weights_case//ENST00000508412.5.wgt.RDat	ENST00000508412.5	14	72926785	72941784	0.0341	rs8005548	 2.28	rs17182027	 1.06e-02	  4.13	-1.7010	34	 4	enet	0.014	0.00089	-1.12614	2.60e-01
NA	/data/songy4/tes/output/weights_case//ENST00000464815.5.wgt.RDat	ENST00000464815.5	14	95686438	95692628	0.0334	rs1057035	-4.90	rs1748952	 2.34e-02	 -4.57	-1.5743	58	 1	top1	0.023	2.7e-05	 1.57426	1.15e-01
NA	/data/songy4/tes/output/weights_case//ENST00000465083.1.wgt.RDat	ENST00000465083.1	14	65467807	65468341	0.0269	rs2296322	 1.94	rs1679871	 2.31e-02	 -4.38	-1.2500	13	 1	top1	0.023	3e-05	 1.25000	2.11e-01
NA	/data/songy4/tes/output/weights_case//ENST00000267406.11.wgt.RDat	ENST00000267406.11	14	24426545	24429668	0.1337	rs12889516	-2.40	rs10145542	 7.72e-02	 -7.58	-0.4942	33	20	enet	0.12	1e-20	-0.95895	3.38e-01
NA	/data/songy4/tes/output/weights_case//ENST00000394234.6.wgt.RDat	ENST00000394234.6	14	72926478	72959703	0.0771	rs8005548	 2.28	rs3742832	 2.54e-02	  5.72	 0.3784	34	10	enet	0.047	4.3e-09	-0.93136	3.52e-01
NA	/data/songy4/tes/output/weights_case//ENST00000267620.14.wgt.RDat	ENST00000267620.14	14	91869441	91947399	0.1186	rs8004687	 2.06	rs2498852	 7.07e-02	  7.15	 1.2660	23	10	enet	0.1	8.6e-19	 0.05050	9.60e-01
NA	/data/songy4/tes/output/weights_case//ENST00000665876.1.wgt.RDat	ENST00000665876.1	14	51335953	51352391	0.0305	rs1547763	 2.48	rs4268678	 1.92e-02	  4.02	-1.0424	23	 1	top1	0.019	0.00013	-1.04237	2.97e-01
NA	/data/songy4/tes/output/weights_case//ENST00000298355.7.wgt.RDat	ENST00000298355.7	14	50975262	51096061	0.0346	rs1547763	 2.48	rs7141884	 2.38e-02	  4.30	-1.5842	28	 1	top1	0.024	2.3e-05	-1.58416	1.13e-01
NA	/data/songy4/tes/output/weights_case//ENST00000298351.5.wgt.RDat	ENST00000298351.5	14	77181798	77259495	0.0791	rs8021076	 3.89	rs11627633	 6.51e-02	  6.93	 0.5229	43	 1	top1	0.065	3.7e-12	 0.52294	6.01e-01
NA	/data/songy4/tes/output/weights_case//ENST00000662787.1.wgt.RDat	ENST00000662787.1	14	67627299	67639675	0.0814	rs1077989	-1.48	rs17191694	 3.48e-02	  5.31	-0.2016	13	 8	enet	0.04	4.4e-08	 0.63208	5.27e-01
NA	/data/songy4/tes/output/weights_case//ENST00000298171.6.wgt.RDat	ENST00000298171.6	14	80955525	81146302	0.0287	rs12323429	-1.45	rs2288496	 1.09e-02	  3.29	 0.3762	15	 1	top1	0.011	0.0032	 0.37624	7.07e-01
NA	/data/songy4/tes/output/weights_case//ENST00000390455.3.wgt.RDat	ENST00000390455.3	14	22123318	22124285	0.0448	rs7148741	 2.61	rs4982548	 1.51e-03	 -2.83	-0.6571	35	 1	top1	0.0015	0.15	 0.65714	5.11e-01
NA	/data/songy4/tes/output/weights_case//ENST00000516660.1.wgt.RDat	ENST00000516660.1	14	103550345	103550406	0.0438	rs10138062	 3.25	rs3759579	 3.67e-02	 -5.31	 1.7476	12	 1	top1	0.037	1.8e-07	-1.74757	8.05e-02
NA	/data/songy4/tes/output/weights_case//ENST00000663444.1.wgt.RDat	ENST00000663444.1	14	53217655	53720974	0.0253	rs210304	 2.07	rs7156227	-7.40e-04	  3.18	 1.1495	18	 7	enet	-0.00027	0.37	-0.79735	4.25e-01
NA	/data/songy4/tes/output/weights_case//ENST00000663291.1.wgt.RDat	ENST00000663291.1	14	53169027	53327719	0.0195	rs17125636	 1.68	rs1424838	 3.08e-04	  3.15	-1.4590	 9	 5	enet	0.011	0.0037	-1.68302	9.24e-02
NA	/data/songy4/tes/output/weights_case//ENST00000630027.1.wgt.RDat	ENST00000630027.1	14	24145858	24146646	0.1115	rs12889516	-2.40	rs2277481	 1.23e-01	 -9.35	-0.4545	27	 1	top1	0.12	5.5e-22	 0.45455	6.49e-01
NA	/data/songy4/tes/output/weights_case//ENST00000392519.7.wgt.RDat	ENST00000392519.7	14	105526583	105530198	0.0353	rs2816644	-1.99	rs9671696	 1.29e-02	 -4.41	-0.1261	 9	 2	lasso	0.033	8.4e-07	-0.55249	5.81e-01
NA	/data/songy4/tes/output/weights_case//ENST00000391082.1.wgt.RDat	ENST00000391082.1	14	100927342	100927413	0.0309	rs2757526	-2.96	rs7152089	 2.27e-03	 -3.20	-1.1961	19	 1	top1	0.0023	0.11	 1.19608	2.32e-01
NA	/data/songy4/tes/output/weights_case//ENST00000443071.6.wgt.RDat	ENST00000443071.6	14	100537153	100568070	0.0962	rs2757526	-2.96	rs7152089	 7.76e-02	 -7.55	-1.1961	10	 2	lasso	0.094	4.4e-17	 0.73611	4.62e-01
NA	/data/songy4/tes/output/weights_case//ENST00000624870.1.wgt.RDat	ENST00000624870.1	14	23023083	23024217	0.2136	rs226998	 3.56	rs8020463	 1.52e-01	-10.42	 2.0200	52	 3	lasso	0.18	3.1e-32	-1.85264	6.39e-02
NA	/data/songy4/tes/output/weights_case//ENST00000670436.1.wgt.RDat	ENST00000670436.1	14	53368432	53406235	0.0407	rs17125636	 1.68	rs1424838	 3.23e-02	  5.06	-1.4590	 9	 4	enet	0.04	5.1e-08	-1.89552	5.80e-02
NA	/data/songy4/tes/output/weights_case//ENST00000399206.4.wgt.RDat	ENST00000399206.4	14	49981712	50007520	0.0373	rs1530947	 2.06	rs6572633	-1.24e-03	 -3.01	-1.3113	11	 6	enet	0.017	0.00035	 0.31504	7.53e-01
NA	/data/songy4/tes/output/weights_case//ENST00000671063.1.wgt.RDat	ENST00000671063.1	14	88036426	88097625	0.0170	rs979812	-6.56	rs979812	 2.15e-02	  4.11	-6.5591	 7	 1	top1	0.022	5.5e-05	-6.55914	5.41e-11
NA	/data/songy4/tes/output/weights_case//ENST00000481010.6.wgt.RDat	ENST00000481010.6	14	74669687	74675708	0.0224	rs11159080	 2.49	rs887506	 1.26e-02	 -3.37	 0.7353	10	 3	enet	0.015	7e-04	-0.70950	4.78e-01
NA	/data/songy4/tes/output/weights_case//ENST00000483017.7.wgt.RDat	ENST00000483017.7	14	105472962	105479694	0.0630	rs2816644	-1.99	rs4983413	 2.62e-02	  4.93	-0.0684	 9	 8	enet	0.038	1.1e-07	-1.15753	2.47e-01
NA	/data/songy4/tes/output/weights_case//ENST00000483361.1.wgt.RDat	ENST00000483361.1	14	35144021	35144480	0.0631	rs9671535	 2.88	rs1712355	 6.30e-02	 -7.01	 0.1782	17	 1	top1	0.063	8.1e-12	-0.17822	8.59e-01
NA	/data/songy4/tes/output/weights_case//ENST00000405431.2.wgt.RDat	ENST00000405431.2	14	74942706	74955242	0.0369	rs2268613	-4.16	rs2268613	 2.10e-02	  4.14	-4.1587	 8	 7	enet	0.026	9e-06	-2.87032	4.10e-03
NA	/data/songy4/tes/output/weights_case//ENST00000238607.10.wgt.RDat	ENST00000238607.10	14	74941858	74955577	0.0777	rs2268613	-4.16	rs2268613	 5.59e-02	  6.54	-4.1587	 8	 6	enet	0.068	1.4e-12	-3.72487	1.95e-04
NA	/data/songy4/tes/output/weights_case//ENST00000238561.10.wgt.RDat	ENST00000238561.10	14	77800109	77935014	0.0387	rs8021076	 3.89	rs8006523	 2.85e-02	  4.75	-3.2523	25	 1	top1	0.028	4e-06	-3.25225	1.14e-03
NA	/data/songy4/tes/output/weights_case//ENST00000497246.1.wgt.RDat	ENST00000497246.1	14	63567958	63568308	0.0300	rs4902195	-1.46	rs17100211	 2.93e-03	  2.90	-0.7852	 8	 5	enet	0.0094	0.0057	 1.20506	2.28e-01
NA	/data/songy4/tes/output/weights_case//ENST00000206765.11.wgt.RDat	ENST00000206765.11	14	24249114	24263177	0.0553	rs12889516	-2.40	rs941504	 1.95e-02	 -4.09	 0.1043	28	 7	enet	0.029	3.7e-06	-1.56749	1.17e-01
NA	/data/songy4/tes/output/weights_case//ENST00000402312.7.wgt.RDat	ENST00000402312.7	14	100376439	100530303	0.0303	rs2757526	-2.96	rs7157731	 2.10e-02	  3.99	-0.7857	11	 1	top1	0.021	6.6e-05	-0.78571	4.32e-01
NA	/data/songy4/tes/output/weights_case//ENST00000216294.5.wgt.RDat	ENST00000216294.5	14	61762420	61796428	0.0248	rs17805820	-2.80	rs17805820	 1.22e-03	 -2.85	-2.7953	11	 6	enet	0.0069	0.015	 3.43989	5.82e-04
NA	/data/songy4/tes/output/weights_case//ENST00000668116.1.wgt.RDat	ENST00000668116.1	14	73787355	73803231	0.0828	rs10220356	-1.89	rs12717560	 4.70e-02	  6.04	-0.5575	11	10	enet	0.075	9e-14	-1.14641	2.52e-01
NA	/data/songy4/tes/output/weights_case//ENST00000256362.5.wgt.RDat	ENST00000256362.5	14	74348471	74360008	0.0200	rs2286425	 1.80	rs747513	-1.36e-03	 -3.04	 0.6689	 8	 5	enet	0.0031	0.076	-0.76234	4.46e-01
NA	/data/songy4/tes/output/weights_case//ENST00000505361.5.wgt.RDat	ENST00000505361.5	14	72926501	72941902	0.0400	rs8005548	 2.28	rs3742832	 1.38e-02	  4.64	 0.3784	34	 1	top1	0.014	0.001	 0.37838	7.05e-01
NA	/data/songy4/tes/output/weights_case//ENST00000667759.1.wgt.RDat	ENST00000667759.1	14	88024528	88091686	0.0199	rs979812	-6.56	rs979812	 1.99e-02	  3.89	-6.5591	 7	 1	top1	0.02	1e-04	-6.55914	5.41e-11
NA	/data/songy4/tes/output/weights_case//ENST00000473934.5.wgt.RDat	ENST00000473934.5	14	74691059	74713087	0.0220	rs11159080	 2.49	rs887506	 1.16e-02	 -3.33	 0.7353	10	 3	enet	0.012	0.002	-0.60684	5.44e-01
NA	/data/songy4/tes/output/weights_case//ENST00000668342.1.wgt.RDat	ENST00000668342.1	14	88024553	88087110	0.0152	rs979812	-6.56	rs979812	 7.35e-04	  2.90	-6.5591	 7	 6	enet	0.0092	0.0061	-2.97344	2.94e-03
NA	/data/songy4/tes/output/weights_case//ENST00000616995.4.wgt.RDat	ENST00000616995.4	14	29576479	29927512	0.0380	rs6571322	-2.45	rs6571322	 3.52e-02	  5.38	-2.4545	17	 3	enet	0.038	1.2e-07	-1.68550	9.19e-02
NA	/data/songy4/tes/output/weights_case//ENST00000395686.8.wgt.RDat	ENST00000395686.8	14	52639915	52695558	0.0207	rs2069002	 1.82	rs17125636	 2.58e-02	  4.41	 1.6771	12	 1	top1	0.026	1.1e-05	 1.67708	9.35e-02
NA	/data/songy4/tes/output/weights_case//ENST00000469672.5.wgt.RDat	ENST00000469672.5	14	74290378	74302992	0.0201	rs10220356	-1.89	rs887506	 5.51e-03	 -3.59	 0.7353	 8	 4	enet	0.016	0.00045	 0.46521	6.42e-01
NA	/data/songy4/tes/output/weights_case//ENST00000500215.3.wgt.RDat	ENST00000500215.3	14	77041064	77069503	0.0750	rs1676241	-2.03	rs4903539	 6.34e-02	 -6.87	-0.3438	36	 1	top1	0.063	7.2e-12	 0.34375	7.31e-01
NA	/data/songy4/tes/output/weights_case//ENST00000500036.2.wgt.RDat	ENST00000500036.2	14	61303021	61322818	0.0174	rs10151958	 3.21	rs11623261	 2.59e-04	 -2.75	 2.1863	 5	 5	enet	0.012	0.0021	-0.97569	3.29e-01
NA	/data/songy4/tes/output/weights_case//ENST00000478430.2.wgt.RDat	ENST00000478430.2	14	59472863	59474939	0.0321	rs8020436	 1.91	rs8020436	-1.33e-03	  2.46	 1.9118	19	11	enet	0.0013	0.17	 1.94918	5.13e-02
NA	/data/songy4/tes/output/weights_case//ENST00000669155.1.wgt.RDat	ENST00000669155.1	14	51304108	51331918	0.0486	rs1547763	 2.48	rs4268678	 1.11e-02	  5.11	-1.0424	24	18	enet	0.03	2.4e-06	-1.17100	2.42e-01
NA	/data/songy4/tes/output/weights_case//ENST00000397995.2.wgt.RDat	ENST00000397995.2	14	20684583	20700093	0.0609	rs1760945	 3.32	rs944438	 3.23e-02	 -5.20	-0.7603	39	 1	top1	0.032	9.2e-07	 0.76033	4.47e-01
NA	/data/songy4/tes/output/weights_case//ENST00000669612.1.wgt.RDat	ENST00000669612.1	14	53316868	53688970	0.0306	rs210304	 2.07	rs4901373	-9.90e-04	  4.31	-1.0521	15	 4	enet	0.012	0.0018	-1.46310	1.43e-01
NA	/data/songy4/tes/output/weights_case//ENST00000669401.1.wgt.RDat	ENST00000669401.1	14	53510723	53526764	0.0159	rs17125636	 1.68	rs1424838	 1.98e-02	  3.94	-1.4590	 9	 1	top1	0.02	0.00011	-1.45902	1.45e-01
NA	/data/songy4/tes/output/weights_case//ENST00000668589.1.wgt.RDat	ENST00000668589.1	14	38749339	38763046	0.0307	rs2899884	-2.07	rs12883122	 8.12e-03	  4.03	 0.0693	17	 4	enet	0.01	0.004	-0.56097	5.75e-01
NA	/data/songy4/tes/output/weights_case//ENST00000477724.6.wgt.RDat	ENST00000477724.6	14	105487199	105492267	0.0170	rs2816644	-1.99	rs4983413	 6.00e-03	 -2.98	-0.0684	 9	 4	enet	0.0083	0.0087	-0.90011	3.68e-01
NA	/data/songy4/tes/output/weights_case//ENST00000250377.11.wgt.RDat	ENST00000250377.11	14	35122564	35277614	0.0228	rs9671535	 2.88	rs1712355	 2.84e-02	 -4.75	 0.1782	17	 1	top1	0.028	4.1e-06	-0.17822	8.59e-01
NA	/data/songy4/tes/output/weights_case//ENST00000553470.1.wgt.RDat	ENST00000553470.1	14	73788965	73803270	0.1123	rs10220356	-1.89	rs12717560	 5.76e-02	  6.72	-0.5575	11	 6	enet	0.099	8e-18	-1.18001	2.38e-01
NA	/data/songy4/tes/output/weights_case//ENST00000553457.1.wgt.RDat	ENST00000553457.1	14	72937989	72958112	0.0423	rs8005548	 2.28	rs17182027	 1.81e-02	  3.97	-1.7010	34	 1	top1	0.018	2e-04	-1.70103	8.89e-02
NA	/data/songy4/tes/output/weights_case//ENST00000553361.5.wgt.RDat	ENST00000553361.5	14	103706332	103715459	0.0224	rs10138062	 3.25	rs3759579	 1.58e-02	  3.78	 1.7476	11	 1	top1	0.016	0.00048	 1.74757	8.05e-02
NA	/data/songy4/tes/output/weights_case//ENST00000553359.5.wgt.RDat	ENST00000553359.5	14	100295693	100306533	0.1357	rs2757526	-2.96	rs3825555	 1.11e-01	  8.92	 1.6964	11	 4	lasso	0.15	5.9e-27	 0.65775	5.11e-01
NA	/data/songy4/tes/output/weights_case//ENST00000553574.1.wgt.RDat	ENST00000553574.1	14	100295893	100298248	0.0905	rs2757526	-2.96	rs3825555	 6.11e-02	  6.76	 1.6964	11	 6	enet	0.094	5e-17	 0.21677	8.28e-01
NA	/data/songy4/tes/output/weights_case//ENST00000553518.1.wgt.RDat	ENST00000553518.1	14	76769953	76773913	0.0386	rs1676241	-2.03	rs1676235	-1.16e-03	 -3.20	-0.3907	34	17	enet	-0.00087	0.53	 1.48534	1.37e-01
NA	/data/songy4/tes/output/weights_case//ENST00000553553.5.wgt.RDat	ENST00000553553.5	14	100538888	100568491	0.1329	rs2757526	-2.96	rs7152089	 1.09e-01	 -8.91	-1.1961	10	 2	lasso	0.13	1.5e-23	 0.77135	4.41e-01
NA	/data/songy4/tes/output/weights_case//ENST00000551935.5.wgt.RDat	ENST00000551935.5	14	33985381	34462774	0.2526	rs10136071	-2.46	rs1482544	 2.03e-01	-12.02	 0.2286	93	11	enet	0.23	2.2e-42	-0.64989	5.16e-01
NA	/data/songy4/tes/output/weights_case//ENST00000551836.5.wgt.RDat	ENST00000551836.5	14	105474823	105479216	0.0622	rs2816644	-1.99	rs4983413	 1.98e-02	  4.50	-0.0684	 9	 8	enet	0.041	3.6e-08	-1.21502	2.24e-01
NA	/data/songy4/tes/output/weights_case//ENST00000551738.1.wgt.RDat	ENST00000551738.1	14	105478592	105479293	0.0572	rs2816644	-1.99	rs4983413	 2.12e-02	  4.60	-0.0684	 9	 8	enet	0.032	1e-06	-1.05597	2.91e-01
NA	/data/songy4/tes/output/weights_case//ENST00000550114.5.wgt.RDat	ENST00000550114.5	14	33985153	34018655	0.2788	rs10136071	-2.46	rs1482544	 2.22e-01	-12.65	 0.2286	73	14	enet	0.25	8.1e-46	-0.77190	4.40e-01
NA	/data/songy4/tes/output/weights_case//ENST00000550577.5.wgt.RDat	ENST00000550577.5	14	105474814	105480157	0.0618	rs2816644	-1.99	rs4983413	 2.15e-02	  4.70	-0.0684	 9	 7	enet	0.035	3.3e-07	-0.95325	3.40e-01
NA	/data/songy4/tes/output/weights_case//ENST00000553292.1.wgt.RDat	ENST00000553292.1	14	20447065	20447688	0.0279	rs1760945	 3.32	rs944398	-1.28e-03	 -2.55	 0.3438	19	 1	top1	-0.0013	0.75	-0.34375	7.31e-01
NA	/data/songy4/tes/output/weights_case//ENST00000553301.1.wgt.RDat	ENST00000553301.1	14	100538939	100540409	0.0375	rs2757526	-2.96	rs7152089	 3.06e-02	 -4.91	-1.1961	10	 1	top1	0.031	1.8e-06	 1.19608	2.32e-01
NA	/data/songy4/tes/output/weights_case//ENST00000553305.1.wgt.RDat	ENST00000553305.1	14	73539221	73539781	0.0315	rs2803944	-1.98	rs10220356	 1.03e-04	 -3.17	-1.8878	23	 6	enet	0.0075	0.012	 1.90489	5.68e-02
NA	/data/songy4/tes/output/weights_case//ENST00000552643.5.wgt.RDat	ENST00000552643.5	14	105474837	105480160	0.0589	rs2816644	-1.99	rs4983413	 2.06e-02	  4.60	-0.0684	 9	 7	enet	0.036	2.2e-07	-1.09282	2.74e-01
NA	/data/songy4/tes/output/weights_case//ENST00000552002.6.wgt.RDat	ENST00000552002.6	14	64914424	64934385	0.0267	rs9323444	-1.08	rs229658	-8.71e-04	 -2.58	 0.0407	 9	 8	enet	0.0046	0.04	-0.11644	9.07e-01
NA	/data/songy4/tes/output/weights_case//ENST00000553909.1.wgt.RDat	ENST00000553909.1	14	20684587	20700576	0.0724	rs1760945	 3.32	rs944438	 3.96e-02	 -5.72	-0.7603	39	 1	top1	0.04	5.8e-08	 0.76033	4.47e-01
NA	/data/songy4/tes/output/weights_case//ENST00000553944.2.wgt.RDat	ENST00000553944.2	14	68980041	68981562	0.0438	NA	   NA	NA	       NA	    NA	     NA	35	 0	top1	0.014	0.001	      NA	      NA
NA	/data/songy4/tes/output/weights_case//ENST00000554121.2.wgt.RDat	ENST00000554121.2	14	91870227	91878042	0.0920	rs8004687	 2.06	rs2018736	 3.56e-02	  5.26	-0.8713	20	 4	enet	0.046	4.8e-09	-1.33432	1.82e-01
NA	/data/songy4/tes/output/weights_case//ENST00000554102.5.wgt.RDat	ENST00000554102.5	14	88385676	88410783	0.0512	rs979812	-6.56	rs12884581	 2.27e-02	 -4.47	 0.6330	18	11	enet	0.025	1.4e-05	-0.93690	3.49e-01
NA	/data/songy4/tes/output/weights_case//ENST00000554140.1.wgt.RDat	ENST00000554140.1	14	100539299	100587413	0.1107	rs2757526	-2.96	rs7152089	 8.71e-02	 -7.97	-1.1961	10	 2	lasso	0.11	3.1e-20	 0.67848	4.97e-01
NA	/data/songy4/tes/output/weights_case//ENST00000554055.1.wgt.RDat	ENST00000554055.1	14	52640839	52641566	0.0314	rs2069002	 1.82	rs17125636	 3.66e-02	  5.19	 1.6771	12	 1	top1	0.037	1.8e-07	 1.67708	9.35e-02
NA	/data/songy4/tes/output/weights_case//ENST00000554073.1.wgt.RDat	ENST00000554073.1	14	20684614	20698971	0.0656	rs1760945	 3.32	rs944438	 4.01e-02	 -5.67	-0.7603	39	 1	top1	0.04	5e-08	 0.76033	4.47e-01
NA	/data/songy4/tes/output/weights_case//ENST00000554060.1.wgt.RDat	ENST00000554060.1	14	100292735	100306490	0.1283	rs2757526	-2.96	rs3825555	 1.03e-01	  8.61	 1.6964	11	 7	enet	0.14	2e-25	 0.10849	9.14e-01
NA	/data/songy4/tes/output/weights_case//ENST00000553716.5.wgt.RDat	ENST00000553716.5	14	74941841	74955626	0.0841	rs2268613	-4.16	rs2268613	 5.60e-02	  6.55	-4.1587	 8	 6	enet	0.074	1.1e-13	-3.65480	2.57e-04
NA	/data/songy4/tes/output/weights_case//ENST00000553667.1.wgt.RDat	ENST00000553667.1	14	39385404	39387102	0.0261	rs2899884	-2.07	rs4902228	-4.04e-04	  2.79	-0.0160	 5	 5	enet	0.017	0.00029	 1.32324	1.86e-01
NA	/data/songy4/tes/output/weights_case//ENST00000553646.1.wgt.RDat	ENST00000553646.1	14	74905644	74910665	0.0263	rs2268613	-4.16	rs2268613	-7.69e-04	 -2.71	-4.1587	 8	 8	enet	0.018	2e-04	 1.51066	1.31e-01
NA	/data/songy4/tes/output/weights_case//ENST00000553894.6.wgt.RDat	ENST00000553894.6	14	74910890	74923255	0.0382	rs2268613	-4.16	rs10483863	 2.03e-03	  3.42	-0.0538	 8	 8	enet	0.02	8.3e-05	 1.95455	5.06e-02
NA	/data/songy4/tes/output/weights_case//ENST00000553811.1.wgt.RDat	ENST00000553811.1	14	96204844	96263929	0.0396	rs7140309	-3.00	rs1799722	-3.20e-04	 -2.95	 0.8702	56	19	enet	8e-04	0.21	 0.55035	5.82e-01
NA	/data/songy4/tes/output/weights_case//ENST00000553807.1.wgt.RDat	ENST00000553807.1	14	103703278	103708826	0.0374	rs10138062	 3.25	rs3759579	 3.46e-02	  5.14	 1.7476	11	 1	top1	0.035	3.9e-07	 1.74757	8.05e-02
NA	/data/songy4/tes/output/weights_case//ENST00000661514.1.wgt.RDat	ENST00000661514.1	14	53217923	53511504	0.0195	rs17125636	 1.68	rs4901373	 4.94e-03	  3.64	-1.0521	12	 2	lasso	0.0076	0.012	-0.78435	4.33e-01
NA	/data/songy4/tes/output/weights_case//ENST00000528300.5.wgt.RDat	ENST00000528300.5	14	49991380	50007520	0.0312	rs1530947	 2.06	rs6572633	 6.81e-04	 -3.35	-1.3113	11	 6	enet	0.0093	0.0059	 0.40957	6.82e-01
NA	/data/songy4/tes/output/weights_case//ENST00000530176.5.wgt.RDat	ENST00000530176.5	14	49982184	50007520	0.0546	rs1530947	 2.06	rs6572633	 5.07e-03	 -4.19	-1.3113	11	10	enet	0.023	2.6e-05	 0.38223	7.02e-01
NA	/data/songy4/tes/output/weights_case//ENST00000529902.2.wgt.RDat	ENST00000529902.2	14	49991555	50006519	0.0407	rs1530947	 2.06	rs6572633	 4.78e-03	 -3.98	-1.3113	10	 6	enet	0.022	4.6e-05	 0.67614	4.99e-01
NA	/data/songy4/tes/output/weights_case//ENST00000529347.1.wgt.RDat	ENST00000529347.1	14	50341038	50342609	0.0738	rs1530947	 2.06	rs11570819	 3.04e-02	 -4.76	 0.0696	15	 3	lasso	0.042	2.6e-08	 0.36164	7.18e-01
NA	/data/songy4/tes/output/weights_case//ENST00000534664.1.wgt.RDat	ENST00000534664.1	14	20355910	20356750	0.0277	rs6574791	 2.09	rs944398	 3.34e-03	 -3.07	 0.3438	 9	 1	top1	0.0033	0.067	-0.34375	7.31e-01
NA	/data/songy4/tes/output/weights_case//ENST00000534898.9.wgt.RDat	ENST00000534898.9	14	35122552	35277622	0.0227	rs9671535	 2.88	rs1712355	 2.83e-02	 -4.75	 0.1782	17	 1	top1	0.028	4.3e-06	-0.17822	8.59e-01
NA	/data/songy4/tes/output/weights_case//ENST00000304639.3.wgt.RDat	ENST00000304639.3	14	20891399	20892348	0.0546	rs1760945	 3.32	rs6571499	 4.95e-02	  6.05	 1.9439	49	 1	top1	0.049	1.4e-09	 1.94393	5.19e-02
NA	/data/songy4/tes/output/weights_case//ENST00000304625.3.wgt.RDat	ENST00000304625.3	14	20955487	20956436	0.0514	rs1760945	 3.32	rs6571499	 3.25e-02	  4.93	 1.9439	50	 1	top1	0.033	8.5e-07	 1.94393	5.19e-02
NA	/data/songy4/tes/output/weights_case//ENST00000415220.6.wgt.RDat	ENST00000415220.6	14	29576942	29927642	0.0337	rs6571322	-2.45	rs6571322	 2.04e-02	  4.73	-2.4545	17	 3	enet	0.031	1.7e-06	-1.40535	1.60e-01
NA	/data/songy4/tes/output/weights_case//ENST00000662225.1.wgt.RDat	ENST00000662225.1	14	95620923	95642748	0.0429	rs1057035	-4.90	rs1743490	 1.32e-02	  4.57	-0.4235	57	15	enet	0.031	1.4e-06	 0.63074	5.28e-01
NA	/data/songy4/tes/output/weights_case//ENST00000547562.5.wgt.RDat	ENST00000547562.5	14	105217633	105228270	0.0222	rs2816644	-1.99	rs8017698	 9.21e-03	 -2.85	-0.0455	 9	 1	top1	0.0092	0.0062	 0.04545	9.64e-01
NA	/data/songy4/tes/output/weights_case//ENST00000659908.1.wgt.RDat	ENST00000659908.1	14	51335966	51365552	0.0438	rs1547763	 2.48	rs4268678	 2.64e-02	  4.77	-1.0424	25	 1	top1	0.026	8.5e-06	-1.04237	2.97e-01
NA	/data/songy4/tes/output/weights_case//ENST00000547643.5.wgt.RDat	ENST00000547643.5	14	105474832	105480152	0.0607	rs2816644	-1.99	rs4983413	 2.04e-02	  4.60	-0.0684	 9	 8	enet	0.036	1.9e-07	-1.10035	2.71e-01
NA	/data/songy4/tes/output/weights_case//ENST00000549240.1.wgt.RDat	ENST00000549240.1	14	104989840	104995202	0.0204	rs2039895	-1.39	rs7160033	 1.73e-02	  3.88	 1.1017	 9	 1	top1	0.017	0.00028	 1.10169	2.71e-01
NA	/data/songy4/tes/output/weights_case//ENST00000549115.5.wgt.RDat	ENST00000549115.5	14	64914361	64934385	0.0267	rs9323444	-1.08	rs229658	-8.65e-04	 -2.58	 0.0407	 9	 8	enet	0.0046	0.039	-0.11658	9.07e-01
NA	/data/songy4/tes/output/weights_case//ENST00000548989.5.wgt.RDat	ENST00000548989.5	14	105475859	105480161	0.0537	rs2816644	-1.99	rs4983413	 2.18e-02	  4.63	-0.0684	 9	 8	enet	0.031	1.5e-06	-1.01698	3.09e-01
NA	/data/songy4/tes/output/weights_case//ENST00000548923.5.wgt.RDat	ENST00000548923.5	14	105475311	105478776	0.0546	rs2816644	-1.99	rs4983413	 2.88e-02	  5.31	-0.0684	 9	 7	enet	0.037	1.8e-07	-0.88082	3.78e-01
NA	/data/songy4/tes/output/weights_case//ENST00000548752.6.wgt.RDat	ENST00000548752.6	14	64914415	64932320	0.0227	rs9323444	-1.08	rs229658	-1.21e-03	 -2.56	 0.0407	 9	 7	enet	0.00049	0.25	-0.33579	7.37e-01
NA	/data/songy4/tes/output/weights_case//ENST00000431372.1.wgt.RDat	ENST00000431372.1	14	105528624	105530202	0.0363	rs2816644	-1.99	rs6576108	 1.45e-02	  4.48	-0.9503	 9	 2	lasso	0.035	3.7e-07	-0.57169	5.68e-01
NA	/data/songy4/tes/output/weights_case//ENST00000604073.1.wgt.RDat	ENST00000604073.1	14	35122303	35123304	0.0311	rs9671535	 2.88	rs1712355	 3.56e-02	 -5.26	 0.1782	17	 1	top1	0.036	2.7e-07	-0.17822	8.59e-01
NA	/data/songy4/tes/output/weights_case//ENST00000548309.1.wgt.RDat	ENST00000548309.1	14	105476764	105480124	0.0400	rs2816644	-1.99	rs4983413	 1.65e-02	  4.17	-0.0684	 9	 7	enet	0.022	5e-05	-1.15784	2.47e-01
NA	/data/songy4/tes/output/weights_case//ENST00000660504.1.wgt.RDat	ENST00000660504.1	14	88024574	88097637	0.0186	rs979812	-6.56	rs979812	 1.92e-02	  3.96	-6.5591	 7	 1	top1	0.019	0.00013	-6.55914	5.41e-11
NA	/data/songy4/tes/output/weights_case//ENST00000607599.5.wgt.RDat	ENST00000607599.5	14	64914361	64935368	0.0222	rs9323444	-1.08	rs229658	-1.32e-03	 -2.56	 0.0407	 9	 8	enet	0.00019	0.29	-0.07692	9.39e-01
NA	/data/songy4/tes/output/weights_case//ENST00000660822.1.wgt.RDat	ENST00000660822.1	14	71867397	71909269	0.0365	rs1204983	 1.44	rs36457	 2.33e-02	  4.35	 1.0312	 5	 1	top1	0.023	2.8e-05	 1.03125	3.02e-01
NA	/data/songy4/tes/output/weights_case//ENST00000538259.2.wgt.RDat	ENST00000538259.2	14	105474818	105480067	0.0651	rs2816644	-1.99	rs4983413	 2.22e-02	  4.72	-0.0684	 9	 7	enet	0.042	2.7e-08	-0.96231	3.36e-01
NA	/data/songy4/tes/output/weights_case//ENST00000660394.1.wgt.RDat	ENST00000660394.1	14	88024550	88087164	0.0281	rs979812	-6.56	rs979812	 1.81e-02	  3.76	-6.5591	 7	 1	top1	0.018	2e-04	-6.55914	5.41e-11
NA	/data/songy4/tes/output/weights_case//ENST00000544573.5.wgt.RDat	ENST00000544573.5	14	24249208	24263180	0.0524	rs12889516	-2.40	rs941504	 4.33e-03	 -3.95	 0.1043	28	11	enet	0.034	5e-07	-1.88281	5.97e-02
NA	/data/songy4/tes/output/weights_case//ENST00000605201.1.wgt.RDat	ENST00000605201.1	14	35122554	35123315	0.0255	rs9671535	 2.88	rs1712355	 3.02e-02	 -4.87	 0.1782	17	 1	top1	0.03	2.1e-06	-0.17822	8.59e-01
NA	/data/songy4/tes/output/weights_case//ENST00000660008.1.wgt.RDat	ENST00000660008.1	14	77069169	77076194	0.0550	rs1676241	-2.03	rs4903539	 5.18e-02	 -6.30	-0.3438	36	 1	top1	0.052	6e-10	 0.34375	7.31e-01
NA	/data/songy4/tes/output/weights_case//ENST00000541158.6.wgt.RDat	ENST00000541158.6	14	80955043	81146302	0.0267	rs12323429	-1.45	rs2288496	 7.27e-03	  3.24	 0.3762	15	 2	lasso	0.0083	0.0087	 0.38830	6.98e-01
NA	/data/songy4/tes/output/weights_case//ENST00000542671.5.wgt.RDat	ENST00000542671.5	14	50338946	50342490	0.0712	rs1530947	 2.06	rs11570819	 3.13e-02	 -4.84	 0.0696	16	 6	enet	0.044	1e-08	 0.53393	5.93e-01
NA	/data/songy4/tes/output/weights_case//ENST00000542454.2.wgt.RDat	ENST00000542454.2	14	96204679	96244166	0.0397	rs7140309	-3.00	rs12885978	-9.27e-04	  2.91	 0.8381	56	 1	top1	-0.00093	0.56	 0.83810	4.02e-01
NA	/data/songy4/tes/output/weights_case//ENST00000425648.1.wgt.RDat	ENST00000425648.1	14	53369381	53526242	0.0171	rs17125636	 1.68	rs1424838	 5.13e-03	  3.05	-1.4590	10	 4	lasso	0.0083	0.0087	-1.09387	2.74e-01
NA	/data/songy4/tes/output/weights_case//ENST00000342058.8.wgt.RDat	ENST00000342058.8	14	91870042	91947823	0.1105	rs8004687	 2.06	rs2498852	 6.92e-02	  7.08	 1.2660	23	 6	enet	0.09	2.1e-16	 0.19339	8.47e-01
NA	/data/songy4/tes/output/weights_case//ENST00000353777.7.wgt.RDat	ENST00000353777.7	14	72926377	72959592	0.0580	rs8005548	 2.28	rs3742832	 1.59e-02	  5.12	 0.3784	34	 5	enet	0.031	1.7e-06	-0.97762	3.28e-01
NA	/data/songy4/tes/output/weights_case//ENST00000322564.9.wgt.RDat	ENST00000322564.9	14	69484728	69531551	0.0414	rs194772	-2.37	rs1295821	 3.21e-02	  5.04	 1.1068	31	 1	top1	0.032	9.9e-07	 1.10680	2.68e-01
NA	/data/songy4/tes/output/weights_case//ENST00000652780.1.wgt.RDat	ENST00000652780.1	14	53364146	53392048	0.0174	rs17125636	 1.68	rs4901373	 1.94e-02	  4.07	-1.0521	 9	 1	top1	0.019	0.00012	-1.05208	2.93e-01
NA	/data/songy4/tes/output/weights_case//ENST00000331628.8.wgt.RDat	ENST00000331628.8	14	74405899	74426210	0.0181	rs11159080	 2.49	rs747513	 4.83e-04	 -2.89	 0.6689	 9	 3	lasso	0.00074	0.22	-0.08731	9.30e-01
NA	/data/songy4/tes/output/weights_case//ENST00000652631.1.wgt.RDat	ENST00000652631.1	14	40267283	40348331	0.0175	rs7359031	-1.47	rs11844981	 2.92e-03	  2.95	-0.7094	 6	 2	lasso	0.0088	0.0073	-0.19738	8.44e-01
NA	/data/songy4/tes/output/weights_case//ENST00000360392.4.wgt.RDat	ENST00000360392.4	14	50996064	51095076	0.0532	rs1547763	 2.48	rs7141884	 4.00e-02	  5.53	-1.5842	27	 1	top1	0.04	5.2e-08	-1.58416	1.13e-01
NA	/data/songy4/tes/output/weights_case//ENST00000656466.1.wgt.RDat	ENST00000656466.1	14	88036937	88039662	0.0287	rs979812	-6.56	rs979812	 2.99e-02	  4.83	-6.5591	 7	 1	top1	0.03	2.3e-06	-6.55914	5.41e-11
NA	/data/songy4/tes/output/weights_case//ENST00000654681.1.wgt.RDat	ENST00000654681.1	14	81012100	81170373	0.0227	rs12323429	-1.45	rs2288496	 7.54e-03	  3.99	 0.3762	15	 1	top1	0.0075	0.012	 0.37624	7.07e-01
NA	/data/songy4/tes/output/weights_case//ENST00000359232.8.wgt.RDat	ENST00000359232.8	14	100291116	100306444	0.1276	rs2757526	-2.96	rs3825555	 9.61e-02	  8.30	 1.6964	11	 5	lasso	0.14	1.7e-24	 0.58438	5.59e-01
NA	/data/songy4/tes/output/weights_case//ENST00000342443.10.wgt.RDat	ENST00000342443.10	14	80955431	81108950	0.0262	rs12323429	-1.45	rs733234	 1.29e-03	 -3.24	 0.7890	14	 9	enet	0.014	0.00087	-0.91784	3.59e-01
NA	/data/songy4/tes/output/weights_case//ENST00000653852.1.wgt.RDat	ENST00000653852.1	14	53217934	53526764	0.0280	rs17125636	 1.68	rs1424838	 2.62e-02	  4.56	-1.4590	12	 1	top1	0.026	9.2e-06	-1.45902	1.45e-01
NA	/data/songy4/tes/output/weights_case//ENST00000656156.1.wgt.RDat	ENST00000656156.1	14	88024528	88097639	0.0188	rs979812	-6.56	rs979812	 2.25e-02	  4.19	-6.5591	 7	 1	top1	0.022	3.8e-05	-6.55914	5.41e-11
NA	/data/songy4/tes/output/weights_case//ENST00000655147.1.wgt.RDat	ENST00000655147.1	14	54684755	54687918	0.0423	rs1202667	-3.00	rs10483637	-9.02e-04	 -3.46	 0.2304	23	12	enet	0.0041	0.048	 0.92276	3.56e-01
NA	/data/songy4/tes/output/weights_case//ENST00000653288.1.wgt.RDat	ENST00000653288.1	14	88024519	88097633	0.0187	rs979812	-6.56	rs979812	 2.00e-02	  4.06	-6.5591	 7	 1	top1	0.02	9.9e-05	-6.55914	5.41e-11
NA	/data/songy4/tes/output/weights_case//ENST00000358377.7.wgt.RDat	ENST00000358377.7	14	72926464	72959703	0.0747	rs8005548	 2.28	rs3742832	 2.67e-02	  5.71	 0.3784	34	10	enet	0.047	3.7e-09	-0.92669	3.54e-01
NA	/data/songy4/tes/output/weights_case//ENST00000564606.6.wgt.RDat	ENST00000564606.6	14	92044775	92049786	0.0899	rs8004687	 2.06	rs2498852	 6.92e-02	  7.24	 1.2660	23	 1	top1	0.069	7.5e-13	 1.26596	2.06e-01
NA	/data/songy4/tes/output/weights_case//ENST00000329146.8.wgt.RDat	ENST00000329146.8	14	105474150	105480170	0.0361	rs2816644	-1.99	rs4983413	 1.92e-02	  4.41	-0.0684	 9	 6	enet	0.02	9.6e-05	-0.74626	4.56e-01
NA	/data/songy4/tes/output/weights_case//ENST00000655185.1.wgt.RDat	ENST00000655185.1	14	88036430	88097633	0.0190	rs979812	-6.56	rs979812	 2.43e-02	  4.34	-6.5591	 7	 1	top1	0.024	1.9e-05	-6.55914	5.41e-11
NA	/data/songy4/tes/output/weights_case//ENST00000427614.5.wgt.RDat	ENST00000427614.5	14	105489863	105492243	0.0179	rs2816644	-1.99	rs4983413	-1.73e-04	 -2.76	-0.0684	 9	 4	enet	0.0018	0.14	-0.95568	3.39e-01
NA	/data/songy4/tes/output/weights_case//ENST00000647580.1.wgt.RDat	ENST00000647580.1	14	76958098	77000609	0.0439	rs1676241	-2.03	rs2242629	 2.54e-02	 -4.62	 0.6161	37	 1	top1	0.025	1.3e-05	-0.61607	5.38e-01
NA	/data/songy4/tes/output/weights_case//ENST00000355173.6.wgt.RDat	ENST00000355173.6	14	100537149	100569794	0.0932	rs2757526	-2.96	rs7152089	 7.40e-02	 -7.38	-1.1961	10	 2	lasso	0.089	3.3e-16	 0.74105	4.59e-01
NA	/data/songy4/tes/output/weights_case//ENST00000331968.10.wgt.RDat	ENST00000331968.10	14	29576479	29927847	0.0275	rs6571322	-2.45	rs6571322	 2.35e-02	  4.43	-2.4545	17	 3	enet	0.027	6.6e-06	-1.32965	1.84e-01
NA	/data/songy4/tes/output/weights_case//ENST00000326303.4.wgt.RDat	ENST00000326303.4	14	73591706	73596496	0.0542	rs2803944	-1.98	rs34229928	-1.40e-03	  3.52	-1.0706	21	13	enet	0.016	0.00049	-0.56309	5.73e-01
NA	/data/songy4/tes/output/weights_case//ENST00000358599.9.wgt.RDat	ENST00000358599.9	14	64227427	64338112	0.0204	rs11158518	 1.23	rs9323444	 1.51e-02	 -3.45	-1.0762	 5	 4	enet	0.02	8.3e-05	 1.14619	2.52e-01
NA	/data/songy4/tes/output/weights_case//ENST00000341211.5.wgt.RDat	ENST00000341211.5	14	77800139	77933952	0.0563	rs8021076	 3.89	rs8006523	 3.58e-02	  5.22	-3.2523	25	 7	enet	0.045	7e-09	-2.45343	1.42e-02
NA	/data/songy4/tes/output/weights_case//ENST00000653115.1.wgt.RDat	ENST00000653115.1	14	88024533	88087270	0.0219	rs979812	-6.56	rs979812	 2.43e-02	  4.29	-6.5591	 7	 1	top1	0.024	1.9e-05	-6.55914	5.41e-11
NA	/data/songy4/tes/output/weights_case//ENST00000340722.8.wgt.RDat	ENST00000340722.8	14	95686426	95692628	0.0478	rs1057035	-4.90	rs1748952	 2.26e-02	 -5.19	-1.5743	58	 2	lasso	0.026	9e-06	 0.95634	3.39e-01
NA	/data/songy4/tes/output/weights_case//ENST00000330233.11.wgt.RDat	ENST00000330233.11	14	105486317	105488791	0.0187	rs2816644	-1.99	rs4983413	 1.22e-02	 -3.26	-0.0684	 9	 1	top1	0.012	0.0019	 0.06838	9.45e-01
NA	/data/songy4/tes/output/weights_case//ENST00000647921.1.wgt.RDat	ENST00000647921.1	14	20995944	21014822	0.0450	NA	   NA	NA	       NA	    NA	     NA	 0	 0	enet	0.0041	0.049	      NA	      NA
NA	/data/songy4/tes/output/weights_case//ENST00000335290.10.wgt.RDat	ENST00000335290.10	14	100376494	100530303	0.0301	rs2757526	-2.96	rs7157731	 2.02e-02	  3.91	-0.7857	11	 1	top1	0.02	9.1e-05	-0.78571	4.32e-01
NA	/data/songy4/tes/output/weights_case//ENST00000654590.1.wgt.RDat	ENST00000654590.1	14	85934666	86130822	0.0222	rs7144022	-1.79	rs1290521	 1.52e-02	 -3.71	 1.3762	17	 1	top1	0.015	0.00061	-1.37624	1.69e-01
NA	/data/songy4/tes/output/weights_case//ENST00000356357.9.wgt.RDat	ENST00000356357.9	14	74661256	74713080	0.0222	rs11159080	 2.49	rs887506	 6.60e-04	 -3.15	 0.7353	10	 3	enet	0.0086	0.0079	-0.88364	3.77e-01
NA	/data/songy4/tes/output/weights_case//ENST00000655713.1.wgt.RDat	ENST00000655713.1	14	53217928	53591370	0.0255	rs17125636	 1.68	rs1424838	 1.58e-02	  3.74	-1.4590	13	 1	top1	0.016	0.00048	-1.45902	1.45e-01
NA	/data/songy4/tes/output/weights_case//ENST00000648102.1.wgt.RDat	ENST00000648102.1	14	54684753	54687912	0.0421	rs1202667	-3.00	rs10483637	-9.16e-04	 -3.50	 0.2304	23	12	enet	0.0038	0.055	 0.92822	3.53e-01
