PANEL	FILE	ID	CHR	P0	P1	HSQ	BEST.GWAS.ID	BEST.GWAS.Z	EQTL.ID	EQTL.R2	EQTL.Z	EQTL.GWAS.Z	NSNP	NWGT	MODEL	MODELCV.R2	MODELCV.PV	TWAS.Z	TWAS.P
NA	/data/songy4/tes/output/weights_case//ENST00000475343.6.wgt.RDat	ENST00000475343.6	19	38335849	38346603	0.0195	rs705503	 0.828	rs3786873	 9.75e-03	  3.18	-0.75591	 6	 1	top1	0.0098	0.005	-0.755906	0.449706
NA	/data/songy4/tes/output/weights_case//ENST00000264828.4.wgt.RDat	ENST00000264828.4	19	9959561	10010504	0.0726	rs34561079	-2.663	rs889121	 5.68e-02	  6.60	-1.59794	15	 6	enet	0.07	5.3e-13	-0.669441	0.503214
NA	/data/songy4/tes/output/weights_case//ENST00000476013.2.wgt.RDat	ENST00000476013.2	19	54164539	54171949	0.0637	rs2617693	 2.140	rs35034412	 4.00e-02	 -5.53	 0.12791	33	10	enet	0.044	1.1e-08	-0.513656	0.607493
NA	/data/songy4/tes/output/weights_case//ENST00000358491.9.wgt.RDat	ENST00000358491.9	19	21505602	21540668	0.0451	rs11085420	 1.585	rs12976221	 3.39e-02	 -5.19	-0.86916	 4	 4	enet	0.034	4.5e-07	 0.938565	0.347954
NA	/data/songy4/tes/output/weights_case//ENST00000585671.2.wgt.RDat	ENST00000585671.2	19	1598922	1605473	0.0355	rs3760994	-2.157	rs1558130	-9.09e-04	 -3.01	 1.46386	26	 9	enet	-0.00088	0.54	-0.489310	0.624622
NA	/data/songy4/tes/output/weights_case//ENST00000585665.2.wgt.RDat	ENST00000585665.2	19	1438422	1440494	0.0321	rs1109555	 2.763	rs1558130	 7.08e-03	 -3.21	 1.46386	25	 1	top1	0.0071	0.014	-1.463855	0.143233
NA	/data/songy4/tes/output/weights_case//ENST00000252487.9.wgt.RDat	ENST00000252487.9	19	44891220	44903689	0.0311	rs17714646	-1.959	rs157590	 3.12e-02	  4.90	 1.09474	19	 1	top1	0.031	1.4e-06	 1.094737	0.273632
NA	/data/songy4/tes/output/weights_case//ENST00000652240.1.wgt.RDat	ENST00000652240.1	19	52966896	52981465	0.0352	rs12982980	-2.844	rs10425203	 6.54e-03	  3.23	 0.94762	26	 4	lasso	0.0085	0.0083	 1.176506	0.239393
NA	/data/songy4/tes/output/weights_case//ENST00000343280.8.wgt.RDat	ENST00000343280.8	19	57469586	57477570	0.0383	rs7255276	-2.724	rs886336	 3.14e-02	 -4.81	-0.76000	35	 1	top1	0.031	1.3e-06	 0.760000	0.447255
NA	/data/songy4/tes/output/weights_case//ENST00000607440.5.wgt.RDat	ENST00000607440.5	19	984358	994557	0.0370	rs1109555	 2.763	rs2074573	 5.45e-02	  6.33	 0.80208	30	 1	top1	0.054	2.1e-10	 0.802083	0.422505
NA	/data/songy4/tes/output/weights_case//ENST00000252483.10.wgt.RDat	ENST00000252483.10	19	44846297	44889223	0.0299	NA	    NA	NA	       NA	    NA	      NA	18	 0	lasso	-0.00047	0.41	       NA	      NA
NA	/data/songy4/tes/output/weights_case//ENST00000585392.2.wgt.RDat	ENST00000585392.2	19	45687460	45691917	0.0241	rs345409	-1.824	rs50871	-7.77e-04	  2.69	-1.13393	19	 9	enet	2e-04	0.29	-0.082768	0.934036
NA	/data/songy4/tes/output/weights_case//ENST00000344519.10.wgt.RDat	ENST00000344519.10	19	20776304	20809995	0.0404	rs274814	 3.047	rs17618360	 2.09e-02	 -4.19	 0.00541	 8	 1	top1	0.021	6.8e-05	-0.005405	0.995687
NA	/data/songy4/tes/output/weights_case//ENST00000585386.1.wgt.RDat	ENST00000585386.1	19	45640930	45645349	0.0728	rs345409	-1.824	rs2286756	 7.55e-02	  7.42	-0.47059	21	 1	top1	0.076	6.7e-14	-0.470588	0.637935
NA	/data/songy4/tes/output/weights_case//ENST00000585492.1.wgt.RDat	ENST00000585492.1	19	55027593	55053928	0.1202	rs10419832	-1.955	rs1671143	 9.57e-02	  8.30	-0.42857	34	 2	lasso	0.12	1.6e-21	 0.273490	0.784477
NA	/data/songy4/tes/output/weights_case//ENST00000612657.1.wgt.RDat	ENST00000612657.1	19	21592727	21593041	0.0208	rs11085420	 1.585	rs12976221	 1.68e-02	 -3.95	-0.86916	 4	 1	top1	0.017	0.00033	 0.869159	0.384760
NA	/data/songy4/tes/output/weights_case//ENST00000648319.1.wgt.RDat	ENST00000648319.1	19	43766533	43780973	0.0258	rs8113762	 1.515	rs2682551	 1.49e-03	  2.39	 0.31250	10	10	enet	0.0082	0.0091	-0.530398	0.595836
NA	/data/songy4/tes/output/weights_case//ENST00000402988.6.wgt.RDat	ENST00000402988.6	19	44613563	44636781	0.0331	rs17714646	-1.959	rs846900	 7.65e-03	 -3.51	-0.22549	17	 5	enet	0.017	0.00025	 0.209550	0.834019
NA	/data/songy4/tes/output/weights_case//ENST00000415061.8.wgt.RDat	ENST00000415061.8	19	55044316	55063148	0.0918	rs10419832	-1.955	rs1654410	 7.32e-02	 -7.28	-1.20792	34	 2	lasso	0.09	2.8e-16	 0.695121	0.486979
NA	/data/songy4/tes/output/weights_case//ENST00000621794.1.wgt.RDat	ENST00000621794.1	19	19908268	19909146	0.0381	rs17699261	 2.120	rs247789	 4.08e-03	  3.25	-0.62609	12	 8	enet	0.011	0.0026	-1.413093	0.157628
NA	/data/songy4/tes/output/weights_case//ENST00000426677.7.wgt.RDat	ENST00000426677.7	19	44891254	44903689	0.0312	rs17714646	-1.959	rs157590	 3.13e-02	  4.91	 1.09474	19	 1	top1	0.031	1.3e-06	 1.094737	0.273632
NA	/data/songy4/tes/output/weights_case//ENST00000610356.4.wgt.RDat	ENST00000610356.4	19	55044324	55063217	0.0924	rs10419832	-1.955	rs1654410	 7.42e-02	 -7.32	-1.20792	34	 2	lasso	0.091	1.5e-16	 0.695291	0.486873
NA	/data/songy4/tes/output/weights_case//ENST00000649816.1.wgt.RDat	ENST00000649816.1	19	53521833	53523515	0.0442	rs12982980	-2.844	rs2708843	 3.06e-02	  4.94	 0.54455	28	 1	top1	0.031	1.8e-06	 0.544554	0.586060
NA	/data/songy4/tes/output/weights_case//ENST00000350356.7.wgt.RDat	ENST00000350356.7	19	14091697	14108390	0.0237	rs11668412	 2.164	rs10414182	 1.29e-02	  3.71	-1.63366	18	 1	top1	0.013	0.0015	-1.633663	0.102330
NA	/data/songy4/tes/output/weights_case//ENST00000649780.1.wgt.RDat	ENST00000649780.1	19	53521747	53533906	0.0392	rs12982980	-2.844	rs2708843	 1.40e-02	  3.50	 0.54455	28	 1	top1	0.014	0.00096	 0.544554	0.586060
NA	/data/songy4/tes/output/weights_case//ENST00000468239.1.wgt.RDat	ENST00000468239.1	19	55027605	55032865	0.0847	rs10419832	-1.955	rs1671143	 6.78e-02	  7.21	-0.42857	34	 2	lasso	0.075	8.9e-14	-0.011354	0.990941
NA	/data/songy4/tes/output/weights_case//ENST00000650177.1.wgt.RDat	ENST00000650177.1	19	53521612	53536731	0.0519	rs12982980	-2.844	rs2708843	 1.94e-03	  3.94	 0.54455	28	11	enet	0.017	0.00026	-0.436089	0.662772
NA	/data/songy4/tes/output/weights_case//ENST00000611377.1.wgt.RDat	ENST00000611377.1	19	37024886	37025254	0.0417	rs7253228	 0.960	rs2967436	 3.98e-02	  5.47	-0.36082	 4	 1	top1	0.04	5.5e-08	-0.360825	0.718230
NA	/data/songy4/tes/output/weights_case//ENST00000388925.8.wgt.RDat	ENST00000388925.8	19	16892952	17026815	0.0600	rs9676419	 2.054	rs7259472	 2.25e-02	  4.27	-0.36527	26	12	enet	0.033	6e-07	-0.814718	0.415234
NA	/data/songy4/tes/output/weights_case//ENST00000417088.2.wgt.RDat	ENST00000417088.2	19	8321634	8322396	0.0580	rs1104768	 1.941	rs2910443	 9.00e-03	  4.06	-0.07216	20	10	enet	0.037	1.8e-07	-0.090947	0.927534
NA	/data/songy4/tes/output/weights_case//ENST00000651564.1.wgt.RDat	ENST00000651564.1	19	16892954	17026815	0.0596	rs9676419	 2.054	rs7259472	 2.31e-02	  4.31	-0.36527	26	12	enet	0.032	1e-06	-0.795171	0.426514
NA	/data/songy4/tes/output/weights_case//ENST00000473524.5.wgt.RDat	ENST00000473524.5	19	20078005	20118044	0.0257	rs11668038	-2.149	rs247792	 2.04e-02	  4.09	-0.65049	13	 1	top1	0.02	8.3e-05	-0.650485	0.515379
NA	/data/songy4/tes/output/weights_case//ENST00000417454.5.wgt.RDat	ENST00000417454.5	19	55013705	55038264	0.0873	rs10419832	-1.955	rs1671143	 8.60e-02	  7.94	-0.42857	34	 1	top1	0.086	1.1e-15	-0.428571	0.668235
NA	/data/songy4/tes/output/weights_case//ENST00000471517.5.wgt.RDat	ENST00000471517.5	19	38335833	38370942	0.0220	rs705503	 0.828	rs3786873	 1.99e-02	  4.09	-0.75591	 6	 1	top1	0.02	1e-04	-0.755906	0.449706
NA	/data/songy4/tes/output/weights_case//ENST00000667789.1.wgt.RDat	ENST00000667789.1	19	36324924	36331770	0.0318	rs4805127	 2.556	rs6510524	-7.47e-04	  2.87	-0.75460	19	 9	enet	0.00042	0.25	 0.830597	0.406201
NA	/data/songy4/tes/output/weights_case//ENST00000651287.1.wgt.RDat	ENST00000651287.1	19	52967086	52992506	0.0322	NA	    NA	NA	       NA	    NA	      NA	 0	 0	enet	0.0039	0.054	       NA	      NA
NA	/data/songy4/tes/output/weights_case//ENST00000622072.1.wgt.RDat	ENST00000622072.1	19	43962723	43967600	0.0226	rs8113762	 1.515	rs1994417	 1.49e-02	 -3.78	 1.00000	 9	 1	top1	0.015	0.00069	-1.000000	0.317311
NA	/data/songy4/tes/output/weights_case//ENST00000414548.1.wgt.RDat	ENST00000414548.1	19	12552597	12553644	0.0547	rs10427027	 1.729	rs3745651	 3.98e-02	  5.55	 1.61290	 6	 1	top1	0.04	5.4e-08	 1.612903	0.106766
NA	/data/songy4/tes/output/weights_case//ENST00000649326.1.wgt.RDat	ENST00000649326.1	19	53521336	53578017	0.0444	rs12982980	-2.844	rs2708843	 1.49e-02	  3.53	 0.54455	31	 1	top1	0.015	0.00069	 0.544554	0.586060
NA	/data/songy4/tes/output/weights_case//ENST00000651361.1.wgt.RDat	ENST00000651361.1	19	31149979	31349242	0.0348	rs4805612	-1.950	rs276180	 2.45e-02	  4.32	-0.19895	28	 1	top1	0.024	1.8e-05	-0.198953	0.842300
NA	/data/songy4/tes/output/weights_case//ENST00000624917.1.wgt.RDat	ENST00000624917.1	19	46636810	46639161	0.0608	rs10403760	-3.233	rs10419732	 6.43e-02	 -6.84	-1.24272	16	 1	top1	0.064	5e-12	 1.242718	0.213972
NA	/data/songy4/tes/output/weights_case//ENST00000520907.1.wgt.RDat	ENST00000520907.1	19	36905434	36916291	0.0170	rs7253228	 0.960	rs7251374	 1.44e-03	  3.01	-0.07407	 6	 3	enet	0.011	0.0034	-0.632877	0.526814
NA	/data/songy4/tes/output/weights_case//ENST00000618787.5.wgt.RDat	ENST00000618787.5	19	43827321	43852017	0.0203	rs8113762	 1.515	rs349030	 1.16e-02	  3.29	-0.86170	 9	 1	top1	0.012	0.0025	-0.861702	0.388851
NA	/data/songy4/tes/output/weights_case//ENST00000317306.8.wgt.RDat	ENST00000317306.8	19	17816512	17821519	0.0667	rs9676419	 2.054	rs3761049	 1.70e-02	  5.21	 0.18121	31	 6	enet	0.052	4.9e-10	-0.112565	0.910376
NA	/data/songy4/tes/output/weights_case//ENST00000569031.6.wgt.RDat	ENST00000569031.6	19	43580638	43582098	0.0232	rs2189613	-0.616	rs2682597	 1.57e-02	 -3.72	 0.22785	 4	 1	top1	0.016	0.00051	-0.227848	0.819764
NA	/data/songy4/tes/output/weights_case//ENST00000662322.1.wgt.RDat	ENST00000662322.1	19	21569738	21587294	0.0421	rs11085420	 1.585	rs12976221	 3.41e-02	 -5.22	-0.86916	 4	 1	top1	0.034	4.7e-07	 0.869159	0.384760
NA	/data/songy4/tes/output/weights_case//ENST00000318683.7.wgt.RDat	ENST00000318683.7	19	17795138	17813576	0.0417	rs9676419	 2.054	rs265541	 2.96e-02	  4.73	-1.43802	31	 1	top1	0.03	2.6e-06	-1.438017	0.150429
NA	/data/songy4/tes/output/weights_case//ENST00000397755.2.wgt.RDat	ENST00000397755.2	19	12092336	12100788	0.0233	rs12985274	-1.929	rs2458998	 4.53e-03	 -2.98	-1.02727	 5	 5	enet	0.012	0.0021	 0.886218	0.375500
NA	/data/songy4/tes/output/weights_case//ENST00000517734.5.wgt.RDat	ENST00000517734.5	19	15673090	15697143	0.0869	rs1114312	-2.800	rs4646522	 8.00e-03	 -4.54	-0.42268	17	 9	enet	0.043	1.4e-08	 0.677778	0.497913
NA	/data/songy4/tes/output/weights_case//ENST00000396317.5.wgt.RDat	ENST00000396317.5	19	54631074	54637076	0.0335	rs10419832	-1.955	rs1645784	 2.65e-03	 -3.07	 1.30314	32	 1	top1	0.0026	0.091	-1.303136	0.192528
NA	/data/songy4/tes/output/weights_case//ENST00000396315.5.wgt.RDat	ENST00000396315.5	19	54631074	54637076	0.0353	rs10419832	-1.955	rs1645784	 1.29e-03	 -3.14	 1.30314	32	 8	enet	0.0027	0.09	-0.258418	0.796084
NA	/data/songy4/tes/output/weights_case//ENST00000324632.10.wgt.RDat	ENST00000324632.10	19	15673478	15697145	0.0601	rs1114312	-2.800	rs682745	 9.77e-03	 -4.54	-0.16552	17	 6	enet	0.031	1.6e-06	 0.305031	0.760342
NA	/data/songy4/tes/output/weights_case//ENST00000657215.1.wgt.RDat	ENST00000657215.1	19	21569904	21587300	0.0408	rs11085420	 1.585	rs12976221	 3.33e-02	 -5.15	-0.86916	 4	 1	top1	0.033	6.5e-07	 0.869159	0.384760
NA	/data/songy4/tes/output/weights_case//ENST00000617745.4.wgt.RDat	ENST00000617745.4	19	36922571	36997932	0.0174	rs7253228	 0.960	rs2967436	 1.60e-02	  3.62	-0.36082	 6	 2	enet	0.016	0.00037	-0.368381	0.712589
NA	/data/songy4/tes/output/weights_case//ENST00000396247.7.wgt.RDat	ENST00000396247.7	19	55044343	55069529	0.0878	rs10419832	-1.955	rs1654410	 7.13e-02	 -7.20	-1.20792	34	 2	lasso	0.09	2.2e-16	 0.660606	0.508865
NA	/data/songy4/tes/output/weights_case//ENST00000324001.7.wgt.RDat	ENST00000324001.7	19	40393768	40413366	0.0765	rs12986299	-3.500	rs7258698	 6.00e-02	  6.81	 1.12500	15	 1	top1	0.06	2.6e-11	 1.125000	0.260589
NA	/data/songy4/tes/output/weights_case//ENST00000617999.4.wgt.RDat	ENST00000617999.4	19	35666516	35678483	0.0360	rs4805127	 2.556	rs6510502	 5.08e-03	  3.53	-0.57233	26	15	enet	0.0087	0.0074	 0.302872	0.761987
NA	/data/songy4/tes/output/weights_case//ENST00000443236.6.wgt.RDat	ENST00000443236.6	19	16892947	17026815	0.0596	rs9676419	 2.054	rs7259472	 2.31e-02	  4.32	-0.36527	26	12	enet	0.032	1.1e-06	-0.802175	0.422452
NA	/data/songy4/tes/output/weights_case//ENST00000617472.4.wgt.RDat	ENST00000617472.4	19	54160165	54173250	0.0320	rs2617693	 2.140	rs35034412	 4.00e-02	 -5.42	 0.12791	33	 1	top1	0.04	5.1e-08	-0.127907	0.898223
NA	/data/songy4/tes/output/weights_case//ENST00000618549.1.wgt.RDat	ENST00000618549.1	19	21505661	21538660	0.0462	rs11085420	 1.585	rs12976221	 3.49e-02	 -5.22	-0.86916	 4	 4	enet	0.035	3.4e-07	 0.850548	0.395021
NA	/data/songy4/tes/output/weights_case//ENST00000441814.1.wgt.RDat	ENST00000441814.1	19	44570304	44570564	0.0319	rs17714646	-1.959	rs1235381	 7.24e-03	 -3.31	 1.13684	16	 7	enet	0.012	0.0022	-0.388179	0.697884
NA	/data/songy4/tes/output/weights_case//ENST00000409235.8.wgt.RDat	ENST00000409235.8	19	38335830	38370943	0.0241	rs705503	 0.828	rs3786873	 1.96e-02	  4.17	-0.75591	 6	 1	top1	0.02	0.00011	-0.755906	0.449706
NA	/data/songy4/tes/output/weights_case//ENST00000518629.7.wgt.RDat	ENST00000518629.7	19	15673082	15697148	0.0563	rs1114312	-2.800	rs682745	 8.29e-03	 -4.38	-0.16552	17	 4	enet	0.027	6.3e-06	 0.301545	0.762999
NA	/data/songy4/tes/output/weights_case//ENST00000323090.4.wgt.RDat	ENST00000323090.4	19	48575540	48599425	0.0291	rs11564620	 3.141	rs10426377	-1.40e-03	 -2.65	-1.47518	26	 3	lasso	1.9e-05	0.31	 1.930094	0.053595
NA	/data/songy4/tes/output/weights_case//ENST00000533683.7.wgt.RDat	ENST00000533683.7	19	14087851	14090751	0.0291	rs11668412	 2.164	rs3810253	-1.35e-03	  2.74	-0.80165	20	 4	lasso	-0.00085	0.53	-1.295278	0.195224
NA	/data/songy4/tes/output/weights_case//ENST00000533866.1.wgt.RDat	ENST00000533866.1	19	51642823	51645577	0.1007	rs268909	-3.112	rs8105105	 1.58e-02	 -5.38	 1.21285	54	10	enet	0.056	1.3e-10	-0.565655	0.571629
NA	/data/songy4/tes/output/weights_case//ENST00000434269.1.wgt.RDat	ENST00000434269.1	19	52968910	52970875	0.0397	rs12982980	-2.844	rs10425203	 4.83e-04	  3.06	 0.94762	25	 6	enet	0.016	0.00041	 1.709818	0.087299
NA	/data/songy4/tes/output/weights_case//ENST00000310373.7.wgt.RDat	ENST00000310373.7	19	55013705	55038264	0.0873	rs10419832	-1.955	rs1671143	 8.59e-02	  7.94	-0.42857	34	 1	top1	0.086	1.2e-15	-0.428571	0.668235
NA	/data/songy4/tes/output/weights_case//ENST00000660190.2.wgt.RDat	ENST00000660190.2	19	36309595	36312997	0.0300	rs4805127	 2.556	rs4806146	-1.41e-03	 -2.85	-0.45545	19	 7	enet	0.0082	0.0093	 0.407714	0.683484
NA	/data/songy4/tes/output/weights_case//ENST00000540069.6.wgt.RDat	ENST00000540069.6	19	51713112	51723994	0.0412	rs268909	-3.112	rs4802847	 3.07e-02	  4.85	 1.18966	54	 1	top1	0.031	1.7e-06	 1.189655	0.234182
NA	/data/songy4/tes/output/weights_case//ENST00000433993.5.wgt.RDat	ENST00000433993.5	19	36973215	36997235	0.0762	rs7253228	 0.960	rs2967436	 5.63e-02	  6.50	-0.36082	 5	 4	enet	0.071	3.6e-13	-0.402652	0.687204
NA	/data/songy4/tes/output/weights_case//ENST00000558877.1.wgt.RDat	ENST00000558877.1	19	8225027	8256675	0.1071	NA	    NA	NA	       NA	    NA	      NA	22	 0	top1	0.11	9e-20	       NA	      NA
NA	/data/songy4/tes/output/weights_case//ENST00000559336.5.wgt.RDat	ENST00000559336.5	19	8209371	8262421	0.0827	NA	    NA	NA	       NA	    NA	      NA	22	 0	top1	0.083	4.4e-15	       NA	      NA
NA	/data/songy4/tes/output/weights_case//ENST00000558501.5.wgt.RDat	ENST00000558501.5	19	8209431	8257161	0.0945	NA	    NA	NA	       NA	    NA	      NA	22	 0	top1	0.097	1.7e-17	       NA	      NA
NA	/data/songy4/tes/output/weights_case//ENST00000558569.1.wgt.RDat	ENST00000558569.1	19	31308345	31349255	0.0307	rs4805612	-1.950	rs4805612	 2.22e-02	  4.17	-1.95050	26	 2	lasso	0.024	2.2e-05	-1.685091	0.091971
NA	/data/songy4/tes/output/weights_case//ENST00000559450.5.wgt.RDat	ENST00000559450.5	19	8209356	8262421	0.0807	NA	    NA	NA	       NA	    NA	      NA	22	 0	top1	0.08	9.9e-15	       NA	      NA
NA	/data/songy4/tes/output/weights_case//ENST00000559490.5.wgt.RDat	ENST00000559490.5	19	8209340	8241370	0.0848	NA	    NA	NA	       NA	    NA	      NA	22	 0	top1	0.087	7e-16	       NA	      NA
NA	/data/songy4/tes/output/weights_case//ENST00000558331.5.wgt.RDat	ENST00000558331.5	19	8209313	8262421	0.0827	NA	    NA	NA	       NA	    NA	      NA	22	 0	top1	0.082	6e-15	       NA	      NA
NA	/data/songy4/tes/output/weights_case//ENST00000558302.1.wgt.RDat	ENST00000558302.1	19	8260997	8261779	0.0547	NA	    NA	NA	       NA	    NA	      NA	21	 0	top1	0.041	3.9e-08	       NA	      NA
NA	/data/songy4/tes/output/weights_case//ENST00000557925.1.wgt.RDat	ENST00000557925.1	19	8250526	8262418	0.0739	NA	    NA	NA	       NA	    NA	      NA	21	 0	top1	0.073	2e-13	       NA	      NA
NA	/data/songy4/tes/output/weights_case//ENST00000558268.5.wgt.RDat	ENST00000558268.5	19	8209303	8255655	0.1027	NA	    NA	NA	       NA	    NA	      NA	22	 0	top1	0.11	4.6e-19	       NA	      NA
NA	/data/songy4/tes/output/weights_case//ENST00000561008.5.wgt.RDat	ENST00000561008.5	19	8206736	8254602	0.1195	NA	    NA	NA	       NA	    NA	      NA	22	 0	top1	0.12	1.5e-21	       NA	      NA
NA	/data/songy4/tes/output/weights_case//ENST00000561053.5.wgt.RDat	ENST00000561053.5	19	8209326	8255724	0.1036	NA	    NA	NA	       NA	    NA	      NA	22	 0	top1	0.11	3.7e-19	       NA	      NA
NA	/data/songy4/tes/output/weights_case//ENST00000560412.1.wgt.RDat	ENST00000560412.1	19	8209634	8251171	0.0546	NA	    NA	NA	       NA	    NA	      NA	22	 0	top1	0.056	1.4e-10	       NA	      NA
NA	/data/songy4/tes/output/weights_case//ENST00000548237.5.wgt.RDat	ENST00000548237.5	19	15673076	15682435	0.0415	rs1114312	-2.800	rs682745	 2.19e-02	 -4.49	-0.16552	17	 1	top1	0.022	4.7e-05	 0.165517	0.868537
NA	/data/songy4/tes/output/weights_case//ENST00000546608.1.wgt.RDat	ENST00000546608.1	19	15681501	15697143	0.0796	rs1114312	-2.800	rs4646522	 7.99e-03	 -4.69	-0.42268	17	 8	enet	0.044	1.3e-08	 0.432350	0.665487
NA	/data/songy4/tes/output/weights_case//ENST00000312265.9.wgt.RDat	ENST00000312265.9	19	38335818	38370943	0.0255	rs705503	 0.828	rs3786873	 2.03e-02	  4.17	-0.75591	 6	 1	top1	0.02	8.7e-05	-0.755906	0.449706
NA	/data/songy4/tes/output/weights_case//ENST00000547332.5.wgt.RDat	ENST00000547332.5	19	15673018	15682447	0.0398	rs1114312	-2.800	rs682745	 2.29e-02	 -4.58	-0.16552	17	 1	top1	0.023	3.3e-05	 0.165517	0.868537
NA	/data/songy4/tes/output/weights_case//ENST00000619715.1.wgt.RDat	ENST00000619715.1	19	51639478	51639931	0.0878	rs268909	-3.112	rs8105105	 3.98e-02	 -5.80	 1.21285	55	13	enet	0.043	1.4e-08	-0.941078	0.346665
NA	/data/songy4/tes/output/weights_case//ENST00000405636.6.wgt.RDat	ENST00000405636.6	19	44891220	44903688	0.0310	rs17714646	-1.959	rs157590	 3.11e-02	  4.89	 1.09474	19	 1	top1	0.031	1.5e-06	 1.094737	0.273632
NA	/data/songy4/tes/output/weights_case//ENST00000430608.6.wgt.RDat	ENST00000430608.6	19	15673076	15681142	0.0441	rs1114312	-2.800	rs682745	 2.60e-02	 -4.89	-0.16552	17	 1	top1	0.026	9.9e-06	 0.165517	0.868537
NA	/data/songy4/tes/output/weights_case//ENST00000550308.6.wgt.RDat	ENST00000550308.6	19	15673087	15697174	0.0647	rs1114312	-2.800	rs682745	 2.02e-02	 -4.57	-0.16552	17	 5	enet	0.029	3.7e-06	 0.240531	0.809919
NA	/data/songy4/tes/output/weights_case//ENST00000550627.5.wgt.RDat	ENST00000550627.5	19	15681437	15697143	0.0682	rs1114312	-2.800	rs4646522	 5.12e-03	 -4.20	-0.42268	17	 6	enet	0.039	8.1e-08	 0.142151	0.886961
NA	/data/songy4/tes/output/weights_case//ENST00000455817.5.wgt.RDat	ENST00000455817.5	19	36973538	36996518	0.0383	rs7253228	 0.960	rs2967436	 2.67e-02	  4.85	-0.36082	 5	 5	enet	0.029	3.7e-06	-0.497770	0.618646
NA	/data/songy4/tes/output/weights_case//ENST00000269724.5.wgt.RDat	ENST00000269724.5	19	14088429	14091036	0.0292	rs11668412	 2.164	rs10414182	 1.48e-04	  3.36	-1.63366	19	 3	enet	0.0024	0.1	-1.759912	0.078423
NA	/data/songy4/tes/output/weights_case//ENST00000392846.7.wgt.RDat	ENST00000392846.7	19	15878023	15898074	0.0327	rs1273516	 2.529	rs4646522	 4.49e-03	 -3.20	-0.42268	14	11	enet	0.0056	0.026	-0.032435	0.974125
NA	/data/songy4/tes/output/weights_case//ENST00000339223.5.wgt.RDat	ENST00000339223.5	19	51795157	51826190	0.0451	rs268909	-3.112	rs11673446	 2.31e-02	  4.47	-1.75523	53	 8	enet	0.031	1.5e-06	-0.897426	0.369492
NA	/data/songy4/tes/output/weights_case//ENST00000392987.7.wgt.RDat	ENST00000392987.7	19	14689801	14707262	0.0336	rs11668412	 2.164	rs8113491	 3.52e-02	 -5.11	 0.74490	22	 1	top1	0.035	3.1e-07	-0.744898	0.456333
NA	/data/songy4/tes/output/weights_case//ENST00000613723.4.wgt.RDat	ENST00000613723.4	19	54160108	54164716	0.0612	rs2617693	 2.140	rs35034412	 6.10e-02	 -6.74	 0.12791	33	 1	top1	0.061	1.8e-11	-0.127907	0.898223
NA	/data/songy4/tes/output/weights_case//ENST00000512387.6.wgt.RDat	ENST00000512387.6	19	53554499	53578389	0.0434	rs12982980	-2.844	rs10425203	 2.59e-03	  2.83	 0.94762	31	 1	top1	0.0026	0.093	 0.947619	0.343323
NA	/data/songy4/tes/output/weights_case//ENST00000614316.1.wgt.RDat	ENST00000614316.1	19	41833686	41835950	0.0809	rs10417924	 2.200	rs734108	 6.53e-02	 -6.93	-0.78750	12	 1	top1	0.065	3.4e-12	 0.787500	0.430989
NA	/data/songy4/tes/output/weights_case//ENST00000270443.8.wgt.RDat	ENST00000270443.8	19	52968251	52993524	0.0373	rs12982980	-2.844	rs10425203	 1.47e-03	  3.14	 0.94762	26	 6	enet	0.016	0.00053	 1.719402	0.085541
NA	/data/songy4/tes/output/weights_case//ENST00000455455.1.wgt.RDat	ENST00000455455.1	19	44547313	44620821	0.1114	rs17714646	-1.959	rs1727746	 9.87e-02	  8.47	-0.57143	18	 3	lasso	0.1	1e-18	-0.752126	0.451975
NA	/data/songy4/tes/output/weights_case//ENST00000455058.1.wgt.RDat	ENST00000455058.1	19	44542798	44549166	0.2017	rs17714646	-1.959	rs1727746	 1.64e-01	 10.88	-0.57143	16	11	enet	0.17	2.1e-31	-0.574081	0.565913
NA	/data/songy4/tes/output/weights_case//ENST00000391932.7.wgt.RDat	ENST00000391932.7	19	45687463	45691941	0.0239	rs345409	-1.824	rs50871	-9.88e-04	  2.64	-1.13393	19	 3	lasso	-0.00018	0.35	-0.166820	0.867511
NA	/data/songy4/tes/output/weights_case//ENST00000461214.1.wgt.RDat	ENST00000461214.1	19	9967573	9968887	0.0399	rs34561079	-2.663	rs889121	 2.77e-02	  4.71	-1.59794	15	 1	top1	0.028	5.3e-06	-1.597938	0.110057
NA	/data/songy4/tes/output/weights_case//ENST00000342669.7.wgt.RDat	ENST00000342669.7	19	45687454	45692333	0.0235	rs345409	-1.824	rs50871	-8.89e-04	  2.67	-1.13393	19	 9	enet	-1e-04	0.34	-0.032972	0.973697
NA	/data/songy4/tes/output/weights_case//ENST00000427512.6.wgt.RDat	ENST00000427512.6	19	57469586	57477570	0.0360	rs7255276	-2.724	rs886336	 3.00e-02	 -4.71	-0.76000	35	 1	top1	0.03	2.2e-06	 0.760000	0.447255
NA	/data/songy4/tes/output/weights_case//ENST00000413422.4.wgt.RDat	ENST00000413422.4	19	43580638	43583964	0.0205	rs2189613	-0.616	rs2682597	 1.71e-02	 -3.71	 0.22785	 4	 1	top1	0.017	0.00029	-0.227848	0.819764
NA	/data/songy4/tes/output/weights_case//ENST00000656170.1.wgt.RDat	ENST00000656170.1	19	27728221	27793378	0.0137	rs12982071	-0.651	rs12982071	 1.06e-02	 -3.17	-0.65104	 2	 2	enet	0.012	0.0024	 0.458423	0.646648
NA	/data/songy4/tes/output/weights_case//ENST00000446628.5.wgt.RDat	ENST00000446628.5	19	44537058	44556917	0.1271	rs17714646	-1.959	rs1727746	 1.04e-01	  8.67	-0.57143	16	 9	enet	0.11	2.1e-19	-0.656443	0.511539
NA	/data/songy4/tes/output/weights_case//ENST00000616789.4.wgt.RDat	ENST00000616789.4	19	35666516	35678483	0.0303	rs4805127	 2.556	rs6510502	 3.45e-03	  3.20	-0.57233	26	 1	top1	0.0035	0.064	-0.572327	0.567100
NA	/data/songy4/tes/output/weights_case//ENST00000395484.4.wgt.RDat	ENST00000395484.4	19	1495476	1497721	0.0701	rs1109555	 2.763	rs197198	 3.85e-02	  5.52	-0.66667	22	 6	lasso	0.046	6.3e-09	-0.651188	0.514925
NA	/data/songy4/tes/output/weights_case//ENST00000395479.9.wgt.RDat	ENST00000395479.9	19	1491270	1497211	0.0564	rs1109555	 2.763	rs197198	 1.40e-02	  4.57	-0.66667	22	 4	lasso	0.026	9.9e-06	-0.897515	0.369444
NA	/data/songy4/tes/output/weights_case//ENST00000328853.9.wgt.RDat	ENST00000328853.9	19	7728957	7732171	0.0381	rs1104768	 1.941	rs8110128	 2.39e-02	  4.43	-1.20710	21	 1	top1	0.024	2.2e-05	-1.207101	0.227393
NA	/data/songy4/tes/output/weights_case//ENST00000328867.9.wgt.RDat	ENST00000328867.9	19	38730192	38744474	0.0318	rs6508808	 1.529	rs973009	 3.07e-02	 -4.94	-0.77083	11	 1	top1	0.031	1.7e-06	 0.770833	0.440806
NA	/data/songy4/tes/output/weights_case//ENST00000616184.1.wgt.RDat	ENST00000616184.1	19	43976815	43977448	0.0214	rs8113762	 1.515	rs349030	 9.20e-05	 -2.59	-0.86170	 9	 6	enet	0.00093	0.2	-0.640178	0.522057
NA	/data/songy4/tes/output/weights_case//ENST00000410018.5.wgt.RDat	ENST00000410018.5	19	38335775	38370943	0.0269	rs705503	 0.828	rs3786873	 2.18e-02	  4.32	-0.75591	 6	 1	top1	0.022	4.9e-05	-0.755906	0.449706
NA	/data/songy4/tes/output/weights_case//ENST00000292140.9.wgt.RDat	ENST00000292140.9	19	43475103	43504935	0.0498	rs6509018	 1.769	rs2682551	 4.87e-02	  6.01	 0.31250	 5	 1	top1	0.049	1.9e-09	 0.312500	0.754661
NA	/data/songy4/tes/output/weights_case//ENST00000291892.10.wgt.RDat	ENST00000291892.10	19	55044343	55063833	0.1414	rs10419832	-1.955	rs1671143	 1.10e-01	  8.89	-0.42857	34	 2	lasso	0.14	7.9e-26	 0.328430	0.742586
NA	/data/songy4/tes/output/weights_case//ENST00000291825.11.wgt.RDat	ENST00000291825.11	19	40393768	40413364	0.0765	rs12986299	-3.500	rs7258698	 5.91e-02	  6.79	 1.12500	15	 1	top1	0.059	3.7e-11	 1.125000	0.260589
NA	/data/songy4/tes/output/weights_case//ENST00000291440.4.wgt.RDat	ENST00000291440.4	19	16957547	17026815	0.0522	rs9676419	 2.054	rs4808069	 1.15e-02	  3.98	-0.45098	23	 2	lasso	0.027	6e-06	-0.587343	0.556973
NA	/data/songy4/tes/output/weights_case//ENST00000663704.1.wgt.RDat	ENST00000663704.1	19	21453943	21463888	0.0365	rs1964337	-1.724	rs12976221	 1.92e-02	 -4.03	-0.86916	 5	 1	top1	0.019	0.00013	 0.869159	0.384760
NA	/data/songy4/tes/output/weights_case//ENST00000291707.8.wgt.RDat	ENST00000291707.8	19	51491227	51501800	0.1009	rs268909	-3.112	rs11668530	 8.76e-02	 -8.03	 1.06122	53	 1	top1	0.088	6.1e-16	-1.061224	0.288588
NA	/data/songy4/tes/output/weights_case//ENST00000656526.1.wgt.RDat	ENST00000656526.1	19	21452601	21463897	0.0310	rs1964337	-1.724	rs12976221	 1.60e-02	 -3.76	-0.86916	 5	 1	top1	0.016	0.00044	 0.869159	0.384760
NA	/data/songy4/tes/output/weights_case//ENST00000451750.5.wgt.RDat	ENST00000451750.5	19	15673076	15680944	0.0336	rs1114312	-2.800	rs682745	 2.10e-02	 -4.48	-0.16552	17	 1	top1	0.021	6.6e-05	 0.165517	0.868537
NA	/data/songy4/tes/output/weights_case//ENST00000333884.2.wgt.RDat	ENST00000333884.2	19	55013705	55038264	0.0719	rs10419832	-1.955	rs1671143	 7.59e-02	  7.48	-0.42857	34	 1	top1	0.076	5.8e-14	-0.428571	0.668235
NA	/data/songy4/tes/output/weights_case//ENST00000428058.1.wgt.RDat	ENST00000428058.1	19	12284337	12285185	0.0183	rs3745651	 1.613	rs2458998	 1.94e-02	  4.03	-1.02727	 5	 1	top1	0.019	0.00012	-1.027273	0.304292
NA	/data/songy4/tes/output/weights_case//ENST00000449223.3.wgt.RDat	ENST00000449223.3	19	8321158	8322946	0.0385	rs1104768	 1.941	rs7250584	 6.23e-03	  3.72	-0.15385	20	 8	enet	0.021	7.1e-05	 0.231737	0.816742
NA	/data/songy4/tes/output/weights_case//ENST00000428245.5.wgt.RDat	ENST00000428245.5	19	44613930	44636454	0.0319	rs17714646	-1.959	rs1727746	 1.77e-02	  3.71	-0.57143	17	 1	top1	0.018	0.00024	-0.571429	0.567709
NA	/data/songy4/tes/output/weights_case//ENST00000513929.6.wgt.RDat	ENST00000513929.6	19	53520983	53532972	0.0649	rs12982980	-2.844	rs2708843	 1.64e-02	  3.97	 0.54455	28	 1	top1	0.016	0.00038	 0.544554	0.586060
NA	/data/songy4/tes/output/weights_case//ENST00000594703.1.wgt.RDat	ENST00000594703.1	19	17338760	17339479	0.0305	rs9676419	 2.054	rs1035872	 5.02e-03	  3.20	-1.10569	26	 3	lasso	0.0086	0.0078	 0.607207	0.543713
NA	/data/songy4/tes/output/weights_case//ENST00000594808.1.wgt.RDat	ENST00000594808.1	19	43502166	43504414	0.0366	rs6509018	 1.769	rs2682551	 3.65e-02	  5.26	 0.31250	 5	 1	top1	0.037	1.9e-07	 0.312500	0.754661
NA	/data/songy4/tes/output/weights_case//ENST00000594813.1.wgt.RDat	ENST00000594813.1	19	16496463	16501126	0.0218	rs1985857	 1.733	rs11086028	-1.40e-03	 -2.78	 0.42157	13	11	enet	0.0023	0.11	 0.390686	0.696029
NA	/data/songy4/tes/output/weights_case//ENST00000594621.1.wgt.RDat	ENST00000594621.1	19	51713892	51719469	0.0517	rs268909	-3.112	rs4802847	 3.48e-02	  5.07	 1.18966	54	13	enet	0.044	1e-08	 0.038571	0.969232
NA	/data/songy4/tes/output/weights_case//ENST00000594552.5.wgt.RDat	ENST00000594552.5	19	38730187	38735410	0.0280	rs6508808	 1.529	rs973009	 3.40e-02	 -5.23	-0.77083	11	 1	top1	0.034	4.9e-07	 0.770833	0.440806
NA	/data/songy4/tes/output/weights_case//ENST00000594557.1.wgt.RDat	ENST00000594557.1	19	21452040	21463884	0.0352	rs1964337	-1.724	rs12976221	 1.93e-02	 -4.03	-0.86916	 5	 1	top1	0.019	0.00013	 0.869159	0.384760
NA	/data/songy4/tes/output/weights_case//ENST00000594564.1.wgt.RDat	ENST00000594564.1	19	21554640	21569237	0.0173	rs11085420	 1.585	rs12976221	 9.28e-03	 -3.14	-0.86916	 4	 1	top1	0.0093	0.006	 0.869159	0.384760
NA	/data/songy4/tes/output/weights_case//ENST00000594927.1.wgt.RDat	ENST00000594927.1	19	21587432	21594006	0.0471	rs11085420	 1.585	rs12976221	 3.48e-02	 -5.26	-0.86916	 4	 3	enet	0.035	3e-07	 0.798535	0.424560
NA	/data/songy4/tes/output/weights_case//ENST00000594186.1.wgt.RDat	ENST00000594186.1	19	21677550	21678221	0.0390	rs12976221	-0.869	rs12976221	 3.35e-02	 -5.19	-0.86916	 2	 1	top1	0.033	6e-07	 0.869159	0.384760
NA	/data/songy4/tes/output/weights_case//ENST00000594249.5.wgt.RDat	ENST00000594249.5	19	16892951	16903598	0.0298	rs9676419	 2.054	rs8102899	 4.62e-03	 -3.34	-0.74138	23	10	enet	0.015	0.00068	-0.582946	0.559929
NA	/data/songy4/tes/output/weights_case//ENST00000594072.6.wgt.RDat	ENST00000594072.6	19	17281699	17286854	0.0288	rs9676419	 2.054	rs3826700	-9.52e-04	  3.17	-1.08333	25	 1	top1	-0.00095	0.57	-1.083333	0.278660
NA	/data/songy4/tes/output/weights_case//ENST00000594018.5.wgt.RDat	ENST00000594018.5	19	17337592	17341056	0.0257	rs9676419	 2.054	rs9676419	 7.10e-03	  3.21	 2.05357	26	 1	top1	0.0071	0.014	 2.053571	0.040017
NA	/data/songy4/tes/output/weights_case//ENST00000594022.1.wgt.RDat	ENST00000594022.1	19	21496682	21536499	0.0480	rs11085420	 1.585	rs12976221	 3.42e-02	 -5.21	-0.86916	 4	 4	enet	0.038	1.3e-07	 1.043367	0.296778
NA	/data/songy4/tes/output/weights_case//ENST00000594274.1.wgt.RDat	ENST00000594274.1	19	48591101	48599274	0.0283	rs11564620	 3.141	rs16982092	-5.25e-04	 -2.83	-0.78195	26	 1	top1	-0.00053	0.43	 0.781955	0.434241
NA	/data/songy4/tes/output/weights_case//ENST00000594400.6.wgt.RDat	ENST00000594400.6	19	56672382	56791294	0.0409	rs7255276	-2.724	rs379327	 5.94e-03	 -3.76	-0.10526	42	18	enet	0.008	0.0099	-0.040038	0.968063
NA	/data/songy4/tes/output/weights_case//ENST00000594401.1.wgt.RDat	ENST00000594401.1	19	21727931	21750712	0.0133	rs12976221	-0.869	rs12976221	 1.86e-03	 -2.81	-0.86916	 2	 2	enet	0.0082	0.0093	 0.724372	0.468837
NA	/data/songy4/tes/output/weights_case//ENST00000594408.2.wgt.RDat	ENST00000594408.2	19	52861807	52864151	0.0313	rs12982980	-2.844	rs10421191	 9.75e-03	 -3.08	-0.62360	23	 3	lasso	0.01	0.004	 1.191596	0.233420
NA	/data/songy4/tes/output/weights_case//ENST00000594534.5.wgt.RDat	ENST00000594534.5	19	20776310	20799393	0.0472	rs274814	 3.047	rs17618360	 3.09e-02	 -4.96	 0.00541	 8	 1	top1	0.031	1.6e-06	-0.005405	0.995687
NA	/data/songy4/tes/output/weights_case//ENST00000594497.1.wgt.RDat	ENST00000594497.1	19	38734566	38735662	0.0682	rs6508808	 1.529	rs973009	 5.04e-02	 -6.23	-0.77083	11	 6	enet	0.057	9.4e-11	 0.132019	0.894969
NA	/data/songy4/tes/output/weights_case//ENST00000594322.2.wgt.RDat	ENST00000594322.2	19	18040355	18041083	0.0533	rs8108675	-2.451	rs12978632	 6.92e-03	 -3.87	-1.19388	29	11	enet	0.014	0.00083	 2.239643	0.025114
NA	/data/songy4/tes/output/weights_case//ENST00000594385.1.wgt.RDat	ENST00000594385.1	19	21541764	21556270	0.0307	rs11085420	 1.585	rs12976221	 2.16e-02	 -4.36	-0.86916	 4	 1	top1	0.022	5.3e-05	 0.869159	0.384760
NA	/data/songy4/tes/output/weights_case//ENST00000595940.5.wgt.RDat	ENST00000595940.5	19	4714187	4723830	0.0248	rs2613766	-2.505	rs1610093	 2.30e-02	  4.32	-0.93956	15	 1	top1	0.023	3.1e-05	-0.939560	0.347443
NA	/data/songy4/tes/output/weights_case//ENST00000595991.1.wgt.RDat	ENST00000595991.1	19	51817684	51825808	0.0444	rs268909	-3.112	rs11673446	 2.19e-02	  4.40	-1.75523	53	 7	enet	0.031	1.8e-06	-1.005883	0.314472
NA	/data/songy4/tes/output/weights_case//ENST00000596285.5.wgt.RDat	ENST00000596285.5	19	14690055	14699411	0.0351	rs11668412	 2.164	rs8113491	 3.37e-02	 -4.97	 0.74490	22	 1	top1	0.034	5.6e-07	-0.744898	0.456333
NA	/data/songy4/tes/output/weights_case//ENST00000596237.5.wgt.RDat	ENST00000596237.5	19	21505604	21518988	0.0392	rs11085420	 1.585	rs12976221	 2.89e-02	 -4.75	-0.86916	 4	 1	top1	0.029	3.3e-06	 0.869159	0.384760
NA	/data/songy4/tes/output/weights_case//ENST00000596239.1.wgt.RDat	ENST00000596239.1	19	39485039	39485806	0.0213	rs2318898	-1.917	rs503355	-1.42e-03	 -2.78	 0.47179	12	 6	enet	0.00095	0.2	-0.822775	0.410636
NA	/data/songy4/tes/output/weights_case//ENST00000596126.1.wgt.RDat	ENST00000596126.1	19	21505613	21529147	0.0376	rs11085420	 1.585	rs12976221	 2.73e-02	 -4.66	-0.86916	 4	 3	enet	0.028	5.3e-06	 0.795870	0.426108
NA	/data/songy4/tes/output/weights_case//ENST00000596099.1.wgt.RDat	ENST00000596099.1	19	17282094	17283177	0.0362	rs9676419	 2.054	rs9676419	 9.40e-04	 -3.55	 2.05357	25	 9	enet	0.013	0.0016	-0.448202	0.654008
NA	/data/songy4/tes/output/weights_case//ENST00000596203.1.wgt.RDat	ENST00000596203.1	19	21494285	21499893	0.0417	rs11085420	 1.585	rs12976221	 6.93e-03	 -3.97	-0.86916	 4	 4	enet	0.02	9.5e-05	 0.106396	0.915268
NA	/data/songy4/tes/output/weights_case//ENST00000377697.1.wgt.RDat	ENST00000377697.1	19	46039748	46041016	0.0287	rs345409	-1.824	rs2072561	 9.20e-03	 -2.87	-0.73478	15	 1	top1	0.0092	0.0062	 0.734783	0.462472
NA	/data/songy4/tes/output/weights_case//ENST00000595376.1.wgt.RDat	ENST00000595376.1	19	48798810	48807792	0.0309	rs11564620	 3.141	rs3848542	 3.84e-03	 -2.95	 0.27434	24	13	enet	0.0039	0.053	 0.082669	0.934114
NA	/data/songy4/tes/output/weights_case//ENST00000595134.1.wgt.RDat	ENST00000595134.1	19	17009189	17013460	0.0511	rs9676419	 2.054	rs7259472	 4.01e-02	  5.49	-0.36527	22	 1	top1	0.04	4.9e-08	-0.365269	0.714910
NA	/data/songy4/tes/output/weights_case//ENST00000595177.1.wgt.RDat	ENST00000595177.1	19	38730678	38735422	0.0597	rs6508808	 1.529	rs973009	 5.93e-02	 -6.62	-0.77083	11	 1	top1	0.059	3.4e-11	 0.770833	0.440806
NA	/data/songy4/tes/output/weights_case//ENST00000595654.6.wgt.RDat	ENST00000595654.6	19	18267119	18274411	0.0395	rs8108675	-2.451	rs8108675	 2.85e-02	 -4.84	-2.45070	27	 1	top1	0.029	3.9e-06	 2.450704	0.014258
NA	/data/songy4/tes/output/weights_case//ENST00000595722.5.wgt.RDat	ENST00000595722.5	19	8209383	8262421	0.0905	NA	    NA	NA	       NA	    NA	      NA	22	 0	top1	0.092	1.1e-16	       NA	      NA
NA	/data/songy4/tes/output/weights_case//ENST00000221476.4.wgt.RDat	ENST00000221476.4	19	45306413	45322875	0.0512	rs17714646	-1.959	rs7260359	 2.55e-03	 -3.65	 1.69697	23	13	enet	0.02	1e-04	-0.752555	0.451718
NA	/data/songy4/tes/output/weights_case//ENST00000640515.1.wgt.RDat	ENST00000640515.1	19	6953066	6997851	0.0407	rs308200	 2.800	rs7260552	 3.34e-04	  3.15	-1.58400	32	14	enet	0.0034	0.067	-2.689332	0.007160
NA	/data/songy4/tes/output/weights_case//ENST00000592659.1.wgt.RDat	ENST00000592659.1	19	11577301	11578954	0.0325	rs12985274	-1.929	rs7254781	 8.06e-03	  3.25	-0.70408	 9	 5	enet	0.024	2.5e-05	-1.229999	0.218698
NA	/data/songy4/tes/output/weights_case//ENST00000221496.5.wgt.RDat	ENST00000221496.5	19	2249323	2252073	0.0249	rs12982784	 4.186	rs7253181	 1.09e-02	 -3.83	 1.61864	26	 3	lasso	0.017	0.00027	-1.300247	0.193516
NA	/data/songy4/tes/output/weights_case//ENST00000592675.1.wgt.RDat	ENST00000592675.1	19	11192881	11195685	0.0184	rs4804148	 1.613	rs17616661	 1.84e-02	 -3.84	 0.25581	 7	 1	top1	0.018	0.00018	-0.255814	0.798094
NA	/data/songy4/tes/output/weights_case//ENST00000592710.1.wgt.RDat	ENST00000592710.1	19	15879637	15886501	0.0486	rs1273516	 2.529	rs4646522	 1.40e-02	 -5.16	-0.42268	14	 4	enet	0.025	1.6e-05	 0.220955	0.825127
NA	/data/songy4/tes/output/weights_case//ENST00000633719.1.wgt.RDat	ENST00000633719.1	19	62113	66524	0.0162	rs2303810	-1.714	rs8106333	-1.41e-03	  2.65	-0.53750	 7	 6	enet	-0.00036	0.39	-0.079212	0.936864
NA	/data/songy4/tes/output/weights_case//ENST00000592901.1.wgt.RDat	ENST00000592901.1	19	45641672	45645356	0.2171	rs345409	-1.824	rs2286756	 2.18e-01	 12.44	-0.47059	21	 1	top1	0.22	1.4e-39	-0.470588	0.637935
NA	/data/songy4/tes/output/weights_case//ENST00000592903.5.wgt.RDat	ENST00000592903.5	19	11194504	11197530	0.0167	rs4804148	 1.613	rs4804149	 1.41e-02	 -3.55	 0.00000	 7	 2	enet	0.021	5.5e-05	-0.141544	0.887440
NA	/data/songy4/tes/output/weights_case//ENST00000592877.1.wgt.RDat	ENST00000592877.1	19	2249309	2250749	0.0355	rs12982784	 4.186	rs7253181	 1.43e-02	 -4.61	 1.61864	26	 2	lasso	0.028	4.7e-06	-1.371867	0.170105
NA	/data/songy4/tes/output/weights_case//ENST00000592350.5.wgt.RDat	ENST00000592350.5	19	43960276	43967600	0.0230	rs8113762	 1.515	rs1994417	 2.37e-03	 -3.37	 1.00000	 9	 3	lasso	0.0071	0.015	-1.488705	0.136565
NA	/data/songy4/tes/output/weights_case//ENST00000592368.1.wgt.RDat	ENST00000592368.1	19	3558015	3558486	0.0366	NA	    NA	NA	       NA	    NA	      NA	 0	 0	enet	0.0029	0.08	       NA	      NA
NA	/data/songy4/tes/output/weights_case//ENST00000592434.5.wgt.RDat	ENST00000592434.5	19	44891231	44903686	0.0284	rs17714646	-1.959	rs157590	 2.70e-02	  4.65	 1.09474	19	 1	top1	0.027	7e-06	 1.094737	0.273632
NA	/data/songy4/tes/output/weights_case//ENST00000592423.1.wgt.RDat	ENST00000592423.1	19	55039108	55043107	0.0994	rs10419832	-1.955	rs1654410	 8.11e-02	 -7.66	-1.20792	34	 1	top1	0.081	7.8e-15	 1.207921	0.227078
NA	/data/songy4/tes/output/weights_case//ENST00000592332.1.wgt.RDat	ENST00000592332.1	19	9995997	9997163	0.0362	rs34561079	-2.663	rs889121	 3.00e-02	  4.97	-1.59794	15	 4	enet	0.031	1.4e-06	-1.284805	0.198860
NA	/data/songy4/tes/output/weights_case//ENST00000601413.5.wgt.RDat	ENST00000601413.5	19	53243556	53254821	0.0328	rs12982980	-2.844	rs10425203	 2.19e-03	  3.54	 0.94762	26	 4	enet	0.012	0.0022	 1.839305	0.065870
NA	/data/songy4/tes/output/weights_case//ENST00000592567.1.wgt.RDat	ENST00000592567.1	19	36973218	36991243	0.0777	rs7253228	 0.960	rs2967436	 5.15e-02	  6.26	-0.36082	 5	 3	enet	0.071	3.3e-13	-0.329538	0.741749
NA	/data/songy4/tes/output/weights_case//ENST00000592573.1.wgt.RDat	ENST00000592573.1	19	55044855	55063086	0.1104	rs10419832	-1.955	rs1671143	 8.09e-02	  7.65	-0.42857	34	 2	lasso	0.11	8.2e-20	 0.387454	0.698420
NA	/data/songy4/tes/output/weights_case//ENST00000592613.1.wgt.RDat	ENST00000592613.1	19	19900913	19909520	0.0340	rs17699261	 2.120	rs247792	 8.33e-03	  3.47	-0.65049	12	 7	enet	0.023	2.9e-05	-1.842396	0.065417
NA	/data/songy4/tes/output/weights_case//ENST00000601401.5.wgt.RDat	ENST00000601401.5	19	17281663	17282875	0.0508	rs9676419	 2.054	rs11666081	 2.36e-03	  3.14	 0.80000	25	16	enet	0.015	0.00061	 0.356584	0.721403
NA	/data/songy4/tes/output/weights_case//ENST00000592623.5.wgt.RDat	ENST00000592623.5	19	1438401	1440494	0.0335	rs1109555	 2.763	rs1558130	 4.55e-03	 -3.25	 1.46386	25	 1	top1	0.0045	0.04	-1.463855	0.143233
NA	/data/songy4/tes/output/weights_case//ENST00000592588.6.wgt.RDat	ENST00000592588.6	19	1438386	1440494	0.0322	rs1109555	 2.763	rs1558130	 7.10e-03	 -3.22	 1.46386	25	 1	top1	0.0071	0.014	-1.463855	0.143233
NA	/data/songy4/tes/output/weights_case//ENST00000592463.1.wgt.RDat	ENST00000592463.1	19	11206181	11208758	0.0588	rs4804148	 1.613	rs17616661	 6.05e-02	 -6.68	 0.25581	 7	 1	top1	0.06	2.1e-11	-0.255814	0.798094
NA	/data/songy4/tes/output/weights_case//ENST00000592518.1.wgt.RDat	ENST00000592518.1	19	35947115	35959192	0.0327	rs4805127	 2.556	rs1688005	-1.17e-03	  2.62	-1.99074	25	16	enet	0.0022	0.11	 0.469926	0.638408
NA	/data/songy4/tes/output/weights_case//ENST00000221700.11.wgt.RDat	ENST00000221700.11	19	15878023	15898074	0.0313	rs1273516	 2.529	rs4646522	 3.62e-03	 -3.06	-0.42268	14	10	enet	0.0054	0.028	-0.056839	0.954673
NA	/data/songy4/tes/output/weights_case//ENST00000593647.1.wgt.RDat	ENST00000593647.1	19	42369631	42377802	0.0207	rs11879090	 1.812	rs1056995	 1.26e-02	  3.78	-0.21849	 8	 2	lasso	0.017	0.00036	-0.646357	0.518048
NA	/data/songy4/tes/output/weights_case//ENST00000593653.1.wgt.RDat	ENST00000593653.1	19	21455331	21463897	0.0304	rs1964337	-1.724	rs12976221	 1.61e-02	 -3.81	-0.86916	 5	 1	top1	0.016	0.00043	 0.869159	0.384760
NA	/data/songy4/tes/output/weights_case//ENST00000593659.5.wgt.RDat	ENST00000593659.5	19	18267336	18274430	0.0349	rs8108675	-2.451	rs8108675	 2.57e-02	 -4.66	-2.45070	27	 1	top1	0.026	1.1e-05	 2.450704	0.014258
NA	/data/songy4/tes/output/weights_case//ENST00000593700.5.wgt.RDat	ENST00000593700.5	19	38730458	38735677	0.0415	rs6508808	 1.529	rs973009	 4.38e-02	 -5.79	-0.77083	11	 1	top1	0.044	1.2e-08	 0.770833	0.440806
NA	/data/songy4/tes/output/weights_case//ENST00000593581.5.wgt.RDat	ENST00000593581.5	19	8374379	8390685	0.0348	rs1104768	 1.941	rs8106916	 2.24e-03	  3.07	 1.28824	18	10	enet	0.0034	0.066	 0.368086	0.712809
NA	/data/songy4/tes/output/weights_case//ENST00000593558.1.wgt.RDat	ENST00000593558.1	19	6953211	6954904	0.0519	rs308200	 2.800	rs7260552	 3.78e-05	  3.25	-1.58400	32	16	enet	0.014	9e-04	-3.370812	0.000749
NA	/data/songy4/tes/output/weights_case//ENST00000593942.5.wgt.RDat	ENST00000593942.5	19	7476876	7497449	0.0234	rs11665875	 2.108	rs1363938	 2.40e-03	 -2.84	-0.36318	22	10	enet	0.0037	0.057	-0.933352	0.350638
NA	/data/songy4/tes/output/weights_case//ENST00000623035.1.wgt.RDat	ENST00000623035.1	19	20926777	20928714	0.0581	rs274814	 3.047	rs11085420	 3.70e-02	 -5.40	 1.58491	 8	 4	enet	0.051	9.4e-10	-1.580996	0.113879
NA	/data/songy4/tes/output/weights_case//ENST00000593052.5.wgt.RDat	ENST00000593052.5	19	1438419	1440494	0.0328	rs1109555	 2.763	rs1558130	 4.51e-03	 -3.24	 1.46386	25	 1	top1	0.0045	0.041	-1.463855	0.143233
NA	/data/songy4/tes/output/weights_case//ENST00000593060.5.wgt.RDat	ENST00000593060.5	19	55006193	55048086	0.1436	rs10419832	-1.955	rs1671143	 1.18e-01	  9.27	-0.42857	34	 2	lasso	0.14	7.4e-25	 0.179203	0.857778
NA	/data/songy4/tes/output/weights_case//ENST00000593029.1.wgt.RDat	ENST00000593029.1	19	1598049	1605443	0.0353	rs3760994	-2.157	rs1558130	 1.66e-03	 -3.21	 1.46386	26	 1	top1	0.0017	0.14	-1.463855	0.143233
NA	/data/songy4/tes/output/weights_case//ENST00000593395.1.wgt.RDat	ENST00000593395.1	19	51927147	51936125	0.0343	rs268909	-3.112	rs12461478	 4.16e-02	  5.73	 0.34343	49	 1	top1	0.042	2.7e-08	 0.343434	0.731272
NA	/data/songy4/tes/output/weights_case//ENST00000593379.1.wgt.RDat	ENST00000593379.1	19	51927484	51942820	0.0337	rs268909	-3.112	rs12461478	 3.97e-02	  5.52	 0.34343	49	 1	top1	0.04	5.6e-08	 0.343434	0.731272
NA	/data/songy4/tes/output/weights_case//ENST00000593420.5.wgt.RDat	ENST00000593420.5	19	16947082	16976068	0.0581	rs9676419	 2.054	rs7259472	 5.41e-03	  3.73	-0.36527	23	12	enet	0.025	1.7e-05	-1.043592	0.296674
NA	/data/songy4/tes/output/weights_case//ENST00000639800.1.wgt.RDat	ENST00000639800.1	19	15852111	15863802	0.2887	rs1273516	 2.529	rs16980881	 2.43e-01	-13.28	-0.44898	14	 1	top1	0.24	1.2e-44	 0.448980	0.653446
NA	/data/songy4/tes/output/weights_case//ENST00000593245.5.wgt.RDat	ENST00000593245.5	19	13764549	13768557	0.0264	rs4926290	 2.369	rs10411263	 7.34e-03	 -3.85	 0.92727	22	 1	top1	0.0073	0.013	-0.927273	0.353785
NA	/data/songy4/tes/output/weights_case//ENST00000639977.1.wgt.RDat	ENST00000639977.1	19	6952533	6997868	0.0411	rs308200	 2.800	rs7260552	 3.34e-04	  3.12	-1.58400	32	 3	lasso	0.0042	0.047	-1.528242	0.126452
NA	/data/songy4/tes/output/weights_case//ENST00000593264.5.wgt.RDat	ENST00000593264.5	19	1598049	1602129	0.0358	rs3760994	-2.157	rs1558130	-7.44e-04	 -3.02	 1.46386	26	 1	top1	-0.00074	0.49	-1.463855	0.143233
NA	/data/songy4/tes/output/weights_case//ENST00000492328.1.wgt.RDat	ENST00000492328.1	19	20078037	20080319	0.0351	rs11668038	-2.149	rs247792	-1.06e-03	  2.45	-0.65049	13	12	enet	0.0034	0.065	-0.034796	0.972243
NA	/data/songy4/tes/output/weights_case//ENST00000599524.1.wgt.RDat	ENST00000599524.1	19	21593685	21594628	0.0448	rs11085420	 1.585	rs12976221	 3.34e-02	 -5.19	-0.86916	 4	 3	enet	0.034	5.6e-07	 0.797062	0.425415
NA	/data/songy4/tes/output/weights_case//ENST00000599528.1.wgt.RDat	ENST00000599528.1	19	18267379	18274430	0.0330	rs8108675	-2.451	rs8108675	 2.45e-02	 -4.60	-2.45070	27	 1	top1	0.025	1.8e-05	 2.450704	0.014258
NA	/data/songy4/tes/output/weights_case//ENST00000599513.1.wgt.RDat	ENST00000599513.1	19	40407457	40408243	0.0373	rs12986299	-3.500	rs7258698	 2.56e-02	  4.55	 1.12500	14	 1	top1	0.026	1.2e-05	 1.125000	0.260589
NA	/data/songy4/tes/output/weights_case//ENST00000599847.5.wgt.RDat	ENST00000599847.5	19	57499939	57518404	0.0879	rs7255276	-2.724	rs886336	 9.86e-02	 -8.46	-0.76000	35	 1	top1	0.099	8.2e-18	 0.760000	0.447255
NA	/data/songy4/tes/output/weights_case//ENST00000599665.5.wgt.RDat	ENST00000599665.5	19	52970762	52993526	0.0336	rs12982980	-2.844	rs10425203	 5.13e-03	  2.83	 0.94762	26	 1	top1	0.0051	0.032	 0.947619	0.343323
NA	/data/songy4/tes/output/weights_case//ENST00000599047.1.wgt.RDat	ENST00000599047.1	19	41829692	41830938	0.0883	rs10417924	 2.200	rs734108	 6.68e-02	 -7.31	-0.78750	12	 1	top1	0.067	1.9e-12	 0.787500	0.430989
NA	/data/songy4/tes/output/weights_case//ENST00000599078.1.wgt.RDat	ENST00000599078.1	19	21483715	21503238	0.0507	rs11085420	 1.585	rs12976221	 1.08e-02	 -4.24	-0.86916	 4	 4	enet	0.037	1.9e-07	 0.293708	0.768981
NA	/data/songy4/tes/output/weights_case//ENST00000598999.1.wgt.RDat	ENST00000598999.1	19	8486158	8487184	0.0267	rs1104768	 1.941	rs8106916	 1.14e-02	  3.10	 1.28824	18	 1	top1	0.011	0.0027	 1.288235	0.197664
NA	/data/songy4/tes/output/weights_case//ENST00000599324.1.wgt.RDat	ENST00000599324.1	19	15124563	15125716	0.0301	rs1114312	-2.800	rs1114312	 2.65e-02	 -4.56	-2.80000	16	 1	top1	0.027	8.3e-06	 2.800000	0.005110
NA	/data/songy4/tes/output/weights_case//ENST00000599242.1.wgt.RDat	ENST00000599242.1	19	43496018	43504935	0.0494	rs6509018	 1.769	rs2682551	 4.79e-02	  5.96	 0.31250	 5	 1	top1	0.048	2.6e-09	 0.312500	0.754661
NA	/data/songy4/tes/output/weights_case//ENST00000599275.1.wgt.RDat	ENST00000599275.1	19	8261627	8262421	0.0715	NA	    NA	NA	       NA	    NA	      NA	21	 0	top1	0.07	5.8e-13	       NA	      NA
NA	/data/songy4/tes/output/weights_case//ENST00000600659.3.wgt.RDat	ENST00000600659.3	19	8321496	8323340	0.0455	rs1104768	 1.941	rs7250584	 8.11e-03	  3.89	-0.15385	20	 8	enet	0.027	6.6e-06	 0.016156	0.987110
NA	/data/songy4/tes/output/weights_case//ENST00000600408.1.wgt.RDat	ENST00000600408.1	19	43767577	43772107	0.0270	rs8113762	 1.515	rs8113762	-1.20e-03	  2.26	 1.51456	10	10	enet	0.018	0.00023	-0.133021	0.894176
NA	/data/songy4/tes/output/weights_case//ENST00000600535.1.wgt.RDat	ENST00000600535.1	19	21084020	21091758	0.0251	rs274814	 3.047	rs12976221	 1.90e-02	 -3.92	-0.86916	 7	 1	top1	0.019	0.00014	 0.869159	0.384760
NA	/data/songy4/tes/output/weights_case//ENST00000600469.6.wgt.RDat	ENST00000600469.6	19	21452889	21463873	0.0312	rs1964337	-1.724	rs12976221	 1.68e-02	 -3.77	-0.86916	 5	 5	enet	0.018	0.00024	 1.909205	0.056236
NA	/data/songy4/tes/output/weights_case//ENST00000600495.1.wgt.RDat	ENST00000600495.1	19	40846029	40850447	0.0271	rs814528	 1.312	rs814528	-9.35e-04	 -2.46	 1.31250	11	 9	enet	0.0073	0.013	-0.418250	0.675764
NA	/data/songy4/tes/output/weights_case//ENST00000600967.5.wgt.RDat	ENST00000600967.5	19	40673444	40682924	0.0254	rs12986299	-3.500	rs814528	-6.51e-04	 -2.44	 1.31250	13	 9	enet	-0.00015	0.35	 0.024329	0.980590
NA	/data/songy4/tes/output/weights_case//ENST00000600907.1.wgt.RDat	ENST00000600907.1	19	21637974	21656300	0.0600	rs11085420	 1.585	rs12976221	 4.69e-02	 -6.08	-0.86916	 4	 3	enet	0.047	3.7e-09	 0.821459	0.411385
NA	/data/songy4/tes/output/weights_case//ENST00000600912.5.wgt.RDat	ENST00000600912.5	19	8209376	8214529	0.1097	NA	    NA	NA	       NA	    NA	      NA	22	 0	top1	0.11	9.9e-20	       NA	      NA
NA	/data/songy4/tes/output/weights_case//ENST00000601023.2.wgt.RDat	ENST00000601023.2	19	20936664	20950697	0.0174	rs274814	 3.047	rs12976221	 1.63e-02	 -3.80	-0.86916	 8	 1	top1	0.016	4e-04	 0.869159	0.384760
NA	/data/songy4/tes/output/weights_case//ENST00000600751.6.wgt.RDat	ENST00000600751.6	19	6952500	6997872	0.0434	rs308200	 2.800	rs7260552	 2.26e-03	  3.23	-1.58400	32	14	enet	0.0046	0.039	-2.880019	0.003977
NA	/data/songy4/tes/output/weights_case//ENST00000600827.1.wgt.RDat	ENST00000600827.1	19	21521343	21521896	0.0293	rs11085420	 1.585	rs12976221	 2.12e-02	 -4.25	-0.86916	 4	 1	top1	0.021	6.2e-05	 0.869159	0.384760
NA	/data/songy4/tes/output/weights_case//ENST00000599996.1.wgt.RDat	ENST00000599996.1	19	38915404	38949855	0.0340	rs10405150	 1.651	rs10401843	 3.14e-02	 -4.85	-0.62887	14	 1	top1	0.031	1.3e-06	 0.628866	0.529437
NA	/data/songy4/tes/output/weights_case//ENST00000599993.6.wgt.RDat	ENST00000599993.6	19	21452568	21463896	0.0303	rs1964337	-1.724	rs12976221	 1.60e-02	 -3.75	-0.86916	 5	 5	enet	0.017	0.00033	 1.884950	0.059437
NA	/data/songy4/tes/output/weights_case//ENST00000011989.11.wgt.RDat	ENST00000011989.11	19	15878300	15898057	0.0305	rs1273516	 2.529	rs4646522	-3.20e-04	 -2.75	-0.42268	14	11	enet	0.0065	0.018	-0.126596	0.899260
NA	/data/songy4/tes/output/weights_case//ENST00000600262.1.wgt.RDat	ENST00000600262.1	19	8499196	8502634	0.0324	rs1104768	 1.941	rs12977861	 6.68e-03	  3.33	-0.34328	17	 2	lasso	0.012	0.0021	 0.498802	0.617919
NA	/data/songy4/tes/output/weights_case//ENST00000600178.5.wgt.RDat	ENST00000600178.5	19	38816935	38831789	0.0152	rs6508808	 1.529	rs1035525	 3.93e-03	 -3.66	 1.22321	12	 2	enet	0.0073	0.013	-0.477159	0.633249
NA	/data/songy4/tes/output/weights_case//ENST00000597214.1.wgt.RDat	ENST00000597214.1	19	35371290	35372471	0.0413	rs1687983	-2.233	rs12462800	 3.49e-02	  5.06	 0.03620	22	 1	top1	0.035	3.4e-07	 0.036199	0.971124
NA	/data/songy4/tes/output/weights_case//ENST00000379695.5.wgt.RDat	ENST00000379695.5	19	17816514	17821574	0.0729	rs9676419	 2.054	rs3761049	 6.24e-03	  5.05	 0.18121	31	 9	enet	0.049	1.7e-09	 0.062101	0.950483
NA	/data/songy4/tes/output/weights_case//ENST00000597184.5.wgt.RDat	ENST00000597184.5	19	43766822	43769157	0.0254	rs8113762	 1.515	rs2682551	-1.40e-03	  2.02	 0.31250	10	10	enet	0.018	0.00024	-0.367501	0.713245
NA	/data/songy4/tes/output/weights_case//ENST00000597078.5.wgt.RDat	ENST00000597078.5	19	21505604	21555397	0.0503	rs11085420	 1.585	rs12976221	 3.59e-02	 -5.34	-0.86916	 4	 4	enet	0.041	3.4e-08	 0.924750	0.355096
NA	/data/songy4/tes/output/weights_case//ENST00000597083.5.wgt.RDat	ENST00000597083.5	19	20167228	20188776	0.0177	rs11668038	-2.149	rs7251035	 6.42e-03	  3.24	-0.17822	14	 3	lasso	0.0066	0.018	-0.681715	0.495419
NA	/data/songy4/tes/output/weights_case//ENST00000597169.1.wgt.RDat	ENST00000597169.1	19	17391429	17392284	0.0359	rs9676419	 2.054	rs12978632	-4.05e-05	 -2.93	-1.19388	25	 5	lasso	0.00036	0.26	 0.985421	0.324417
NA	/data/songy4/tes/output/weights_case//ENST00000597111.5.wgt.RDat	ENST00000597111.5	19	52888192	52897654	0.0380	rs12982980	-2.844	rs9304727	 3.17e-02	 -5.08	-1.37624	22	 1	top1	0.032	1.2e-06	 1.376238	0.168748
NA	/data/songy4/tes/output/weights_case//ENST00000597556.1.wgt.RDat	ENST00000597556.1	19	21505699	21507675	0.0259	rs11085420	 1.585	rs12976221	 1.87e-02	 -3.88	-0.86916	 4	 1	top1	0.019	0.00016	 0.869159	0.384760
NA	/data/songy4/tes/output/weights_case//ENST00000597372.2.wgt.RDat	ENST00000597372.2	19	6954659	6990798	0.0435	rs308200	 2.800	rs7260552	 2.38e-03	  3.28	-1.58400	32	15	enet	0.0044	0.043	-2.778487	0.005461
NA	/data/songy4/tes/output/weights_case//ENST00000597354.1.wgt.RDat	ENST00000597354.1	19	38731168	38735624	0.0693	rs6508808	 1.529	rs973009	 6.34e-02	 -6.85	-0.77083	11	 9	enet	0.064	5.7e-12	 0.237694	0.812119
NA	/data/songy4/tes/output/weights_case//ENST00000597444.6.wgt.RDat	ENST00000597444.6	19	21448051	21463886	0.0324	rs1964337	-1.724	rs12976221	 1.46e-02	 -3.50	-0.86916	 5	 5	enet	0.02	0.00011	 1.807029	0.070758
NA	/data/songy4/tes/output/weights_case//ENST00000596623.2.wgt.RDat	ENST00000596623.2	19	52908169	52923470	0.0372	rs12982980	-2.844	rs723864	 3.60e-02	 -5.26	-0.11765	23	 1	top1	0.036	2.3e-07	 0.117647	0.906347
NA	/data/songy4/tes/output/weights_case//ENST00000596587.1.wgt.RDat	ENST00000596587.1	19	56545566	56567411	0.0367	rs751729	-2.524	rs2286423	 4.57e-02	 -6.11	 0.63918	34	 1	top1	0.046	5.9e-09	-0.639175	0.522709
NA	/data/songy4/tes/output/weights_case//ENST00000596694.1.wgt.RDat	ENST00000596694.1	19	46057674	46077118	0.0297	rs10403760	-3.233	rs1114090	 1.99e-03	 -3.39	 0.13761	18	 9	enet	0.0058	0.024	-0.603947	0.545879
NA	/data/songy4/tes/output/weights_case//ENST00000596705.5.wgt.RDat	ENST00000596705.5	19	21444241	21463908	0.0436	rs1964337	-1.724	rs12976221	 2.22e-02	 -4.24	-0.86916	 5	 5	enet	0.029	3.6e-06	 1.833969	0.066659
NA	/data/songy4/tes/output/weights_case//ENST00000596653.1.wgt.RDat	ENST00000596653.1	19	50360945	50365787	0.0334	NA	    NA	NA	       NA	    NA	      NA	18	 0	enet	0.0072	0.014	       NA	      NA
NA	/data/songy4/tes/output/weights_case//ENST00000493504.1.wgt.RDat	ENST00000493504.1	19	58575460	58584397	0.0191	NA	    NA	NA	       NA	    NA	      NA	 7	 0	top1	0.016	0.00044	       NA	      NA
NA	/data/songy4/tes/output/weights_case//ENST00000596718.5.wgt.RDat	ENST00000596718.5	19	21483374	21499298	0.0376	rs11085420	 1.585	rs1829501	 6.39e-03	  3.81	 0.02353	 4	 2	lasso	0.023	2.6e-05	 0.501408	0.616084
NA	/data/songy4/tes/output/weights_case//ENST00000596996.1.wgt.RDat	ENST00000596996.1	19	21570822	21587322	0.0399	rs11085420	 1.585	rs12976221	 3.30e-02	 -5.11	-0.86916	 4	 1	top1	0.033	7.2e-07	 0.869159	0.384760
NA	/data/songy4/tes/output/weights_case//ENST00000597006.1.wgt.RDat	ENST00000597006.1	19	20838515	20847417	0.0696	rs274814	 3.047	rs17618360	 5.15e-02	 -6.18	 0.00541	 8	 1	top1	0.052	6.5e-10	-0.005405	0.995687
NA	/data/songy4/tes/output/weights_case//ENST00000596902.1.wgt.RDat	ENST00000596902.1	19	43501530	43504644	0.0569	rs6509018	 1.769	rs2682551	 5.28e-02	  6.24	 0.31250	 5	 1	top1	0.053	4e-10	 0.312500	0.754661
NA	/data/songy4/tes/output/weights_case//ENST00000596742.1.wgt.RDat	ENST00000596742.1	19	51491357	51501772	0.1244	rs268909	-3.112	rs11668530	 9.59e-02	 -8.38	 1.06122	53	 1	top1	0.096	2.3e-17	-1.061224	0.288588
NA	/data/songy4/tes/output/weights_case//ENST00000596834.1.wgt.RDat	ENST00000596834.1	19	17282049	17283048	0.0453	rs9676419	 2.054	rs9676419	 7.82e-04	 -3.22	 2.05357	25	14	enet	0.024	2.3e-05	-0.025574	0.979597
NA	/data/songy4/tes/output/weights_case//ENST00000598450.1.wgt.RDat	ENST00000598450.1	19	15124160	15126174	0.0546	rs1114312	-2.800	rs1114312	 3.40e-02	 -5.08	-2.80000	16	 4	lasso	0.037	1.4e-07	 1.428508	0.153146
NA	/data/songy4/tes/output/weights_case//ENST00000598577.1.wgt.RDat	ENST00000598577.1	19	17816513	17821505	0.0666	rs9676419	 2.054	rs3761049	 1.73e-02	  5.12	 0.18121	31	 7	enet	0.051	7.7e-10	-0.157490	0.874859
NA	/data/songy4/tes/output/weights_case//ENST00000598304.5.wgt.RDat	ENST00000598304.5	19	39679393	39685251	0.0205	rs2318898	-1.917	rs8103033	 1.82e-02	 -3.81	-1.83333	15	 1	top1	0.018	0.00019	 1.833333	0.066753
NA	/data/songy4/tes/output/weights_case//ENST00000598343.5.wgt.RDat	ENST00000598343.5	19	38921392	38930759	0.0175	rs10405150	 1.651	rs973009	 1.60e-03	 -3.39	-0.77083	13	 3	lasso	0.0023	0.1	 0.000498	0.999603
NA	/data/songy4/tes/output/weights_case//ENST00000598362.1.wgt.RDat	ENST00000598362.1	19	35013607	35014879	0.0353	rs12611086	 2.781	rs1609909	 1.94e-02	  3.98	-0.11000	10	 1	top1	0.019	0.00012	-0.110000	0.912409
NA	/data/songy4/tes/output/weights_case//ENST00000598773.5.wgt.RDat	ENST00000598773.5	19	40673552	40689592	0.0354	rs12986299	-3.500	rs3922314	 8.32e-03	  3.74	-0.12871	13	 3	enet	0.021	6.6e-05	-0.645624	0.518523
NA	/data/songy4/tes/output/weights_case//ENST00000598828.1.wgt.RDat	ENST00000598828.1	19	49290691	49325215	0.0290	rs4802550	 2.323	rs2387579	 4.59e-04	  2.90	-1.39098	19	 2	lasso	0.0011	0.19	-1.725024	0.084523
NA	/data/songy4/tes/output/weights_case//ENST00000598836.1.wgt.RDat	ENST00000598836.1	19	43766586	43769827	0.0293	rs8113762	 1.515	rs2682551	 8.23e-05	  2.32	 0.31250	10	10	enet	0.021	5.8e-05	-0.347147	0.728481
NA	/data/songy4/tes/output/weights_case//ENST00000489693.2.wgt.RDat	ENST00000489693.2	19	38352415	38360580	0.0197	rs705503	 0.828	rs3786873	 1.50e-02	  3.69	-0.75591	 6	 1	top1	0.015	0.00066	-0.755906	0.449706
NA	/data/songy4/tes/output/weights_case//ENST00000598747.1.wgt.RDat	ENST00000598747.1	19	21505641	21507664	0.0246	rs11085420	 1.585	rs12976221	 1.78e-02	 -3.81	-0.86916	 4	 1	top1	0.018	0.00023	 0.869159	0.384760
NA	/data/songy4/tes/output/weights_case//ENST00000597909.5.wgt.RDat	ENST00000597909.5	19	52863866	52897693	0.0301	rs12982980	-2.844	rs12982980	 8.08e-03	 -3.93	-2.84404	23	 2	lasso	0.02	9.2e-05	 3.124528	0.001781
NA	/data/songy4/tes/output/weights_case//ENST00000597716.1.wgt.RDat	ENST00000597716.1	19	38730534	38736991	0.0451	rs6508808	 1.529	rs973009	 3.32e-02	 -5.26	-0.77083	11	 1	top1	0.033	6.5e-07	 0.770833	0.440806
NA	/data/songy4/tes/output/weights_case//ENST00000598027.1.wgt.RDat	ENST00000598027.1	19	46838446	46839656	0.0296	rs10403760	-3.233	rs313853	 2.30e-02	 -4.25	-1.21212	17	 1	top1	0.023	3.2e-05	 1.212121	0.225466
NA	/data/songy4/tes/output/weights_case//ENST00000597987.5.wgt.RDat	ENST00000597987.5	19	38730274	38735405	0.0273	rs6508808	 1.529	rs973009	 3.26e-02	 -5.15	-0.77083	11	 1	top1	0.033	8.2e-07	 0.770833	0.440806
NA	/data/songy4/tes/output/weights_case//ENST00000589560.2.wgt.RDat	ENST00000589560.2	19	15664106	15669826	0.0718	rs1114312	-2.800	rs4646522	 2.49e-02	 -4.57	-0.42268	17	12	enet	0.045	7.3e-09	 0.562855	0.573533
NA	/data/songy4/tes/output/weights_case//ENST00000589605.5.wgt.RDat	ENST00000589605.5	19	55048657	55059174	0.0925	rs10419832	-1.955	rs1671143	 7.74e-02	  7.48	-0.42857	34	 2	lasso	0.098	1.1e-17	 0.285091	0.775575
NA	/data/songy4/tes/output/weights_case//ENST00000360844.6.wgt.RDat	ENST00000360844.6	19	51642553	51646801	0.1012	rs268909	-3.112	rs8105105	 3.64e-02	 -5.65	 1.21285	54	11	enet	0.053	3.6e-10	-0.643589	0.519842
NA	/data/songy4/tes/output/weights_case//ENST00000589656.6.wgt.RDat	ENST00000589656.6	19	1438405	1440488	0.0321	rs1109555	 2.763	rs1558130	 7.09e-03	 -3.21	 1.46386	25	 1	top1	0.0071	0.014	-1.463855	0.143233
NA	/data/songy4/tes/output/weights_case//ENST00000589305.5.wgt.RDat	ENST00000589305.5	19	55050874	55063119	0.0709	rs10419832	-1.955	rs1654410	 4.45e-02	 -6.72	-1.20792	34	 2	lasso	0.071	4.5e-13	 0.657130	0.511098
NA	/data/songy4/tes/output/weights_case//ENST00000589290.1.wgt.RDat	ENST00000589290.1	19	13764581	13768581	0.0244	rs4926290	 2.369	rs10411263	 6.97e-03	 -3.77	 0.92727	22	 1	top1	0.007	0.015	-0.927273	0.353785
NA	/data/songy4/tes/output/weights_case//ENST00000589345.6.wgt.RDat	ENST00000589345.6	19	15851993	15864904	0.3009	rs1273516	 2.529	rs16980881	 2.66e-01	-13.83	-0.44898	14	 1	top1	0.27	2.5e-49	 0.448980	0.653446
NA	/data/songy4/tes/output/weights_case//ENST00000589313.2.wgt.RDat	ENST00000589313.2	19	2249744	2251607	0.0266	rs12982784	 4.186	rs7253181	 2.26e-02	 -4.34	 1.61864	26	 1	top1	0.023	3.6e-05	-1.618644	0.105524
NA	/data/songy4/tes/output/weights_case//ENST00000420038.1.wgt.RDat	ENST00000420038.1	19	12450935	12460705	0.0550	rs10427027	 1.729	rs10153481	 4.08e-02	  5.48	-1.38281	 6	 6	enet	0.042	2.8e-08	-0.723658	0.469276
NA	/data/songy4/tes/output/weights_case//ENST00000586845.1.wgt.RDat	ENST00000586845.1	19	55006205	55043251	0.1496	rs10419832	-1.955	rs1671143	 1.27e-01	  9.55	-0.42857	34	 5	enet	0.16	8.6e-28	 0.283495	0.776798
NA	/data/songy4/tes/output/weights_case//ENST00000589457.2.wgt.RDat	ENST00000589457.2	19	567210	571745	0.0439	rs3787017	-2.622	rs4919850	 3.73e-02	 -5.43	 0.48295	23	 1	top1	0.037	1.4e-07	-0.482955	0.629128
NA	/data/songy4/tes/output/weights_case//ENST00000587398.1.wgt.RDat	ENST00000587398.1	19	10290977	10291747	0.0354	rs34561079	-2.663	rs7256672	 6.47e-03	 -3.79	-0.76000	17	 6	enet	0.013	0.0012	 0.270137	0.787055
NA	/data/songy4/tes/output/weights_case//ENST00000589359.5.wgt.RDat	ENST00000589359.5	19	11166558	11197547	0.0333	rs4804148	 1.613	rs17616661	 3.64e-02	 -5.35	 0.25581	 7	 1	top1	0.036	2e-07	-0.255814	0.798094
NA	/data/songy4/tes/output/weights_case//ENST00000497518.1.wgt.RDat	ENST00000497518.1	19	54164552	54168482	0.0531	rs2617693	 2.140	rs35034412	 4.80e-02	 -5.99	 0.12791	33	 1	top1	0.048	2.5e-09	-0.127907	0.898223
NA	/data/songy4/tes/output/weights_case//ENST00000590095.1.wgt.RDat	ENST00000590095.1	19	11195623	11196227	0.0228	rs4804148	 1.613	rs4804149	 1.21e-02	 -3.89	 0.00000	 7	 3	enet	0.022	4.9e-05	-0.023243	0.981456
NA	/data/songy4/tes/output/weights_case//ENST00000586656.5.wgt.RDat	ENST00000586656.5	19	1438405	1440233	0.0300	rs1109555	 2.763	rs1558130	 2.75e-03	 -3.01	 1.46386	25	 1	top1	0.0028	0.087	-1.463855	0.143233
NA	/data/songy4/tes/output/weights_case//ENST00000586657.1.wgt.RDat	ENST00000586657.1	19	20125545	20238452	0.0200	rs11668038	-2.149	rs247789	-3.74e-04	  3.08	-0.62609	14	 4	lasso	0.0022	0.11	-0.426206	0.669958
NA	/data/songy4/tes/output/weights_case//ENST00000586659.5.wgt.RDat	ENST00000586659.5	19	11164267	11197521	0.0521	rs4804148	 1.613	rs17616661	 5.42e-02	 -6.36	 0.25581	 7	 1	top1	0.054	2.3e-10	-0.255814	0.798094
NA	/data/songy4/tes/output/weights_case//ENST00000590212.1.wgt.RDat	ENST00000590212.1	19	45687511	45691917	0.0232	rs345409	-1.824	rs50871	-7.91e-04	  2.64	-1.13393	19	 9	enet	-0.00028	0.37	-0.013621	0.989133
NA	/data/songy4/tes/output/weights_case//ENST00000362574.1.wgt.RDat	ENST00000362574.1	19	12088245	12088346	0.0308	rs12985274	-1.929	rs2458998	 2.63e-02	 -4.86	-1.02727	 5	 1	top1	0.026	9.1e-06	 1.027273	0.304292
NA	/data/songy4/tes/output/weights_case//ENST00000602219.1.wgt.RDat	ENST00000602219.1	19	8487302	8489110	0.0618	rs1104768	 1.941	rs12977861	 8.62e-03	  4.34	-0.34328	18	12	enet	0.036	2.4e-07	 0.153498	0.878006
NA	/data/songy4/tes/output/weights_case//ENST00000602236.5.wgt.RDat	ENST00000602236.5	19	17226213	17227199	0.0344	rs9676419	 2.054	rs2288542	 1.35e-02	  3.43	-0.45263	24	 1	top1	0.013	0.0012	-0.452632	0.650814
NA	/data/songy4/tes/output/weights_case//ENST00000589994.5.wgt.RDat	ENST00000589994.5	19	14093050	14114188	0.0290	rs11668412	 2.164	rs10414182	 3.71e-03	  3.58	-1.63366	19	 8	enet	0.012	0.002	-1.357789	0.174531
NA	/data/songy4/tes/output/weights_case//ENST00000589880.1.wgt.RDat	ENST00000589880.1	19	1598049	1605436	0.0348	rs3760994	-2.157	rs1558130	-7.97e-04	 -3.05	 1.46386	26	13	enet	0.0017	0.14	-0.496171	0.619774
NA	/data/songy4/tes/output/weights_case//ENST00000589809.1.wgt.RDat	ENST00000589809.1	19	10583560	10587219	0.0310	rs34561079	-2.663	rs3745597	-1.41e-03	 -2.71	-0.45714	16	10	enet	0.0045	0.041	 0.516249	0.605680
NA	/data/songy4/tes/output/weights_case//ENST00000589783.1.wgt.RDat	ENST00000589783.1	19	9724008	9725086	0.0205	rs3760756	 2.248	rs12976807	 2.29e-02	  4.23	-0.05505	 9	 1	top1	0.023	3.2e-05	-0.055046	0.956102
NA	/data/songy4/tes/output/weights_case//ENST00000233596.8.wgt.RDat	ENST00000233596.8	19	1491181	1497927	0.0519	rs1109555	 2.763	rs197198	 2.32e-02	  5.00	-0.66667	22	 4	lasso	0.036	2.1e-07	-0.978788	0.327685
NA	/data/songy4/tes/output/weights_case//ENST00000233609.8.wgt.RDat	ENST00000233609.8	19	1438358	1440494	0.0321	rs1109555	 2.763	rs1558130	 6.89e-03	 -3.19	 1.46386	25	 1	top1	0.0069	0.016	-1.463855	0.143233
NA	/data/songy4/tes/output/weights_case//ENST00000589227.1.wgt.RDat	ENST00000589227.1	19	11796084	11798598	0.0260	rs12985274	-1.929	rs282749	 2.83e-02	 -4.82	-0.52000	 5	 1	top1	0.028	4.1e-06	 0.520000	0.603064
NA	/data/songy4/tes/output/weights_case//ENST00000586686.6.wgt.RDat	ENST00000586686.6	19	1438385	1440494	0.0322	rs1109555	 2.763	rs1558130	 7.10e-03	 -3.22	 1.46386	25	 1	top1	0.0071	0.014	-1.463855	0.143233
NA	/data/songy4/tes/output/weights_case//ENST00000589903.1.wgt.RDat	ENST00000589903.1	19	19900983	19927272	0.0226	rs17699261	 2.120	rs247792	 7.63e-03	  3.28	-0.65049	12	 1	top1	0.0076	0.012	-0.650485	0.515379
NA	/data/songy4/tes/output/weights_case//ENST00000589894.1.wgt.RDat	ENST00000589894.1	19	11169676	11194511	0.0351	rs4804148	 1.613	rs17616661	 3.83e-02	 -5.51	 0.25581	 7	 1	top1	0.038	9.6e-08	-0.255814	0.798094
NA	/data/songy4/tes/output/weights_case//ENST00000588534.1.wgt.RDat	ENST00000588534.1	19	2830558	2835772	0.0427	rs12982784	 4.186	rs759073	 2.97e-02	  4.72	-1.54264	35	 2	lasso	0.03	2e-06	-0.733183	0.463447
NA	/data/songy4/tes/output/weights_case//ENST00000588526.5.wgt.RDat	ENST00000588526.5	19	13764532	13768680	0.0249	rs4926290	 2.369	rs10411263	 6.55e-03	 -3.68	 0.92727	22	 2	lasso	0.018	2e-04	-0.436869	0.662206
NA	/data/songy4/tes/output/weights_case//ENST00000588651.1.wgt.RDat	ENST00000588651.1	19	11559461	11575567	0.0216	rs12985274	-1.929	rs8105461	 5.43e-03	  3.39	 1.42788	 9	 3	lasso	0.0099	0.0047	 1.145105	0.252166
NA	/data/songy4/tes/output/weights_case//ENST00000421584.5.wgt.RDat	ENST00000421584.5	19	54631074	54637076	0.0353	rs10419832	-1.955	rs1645784	 1.35e-03	 -3.13	 1.30314	32	 8	enet	0.0027	0.087	-0.243514	0.807608
NA	/data/songy4/tes/output/weights_case//ENST00000588596.1.wgt.RDat	ENST00000588596.1	19	36973561	36996455	0.0384	rs7253228	 0.960	rs2967436	 2.39e-02	  4.51	-0.36082	 5	 3	enet	0.032	1.1e-06	-0.417894	0.676025
NA	/data/songy4/tes/output/weights_case//ENST00000588634.1.wgt.RDat	ENST00000588634.1	19	11203628	11216168	0.0833	rs4804148	 1.613	rs17616661	 7.49e-02	 -7.39	 0.25581	 7	 1	top1	0.075	8.5e-14	-0.255814	0.798094
NA	/data/songy4/tes/output/weights_case//ENST00000605360.1.wgt.RDat	ENST00000605360.1	19	19870723	19871299	0.0173	rs17699261	 2.120	rs247792	 4.63e-03	  3.23	-0.65049	12	 3	lasso	0.0059	0.023	-1.170927	0.241628
NA	/data/songy4/tes/output/weights_case//ENST00000587317.1.wgt.RDat	ENST00000587317.1	19	11166309	11170415	0.0296	rs4804148	 1.613	rs17616661	 3.26e-02	 -5.06	 0.25581	 7	 1	top1	0.033	8.3e-07	-0.255814	0.798094
NA	/data/songy4/tes/output/weights_case//ENST00000588182.2.wgt.RDat	ENST00000588182.2	19	15852043	15862975	0.2675	rs1273516	 2.529	rs16980881	 2.41e-01	-13.18	-0.44898	14	 1	top1	0.24	3.1e-44	 0.448980	0.653446
NA	/data/songy4/tes/output/weights_case//ENST00000588301.5.wgt.RDat	ENST00000588301.5	19	45687463	45692316	0.0235	rs345409	-1.824	rs50871	-8.99e-04	  2.66	-1.13393	19	 9	enet	-8.5e-05	0.33	-0.017599	0.985959
NA	/data/songy4/tes/output/weights_case//ENST00000588387.2.wgt.RDat	ENST00000588387.2	19	14137146	14171264	0.0293	rs11668412	 2.164	rs2420416	 5.12e-03	  3.04	-0.73387	20	 4	lasso	0.0058	0.024	-0.751237	0.452510
NA	/data/songy4/tes/output/weights_case//ENST00000480257.1.wgt.RDat	ENST00000480257.1	19	54631262	54632055	0.0482	rs10419832	-1.955	rs1645784	 1.57e-02	 -4.46	 1.30314	32	 3	lasso	0.023	3.2e-05	-0.909882	0.362884
NA	/data/songy4/tes/output/weights_case//ENST00000221980.5.wgt.RDat	ENST00000221980.5	19	10289952	10296778	0.0429	rs34561079	-2.663	rs7256672	 1.88e-02	 -4.03	-0.76000	17	 1	top1	0.019	0.00016	 0.760000	0.447255
NA	/data/songy4/tes/output/weights_case//ENST00000587001.6.wgt.RDat	ENST00000587001.6	19	984332	994557	0.0370	rs1109555	 2.763	rs2074573	 5.46e-02	  6.34	 0.80208	30	 1	top1	0.055	2e-10	 0.802083	0.422505
NA	/data/songy4/tes/output/weights_case//ENST00000586945.5.wgt.RDat	ENST00000586945.5	19	55056653	55069529	0.0681	rs10419832	-1.955	rs1654410	 6.01e-02	 -6.81	-1.20792	34	 1	top1	0.06	2.5e-11	 1.207921	0.227078
NA	/data/songy4/tes/output/weights_case//ENST00000240587.5.wgt.RDat	ENST00000240587.5	19	31274945	31349436	0.0291	rs4805612	-1.950	rs4805612	 2.56e-02	  4.49	-1.95050	26	 1	top1	0.026	1.2e-05	-1.950495	0.051117
NA	/data/songy4/tes/output/weights_case//ENST00000586961.1.wgt.RDat	ENST00000586961.1	19	55027622	55044317	0.0978	rs10419832	-1.955	rs1654410	 7.32e-02	 -7.30	-1.20792	34	 2	lasso	0.083	3.5e-15	 0.815783	0.414624
NA	/data/songy4/tes/output/weights_case//ENST00000588787.5.wgt.RDat	ENST00000588787.5	19	11164270	11175947	0.0571	rs4804148	 1.613	rs17616661	 5.56e-02	 -6.42	 0.25581	 7	 1	top1	0.056	1.4e-10	-0.255814	0.798094
NA	/data/songy4/tes/output/weights_case//ENST00000588724.5.wgt.RDat	ENST00000588724.5	19	11193946	11197548	0.0187	rs4804148	 1.613	rs4804149	 1.92e-02	 -3.88	 0.00000	 7	 2	lasso	0.02	8.6e-05	-0.075906	0.939494
NA	/data/songy4/tes/output/weights_case//ENST00000603714.1.wgt.RDat	ENST00000603714.1	19	19856975	19857527	0.0164	rs17699261	 2.120	rs7251035	-4.29e-04	  2.75	-0.17822	12	 8	enet	0.003	0.078	-0.895758	0.370382
NA	/data/songy4/tes/output/weights_case//ENST00000588750.5.wgt.RDat	ENST00000588750.5	19	44914247	44919342	0.0237	rs17714646	-1.959	rs1236716	 2.47e-03	  2.76	 1.51969	20	 5	enet	0.009	0.0068	-0.354182	0.723202
NA	/data/songy4/tes/output/weights_case//ENST00000588908.5.wgt.RDat	ENST00000588908.5	19	567221	571736	0.0492	rs3787017	-2.622	rs4919850	 4.13e-02	 -5.68	 0.48295	23	 1	top1	0.041	3.1e-08	-0.482955	0.629128
NA	/data/songy4/tes/output/weights_case//ENST00000586004.1.wgt.RDat	ENST00000586004.1	19	10290024	10291708	0.0304	rs34561079	-2.663	rs7256672	 1.41e-02	 -3.59	-0.76000	17	 1	top1	0.014	0.00093	 0.760000	0.447255
NA	/data/songy4/tes/output/weights_case//ENST00000591581.1.wgt.RDat	ENST00000591581.1	19	44871853	44878938	0.0271	NA	    NA	NA	       NA	    NA	      NA	 0	 0	enet	-0.0012	0.69	       NA	      NA
NA	/data/songy4/tes/output/weights_case//ENST00000601828.5.wgt.RDat	ENST00000601828.5	19	53243333	53254846	0.0321	rs12982980	-2.844	rs11668097	 2.53e-03	 -2.92	-0.98140	26	 1	top1	0.0025	0.096	 0.981395	0.326398
NA	/data/songy4/tes/output/weights_case//ENST00000591692.1.wgt.RDat	ENST00000591692.1	19	36173406	36173853	0.0310	rs4805127	 2.556	rs6510524	 1.57e-03	  3.16	-0.75460	21	 3	lasso	0.0039	0.053	-1.092332	0.274687
NA	/data/songy4/tes/output/weights_case//ENST00000591688.5.wgt.RDat	ENST00000591688.5	19	13764549	13768870	0.0227	rs4926290	 2.369	rs10411263	 6.64e-03	 -3.73	 0.92727	22	 1	top1	0.0066	0.017	-0.927273	0.353785
NA	/data/songy4/tes/output/weights_case//ENST00000591603.1.wgt.RDat	ENST00000591603.1	19	55063041	55064368	0.0397	rs10419832	-1.955	rs1654410	 1.99e-02	 -4.60	-1.20792	34	 1	top1	0.02	1e-04	 1.207921	0.227078
NA	/data/songy4/tes/output/weights_case//ENST00000641827.1.wgt.RDat	ENST00000641827.1	19	40818414	40826471	0.0240	rs12986299	-3.500	rs11881124	-6.37e-04	 -2.59	-0.42735	12	10	enet	0.00034	0.27	 0.514922	0.606607
NA	/data/songy4/tes/output/weights_case//ENST00000601768.1.wgt.RDat	ENST00000601768.1	19	57466832	57477504	0.0343	rs7255276	-2.724	rs886336	 2.58e-02	 -4.41	-0.76000	35	 1	top1	0.026	1.1e-05	 0.760000	0.447255
NA	/data/songy4/tes/output/weights_case//ENST00000591265.1.wgt.RDat	ENST00000591265.1	19	2819950	2834154	0.0277	rs12982784	 4.186	rs759073	 7.19e-03	  3.62	-1.54264	35	12	enet	0.0092	0.0062	 0.476491	0.633725
NA	/data/songy4/tes/output/weights_case//ENST00000586096.3.wgt.RDat	ENST00000586096.3	19	1438421	1440494	0.0321	rs1109555	 2.763	rs1558130	 7.09e-03	 -3.21	 1.46386	25	 1	top1	0.0071	0.014	-1.463855	0.143233
NA	/data/songy4/tes/output/weights_case//ENST00000591252.2.wgt.RDat	ENST00000591252.2	19	1457670	1458580	0.0279	rs1109555	 2.763	rs2271055	 1.89e-02	  4.37	-1.04724	25	 1	top1	0.019	0.00015	-1.047244	0.294987
NA	/data/songy4/tes/output/weights_case//ENST00000251289.9.wgt.RDat	ENST00000251289.9	19	984358	994556	0.0363	rs1109555	 2.763	rs2074573	 5.45e-02	  6.33	 0.80208	30	 1	top1	0.054	2.1e-10	 0.802083	0.422505
NA	/data/songy4/tes/output/weights_case//ENST00000591319.1.wgt.RDat	ENST00000591319.1	19	11577160	11579008	0.0230	rs12985274	-1.929	rs7254781	 1.09e-02	  3.46	-0.70408	 9	 5	enet	0.015	0.00077	-1.019164	0.308125
NA	/data/songy4/tes/output/weights_case//ENST00000251363.10.wgt.RDat	ENST00000251363.10	19	8209370	8262421	0.0814	NA	    NA	NA	       NA	    NA	      NA	22	 0	top1	0.08	9.8e-15	       NA	      NA
NA	/data/songy4/tes/output/weights_case//ENST00000591366.5.wgt.RDat	ENST00000591366.5	19	19900928	19927313	0.0169	rs17699261	 2.120	rs247792	 1.55e-02	  3.54	-0.65049	12	 1	top1	0.015	0.00054	-0.650485	0.515379
NA	/data/songy4/tes/output/weights_case//ENST00000601613.1.wgt.RDat	ENST00000601613.1	19	39349800	39352489	0.0219	rs2318898	-1.917	rs503355	 7.00e-04	 -2.88	 0.47179	14	 3	lasso	0.007	0.015	 0.824706	0.409539
NA	/data/songy4/tes/output/weights_case//ENST00000601637.1.wgt.RDat	ENST00000601637.1	19	17000206	17002530	0.0289	rs9676419	 2.054	rs7259472	 1.39e-03	  2.56	-0.36527	23	 3	lasso	0.0015	0.15	-0.316927	0.751299
NA	/data/songy4/tes/output/weights_case//ENST00000592064.1.wgt.RDat	ENST00000592064.1	19	45493886	45494905	0.0362	rs17714646	-1.959	rs1727733	 3.17e-03	  3.73	-1.12069	25	 8	enet	0.02	0.00011	-0.169800	0.865167
NA	/data/songy4/tes/output/weights_case//ENST00000592215.1.wgt.RDat	ENST00000592215.1	19	11194553	11196229	0.0232	rs4804148	 1.613	rs17616661	 1.36e-02	 -4.06	 0.25581	 7	 2	enet	0.025	1.8e-05	-0.168208	0.866420
NA	/data/songy4/tes/output/weights_case//ENST00000585809.5.wgt.RDat	ENST00000585809.5	19	984271	994570	0.0397	rs1109555	 2.763	rs2074573	 5.62e-02	  6.42	 0.80208	30	 1	top1	0.056	1.1e-10	 0.802083	0.422505
NA	/data/songy4/tes/output/weights_case//ENST00000648053.1.wgt.RDat	ENST00000648053.1	19	43766539	43773900	0.0265	rs8113762	 1.515	rs10403031	-1.13e-03	  2.18	-1.18217	10	10	enet	0.012	0.0021	-0.560997	0.574800
NA	/data/songy4/tes/output/weights_case//ENST00000222115.5.wgt.RDat	ENST00000222115.5	19	51713112	51723968	0.0406	rs268909	-3.112	rs4802847	 3.13e-02	  4.88	 1.18966	54	 2	lasso	0.032	9.1e-07	 1.145009	0.252206
NA	/data/songy4/tes/output/weights_case//ENST00000601685.1.wgt.RDat	ENST00000601685.1	19	38733121	38735672	0.0550	rs6508808	 1.529	rs973009	 4.13e-02	 -5.70	-0.77083	11	11	enet	0.044	9.7e-09	 0.024361	0.980565
NA	/data/songy4/tes/output/weights_case//ENST00000585937.1.wgt.RDat	ENST00000585937.1	19	1578339	1605445	0.0346	rs1109555	 2.763	rs1558130	-7.12e-04	 -2.94	 1.46386	27	 1	top1	-0.00071	0.48	-1.463855	0.143233
NA	/data/songy4/tes/output/weights_case//ENST00000591868.1.wgt.RDat	ENST00000591868.1	19	55042039	55044949	0.0457	rs10419832	-1.955	rs1654410	 4.25e-02	 -5.61	-1.20792	34	 1	top1	0.043	1.9e-08	 1.207921	0.227078
NA	/data/songy4/tes/output/weights_case//ENST00000591960.1.wgt.RDat	ENST00000591960.1	19	55039111	55063076	0.0843	rs10419832	-1.955	rs1654410	 6.80e-02	 -7.12	-1.20792	34	 1	top1	0.068	1.2e-12	 1.207921	0.227078
NA	/data/songy4/tes/output/weights_case//ENST00000591997.2.wgt.RDat	ENST00000591997.2	19	984378	998438	0.0407	rs1109555	 2.763	rs2074573	 6.05e-02	  6.67	 0.80208	30	 1	top1	0.06	2.2e-11	 0.802083	0.422505
NA	/data/songy4/tes/output/weights_case//ENST00000601646.1.wgt.RDat	ENST00000601646.1	19	43502194	43504711	0.0457	rs6509018	 1.769	rs2682551	 4.47e-02	  5.81	 0.31250	 5	 1	top1	0.045	8.7e-09	 0.312500	0.754661
NA	/data/songy4/tes/output/weights_case//ENST00000591985.6.wgt.RDat	ENST00000591985.6	19	984358	994554	0.0359	rs1109555	 2.763	rs2074573	 5.42e-02	  6.31	 0.80208	30	 1	top1	0.054	2.4e-10	 0.802083	0.422505
NA	/data/songy4/tes/output/weights_case//ENST00000591735.2.wgt.RDat	ENST00000591735.2	19	1491166	1496181	0.0263	rs1109555	 2.763	rs2271055	 1.01e-02	  3.93	-1.04724	22	 2	lasso	0.016	4e-04	-0.728587	0.466254
NA	/data/songy4/tes/output/weights_case//ENST00000591887.1.wgt.RDat	ENST00000591887.1	19	36991053	36998700	0.0967	rs7253228	 0.960	rs2967436	 6.44e-02	  6.92	-0.36082	 5	 5	enet	0.091	1.9e-16	-0.595129	0.551757
NA	/data/songy4/tes/output/weights_case//ENST00000601672.5.wgt.RDat	ENST00000601672.5	19	46039824	46077094	0.0406	rs10403760	-3.233	rs1114090	 1.89e-02	 -4.06	 0.13761	18	 1	top1	0.019	0.00015	-0.137615	0.890545
NA	/data/songy4/tes/output/weights_case//ENST00000601674.6.wgt.RDat	ENST00000601674.6	19	57487718	57517559	0.0478	rs7255276	-2.724	rs886336	 5.67e-02	 -6.51	-0.76000	35	 1	top1	0.057	9.1e-11	 0.760000	0.447255
NA	/data/songy4/tes/output/weights_case//ENST00000601660.5.wgt.RDat	ENST00000601660.5	19	41844743	41852327	0.0279	rs10417924	 2.200	rs734108	 2.13e-02	 -4.00	-0.78750	12	 1	top1	0.021	6e-05	 0.787500	0.430989
NA	/data/songy4/tes/output/weights_case//ENST00000360204.5.wgt.RDat	ENST00000360204.5	19	20776304	20794597	0.0488	rs274814	 3.047	rs17618360	 2.85e-02	 -4.73	 0.00541	 8	 1	top1	0.028	3.9e-06	-0.005405	0.995687
NA	/data/songy4/tes/output/weights_case//ENST00000602115.1.wgt.RDat	ENST00000602115.1	19	38831450	38831748	0.0150	rs6508808	 1.529	rs1035525	 5.40e-03	 -3.47	 1.22321	12	 2	lasso	0.0094	0.0058	-0.313032	0.754257
NA	/data/songy4/tes/output/weights_case//ENST00000670254.1.wgt.RDat	ENST00000670254.1	19	56545616	56567411	0.0311	rs751729	-2.524	rs2286423	 3.72e-02	 -5.43	 0.63918	34	 1	top1	0.037	1.5e-07	-0.639175	0.522709
NA	/data/songy4/tes/output/weights_case//ENST00000590397.5.wgt.RDat	ENST00000590397.5	19	984345	991286	0.0342	rs1109555	 2.763	rs2074573	 5.10e-02	  6.12	 0.80208	30	 1	top1	0.051	7.8e-10	 0.802083	0.422505
NA	/data/songy4/tes/output/weights_case//ENST00000590292.5.wgt.RDat	ENST00000590292.5	19	567311	571734	0.0401	rs3787017	-2.622	rs4919850	 3.85e-02	 -5.50	 0.48295	23	 1	top1	0.038	9.1e-08	-0.482955	0.629128
NA	/data/songy4/tes/output/weights_case//ENST00000586480.1.wgt.RDat	ENST00000586480.1	19	10291473	10296776	0.0421	rs34561079	-2.663	rs7256672	 1.88e-02	 -4.08	-0.76000	17	 1	top1	0.019	0.00015	 0.760000	0.447255
NA	/data/songy4/tes/output/weights_case//ENST00000602140.1.wgt.RDat	ENST00000602140.1	19	8321495	8322492	0.0534	rs1104768	 1.941	rs7250584	 7.70e-03	  4.02	-0.15385	20	 9	enet	0.034	4.4e-07	-0.027108	0.978374
NA	/data/songy4/tes/output/weights_case//ENST00000602159.1.wgt.RDat	ENST00000602159.1	19	16951989	16971125	0.0328	rs9676419	 2.054	rs7259472	 1.93e-02	  4.00	-0.36527	22	 1	top1	0.019	0.00013	-0.365269	0.714910
NA	/data/songy4/tes/output/weights_case//ENST00000590400.1.wgt.RDat	ENST00000590400.1	19	11192432	11197791	0.0617	rs4804148	 1.613	rs17616661	 5.96e-02	 -6.77	 0.25581	 7	 1	top1	0.06	3e-11	-0.255814	0.798094
NA	/data/songy4/tes/output/weights_case//ENST00000591032.1.wgt.RDat	ENST00000591032.1	19	1438400	1440490	0.0322	rs1109555	 2.763	rs1558130	 7.10e-03	 -3.22	 1.46386	25	 1	top1	0.0071	0.014	-1.463855	0.143233
NA	/data/songy4/tes/output/weights_case//ENST00000587682.5.wgt.RDat	ENST00000587682.5	19	43951223	43967356	0.0186	rs8113762	 1.515	rs1994417	 1.31e-02	 -3.59	 1.00000	 9	 1	top1	0.013	0.0014	-1.000000	0.317311
NA	/data/songy4/tes/output/weights_case//ENST00000601953.5.wgt.RDat	ENST00000601953.5	19	38730431	38769904	0.0301	rs6508808	 1.529	rs973009	 2.88e-02	 -4.87	-0.77083	11	 1	top1	0.029	3.5e-06	 0.770833	0.440806
NA	/data/songy4/tes/output/weights_case//ENST00000591168.5.wgt.RDat	ENST00000591168.5	19	43951223	43965893	0.0179	rs8113762	 1.515	rs1994417	 1.51e-02	 -3.69	 1.00000	 9	 1	top1	0.015	0.00063	-1.000000	0.317311
NA	/data/songy4/tes/output/weights_case//ENST00000587721.1.wgt.RDat	ENST00000587721.1	19	55047413	55063148	0.1046	rs10419832	-1.955	rs1671143	 6.81e-02	  7.42	-0.42857	34	 2	lasso	0.11	1.5e-19	 0.455681	0.648619
NA	/data/songy4/tes/output/weights_case//ENST00000483806.1.wgt.RDat	ENST00000483806.1	19	41599735	41605221	0.0289	rs10417924	 2.200	rs2561537	 1.42e-02	  3.88	 1.29293	15	 1	top1	0.014	0.00091	 1.292929	0.196036
NA	/data/songy4/tes/output/weights_case//ENST00000602056.1.wgt.RDat	ENST00000602056.1	19	17338758	17341325	0.0307	rs9676419	 2.054	rs9676419	 1.83e-02	  3.77	 2.05357	26	 7	enet	0.019	0.00016	 1.602492	0.109047
NA	/data/songy4/tes/output/weights_case//ENST00000586317.2.wgt.RDat	ENST00000586317.2	19	984341	990258	0.0346	rs1109555	 2.763	rs2074573	 5.19e-02	  6.20	 0.80208	30	 1	top1	0.052	5.5e-10	 0.802083	0.422505
NA	/data/songy4/tes/output/weights_case//ENST00000586331.1.wgt.RDat	ENST00000586331.1	19	55039111	55041889	0.1144	rs10419832	-1.955	rs1654410	 8.67e-02	 -7.90	-1.20792	34	 1	top1	0.087	8.7e-16	 1.207921	0.227078
NA	/data/songy4/tes/output/weights_case//ENST00000590832.1.wgt.RDat	ENST00000590832.1	19	11576732	11577527	0.0194	rs12985274	-1.929	rs7254781	 2.54e-03	  3.00	-0.70408	 9	 5	enet	0.0075	0.012	-0.645389	0.518675
NA	/data/songy4/tes/output/weights_case//ENST00000586353.5.wgt.RDat	ENST00000586353.5	19	36973213	36980317	0.0726	rs7253228	 0.960	rs2967436	 4.74e-02	  5.98	-0.36082	 5	 5	enet	0.067	1.6e-12	-0.570021	0.568664
NA	/data/songy4/tes/output/weights_case//ENST00000590772.1.wgt.RDat	ENST00000590772.1	19	14073582	14074978	0.0304	rs4926290	 2.369	rs11668412	 1.35e-04	 -3.11	 2.16418	20	 8	enet	0.016	0.00042	-0.912301	0.361610
NA	/data/songy4/tes/output/weights_case//ENST00000590866.2.wgt.RDat	ENST00000590866.2	19	1354972	1359894	0.0391	rs1109555	 2.763	rs3760994	 3.80e-02	  5.33	-2.15741	26	 1	top1	0.038	1.1e-07	-2.157407	0.030974
