PANEL	FILE	ID	CHR	P0	P1	HSQ	BEST.GWAS.ID	BEST.GWAS.Z	EQTL.ID	EQTL.R2	EQTL.Z	EQTL.GWAS.Z	NSNP	NWGT	MODEL	MODELCV.R2	MODELCV.PV	TWAS.Z	TWAS.P
NA	/data/songy4/tes/output/weights_case//ENST00000513267.2.wgt.RDat	ENST00000513267.2	15	64911928	64932320	0.0746	rs832878	 1.16	rs1471834	 5.60e-02	 6.40	 0.7951	 4	 2	enet	0.064	6.5e-12	 0.397779	0.690793
NA	/data/songy4/tes/output/weights_case//ENST00000619738.1.wgt.RDat	ENST00000619738.1	15	82477093	82513904	0.0512	rs12443185	 1.45	rs4778655	 8.24e-03	 4.60	 1.2000	13	 5	enet	0.04	5e-08	 0.602823	0.546627
NA	/data/songy4/tes/output/weights_case//ENST00000423642.5.wgt.RDat	ENST00000423642.5	15	78264562	78274266	0.0405	rs16969691	-2.70	rs4516196	 2.45e-02	-4.41	-1.0244	22	 1	top1	0.024	1.8e-05	 1.024390	0.305651
NA	/data/songy4/tes/output/weights_case//ENST00000613086.1.wgt.RDat	ENST00000613086.1	15	82418651	82434235	0.0222	rs12443185	 1.45	rs2665120	 2.13e-04	 3.04	-0.4625	13	 9	enet	0.002	0.12	-0.140992	0.887877
NA	/data/songy4/tes/output/weights_case//ENST00000565006.1.wgt.RDat	ENST00000565006.1	15	82263144	82264889	0.0304	rs1564641	-2.59	rs2654210	 8.91e-04	-3.82	-0.2079	17	 1	top1	0.00089	0.2	 0.207921	0.835291
NA	/data/songy4/tes/output/weights_case//ENST00000487418.8.wgt.RDat	ENST00000487418.8	15	40405795	40421308	0.0324	rs8041057	 2.20	rs7165012	 4.12e-03	-3.57	-0.0447	19	 5	enet	0.013	0.0014	 0.154314	0.877362
NA	/data/songy4/tes/output/weights_case//ENST00000613161.4.wgt.RDat	ENST00000613161.4	15	50839876	50908599	0.0290	rs2278167	-2.57	rs882299	 2.82e-02	 4.63	 1.7250	 9	 1	top1	0.028	4.4e-06	 1.725000	0.084527
NA	/data/songy4/tes/output/weights_case//ENST00000619556.4.wgt.RDat	ENST00000619556.4	15	82339998	82349475	0.0527	rs12443185	 1.45	rs2654210	 8.23e-03	-4.24	-0.2079	13	 7	enet	0.045	6.8e-09	 0.427978	0.668667
NA	/data/songy4/tes/output/weights_case//ENST00000450592.6.wgt.RDat	ENST00000450592.6	15	41332871	41380263	0.0361	rs16971844	-1.88	rs316617	 3.51e-02	 5.12	-1.6900	 4	 1	top1	0.035	3.2e-07	-1.690000	0.091028
NA	/data/songy4/tes/output/weights_case//ENST00000554333.1.wgt.RDat	ENST00000554333.1	15	91463337	91494850	0.0273	rs9920813	-1.92	rs17515485	 9.26e-03	-3.08	 1.0278	23	 1	top1	0.0093	0.0061	-1.027778	0.304054
NA	/data/songy4/tes/output/weights_case//ENST00000614347.4.wgt.RDat	ENST00000614347.4	15	82473420	82513844	0.0415	rs12443185	 1.45	rs4778655	 3.28e-03	 4.56	 1.2000	13	 6	enet	0.022	4e-05	 0.298662	0.765198
NA	/data/songy4/tes/output/weights_case//ENST00000565689.5.wgt.RDat	ENST00000565689.5	15	73908071	73919870	0.0198	rs1036673	-2.62	rs1550437	 1.83e-02	-3.91	-0.1406	15	 1	top1	0.018	0.00018	 0.140625	0.888166
NA	/data/songy4/tes/output/weights_case//ENST00000568634.1.wgt.RDat	ENST00000568634.1	15	83179182	83186068	0.0203	rs7182320	 1.12	rs7174089	 2.70e-03	 2.82	 0.0316	 3	 2	lasso	0.0086	0.0077	 0.693277	0.488136
NA	/data/songy4/tes/output/weights_case//ENST00000316623.9.wgt.RDat	ENST00000316623.9	15	48408306	48645849	0.0676	rs12907018	 2.26	rs11631110	 2.33e-02	-5.90	-1.1923	17	 2	lasso	0.068	1.1e-12	 1.311027	0.189849
NA	/data/songy4/tes/output/weights_case//ENST00000379983.6.wgt.RDat	ENST00000379983.6	15	70656802	70702308	0.0227	rs631864	-1.82	rs10152562	-1.38e-03	-2.99	 1.1119	21	 1	top1	-0.0014	0.87	-1.111888	0.266186
NA	/data/songy4/tes/output/weights_case//ENST00000352331.8.wgt.RDat	ENST00000352331.8	15	69414304	69448425	0.0309	rs17313232	-2.66	rs2958405	-1.32e-03	 2.98	 0.2240	16	11	enet	0.0026	0.091	-0.821274	0.411490
NA	/data/songy4/tes/output/weights_case//ENST00000650656.1.wgt.RDat	ENST00000650656.1	15	40405485	40421313	0.0330	rs8041057	 2.20	rs7165012	 5.01e-03	-3.75	-0.0447	19	 6	enet	0.014	0.00085	 0.194028	0.846154
NA	/data/songy4/tes/output/weights_case//ENST00000650509.1.wgt.RDat	ENST00000650509.1	15	28111079	28192122	0.0420	rs3110480	-3.11	rs2305252	 1.38e-02	 3.39	 1.8261	16	 1	top1	0.014	0.001	 1.826087	0.067837
NA	/data/songy4/tes/output/weights_case//ENST00000446172.2.wgt.RDat	ENST00000446172.2	15	78266181	78280684	0.0374	rs16969691	-2.70	rs4516196	 9.66e-03	-4.27	-1.0244	22	 2	lasso	0.02	9.4e-05	 0.128075	0.898090
NA	/data/songy4/tes/output/weights_case//ENST00000380993.7.wgt.RDat	ENST00000380993.7	15	48206301	48304076	0.0578	rs12907018	 2.26	rs17352842	 6.53e-03	 3.85	-0.7133	12	10	enet	0.034	4.6e-07	 0.036054	0.971239
NA	/data/songy4/tes/output/weights_case//ENST00000494364.5.wgt.RDat	ENST00000494364.5	15	32641699	32697088	0.0333	rs11634255	 2.58	rs11635997	 8.77e-03	 3.80	 0.4151	19	 3	lasso	0.013	0.0017	-0.127955	0.898184
NA	/data/songy4/tes/output/weights_case//ENST00000347644.8.wgt.RDat	ENST00000347644.8	15	45252234	45277846	0.0560	rs10518980	-1.57	rs1365242	 2.54e-02	-4.35	 0.5196	 6	 4	enet	0.038	1.1e-07	 0.206261	0.836587
NA	/data/songy4/tes/output/weights_case//ENST00000288235.9.wgt.RDat	ENST00000288235.9	15	59132434	59372871	0.0639	rs11631023	-2.59	rs1001839	 3.74e-02	-5.79	-0.5941	28	 1	top1	0.037	1.4e-07	 0.594059	0.552472
NA	/data/songy4/tes/output/weights_case//ENST00000565416.1.wgt.RDat	ENST00000565416.1	15	73919161	73927940	0.0201	rs1036673	-2.62	rs1550437	 2.85e-02	-4.90	-0.1406	15	 1	top1	0.028	4e-06	 0.140625	0.888166
NA	/data/songy4/tes/output/weights_case//ENST00000613592.4.wgt.RDat	ENST00000613592.4	15	82391844	82420075	0.0230	rs12443185	 1.45	rs2665120	 5.55e-03	 3.68	-0.4625	13	 5	enet	0.0099	0.0046	-0.002086	0.998335
NA	/data/songy4/tes/output/weights_case//ENST00000565492.1.wgt.RDat	ENST00000565492.1	15	30899480	30900327	0.0346	rs10400821	 1.88	rs2241495	 5.64e-03	 4.03	 0.2080	 6	 6	enet	0.022	5.3e-05	 0.519013	0.603752
NA	/data/songy4/tes/output/weights_case//ENST00000346495.6.wgt.RDat	ENST00000346495.6	15	77046030	77071109	0.0398	rs12904384	 2.27	rs8029854	 4.12e-03	-3.93	 0.4586	 2	 2	enet	0.031	1.7e-06	 1.157746	0.246968
NA	/data/songy4/tes/output/weights_case//ENST00000380569.6.wgt.RDat	ENST00000380569.6	15	57591908	57714745	0.0457	rs1972284	 2.03	rs11636335	 6.16e-03	 4.05	-0.2574	36	 4	lasso	0.015	0.00068	-0.575367	0.565043
NA	/data/songy4/tes/output/weights_case//ENST00000380568.7.wgt.RDat	ENST00000380568.7	15	57592033	57714745	0.0555	rs1972284	 2.03	rs11636335	 1.61e-02	 4.71	-0.2574	36	 4	lasso	0.025	1.3e-05	-0.579280	0.562400
NA	/data/songy4/tes/output/weights_case//ENST00000380565.8.wgt.RDat	ENST00000380565.8	15	57592033	57685360	0.2046	rs1972284	 2.03	rs11636335	 1.63e-01	10.93	-0.2574	36	27	enet	0.17	4.4e-30	 0.018952	0.984879
NA	/data/songy4/tes/output/weights_case//ENST00000569659.5.wgt.RDat	ENST00000569659.5	15	32593554	32603978	0.0855	rs11634255	 2.58	rs11071882	 1.18e-02	-4.92	-0.7165	17	 8	enet	0.053	4.4e-10	 0.120811	0.903840
NA	/data/songy4/tes/output/weights_case//ENST00000290759.9.wgt.RDat	ENST00000290759.9	15	76336773	76342475	0.0231	rs16967626	-2.66	rs2935969	 1.26e-02	-3.81	-0.4068	 7	 1	top1	0.013	0.0017	 0.406780	0.684170
NA	/data/songy4/tes/output/weights_case//ENST00000663717.1.wgt.RDat	ENST00000663717.1	15	89386711	89398484	0.0325	rs4932202	-2.38	rs875640	-6.96e-04	-2.86	-1.8195	36	 8	enet	0.0026	0.093	 0.127862	0.898258
NA	/data/songy4/tes/output/weights_case//ENST00000613931.1.wgt.RDat	ENST00000613931.1	15	32586105	32614714	0.0241	rs11634255	 2.58	rs8041254	 1.35e-03	 3.35	-0.0680	17	 6	enet	0.0037	0.058	-0.133513	0.893787
NA	/data/songy4/tes/output/weights_case//ENST00000569691.2.wgt.RDat	ENST00000569691.2	15	55408495	55418798	0.0272	rs2414407	 2.25	rs2439048	 6.51e-03	 3.64	 0.6465	16	12	enet	0.0098	0.0048	-0.290845	0.771170
NA	/data/songy4/tes/output/weights_case//ENST00000651622.1.wgt.RDat	ENST00000651622.1	15	63062244	63066035	0.0304	rs4775609	 2.64	rs4775609	 4.69e-03	 3.22	 2.6392	27	 1	top1	0.0047	0.038	 2.639175	0.008311
NA	/data/songy4/tes/output/weights_case//ENST00000651168.1.wgt.RDat	ENST00000651168.1	15	40405485	40421313	0.0324	rs8041057	 2.20	rs7165012	 4.42e-03	-3.64	-0.0447	19	 6	enet	0.013	0.0015	 0.191663	0.848006
NA	/data/songy4/tes/output/weights_case//ENST00000613733.4.wgt.RDat	ENST00000613733.4	15	32586105	32614696	0.0210	rs11634255	 2.58	rs8041254	 4.16e-04	 2.95	-0.0680	17	 6	enet	0.0021	0.12	-0.271703	0.785850
NA	/data/songy4/tes/output/weights_case//ENST00000613737.1.wgt.RDat	ENST00000613737.1	15	58454327	58454982	0.0627	rs6494006	-2.09	rs7162855	 8.80e-04	 3.83	 1.3616	37	14	enet	0.018	2e-04	-0.078013	0.937817
NA	/data/songy4/tes/output/weights_case//ENST00000448430.6.wgt.RDat	ENST00000448430.6	15	55417755	55498348	0.0235	rs2414407	 2.25	rs2439048	-1.30e-03	 2.76	 0.6465	16	10	enet	-0.00077	0.5	 0.794682	0.426798
NA	/data/songy4/tes/output/weights_case//ENST00000656039.1.wgt.RDat	ENST00000656039.1	15	32585524	32615092	0.0530	rs11634255	 2.58	rs8041254	 3.38e-02	 5.16	-0.0680	17	 3	lasso	0.039	7.1e-08	-0.479022	0.631923
NA	/data/songy4/tes/output/weights_case//ENST00000330289.10.wgt.RDat	ENST00000330289.10	15	48207534	48237349	0.0572	rs12907018	 2.26	rs10519170	 4.21e-03	 3.72	 0.3202	12	 9	enet	0.029	3.3e-06	 0.074838	0.940344
NA	/data/songy4/tes/output/weights_case//ENST00000555023.2.wgt.RDat	ENST00000555023.2	15	93896049	93901358	0.0474	rs4777693	 2.63	rs10163031	-1.09e-03	 3.13	 0.8805	49	19	enet	0.0028	0.084	-0.253145	0.800157
NA	/data/songy4/tes/output/weights_case//ENST00000664216.1.wgt.RDat	ENST00000664216.1	15	93835562	93878435	0.0365	rs4777693	 2.63	rs11074155	-3.45e-04	-2.85	 0.3772	50	 2	lasso	-2e-04	0.36	-0.228892	0.818953
NA	/data/songy4/tes/output/weights_case//ENST00000556928.5.wgt.RDat	ENST00000556928.5	15	93890463	94038412	0.0375	rs4777693	 2.63	rs11074160	-1.36e-03	-3.12	 0.9326	49	 1	top1	-0.0014	0.83	-0.932642	0.351005
NA	/data/songy4/tes/output/weights_case//ENST00000615568.1.wgt.RDat	ENST00000615568.1	15	58456188	58456348	0.0528	rs6494006	-2.09	rs7162855	 3.40e-02	 5.13	 1.3616	37	 1	top1	0.034	5e-07	 1.361582	0.173330
NA	/data/songy4/tes/output/weights_case//ENST00000623627.1.wgt.RDat	ENST00000623627.1	15	80014157	80015707	0.0767	rs6495469	-2.72	rs12914081	 7.05e-02	 7.15	-0.0667	19	 1	top1	0.07	4.7e-13	-0.066667	0.946847
NA	/data/songy4/tes/output/weights_case//ENST00000510439.7.wgt.RDat	ENST00000510439.7	15	84235773	84245358	0.0300	rs6602982	 3.01	rs1552921	 1.58e-02	 3.66	 0.8396	14	 1	top1	0.016	0.00047	 0.839623	0.401120
NA	/data/songy4/tes/output/weights_case//ENST00000563663.5.wgt.RDat	ENST00000563663.5	15	74843764	74873355	0.0198	rs2290573	-3.36	rs2290573	 3.52e-03	-3.23	-3.3608	10	 4	enet	0.006	0.023	 1.461799	0.143796
NA	/data/songy4/tes/output/weights_case//ENST00000488175.5.wgt.RDat	ENST00000488175.5	15	57592033	57706955	0.0753	rs1972284	 2.03	rs11636335	 4.03e-02	 5.66	-0.2574	36	 1	top1	0.04	4.5e-08	-0.257426	0.796850
NA	/data/songy4/tes/output/weights_case//ENST00000267889.5.wgt.RDat	ENST00000267889.5	15	40358219	40378621	0.0341	NA	   NA	NA	       NA	   NA	     NA	19	 0	top1	0.019	0.00017	       NA	      NA
NA	/data/songy4/tes/output/weights_case//ENST00000267853.10.wgt.RDat	ENST00000267853.10	15	57591904	57685364	0.2121	rs1972284	 2.03	rs11636335	 1.70e-01	11.17	-0.2574	36	24	enet	0.18	6.8e-32	-0.062142	0.950450
NA	/data/songy4/tes/output/weights_case//ENST00000649429.1.wgt.RDat	ENST00000649429.1	15	57592033	57650062	0.2208	rs1972284	 2.03	rs11636335	 1.98e-01	12.00	-0.2574	34	16	enet	0.2	1e-36	-0.294344	0.768495
NA	/data/songy4/tes/output/weights_case//ENST00000458406.6.wgt.RDat	ENST00000458406.6	15	34233259	34337760	0.0328	rs1429751	 2.57	rs10431811	 1.59e-04	-3.32	-0.2019	48	13	enet	0.0096	0.0052	 1.129641	0.258628
NA	/data/songy4/tes/output/weights_case//ENST00000356113.10.wgt.RDat	ENST00000356113.10	15	58410569	58568873	0.1174	rs6494006	-2.09	rs7162855	 4.69e-03	 5.44	 1.3616	37	12	enet	0.068	1.2e-12	-0.124349	0.901039
NA	/data/songy4/tes/output/weights_case//ENST00000669185.1.wgt.RDat	ENST00000669185.1	15	93899846	93973822	0.0514	rs4777693	 2.63	rs10163031	-1.19e-03	 3.82	 0.8805	49	14	enet	-0.00025	0.36	 1.300675	0.193370
NA	/data/songy4/tes/output/weights_case//ENST00000570158.1.wgt.RDat	ENST00000570158.1	15	55087999	55092173	0.0271	rs2414407	 2.25	rs4774727	 9.39e-03	 3.44	-1.0583	15	 6	enet	0.023	3.3e-05	-0.679682	0.496706
NA	/data/songy4/tes/output/weights_case//ENST00000319580.13.wgt.RDat	ENST00000319580.13	15	64911902	64958691	0.0313	rs832878	 1.16	rs1471834	 2.09e-02	 4.20	 0.7951	 4	 4	enet	0.025	1.7e-05	 0.580377	0.561660
NA	/data/songy4/tes/output/weights_case//ENST00000458245.5.wgt.RDat	ENST00000458245.5	15	45379202	45402327	0.0191	rs17594910	-1.16	rs950027	 1.41e-02	-3.81	-0.7041	 5	 1	top1	0.014	0.00091	 0.704082	0.481382
NA	/data/songy4/tes/output/weights_case//ENST00000478845.2.wgt.RDat	ENST00000478845.2	15	39586561	39587293	0.0969	rs12594730	-2.04	rs997752	 4.42e-02	-5.74	 0.9300	34	 2	lasso	0.067	1.6e-12	-2.040655	0.041285
NA	/data/songy4/tes/output/weights_case//ENST00000638607.1.wgt.RDat	ENST00000638607.1	15	45402430	45415805	0.0263	rs17594910	-1.16	rs950027	 1.85e-02	 4.42	-0.7041	 5	 1	top1	0.018	0.00017	-0.704082	0.481382
NA	/data/songy4/tes/output/weights_case//ENST00000563864.5.wgt.RDat	ENST00000563864.5	15	32615565	32636148	0.0358	rs11634255	 2.58	rs4396507	 1.44e-02	 4.31	-0.1659	18	 3	lasso	0.025	1.5e-05	 0.155228	0.876641
NA	/data/songy4/tes/output/weights_case//ENST00000563404.1.wgt.RDat	ENST00000563404.1	15	83164039	83207528	0.0345	rs7182320	 1.12	rs7174089	 1.10e-02	 3.53	 0.0316	 3	 3	enet	0.022	4.2e-05	-0.416011	0.677402
NA	/data/songy4/tes/output/weights_case//ENST00000570209.1.wgt.RDat	ENST00000570209.1	15	30815271	30844153	0.0261	rs12904035	-1.48	rs12904035	-1.37e-03	 2.94	-1.4800	 4	 4	enet	0.013	0.0016	-0.496190	0.619760
NA	/data/songy4/tes/output/weights_case//ENST00000461709.1.wgt.RDat	ENST00000461709.1	15	57633664	57684791	0.1845	rs1972284	 2.03	rs11636335	 1.41e-01	10.16	-0.2574	36	 5	lasso	0.14	1.7e-25	-0.317255	0.751050
NA	/data/songy4/tes/output/weights_case//ENST00000502612.5.wgt.RDat	ENST00000502612.5	15	55860715	55993548	0.0266	rs2414407	 2.25	rs12595720	-1.26e-03	 3.54	 0.0896	14	 4	enet	0.0028	0.085	 0.263398	0.792244
NA	/data/songy4/tes/output/weights_case//ENST00000563330.1.wgt.RDat	ENST00000563330.1	15	32615152	32616250	0.0306	rs11634255	 2.58	rs4396507	 2.03e-02	 4.24	-0.1659	17	 1	top1	0.02	8.8e-05	-0.165919	0.868220
NA	/data/songy4/tes/output/weights_case//ENST00000649091.1.wgt.RDat	ENST00000649091.1	15	57706728	57708746	0.0296	rs1972284	 2.03	rs1062707	 2.55e-02	 4.78	-0.0087	36	 1	top1	0.025	1.2e-05	-0.008696	0.993062
NA	/data/songy4/tes/output/weights_case//ENST00000659027.1.wgt.RDat	ENST00000659027.1	15	93899227	93973719	0.0468	rs4777693	 2.63	rs11074160	 5.81e-03	-2.72	 0.9326	49	 1	top1	0.0058	0.024	-0.932642	0.351005
NA	/data/songy4/tes/output/weights_case//ENST00000460684.1.wgt.RDat	ENST00000460684.1	15	32665702	32673065	0.0410	rs11634255	 2.58	rs11635997	 2.16e-02	 4.31	 0.4151	19	 1	top1	0.022	5.2e-05	 0.415094	0.678073
NA	/data/songy4/tes/output/weights_case//ENST00000493321.1.wgt.RDat	ENST00000493321.1	15	78274997	78280545	0.0386	rs16969691	-2.70	rs4516196	 1.06e-02	-4.12	-1.0244	22	 2	lasso	0.027	7.9e-06	-0.493076	0.621959
NA	/data/songy4/tes/output/weights_case//ENST00000394855.7.wgt.RDat	ENST00000394855.7	15	78264086	78282196	0.0357	rs16969691	-2.70	rs4516196	 1.02e-02	-4.22	-1.0244	22	 2	lasso	0.024	2.4e-05	-0.058754	0.953148
NA	/data/songy4/tes/output/weights_case//ENST00000424443.7.wgt.RDat	ENST00000424443.7	15	77046030	77071109	0.0404	rs12904384	 2.27	rs8029854	 4.25e-03	-3.94	 0.4586	 2	 2	enet	0.031	1.3e-06	 1.165693	0.243738
NA	/data/songy4/tes/output/weights_case//ENST00000394852.7.wgt.RDat	ENST00000394852.7	15	78264574	78282192	0.0342	rs16969691	-2.70	rs4516196	 9.71e-03	-4.14	-1.0244	22	 2	lasso	0.02	1e-04	 0.059191	0.952800
NA	/data/songy4/tes/output/weights_case//ENST00000659318.1.wgt.RDat	ENST00000659318.1	15	93835531	93878356	0.0367	rs4777693	 2.63	rs11074155	 1.23e-03	-2.95	 0.3772	50	 1	top1	0.0012	0.17	-0.377193	0.706030
NA	/data/songy4/tes/output/weights_case//ENST00000649023.1.wgt.RDat	ENST00000649023.1	15	28130300	28135556	0.0606	rs3110480	-3.11	rs2305252	 2.12e-02	 4.08	 1.8261	15	 7	enet	0.025	1.3e-05	 0.308046	0.758047
NA	/data/songy4/tes/output/weights_case//ENST00000623483.2.wgt.RDat	ENST00000623483.2	15	55171378	55176739	0.0805	rs2414407	 2.25	rs2289059	 5.06e-02	 6.16	 0.6457	13	 6	enet	0.058	4.9e-11	 0.291805	0.770436
NA	/data/songy4/tes/output/weights_case//ENST00000563528.5.wgt.RDat	ENST00000563528.5	15	75356190	75356819	0.0211	rs2290573	-3.36	rs34838371	 1.70e-02	 3.79	 0.1149	 4	 1	top1	0.017	0.00031	 0.114907	0.908519
NA	/data/songy4/tes/output/weights_case//ENST00000649030.2.wgt.RDat	ENST00000649030.2	15	23685400	23687305	0.0747	rs4778255	 2.20	rs850819	 1.42e-02	 3.42	 0.6618	13	 5	enet	0.03	2.5e-06	 2.465463	0.013684
NA	/data/songy4/tes/output/weights_case//ENST00000499624.3.wgt.RDat	ENST00000499624.3	15	50355467	50372202	0.1137	rs2278167	-2.57	rs2278167	 6.72e-02	 7.07	-2.5700	16	 7	enet	0.086	9.7e-16	-1.368127	0.171272
NA	/data/songy4/tes/output/weights_case//ENST00000397702.6.wgt.RDat	ENST00000397702.6	15	34233259	34338060	0.0327	rs1429751	 2.57	rs10431811	 1.36e-04	-3.32	-0.2019	48	14	enet	0.0065	0.018	 1.082875	0.278864
NA	/data/songy4/tes/output/weights_case//ENST00000555947.6.wgt.RDat	ENST00000555947.6	15	91408708	91605873	0.1326	rs9920813	-1.92	rs12906857	 4.10e-02	-5.68	 0.0694	29	22	enet	0.076	5.1e-14	-0.798740	0.424441
NA	/data/songy4/tes/output/weights_case//ENST00000397707.6.wgt.RDat	ENST00000397707.6	15	34233259	34336844	0.0334	rs1429751	 2.57	rs10431811	 3.01e-04	-3.36	-0.2019	48	14	enet	0.0087	0.0075	 1.093444	0.274199
NA	/data/songy4/tes/output/weights_case//ENST00000512295.1.wgt.RDat	ENST00000512295.1	15	41826026	41827855	0.0232	rs11070349	-3.28	rs11070349	 2.63e-02	-4.53	-3.2796	10	 1	top1	0.026	9.1e-06	 3.279570	0.001040
NA	/data/songy4/tes/output/weights_case//ENST00000564519.1.wgt.RDat	ENST00000564519.1	15	28141739	28142452	0.0306	rs3110480	-3.11	rs2305252	 1.25e-02	 3.29	 1.8261	15	 1	top1	0.012	0.0017	 1.826087	0.067837
NA	/data/songy4/tes/output/weights_case//ENST00000564383.1.wgt.RDat	ENST00000564383.1	15	28280034	28299483	0.0299	rs3110480	-3.11	rs735983	-2.89e-04	 2.50	-1.5429	13	12	enet	0.0013	0.17	 0.617713	0.536765
NA	/data/songy4/tes/output/weights_case//ENST00000568777.5.wgt.RDat	ENST00000568777.5	15	72345283	72360453	0.0225	rs11632652	 1.91	rs1392989	-1.33e-03	-2.84	-1.1401	15	 6	enet	0.00021	0.28	-0.408733	0.682736
NA	/data/songy4/tes/output/weights_case//ENST00000664984.1.wgt.RDat	ENST00000664984.1	15	91408716	91605869	0.1492	rs9920813	-1.92	rs12906857	 4.65e-02	-6.08	 0.0694	29	21	enet	0.089	3.2e-16	-0.792184	0.428254
NA	/data/songy4/tes/output/weights_case//ENST00000637120.1.wgt.RDat	ENST00000637120.1	15	98968523	99005462	0.0850	rs10438491	 2.42	rs10438491	 5.45e-02	 6.36	 2.4220	54	 1	top1	0.054	2.1e-10	 2.422018	0.015435
NA	/data/songy4/tes/output/weights_case//ENST00000564663.1.wgt.RDat	ENST00000564663.1	15	55340032	55359682	0.0278	rs2414407	 2.25	rs10851586	 2.27e-03	 3.11	-1.2014	14	 4	enet	0.003	0.079	 0.022102	0.982367
NA	/data/songy4/tes/output/weights_case//ENST00000564670.1.wgt.RDat	ENST00000564670.1	15	32536047	32587613	0.0615	rs11634255	 2.58	rs8041254	 2.65e-02	 4.57	-0.0680	15	10	enet	0.046	6.1e-09	 0.512970	0.607972
NA	/data/songy4/tes/output/weights_case//ENST00000499326.1.wgt.RDat	ENST00000499326.1	15	50355553	50356436	0.0243	rs2278167	-2.57	rs2278167	 4.54e-03	 3.51	-2.5700	16	 2	lasso	0.0073	0.013	-2.817730	0.004836
NA	/data/songy4/tes/output/weights_case//ENST00000453952.3.wgt.RDat	ENST00000453952.3	15	32593456	32594840	0.0604	rs11634255	 2.58	rs11071882	 4.19e-02	-5.64	-0.7165	17	 1	top1	0.042	2.4e-08	 0.716535	0.473661
NA	/data/songy4/tes/output/weights_case//ENST00000564575.5.wgt.RDat	ENST00000564575.5	15	34545388	34583651	0.1497	rs1429751	 2.57	rs1836974	 6.74e-02	 7.12	 0.6161	28	16	enet	0.099	6.9e-18	-0.569629	0.568930
NA	/data/songy4/tes/output/weights_case//ENST00000664929.1.wgt.RDat	ENST00000664929.1	15	93890579	93900599	0.0401	rs4777693	 2.63	rs7168430	 1.32e-03	-2.81	-1.0098	49	 1	top1	0.0013	0.17	 1.009804	0.312589
NA	/data/songy4/tes/output/weights_case//ENST00000378919.6.wgt.RDat	ENST00000378919.6	15	98968280	99005562	0.1020	rs10438491	 2.42	rs10438491	 4.95e-02	 6.06	 2.4220	54	23	enet	0.059	3.3e-11	 0.394551	0.693174
NA	/data/songy4/tes/output/weights_case//ENST00000564570.1.wgt.RDat	ENST00000564570.1	15	75356606	75359180	0.0186	rs2290573	-3.36	rs34838371	 1.44e-02	 3.57	 0.1149	 4	 1	top1	0.014	0.00083	 0.114907	0.908519
NA	/data/songy4/tes/output/weights_case//ENST00000564609.5.wgt.RDat	ENST00000564609.5	15	55205349	55270286	0.0302	rs2414407	 2.25	rs10851586	 3.33e-03	 3.10	-1.2014	13	 6	enet	0.0072	0.013	 0.431626	0.666013
NA	/data/songy4/tes/output/weights_case//ENST00000564116.1.wgt.RDat	ENST00000564116.1	15	32489267	32491586	0.0264	rs2611605	-1.56	rs4396507	 7.78e-03	 3.65	-0.1659	10	 8	enet	0.022	3.8e-05	-0.218159	0.827305
NA	/data/songy4/tes/output/weights_case//ENST00000638076.1.wgt.RDat	ENST00000638076.1	15	68207030	68229742	0.0221	NA	   NA	NA	       NA	   NA	     NA	 0	 0	enet	-2.1e-05	0.32	       NA	      NA
NA	/data/songy4/tes/output/weights_case//ENST00000583750.1.wgt.RDat	ENST00000583750.1	15	50360329	50360410	0.0809	rs2278167	-2.57	rs2278167	 4.10e-02	 5.59	-2.5700	16	 6	enet	0.057	8.4e-11	-1.313136	0.189137
NA	/data/songy4/tes/output/weights_case//ENST00000267970.9.wgt.RDat	ENST00000267970.9	15	77041404	77071109	0.1906	rs12904384	 2.27	rs12904384	 1.30e-01	 9.80	 2.2737	 2	 2	enet	0.17	2.4e-31	 1.815942	0.069379
NA	/data/songy4/tes/output/weights_case//ENST00000268099.13.wgt.RDat	ENST00000268099.13	15	74843730	74873365	0.0180	rs2290573	-3.36	rs2290573	 2.64e-03	-3.06	-3.3608	10	 5	enet	0.0041	0.049	 1.213614	0.224895
NA	/data/songy4/tes/output/weights_case//ENST00000564239.1.wgt.RDat	ENST00000564239.1	15	72686750	72722848	0.0155	rs11632652	 1.91	rs11637927	 1.61e-02	 3.60	 1.1225	 4	 1	top1	0.016	0.00043	 1.122549	0.261629
NA	/data/songy4/tes/output/weights_case//ENST00000637823.1.wgt.RDat	ENST00000637823.1	15	68208184	68229510	0.0243	rs8037951	 1.24	rs16952059	 4.91e-04	-3.04	-0.5455	11	 3	lasso	0.0022	0.11	 0.283537	0.776765
NA	/data/songy4/tes/output/weights_case//ENST00000649807.1.wgt.RDat	ENST00000649807.1	15	65258099	65286492	0.0266	rs602192	-2.49	rs639812	 2.09e-02	 4.33	 0.0548	 7	 1	top1	0.021	6.9e-05	 0.054795	0.956302
NA	/data/songy4/tes/output/weights_case//ENST00000479013.7.wgt.RDat	ENST00000479013.7	15	40405795	40421299	0.0327	rs8041057	 2.20	rs7165012	 4.56e-03	-3.68	-0.0447	19	 6	enet	0.014	0.0011	 0.183311	0.854554
NA	/data/songy4/tes/output/weights_case//ENST00000564194.5.wgt.RDat	ENST00000564194.5	15	73917468	73928248	0.0412	rs1036673	-2.62	rs1550437	 3.03e-02	-4.92	-0.1406	15	 1	top1	0.03	2e-06	 0.140625	0.888166
NA	/data/songy4/tes/output/weights_case//ENST00000620154.4.wgt.RDat	ENST00000620154.4	15	64921927	64958691	0.0228	rs832878	 1.16	rs1471834	 1.41e-02	 3.61	 0.7951	 4	 4	enet	0.018	0.00023	 0.621281	0.534415
NA	/data/songy4/tes/output/weights_case//ENST00000542636.1.wgt.RDat	ENST00000542636.1	15	78264609	78280059	0.0399	rs16969691	-2.70	rs4516196	 1.17e-02	-4.42	-1.0244	22	 2	lasso	0.025	1.7e-05	 0.199616	0.841781
NA	/data/songy4/tes/output/weights_case//ENST00000610657.2.wgt.RDat	ENST00000610657.2	15	82339993	82349475	0.0531	rs12443185	 1.45	rs2654210	 8.33e-03	-4.26	-0.2079	13	 7	enet	0.045	7.5e-09	 0.436154	0.662725
NA	/data/songy4/tes/output/weights_case//ENST00000484250.1.wgt.RDat	ENST00000484250.1	15	40410719	40413178	0.0313	rs8041057	 2.20	rs7165012	-9.05e-04	-3.35	-0.0447	19	 6	enet	0.012	0.0017	 0.220286	0.825649
NA	/data/songy4/tes/output/weights_case//ENST00000661955.1.wgt.RDat	ENST00000661955.1	15	40039305	40057003	0.0383	rs8041057	 2.20	rs8041057	 3.96e-02	-5.58	 2.1981	16	 1	top1	0.04	6e-08	-2.198113	0.027941
NA	/data/songy4/tes/output/weights_case//ENST00000543522.5.wgt.RDat	ENST00000543522.5	15	32615571	32637903	0.0246	rs11634255	 2.58	rs11635997	 7.00e-03	 3.70	 0.4151	18	 5	enet	0.011	0.0026	 0.528691	0.597020
NA	/data/songy4/tes/output/weights_case//ENST00000567257.5.wgt.RDat	ENST00000567257.5	15	73917596	73927786	0.0453	rs1036673	-2.62	rs1550437	 3.30e-02	-5.41	-0.1406	15	 1	top1	0.033	7.2e-07	 0.140625	0.888166
NA	/data/songy4/tes/output/weights_case//ENST00000660446.1.wgt.RDat	ENST00000660446.1	15	40039305	40057003	0.0542	rs8041057	 2.20	rs8041057	 5.80e-02	-6.51	 2.1981	16	 1	top1	0.058	5.5e-11	-2.198113	0.027941
NA	/data/songy4/tes/output/weights_case//ENST00000497252.5.wgt.RDat	ENST00000497252.5	15	40412612	40418175	0.0407	rs8041057	 2.20	rs7165012	 2.50e-02	-4.51	-0.0447	19	 5	enet	0.026	1.1e-05	 0.081438	0.935094
NA	/data/songy4/tes/output/weights_case//ENST00000527933.2.wgt.RDat	ENST00000527933.2	15	45380500	45397346	0.0194	rs17594910	-1.16	rs950027	 1.53e-02	-3.93	-0.7041	 5	 1	top1	0.015	0.00059	 0.704082	0.481382
NA	/data/songy4/tes/output/weights_case//ENST00000569811.1.wgt.RDat	ENST00000569811.1	15	34565890	34582860	0.0732	NA	   NA	NA	       NA	   NA	     NA	28	 0	top1	0.046	5.9e-09	       NA	      NA
NA	/data/songy4/tes/output/weights_case//ENST00000528049.2.wgt.RDat	ENST00000528049.2	15	32494003	32500346	0.0606	rs2611605	-1.56	rs11071882	 1.27e-02	 5.12	-0.7165	10	 5	enet	0.051	9e-10	-0.070541	0.943763
NA	/data/songy4/tes/output/weights_case//ENST00000334528.13.wgt.RDat	ENST00000334528.13	15	32765546	33067884	0.1694	rs11634255	 2.58	rs2444961	 1.04e-01	 8.63	 0.0758	36	19	enet	0.14	8.3e-26	-0.903659	0.366176
NA	/data/songy4/tes/output/weights_case//ENST00000524160.5.wgt.RDat	ENST00000524160.5	15	55410525	55498341	0.0281	rs2414407	 2.25	rs2439048	 1.70e-02	 3.75	 0.6465	16	 1	top1	0.017	3e-04	 0.646465	0.517978
NA	/data/songy4/tes/output/weights_case//ENST00000566991.5.wgt.RDat	ENST00000566991.5	15	72241218	72245787	0.0243	rs12910343	 1.43	rs1392989	-1.10e-03	-3.20	-1.1401	20	 7	enet	0.00018	0.29	 0.128130	0.898046
NA	/data/songy4/tes/output/weights_case//ENST00000657769.1.wgt.RDat	ENST00000657769.1	15	81915347	82013579	0.0373	rs1564641	-2.59	rs1948815	 9.45e-03	 4.39	-0.8450	21	 3	lasso	0.028	4.1e-06	-0.434550	0.663889
NA	/data/songy4/tes/output/weights_case//ENST00000312493.5.wgt.RDat	ENST00000312493.5	15	77108164	77252531	0.0289	rs12904384	 2.27	rs12904384	 1.70e-02	 3.83	 2.2737	 2	 2	enet	0.018	0.00018	 1.739769	0.081900
NA	/data/songy4/tes/output/weights_case//ENST00000338963.6.wgt.RDat	ENST00000338963.6	15	55826922	55917131	0.0210	rs2414407	 2.25	rs10851586	 2.16e-03	 3.64	-1.2014	14	 1	top1	0.0022	0.11	-1.201389	0.229600
NA	/data/songy4/tes/output/weights_case//ENST00000300175.8.wgt.RDat	ENST00000300175.8	15	32641676	32697098	0.0377	rs11634255	 2.58	rs11635997	 2.07e-02	 4.13	 0.4151	19	 1	top1	0.021	7.3e-05	 0.415094	0.678073
NA	/data/songy4/tes/output/weights_case//ENST00000569781.1.wgt.RDat	ENST00000569781.1	15	34404970	34437466	0.1404	rs1429751	 2.57	rs1836974	 7.51e-02	 7.47	 0.9136	35	17	enet	0.098	9.3e-18	-0.211950	0.832146
NA	/data/songy4/tes/output/weights_case//ENST00000544520.5.wgt.RDat	ENST00000544520.5	15	72241199	72267028	0.0250	rs12910343	 1.43	rs1392989	 8.97e-03	-3.36	-1.1401	20	 1	top1	0.009	0.0068	 1.140127	0.254233
NA	/data/songy4/tes/output/weights_case//ENST00000388942.8.wgt.RDat	ENST00000388942.8	15	76059985	76204963	0.0347	rs16967626	-2.66	rs2955732	 1.35e-02	 3.41	 0.9293	 7	 1	top1	0.013	0.0012	 0.929293	0.352737
NA	/data/songy4/tes/output/weights_case//ENST00000567075.1.wgt.RDat	ENST00000567075.1	15	32593460	32596780	0.1225	rs11634255	 2.58	rs11071882	 2.08e-02	-6.28	-0.7165	17	 8	enet	0.099	6.4e-18	-0.003860	0.996920
NA	/data/songy4/tes/output/weights_case//ENST00000525552.1.wgt.RDat	ENST00000525552.1	15	45405459	45410491	0.0316	rs17594910	-1.16	rs950027	 1.55e-02	 4.01	-0.7041	 5	 3	enet	0.025	1.4e-05	-0.330542	0.740991
NA	/data/songy4/tes/output/weights_case//ENST00000567042.1.wgt.RDat	ENST00000567042.1	15	72242620	72254481	0.0300	rs12910343	 1.43	rs1392989	 1.58e-03	-3.32	-1.1401	19	 7	enet	0.0041	0.048	 0.160594	0.872413
NA	/data/songy4/tes/output/weights_case//ENST00000604846.1.wgt.RDat	ENST00000604846.1	15	32528603	32529896	0.0199	rs3812934	-1.93	rs11071882	 5.88e-03	-3.47	-0.7165	12	 1	top1	0.0059	0.023	 0.716535	0.473661
NA	/data/songy4/tes/output/weights_case//ENST00000653789.1.wgt.RDat	ENST00000653789.1	15	48524308	48526051	0.0280	rs12907018	 2.26	rs17352842	 1.61e-02	-3.83	-0.7133	15	 1	top1	0.016	0.00043	 0.713287	0.475668
NA	/data/songy4/tes/output/weights_case//ENST00000482814.5.wgt.RDat	ENST00000482814.5	15	57592033	57714745	0.0341	rs1972284	 2.03	rs7174390	 2.03e-03	-3.29	 0.4804	36	 5	lasso	0.0047	0.038	-0.722354	0.470077
NA	/data/songy4/tes/output/weights_case//ENST00000661438.1.wgt.RDat	ENST00000661438.1	15	41286011	41380996	0.0236	rs16971844	-1.88	rs316617	 1.97e-02	 3.89	-1.6900	 4	 1	top1	0.02	0.00011	-1.690000	0.091028
NA	/data/songy4/tes/output/weights_case//ENST00000531624.1.wgt.RDat	ENST00000531624.1	15	45410373	45421378	0.0270	rs17594910	-1.16	rs950027	 1.70e-02	 4.32	-0.7041	 5	 1	enet	0.019	0.00012	-0.704082	0.481382
NA	/data/songy4/tes/output/weights_case//ENST00000483748.5.wgt.RDat	ENST00000483748.5	15	41841829	41848140	0.0381	rs11070349	-3.28	rs11070349	 3.35e-02	-5.20	-3.2796	10	 1	top1	0.033	6e-07	 3.279570	0.001040
NA	/data/songy4/tes/output/weights_case//ENST00000535714.2.wgt.RDat	ENST00000535714.2	15	98968229	99007792	0.0780	rs10438491	 2.42	rs10438491	 4.23e-02	 5.57	 2.4220	54	 1	top1	0.042	2.2e-08	 2.422018	0.015435
NA	/data/songy4/tes/output/weights_case//ENST00000670332.1.wgt.RDat	ENST00000670332.1	15	50354971	50358020	0.0542	rs2278167	-2.57	rs2278167	 1.43e-02	 4.82	-2.5700	16	 5	enet	0.037	1.7e-07	-1.474354	0.140386
NA	/data/songy4/tes/output/weights_case//ENST00000496660.5.wgt.RDat	ENST00000496660.5	15	64911918	64932514	0.0782	rs832878	 1.16	rs1471834	 5.46e-02	 6.38	 0.7951	 4	 2	lasso	0.063	8.3e-12	 0.395749	0.692290
NA	/data/songy4/tes/output/weights_case//ENST00000496627.5.wgt.RDat	ENST00000496627.5	15	57592033	57714745	0.0714	rs1972284	 2.03	rs11636335	 3.80e-02	 5.49	-0.2574	36	 1	top1	0.038	1.1e-07	-0.257426	0.796850
NA	/data/songy4/tes/output/weights_case//ENST00000417307.3.wgt.RDat	ENST00000417307.3	15	48191665	48203758	0.0573	rs12907018	 2.26	rs10519170	 9.14e-03	 3.91	 0.3202	14	 9	enet	0.04	5.3e-08	 0.403515	0.686569
NA	/data/songy4/tes/output/weights_case//ENST00000533199.1.wgt.RDat	ENST00000533199.1	15	45416854	45418593	0.0344	rs17594910	-1.16	rs950027	 2.10e-02	 4.54	-0.7041	 5	 3	enet	0.028	4.2e-06	-0.362400	0.717053
NA	/data/songy4/tes/output/weights_case//ENST00000483400.5.wgt.RDat	ENST00000483400.5	15	64915865	64932514	0.0719	rs832878	 1.16	rs1471834	 4.91e-02	 6.04	 0.7951	 4	 2	lasso	0.058	5.2e-11	 0.371132	0.710540
NA	/data/songy4/tes/output/weights_case//ENST00000305560.11.wgt.RDat	ENST00000305560.11	15	45402336	45421415	0.0275	rs17594910	-1.16	rs950027	 1.99e-02	 4.54	-0.7041	 5	 1	top1	0.02	1e-04	-0.704082	0.481382
NA	/data/songy4/tes/output/weights_case//ENST00000496480.5.wgt.RDat	ENST00000496480.5	15	64911902	64931967	0.0672	rs832878	 1.16	rs1471834	 5.14e-02	 6.20	 0.7951	 4	 3	enet	0.057	7.6e-11	 0.398473	0.690282
NA	/data/songy4/tes/output/weights_case//ENST00000531970.5.wgt.RDat	ENST00000531970.5	15	45402375	45421327	0.0269	rs17594910	-1.16	rs950027	 1.94e-02	 4.50	-0.7041	 5	 1	top1	0.019	0.00012	-0.704082	0.481382
NA	/data/songy4/tes/output/weights_case//ENST00000534533.5.wgt.RDat	ENST00000534533.5	15	78923059	78937233	0.0309	rs16969691	-2.70	rs12914792	 1.60e-02	-3.94	-0.3500	29	 1	top1	0.016	0.00044	 0.350000	0.726339
NA	/data/songy4/tes/output/weights_case//ENST00000534038.5.wgt.RDat	ENST00000534038.5	15	78932006	78945046	0.0313	rs16969691	-2.70	rs12914792	 1.88e-02	-4.11	-0.3500	29	 1	top1	0.019	0.00016	 0.350000	0.726339
NA	/data/songy4/tes/output/weights_case//ENST00000533841.1.wgt.RDat	ENST00000533841.1	15	45417695	45421337	0.0258	rs17594910	-1.16	rs950027	 1.90e-02	 4.28	-0.7041	 5	 1	top1	0.019	0.00014	-0.704082	0.481382
NA	/data/songy4/tes/output/weights_case//ENST00000305428.7.wgt.RDat	ENST00000305428.7	15	79432516	79472290	0.0405	rs10519218	-2.34	rs7183867	 1.99e-02	 4.13	-1.9646	24	 1	top1	0.02	1e-04	-1.964646	0.049455
NA	/data/songy4/tes/output/weights_case//ENST00000433326.2.wgt.RDat	ENST00000433326.2	15	58431991	58568952	0.0942	rs6494006	-2.09	rs7162855	 3.01e-02	 5.02	 1.3616	37	19	enet	0.058	5.9e-11	 0.626619	0.530909
NA	/data/songy4/tes/output/weights_case//ENST00000529612.5.wgt.RDat	ENST00000529612.5	15	78927609	78935750	0.0319	rs16969691	-2.70	rs12914792	 1.60e-02	-3.88	-0.3500	29	 1	top1	0.016	0.00045	 0.350000	0.726339
NA	/data/songy4/tes/output/weights_case//ENST00000528741.5.wgt.RDat	ENST00000528741.5	15	78929412	78949574	0.0327	rs16969691	-2.70	rs12914792	 1.74e-02	-4.05	-0.3500	29	 1	top1	0.017	0.00026	 0.350000	0.726339
NA	/data/songy4/tes/output/weights_case//ENST00000660521.1.wgt.RDat	ENST00000660521.1	15	69562732	69571440	0.0250	rs17313232	-2.66	rs2958405	 1.62e-02	 3.65	 0.2240	13	 1	top1	0.016	0.00041	 0.224000	0.822757
NA	/data/songy4/tes/output/weights_case//ENST00000496101.5.wgt.RDat	ENST00000496101.5	15	57592033	57706955	0.0678	rs1972284	 2.03	rs11636335	 1.50e-02	 5.15	-0.2574	36	 9	enet	0.032	9.5e-07	-0.722829	0.469785
NA	/data/songy4/tes/output/weights_case//ENST00000528191.5.wgt.RDat	ENST00000528191.5	15	78931885	78937186	0.0320	rs16969691	-2.70	rs12914792	 1.84e-02	-4.14	-0.3500	29	 1	top1	0.018	0.00018	 0.350000	0.726339
NA	/data/songy4/tes/output/weights_case//ENST00000497208.5.wgt.RDat	ENST00000497208.5	15	32641702	32696889	0.0371	rs11634255	 2.58	rs11635997	 8.52e-03	 3.86	 0.4151	19	 4	lasso	0.013	0.0012	-0.096232	0.923336
NA	/data/songy4/tes/output/weights_case//ENST00000539319.5.wgt.RDat	ENST00000539319.5	15	70656977	70763430	0.0229	rs631864	-1.82	rs10152562	-7.30e-04	-3.23	 1.1119	21	 2	lasso	0.0013	0.16	-1.170054	0.241979
NA	/data/songy4/tes/output/weights_case//ENST00000307144.6.wgt.RDat	ENST00000307144.6	15	59206843	59208588	0.0372	rs11631023	-2.59	rs1001839	 2.08e-02	-4.28	-0.5941	23	 1	top1	0.021	7.2e-05	 0.594059	0.552472
NA	/data/songy4/tes/output/weights_case//ENST00000483802.6.wgt.RDat	ENST00000483802.6	15	78264562	78280668	0.0381	rs16969691	-2.70	rs4516196	 1.15e-02	-4.42	-1.0244	22	 2	lasso	0.024	2.2e-05	 0.174619	0.861379
NA	/data/songy4/tes/output/weights_case//ENST00000529861.5.wgt.RDat	ENST00000529861.5	15	78929411	78945094	0.0330	rs16969691	-2.70	rs12914792	 1.56e-02	-3.87	-0.3500	29	 1	top1	0.016	0.00052	 0.350000	0.726339
NA	/data/songy4/tes/output/weights_case//ENST00000625155.1.wgt.RDat	ENST00000625155.1	15	79989905	79990606	0.0730	rs6495469	-2.72	rs12914081	 3.13e-02	 5.11	-0.0667	20	14	enet	0.036	2.2e-07	 0.064281	0.948747
NA	/data/songy4/tes/output/weights_case//ENST00000567348.5.wgt.RDat	ENST00000567348.5	15	32615539	32636181	0.0361	rs11634255	 2.58	rs11635997	 1.34e-02	 4.26	 0.4151	18	 6	enet	0.024	2e-05	 0.223648	0.823031
NA	/data/songy4/tes/output/weights_case//ENST00000537463.6.wgt.RDat	ENST00000537463.6	15	48430764	48645709	0.0744	rs12907018	 2.26	rs11631110	 2.32e-02	-5.89	-1.1923	17	 3	lasso	0.07	5.1e-13	 1.345094	0.178595
NA	/data/songy4/tes/output/weights_case//ENST00000336787.6.wgt.RDat	ENST00000336787.6	15	55202966	55289813	0.0338	rs2414407	 2.25	rs10851586	 3.02e-03	 3.13	-1.2014	13	 5	enet	0.011	0.0033	 0.409063	0.682493
NA	/data/songy4/tes/output/weights_case//ENST00000530010.5.wgt.RDat	ENST00000530010.5	15	78934844	78944998	0.0300	rs16969691	-2.70	rs12914792	 4.00e-03	-3.71	-0.3500	28	 8	enet	0.01	0.0042	 1.263430	0.206435
NA	/data/songy4/tes/output/weights_case//ENST00000554261.1.wgt.RDat	ENST00000554261.1	15	93899263	93900337	0.0585	rs4777693	 2.63	rs12591369	-5.09e-05	-3.02	 0.9455	49	 1	top1	-5.1e-05	0.33	-0.945455	0.344427
NA	/data/songy4/tes/output/weights_case//ENST00000414170.7.wgt.RDat	ENST00000414170.7	15	58410572	58566471	0.1201	rs6494006	-2.09	rs7162855	 9.79e-03	 5.43	 1.3616	37	20	enet	0.068	1.3e-12	 0.049746	0.960325
NA	/data/songy4/tes/output/weights_case//ENST00000494933.1.wgt.RDat	ENST00000494933.1	15	78661047	78661576	0.0267	rs16969691	-2.70	rs11857176	 1.11e-02	 3.47	 0.1395	16	 1	top1	0.011	0.0029	 0.139535	0.889027
NA	/data/songy4/tes/output/weights_case//ENST00000414190.6.wgt.RDat	ENST00000414190.6	15	84507885	84511468	0.0503	rs6602982	 3.01	rs2562767	 6.44e-03	-3.56	 0.2952	13	 8	enet	0.014	0.00096	-0.849734	0.395473
NA	/data/songy4/tes/output/weights_case//ENST00000498069.5.wgt.RDat	ENST00000498069.5	15	32677560	32696626	0.0244	rs11634255	 2.58	rs11635997	 1.59e-02	 3.83	 0.4151	19	 1	top1	0.016	0.00046	 0.415094	0.678073
NA	/data/songy4/tes/output/weights_case//ENST00000330964.10.wgt.RDat	ENST00000330964.10	15	63148249	63157477	0.0260	rs4775609	 2.64	rs2729812	 2.24e-02	-4.35	 1.6746	24	 1	top1	0.022	3.9e-05	-1.674603	0.094012
NA	/data/songy4/tes/output/weights_case//ENST00000566091.5.wgt.RDat	ENST00000566091.5	15	34551191	34581499	0.0810	rs1429751	 2.57	rs7177998	 3.84e-02	 5.34	-0.2981	27	21	enet	0.049	1.6e-09	-0.860345	0.389599
NA	/data/songy4/tes/output/weights_case//ENST00000612262.1.wgt.RDat	ENST00000612262.1	15	48327566	48331846	0.0301	rs12907018	 2.26	rs17352842	 1.32e-02	 3.38	-0.7133	12	 1	top1	0.013	0.0013	-0.713287	0.475668
NA	/data/songy4/tes/output/weights_case//ENST00000566258.1.wgt.RDat	ENST00000566258.1	15	34552973	34583634	0.1539	rs1429751	 2.57	rs1836974	 7.56e-02	 7.44	 0.6161	28	20	enet	0.11	2.2e-19	-0.345787	0.729503
NA	/data/songy4/tes/output/weights_case//ENST00000566205.1.wgt.RDat	ENST00000566205.1	15	82262810	82264889	0.0476	rs1564641	-2.59	rs2654210	 2.17e-02	-4.49	-0.2079	17	 1	top1	0.022	5.1e-05	 0.207921	0.835291
NA	/data/songy4/tes/output/weights_case//ENST00000662997.1.wgt.RDat	ENST00000662997.1	15	99807887	99839074	0.0412	rs10438491	 2.42	rs2684807	-1.39e-03	 3.03	 0.3268	33	13	enet	0.0034	0.066	-2.213683	0.026851
NA	/data/songy4/tes/output/weights_case//ENST00000621197.4.wgt.RDat	ENST00000621197.4	15	82339998	82349437	0.0550	rs12443185	 1.45	rs2654210	 8.43e-03	-4.39	-0.2079	13	 7	enet	0.045	6.7e-09	 0.365026	0.715092
NA	/data/songy4/tes/output/weights_case//ENST00000612379.4.wgt.RDat	ENST00000612379.4	15	82476899	82513874	0.0430	rs12443185	 1.45	rs4778655	 7.52e-03	 4.68	 1.2000	13	 5	enet	0.031	1.6e-06	 0.687977	0.491467
NA	/data/songy4/tes/output/weights_case//ENST00000565885.1.wgt.RDat	ENST00000565885.1	15	34406677	34428925	0.1135	rs1429751	 2.57	rs1836974	 6.07e-02	 6.83	 0.9136	35	10	enet	0.075	7.1e-14	-0.176281	0.860073
NA	/data/songy4/tes/output/weights_case//ENST00000565854.5.wgt.RDat	ENST00000565854.5	15	55192720	55196629	0.0329	rs2414407	 2.25	rs10851586	 1.13e-02	 3.30	-1.2014	13	 5	enet	0.018	0.00022	-0.637915	0.523529
NA	/data/songy4/tes/output/weights_case//ENST00000220514.8.wgt.RDat	ENST00000220514.8	15	41309273	41332591	0.0690	rs16971844	-1.88	rs316617	 5.08e-02	 6.18	-1.6900	 4	 4	enet	0.059	4.3e-11	-1.181483	0.237411
NA	/data/songy4/tes/output/weights_case//ENST00000384230.2.wgt.RDat	ENST00000384230.2	15	44697333	44697430	0.0240	rs10518980	-1.57	rs2663993	 1.50e-02	 3.80	-0.2755	 4	 1	top1	0.015	0.00066	-0.275510	0.782924
NA	/data/songy4/tes/output/weights_case//ENST00000480425.1.wgt.RDat	ENST00000480425.1	15	78279137	78282196	0.0384	rs16969691	-2.70	rs4516196	 8.54e-03	-3.93	-1.0244	22	 2	lasso	0.023	2.6e-05	-0.547328	0.584153
NA	/data/songy4/tes/output/weights_case//ENST00000343789.7.wgt.RDat	ENST00000343789.7	15	78264562	78282196	0.0345	rs16969691	-2.70	rs4516196	 9.77e-03	-4.16	-1.0244	22	 2	lasso	0.02	9.5e-05	 0.042840	0.965829
NA	/data/songy4/tes/output/weights_case//ENST00000413748.6.wgt.RDat	ENST00000413748.6	15	32641676	32697098	0.0377	rs11634255	 2.58	rs11635997	 2.11e-02	 4.16	 0.4151	19	 1	top1	0.021	6.4e-05	 0.415094	0.678073
NA	/data/songy4/tes/output/weights_case//ENST00000663463.1.wgt.RDat	ENST00000663463.1	15	45235930	45279251	0.0244	rs10518980	-1.57	rs1365242	 4.60e-03	-2.95	 0.5196	 6	 2	lasso	0.0097	0.0051	-0.422224	0.672862
NA	/data/songy4/tes/output/weights_case//ENST00000570019.1.wgt.RDat	ENST00000570019.1	15	34373541	34374603	0.0695	rs1429751	 2.57	rs2279686	 3.16e-02	-4.94	 0.1667	40	10	enet	0.041	3.4e-08	-1.273170	0.202958
NA	/data/songy4/tes/output/weights_case//ENST00000391113.1.wgt.RDat	ENST00000391113.1	15	32970727	32970791	0.0816	rs11634255	 2.58	rs2444961	 6.55e-02	 6.92	 0.0758	27	 1	top1	0.065	3.2e-12	 0.075758	0.939612
NA	/data/songy4/tes/output/weights_case//ENST00000480656.3.wgt.RDat	ENST00000480656.3	15	75785134	75785354	0.0170	rs16967626	-2.66	rs2405781	 1.70e-03	 3.02	 1.4545	 7	 2	lasso	0.0037	0.057	 2.020423	0.043340
NA	/data/songy4/tes/output/weights_case//ENST00000486285.1.wgt.RDat	ENST00000486285.1	15	32656084	32669092	0.0235	rs11634255	 2.58	rs11635997	 1.69e-02	 3.72	 0.4151	19	 1	top1	0.017	0.00032	 0.415094	0.678073
NA	/data/songy4/tes/output/weights_case//ENST00000516913.1.wgt.RDat	ENST00000516913.1	15	75121536	75121666	0.0161	rs2290573	-3.36	rs2290573	-6.96e-04	-2.68	-3.3608	 7	 1	top1	-7e-04	0.48	 3.360825	0.000777
NA	/data/songy4/tes/output/weights_case//ENST00000657668.1.wgt.RDat	ENST00000657668.1	15	93899235	93973719	0.0410	rs4777693	 2.63	rs11074155	-1.08e-03	-2.79	 0.3772	49	24	enet	-0.00088	0.54	 0.988366	0.322973
NA	/data/songy4/tes/output/weights_case//ENST00000444347.2.wgt.RDat	ENST00000444347.2	15	65258096	65286843	0.0306	rs602192	-2.49	rs639812	 2.49e-02	 4.59	 0.0548	 7	 1	top1	0.025	1.5e-05	 0.054795	0.956302
NA	/data/songy4/tes/output/weights_case//ENST00000550961.6.wgt.RDat	ENST00000550961.6	15	82476498	82477926	0.0318	rs12443185	 1.45	rs4778655	 1.07e-02	 4.40	 1.2000	13	 5	enet	0.023	2.9e-05	 1.195167	0.232022
NA	/data/songy4/tes/output/weights_case//ENST00000653341.1.wgt.RDat	ENST00000653341.1	15	93896059	93899696	0.0488	rs4777693	 2.63	rs11074155	-1.27e-03	-3.35	 0.3772	49	18	enet	0.0067	0.017	 0.115812	0.907801
NA	/data/songy4/tes/output/weights_case//ENST00000603605.1.wgt.RDat	ENST00000603605.1	15	79984151	79985724	0.0803	rs6495469	-2.72	rs12914081	 6.58e-02	 6.99	-0.0667	20	 8	enet	0.068	1.2e-12	 0.147224	0.882955
NA	/data/songy4/tes/output/weights_case//ENST00000484734.1.wgt.RDat	ENST00000484734.1	15	39593045	39595529	0.0455	rs12594730	-2.04	rs997752	 2.25e-02	-4.29	 0.9300	34	 1	top1	0.023	3.7e-05	-0.930000	0.352371
NA	/data/songy4/tes/output/weights_case//ENST00000481262.6.wgt.RDat	ENST00000481262.6	15	40410736	40435765	0.0404	rs8041057	 2.20	rs7165012	 2.57e-02	-4.53	-0.0447	19	 7	enet	0.028	4.5e-06	 0.294690	0.768230
NA	/data/songy4/tes/output/weights_case//ENST00000497816.1.wgt.RDat	ENST00000497816.1	15	40415146	40419157	0.0409	rs8041057	 2.20	rs7165012	 2.02e-02	-4.27	-0.0447	19	 6	enet	0.021	6.7e-05	 0.071657	0.942875
NA	/data/songy4/tes/output/weights_case//ENST00000659570.1.wgt.RDat	ENST00000659570.1	15	50354987	50358291	0.0607	rs2278167	-2.57	rs2278167	 1.67e-02	 5.09	-2.5700	16	 5	enet	0.045	7.8e-09	-1.438952	0.150164
NA	/data/songy4/tes/output/weights_case//ENST00000611209.1.wgt.RDat	ENST00000611209.1	15	32594188	32597925	0.0918	rs11634255	 2.58	rs8041254	 2.12e-02	 4.88	-0.0680	17	10	enet	0.06	2.2e-11	 0.223090	0.823465
NA	/data/songy4/tes/output/weights_case//ENST00000567956.5.wgt.RDat	ENST00000567956.5	15	34552907	34583651	0.1625	rs1429751	 2.57	rs1836974	 6.73e-02	 7.11	 0.6161	28	20	enet	0.11	3.7e-20	-0.616792	0.537372
NA	/data/songy4/tes/output/weights_case//ENST00000566877.5.wgt.RDat	ENST00000566877.5	15	55205616	55249035	0.0281	rs2414407	 2.25	rs10851586	 3.59e-03	 3.19	-1.2014	13	 4	enet	0.0065	0.018	 0.321169	0.748083
NA	/data/songy4/tes/output/weights_case//ENST00000339094.5.wgt.RDat	ENST00000339094.5	15	84527196	84570795	0.0540	rs6602982	 3.01	rs1552921	 4.01e-03	 3.41	 0.8396	13	 9	enet	0.03	1.8e-06	 1.130688	0.258186
NA	/data/songy4/tes/output/weights_case//ENST00000300069.5.wgt.RDat	ENST00000300069.5	15	64739891	64775589	0.0257	rs16947645	 1.46	rs11858605	 2.38e-02	 4.30	-0.4242	 7	 1	top1	0.024	2.3e-05	-0.424242	0.671389
NA	/data/songy4/tes/output/weights_case//ENST00000567974.5.wgt.RDat	ENST00000567974.5	15	72241199	72265930	0.0244	rs12910343	 1.43	rs1392989	 3.53e-03	-3.44	-1.1401	20	 1	top1	0.0035	0.062	 1.140127	0.254233
NA	/data/songy4/tes/output/weights_case//ENST00000484722.5.wgt.RDat	ENST00000484722.5	15	76059958	76204962	0.0343	rs16967626	-2.66	rs2955732	 1.30e-02	 3.36	 0.9293	 7	 1	top1	0.013	0.0014	 0.929293	0.352737
NA	/data/songy4/tes/output/weights_case//ENST00000611260.1.wgt.RDat	ENST00000611260.1	15	64934113	64943756	0.0459	rs832878	 1.16	rs1471834	 4.16e-02	 5.59	 0.7951	 4	 1	top1	0.042	2.8e-08	 0.795082	0.426566
NA	/data/songy4/tes/output/weights_case//ENST00000566861.5.wgt.RDat	ENST00000566861.5	15	82262826	82264889	0.0465	rs1564641	-2.59	rs2654210	 1.63e-02	-4.26	-0.2079	17	 1	top1	0.016	4e-04	 0.207921	0.835291
NA	/data/songy4/tes/output/weights_case//ENST00000497720.1.wgt.RDat	ENST00000497720.1	15	39587431	39588785	0.0493	rs12594730	-2.04	rs997752	 3.16e-03	-3.36	 0.9300	34	 8	enet	0.02	1e-04	-2.080465	0.037483
NA	/data/songy4/tes/output/weights_case//ENST00000485075.1.wgt.RDat	ENST00000485075.1	15	78270017	78275436	0.0331	rs16969691	-2.70	rs11635324	 6.47e-03	-3.79	 2.2000	22	 5	enet	0.012	0.0025	-0.811293	0.417198
NA	/data/songy4/tes/output/weights_case//ENST00000619930.1.wgt.RDat	ENST00000619930.1	15	49353485	49354034	0.0265	rs7175415	-2.17	rs11634375	 5.84e-03	 3.45	-1.0686	16	 4	enet	0.0084	0.0084	-1.301387	0.193126
NA	/data/songy4/tes/output/weights_case//ENST00000602530.1.wgt.RDat	ENST00000602530.1	15	76343642	76344365	0.0497	rs16967626	-2.66	rs2935969	 2.43e-02	-4.51	-0.4068	 7	 7	enet	0.032	9.5e-07	-0.769175	0.441789
NA	/data/songy4/tes/output/weights_case//ENST00000422563.6.wgt.RDat	ENST00000422563.6	15	84235773	84245368	0.0302	rs6602982	 3.01	rs1552921	 1.63e-02	 3.70	 0.8396	14	 1	top1	0.016	0.00039	 0.839623	0.401120
NA	/data/songy4/tes/output/weights_case//ENST00000553410.1.wgt.RDat	ENST00000553410.1	15	91532891	91535095	0.1694	rs9920813	-1.92	rs12906857	 4.09e-02	-5.72	 0.0694	25	 3	lasso	0.094	5.7e-17	-0.794376	0.426976
NA	/data/songy4/tes/output/weights_case//ENST00000566480.5.wgt.RDat	ENST00000566480.5	15	74843732	74854586	0.0212	rs2290573	-3.36	rs2290573	 3.34e-03	-3.26	-3.3608	10	 7	enet	0.0054	0.028	 1.078527	0.280798
NA	/data/songy4/tes/output/weights_case//ENST00000670622.1.wgt.RDat	ENST00000670622.1	15	72786703	72794808	0.0195	rs11632652	 1.91	rs2303448	 4.57e-03	 3.22	 0.8396	 5	 5	enet	0.013	0.0014	-0.136501	0.891425
NA	/data/songy4/tes/output/weights_case//ENST00000568260.1.wgt.RDat	ENST00000568260.1	15	72351132	72375953	0.0232	rs11632652	 1.91	rs2303448	-1.38e-03	-2.88	 0.8396	15	 9	enet	9.7e-06	0.32	-0.071755	0.942797
NA	/data/songy4/tes/output/weights_case//ENST00000612093.1.wgt.RDat	ENST00000612093.1	15	82464708	82477258	0.0305	rs12443185	 1.45	rs4778655	 6.23e-03	 4.11	 1.2000	13	 6	enet	0.016	5e-04	 0.913027	0.361228
NA	/data/songy4/tes/output/weights_case//ENST00000341418.10.wgt.RDat	ENST00000341418.10	15	67819704	67833836	0.0350	rs12102171	-2.43	rs7171219	 1.10e-02	-3.26	-0.2188	 9	 1	top1	0.011	0.003	 0.218750	0.826845
NA	/data/songy4/tes/output/weights_case//ENST00000414849.6.wgt.RDat	ENST00000414849.6	15	41332871	41381050	0.0346	rs16971844	-1.88	rs316617	 3.32e-02	 4.98	-1.6900	 4	 1	top1	0.033	6.7e-07	-1.690000	0.091028
NA	/data/songy4/tes/output/weights_case//ENST00000299022.10.wgt.RDat	ENST00000299022.10	15	58431991	58569844	0.0940	rs6494006	-2.09	rs7162855	 3.66e-02	 5.36	 1.3616	37	10	enet	0.057	9.6e-11	 0.855745	0.392139
NA	/data/songy4/tes/output/weights_case//ENST00000566635.5.wgt.RDat	ENST00000566635.5	15	28111279	28117551	0.0569	rs3110480	-3.11	rs2305252	 2.01e-02	 4.05	 1.8261	16	 6	enet	0.025	1.4e-05	 1.024326	0.305681
NA	/data/songy4/tes/output/weights_case//ENST00000653225.1.wgt.RDat	ENST00000653225.1	15	69561695	69571437	0.0345	rs17313232	-2.66	rs2958405	 6.97e-04	 3.07	 0.2240	13	 8	enet	0.0023	0.11	 0.201623	0.840212
NA	/data/songy4/tes/output/weights_case//ENST00000655221.1.wgt.RDat	ENST00000655221.1	15	40039264	40076539	0.0277	rs8041057	 2.20	rs8041057	 2.16e-02	-4.11	 2.1981	17	 1	top1	0.022	5.4e-05	-2.198113	0.027941
NA	/data/songy4/tes/output/weights_case//ENST00000568129.1.wgt.RDat	ENST00000568129.1	15	83163770	83207450	0.0210	rs7182320	 1.12	rs4842935	 4.04e-03	-2.64	 0.9910	 3	 3	enet	0.013	0.0013	-0.699431	0.484283
NA	/data/songy4/tes/output/weights_case//ENST00000440911.6.wgt.RDat	ENST00000440911.6	15	78264544	78280541	0.0382	rs16969691	-2.70	rs4516196	 1.18e-02	-4.44	-1.0244	22	 2	lasso	0.025	1.3e-05	 0.171346	0.863952
NA	/data/songy4/tes/output/weights_case//ENST00000363616.1.wgt.RDat	ENST00000363616.1	15	25189414	25189495	0.0273	rs1977035	-2.17	rs2647364	 1.23e-02	-3.52	 0.7184	24	 1	top1	0.012	0.0019	-0.718447	0.472482
NA	/data/songy4/tes/output/weights_case//ENST00000468886.5.wgt.RDat	ENST00000468886.5	15	57592033	57706955	0.0750	rs1972284	 2.03	rs11636335	 3.95e-02	 5.61	-0.2574	36	 1	top1	0.04	6.1e-08	-0.257426	0.796850
NA	/data/songy4/tes/output/weights_case//ENST00000561224.5.wgt.RDat	ENST00000561224.5	15	89681305	89690753	0.0366	rs4932202	-2.38	rs11629584	 3.14e-02	 4.94	-1.5638	31	 1	top1	0.031	1.3e-06	-1.563830	0.117858
NA	/data/songy4/tes/output/weights_case//ENST00000559150.1.wgt.RDat	ENST00000559150.1	15	33064426	33068032	0.1680	rs11634255	 2.58	rs2444961	 1.06e-01	 8.72	 0.0758	33	12	enet	0.15	3e-26	-0.865562	0.386730
NA	/data/songy4/tes/output/weights_case//ENST00000569120.1.wgt.RDat	ENST00000569120.1	15	82262818	82265748	0.0319	rs1564641	-2.59	rs2654210	 1.89e-02	-4.30	-0.2079	17	 1	top1	0.019	0.00015	 0.207921	0.835291
NA	/data/songy4/tes/output/weights_case//ENST00000559133.5.wgt.RDat	ENST00000559133.5	15	48410074	48467991	0.0382	rs12907018	 2.26	rs17352842	 3.60e-02	-5.27	-0.7133	13	 1	top1	0.036	2.3e-07	 0.713287	0.475668
NA	/data/songy4/tes/output/weights_case//ENST00000617986.1.wgt.RDat	ENST00000617986.1	15	82472203	82472426	0.0354	rs12443185	 1.45	rs4778655	 9.60e-03	 4.34	 1.2000	13	 5	enet	0.025	1.4e-05	 1.245407	0.212982
NA	/data/songy4/tes/output/weights_case//ENST00000560235.1.wgt.RDat	ENST00000560235.1	15	99228553	99249531	0.0374	rs10438491	 2.42	rs939626	 1.64e-02	-3.63	-1.9703	48	 1	top1	0.016	0.00038	 1.970297	0.048804
NA	/data/songy4/tes/output/weights_case//ENST00000559135.1.wgt.RDat	ENST00000559135.1	15	33012119	33013068	0.0950	rs11634255	 2.58	rs2444961	 5.30e-02	 6.21	 0.0758	28	13	enet	0.069	8.4e-13	-1.151009	0.249728
NA	/data/songy4/tes/output/weights_case//ENST00000561249.5.wgt.RDat	ENST00000561249.5	15	32774151	33155040	0.0981	rs11634255	 2.58	rs2444961	 6.91e-02	 7.08	 0.0758	40	11	enet	0.085	2e-15	-0.699402	0.484301
NA	/data/songy4/tes/output/weights_case//ENST00000466755.1.wgt.RDat	ENST00000466755.1	15	39587452	39588472	0.0462	rs12594730	-2.04	rs997752	 8.33e-03	-3.54	 0.9300	34	 9	enet	0.019	0.00014	-2.044042	0.040949
NA	/data/songy4/tes/output/weights_case//ENST00000647363.1.wgt.RDat	ENST00000647363.1	15	48192046	48203744	0.0489	rs12907018	 2.26	rs10519170	 7.73e-03	 3.77	 0.3202	14	 8	enet	0.031	1.7e-06	 0.391694	0.695285
NA	/data/songy4/tes/output/weights_case//ENST00000466756.2.wgt.RDat	ENST00000466756.2	15	40416167	40424473	0.0284	NA	   NA	NA	       NA	   NA	     NA	19	 0	top1	0.037	1.6e-07	       NA	      NA
NA	/data/songy4/tes/output/weights_case//ENST00000560807.5.wgt.RDat	ENST00000560807.5	15	78277835	78290029	0.0318	rs16969691	-2.70	rs11857176	-1.28e-03	-3.20	 0.1395	22	13	enet	-0.00096	0.57	 0.330495	0.741026
NA	/data/songy4/tes/output/weights_case//ENST00000471027.1.wgt.RDat	ENST00000471027.1	15	32643623	32691909	0.0355	rs11634255	 2.58	rs11635997	 1.33e-02	 4.19	 0.4151	19	 9	enet	0.022	4.4e-05	-0.052099	0.958450
NA	/data/songy4/tes/output/weights_case//ENST00000617932.1.wgt.RDat	ENST00000617932.1	15	45378700	45380123	0.0217	rs17594910	-1.16	rs950027	 1.64e-02	-3.92	-0.7041	 5	 3	enet	0.016	0.00038	 0.459525	0.645857
NA	/data/songy4/tes/output/weights_case//ENST00000561162.5.wgt.RDat	ENST00000561162.5	15	63971524	64046381	0.0250	rs16947645	 1.46	rs16947645	 2.25e-02	-4.31	 1.4587	 5	 1	top1	0.023	3.7e-05	-1.458716	0.144643
NA	/data/songy4/tes/output/weights_case//ENST00000559299.2.wgt.RDat	ENST00000559299.2	15	81816761	81995666	0.0515	rs1564641	-2.59	rs1948815	 3.11e-02	 4.78	-0.8450	24	 9	enet	0.044	1e-08	 0.227730	0.819856
NA	/data/songy4/tes/output/weights_case//ENST00000261888.10.wgt.RDat	ENST00000261888.10	15	65258094	65286872	0.0324	rs602192	-2.49	rs639812	 2.80e-02	 4.83	 0.0548	 7	 1	top1	0.028	4.7e-06	 0.054795	0.956302
NA	/data/songy4/tes/output/weights_case//ENST00000559272.1.wgt.RDat	ENST00000559272.1	15	79456096	79471144	0.0399	rs10519218	-2.34	rs7183867	 1.96e-02	 4.19	-1.9646	24	 1	top1	0.02	0.00011	-1.964646	0.049455
NA	/data/songy4/tes/output/weights_case//ENST00000559279.6.wgt.RDat	ENST00000559279.6	15	69414359	69448396	0.0293	rs17313232	-2.66	rs1491633	-3.41e-04	 2.85	-1.1457	16	12	enet	0.0018	0.14	-0.869456	0.384598
NA	/data/songy4/tes/output/weights_case//ENST00000559283.1.wgt.RDat	ENST00000559283.1	15	69422909	69436259	0.0264	rs17313232	-2.66	rs2958405	-1.21e-04	 2.76	 0.2240	16	 7	enet	0.0088	0.0073	-1.147421	0.251208
NA	/data/songy4/tes/output/weights_case//ENST00000559332.1.wgt.RDat	ENST00000559332.1	15	78283235	78286133	0.0284	rs16969691	-2.70	rs4516196	-1.18e-03	-2.75	-1.0244	22	 9	enet	-0.0011	0.66	 1.325500	0.185006
NA	/data/songy4/tes/output/weights_case//ENST00000645050.1.wgt.RDat	ENST00000645050.1	15	48178467	48203697	0.0489	rs17418632	-2.42	rs10519170	 7.55e-03	 3.71	 0.3202	16	 8	enet	0.024	2.5e-05	 0.237070	0.812602
NA	/data/songy4/tes/output/weights_case//ENST00000643966.1.wgt.RDat	ENST00000643966.1	15	69414273	69448416	0.0296	rs17313232	-2.66	rs1491633	 1.71e-04	 2.80	-1.1457	16	10	enet	0.0011	0.18	-1.157949	0.246885
NA	/data/songy4/tes/output/weights_case//ENST00000558897.1.wgt.RDat	ENST00000558897.1	15	38040393	38062340	0.0315	rs10520060	 2.11	rs16954413	 1.91e-02	 4.02	 1.0219	17	 1	top1	0.019	0.00014	 1.021858	0.306848
NA	/data/songy4/tes/output/weights_case//ENST00000558902.5.wgt.RDat	ENST00000558902.5	15	52229230	52295769	0.0295	rs2693467	 2.91	rs2278296	-5.78e-04	-2.29	-1.4773	 8	 5	enet	0.018	0.00022	-0.635294	0.525237
NA	/data/songy4/tes/output/weights_case//ENST00000558916.1.wgt.RDat	ENST00000558916.1	15	45364824	45369707	0.0880	rs17594910	-1.16	rs950027	 9.07e-02	-8.20	-0.7041	 5	 1	top1	0.091	1.8e-16	 0.704082	0.481382
NA	/data/songy4/tes/output/weights_case//ENST00000560769.2.wgt.RDat	ENST00000560769.2	15	39593580	39600926	0.0480	rs12594730	-2.04	rs997752	 1.91e-02	-4.07	 0.9300	34	 1	top1	0.019	0.00014	-0.930000	0.352371
NA	/data/songy4/tes/output/weights_case//ENST00000558964.5.wgt.RDat	ENST00000558964.5	15	73052610	73302718	0.0279	rs11632652	 1.91	rs11632630	 2.21e-03	-3.02	-0.7596	10	10	enet	0.0035	0.062	 0.170538	0.864587
NA	/data/songy4/tes/output/weights_case//ENST00000473112.6.wgt.RDat	ENST00000473112.6	15	40407946	40435556	0.0407	rs8041057	 2.20	rs7165012	 2.36e-02	-4.40	-0.0447	19	 7	enet	0.026	8.7e-06	 0.397865	0.690730
NA	/data/songy4/tes/output/weights_case//ENST00000561404.1.wgt.RDat	ENST00000561404.1	15	45255124	45279251	0.0425	rs10518980	-1.57	rs1365242	 2.21e-03	-3.20	 0.5196	 6	 5	enet	0.021	6.4e-05	-0.150024	0.880746
NA	/data/songy4/tes/output/weights_case//ENST00000561403.6.wgt.RDat	ENST00000561403.6	15	84527211	84571009	0.0304	rs6602982	 3.01	rs1552921	 1.46e-02	 3.44	 0.8396	13	 1	top1	0.015	0.00076	 0.839623	0.401120
NA	/data/songy4/tes/output/weights_case//ENST00000490247.1.wgt.RDat	ENST00000490247.1	15	39588848	39589843	0.0551	rs12594730	-2.04	rs997752	 1.81e-02	-3.88	 0.9300	34	 1	top1	0.018	2e-04	-0.930000	0.352371
NA	/data/songy4/tes/output/weights_case//ENST00000558882.1.wgt.RDat	ENST00000558882.1	15	32774323	32860837	0.0375	rs11634255	 2.58	rs345829	 2.16e-02	 4.27	-0.7821	27	 1	top1	0.022	5.4e-05	-0.782051	0.434184
NA	/data/songy4/tes/output/weights_case//ENST00000561376.1.wgt.RDat	ENST00000561376.1	15	45364324	45366070	0.0452	rs17594910	-1.16	rs950027	 4.01e-02	-5.82	-0.7041	 5	 1	top1	0.04	4.9e-08	 0.704082	0.481382
NA	/data/songy4/tes/output/weights_case//ENST00000561301.5.wgt.RDat	ENST00000561301.5	15	48152117	48158921	0.0274	rs17418632	-2.37	rs12907018	 1.36e-03	 2.46	 2.2589	15	 9	enet	0.008	0.01	 1.046671	0.295251
NA	/data/songy4/tes/output/weights_case//ENST00000559076.1.wgt.RDat	ENST00000559076.1	15	34237084	34238396	0.0353	rs1429751	 2.57	rs937302	 1.14e-04	-3.28	-0.6600	48	11	enet	0.012	0.002	 1.035374	0.300494
NA	/data/songy4/tes/output/weights_case//ENST00000658527.1.wgt.RDat	ENST00000658527.1	15	93905491	93910612	0.0450	rs4777693	 2.63	rs10163031	 1.69e-02	 3.69	 0.8805	49	 1	top1	0.017	0.00032	 0.880531	0.378572
NA	/data/songy4/tes/output/weights_case//ENST00000560257.1.wgt.RDat	ENST00000560257.1	15	58410581	58432363	0.1075	rs6494006	-2.09	rs7162855	 2.09e-02	 5.09	 1.3616	37	16	enet	0.041	3.7e-08	-0.130534	0.896144
NA	/data/songy4/tes/output/weights_case//ENST00000618004.4.wgt.RDat	ENST00000618004.4	15	82472993	82513950	0.0239	rs12443185	 1.45	rs4778655	 2.26e-02	 4.25	 1.2000	13	 1	top1	0.023	3.6e-05	 1.200000	0.230139
NA	/data/songy4/tes/output/weights_case//ENST00000656830.1.wgt.RDat	ENST00000656830.1	15	50890158	50908603	0.0354	rs2278167	-2.57	rs882299	 3.58e-02	 5.24	 1.7250	 5	 1	top1	0.036	2.5e-07	 1.725000	0.084527
NA	/data/songy4/tes/output/weights_case//ENST00000668053.1.wgt.RDat	ENST00000668053.1	15	75762525	75763321	0.0179	rs16967626	-2.66	rs17338413	-5.55e-04	 2.48	 1.6295	 7	 3	lasso	0.0034	0.066	 1.707080	0.087807
NA	/data/songy4/tes/output/weights_case//ENST00000561277.5.wgt.RDat	ENST00000561277.5	15	77046060	77071122	0.0400	rs12904384	 2.27	rs8029854	 4.25e-03	-3.95	 0.4586	 2	 2	enet	0.031	1.5e-06	 1.148799	0.250639
NA	/data/songy4/tes/output/weights_case//ENST00000561289.1.wgt.RDat	ENST00000561289.1	15	50355545	50356414	0.0265	rs2278167	-2.57	rs2278167	 5.12e-03	 3.63	-2.5700	16	 2	lasso	0.0083	0.009	-2.819285	0.004813
NA	/data/songy4/tes/output/weights_case//ENST00000561287.1.wgt.RDat	ENST00000561287.1	15	82414681	82416003	0.0329	rs12443185	 1.45	rs2665120	 1.94e-02	 3.89	-0.4625	13	 6	enet	0.022	5.4e-05	-0.053115	0.957640
NA	/data/songy4/tes/output/weights_case//ENST00000559003.5.wgt.RDat	ENST00000559003.5	15	45251580	45256002	0.0241	rs10518980	-1.57	rs17594910	-8.72e-04	-2.64	-1.1571	 6	 6	enet	0.012	0.0023	 0.133093	0.894120
NA	/data/songy4/tes/output/weights_case//ENST00000559012.2.wgt.RDat	ENST00000559012.2	15	40039242	40065705	0.0611	rs8041057	 2.20	rs8041057	 6.07e-02	-6.68	 2.1981	17	 1	top1	0.061	2e-11	-2.198113	0.027941
NA	/data/songy4/tes/output/weights_case//ENST00000562136.1.wgt.RDat	ENST00000562136.1	15	28111762	28113717	0.0493	rs3110480	-3.11	rs2305252	-2.81e-04	 3.05	 1.8261	16	 7	enet	0.019	0.00015	 0.626155	0.531213
NA	/data/songy4/tes/output/weights_case//ENST00000560262.5.wgt.RDat	ENST00000560262.5	15	73052610	73302718	0.0270	rs11632652	 1.91	rs11632630	 1.61e-03	-2.97	-0.7596	10	 9	enet	0.0035	0.064	 0.300921	0.763475
NA	/data/songy4/tes/output/weights_case//ENST00000559047.5.wgt.RDat	ENST00000559047.5	15	32774310	33154914	0.1277	rs11634255	 2.58	rs2444961	 8.39e-02	 7.79	 0.0758	40	11	enet	0.11	3.3e-20	-0.796640	0.425660
NA	/data/songy4/tes/output/weights_case//ENST00000646012.1.wgt.RDat	ENST00000646012.1	15	48191648	48303718	0.0610	rs12907018	 2.26	rs17352842	 6.66e-03	 3.93	-0.7133	14	 9	enet	0.036	2.3e-07	 0.302070	0.762598
NA	/data/songy4/tes/output/weights_case//ENST00000559860.2.wgt.RDat	ENST00000559860.2	15	45402370	45415905	0.0271	rs17594910	-1.16	rs950027	 1.92e-02	 4.48	-0.7041	 5	 1	top1	0.019	0.00013	-0.704082	0.481382
NA	/data/songy4/tes/output/weights_case//ENST00000559867.1.wgt.RDat	ENST00000559867.1	15	34255286	34257832	0.0338	rs1429751	 2.57	rs10431811	 3.36e-03	-3.42	-0.2019	48	10	enet	0.0087	0.0076	 1.230040	0.218682
NA	/data/songy4/tes/output/weights_case//ENST00000559845.5.wgt.RDat	ENST00000559845.5	15	58431991	58564008	0.0988	rs6494006	-2.09	rs7162855	 3.43e-02	 5.19	 1.3616	37	18	enet	0.062	1.3e-11	 1.048392	0.294458
NA	/data/songy4/tes/output/weights_case//ENST00000559885.1.wgt.RDat	ENST00000559885.1	15	45369378	45377035	0.0687	rs17594910	-1.16	rs950027	 7.47e-02	-7.37	-0.7041	 5	 1	top1	0.075	9e-14	 0.704082	0.481382
NA	/data/songy4/tes/output/weights_case//ENST00000667323.1.wgt.RDat	ENST00000667323.1	15	40039291	40065705	0.0678	rs8041057	 2.20	rs8041057	 6.55e-02	-6.93	 2.1981	17	 1	top1	0.065	3.2e-12	-2.198113	0.027941
NA	/data/songy4/tes/output/weights_case//ENST00000559875.1.wgt.RDat	ENST00000559875.1	15	48192191	48201684	0.0484	rs12907018	 2.26	rs10519170	 1.80e-03	 3.38	 0.3202	14	10	enet	0.029	2.8e-06	 0.423793	0.671717
NA	/data/songy4/tes/output/weights_case//ENST00000667317.1.wgt.RDat	ENST00000667317.1	15	50355465	50357138	0.0471	rs2278167	-2.57	rs2278167	 1.39e-02	 4.69	-2.5700	16	 3	lasso	0.023	2.8e-05	-1.996056	0.045928
NA	/data/songy4/tes/output/weights_case//ENST00000659150.1.wgt.RDat	ENST00000659150.1	15	69553784	69570924	0.0323	rs17313232	-2.66	rs2958405	 2.15e-02	 4.03	 0.2240	14	 9	enet	0.025	1.3e-05	-0.225164	0.821852
NA	/data/songy4/tes/output/weights_case//ENST00000471563.5.wgt.RDat	ENST00000471563.5	15	57592033	57706955	0.0734	rs1972284	 2.03	rs11636335	 2.58e-02	 5.54	-0.2574	36	 9	enet	0.035	3e-07	-0.721852	0.470385
NA	/data/songy4/tes/output/weights_case//ENST00000477282.5.wgt.RDat	ENST00000477282.5	15	57592033	57714745	0.0322	rs1972284	 2.03	rs7174390	-1.63e-04	-3.20	 0.4804	36	 5	lasso	0.0034	0.066	-0.767059	0.443047
NA	/data/songy4/tes/output/weights_case//ENST00000559805.1.wgt.RDat	ENST00000559805.1	15	65234460	65261007	0.0437	rs602192	-2.49	rs639812	 2.91e-02	 4.72	 0.0548	 7	 2	lasso	0.045	8.1e-09	-1.362686	0.172982
NA	/data/songy4/tes/output/weights_case//ENST00000562282.5.wgt.RDat	ENST00000562282.5	15	34544858	34552398	0.0666	rs1429751	 2.57	rs1836974	 1.42e-02	-4.54	 0.5472	24	13	enet	0.041	3.9e-08	-0.724450	0.468790
NA	/data/songy4/tes/output/weights_case//ENST00000560010.1.wgt.RDat	ENST00000560010.1	15	96290445	96327327	0.0403	rs17636525	-2.77	rs4374122	 1.43e-04	 3.26	 1.4444	52	 1	top1	0.00014	0.29	 1.444444	0.148614
NA	/data/songy4/tes/output/weights_case//ENST00000559989.1.wgt.RDat	ENST00000559989.1	15	85196444	85213905	0.0395	rs2292188	 1.71	rs306202	 2.24e-02	 4.22	 0.4894	10	 3	lasso	0.028	4.4e-06	 0.760382	0.447026
NA	/data/songy4/tes/output/weights_case//ENST00000560898.5.wgt.RDat	ENST00000560898.5	15	41351102	41377272	0.0409	rs16971844	-1.88	rs316617	 3.96e-02	 5.44	-1.6900	 4	 1	top1	0.04	6e-08	-1.690000	0.091028
NA	/data/songy4/tes/output/weights_case//ENST00000647546.1.wgt.RDat	ENST00000647546.1	15	48191682	48304078	0.0618	rs12907018	 2.26	rs17352842	 6.69e-03	 3.88	-0.7133	14	11	enet	0.038	9e-08	 0.253241	0.800082
NA	/data/songy4/tes/output/weights_case//ENST00000559929.5.wgt.RDat	ENST00000559929.5	15	70049091	70096851	0.0305	rs17313232	-2.66	rs2899755	-1.37e-03	-2.99	 0.3388	28	17	enet	-0.00036	0.39	-2.217619	0.026581
NA	/data/songy4/tes/output/weights_case//ENST00000559940.1.wgt.RDat	ENST00000559940.1	15	78283235	78286863	0.0305	rs16969691	-2.70	rs876364	-1.08e-03	 3.13	-1.3438	22	11	enet	0.00022	0.28	-0.153672	0.877868
NA	/data/songy4/tes/output/weights_case//ENST00000647892.1.wgt.RDat	ENST00000647892.1	15	32624106	32641615	0.0213	rs11634255	 2.58	rs11635997	 2.14e-02	 4.14	 0.4151	18	 1	top1	0.021	5.7e-05	 0.415094	0.678073
NA	/data/songy4/tes/output/weights_case//ENST00000560854.1.wgt.RDat	ENST00000560854.1	15	77155200	77179808	0.0342	rs12904384	 2.27	rs8029854	 5.53e-03	-3.45	 0.4586	 2	 2	enet	0.03	2.6e-06	 1.274081	0.202635
NA	/data/songy4/tes/output/weights_case//ENST00000560946.1.wgt.RDat	ENST00000560946.1	15	78294475	78299614	0.0310	rs16969691	-2.70	rs7183034	-1.42e-03	 2.73	-0.1429	22	13	enet	0.00062	0.23	 0.183776	0.854189
NA	/data/songy4/tes/output/weights_case//ENST00000559924.1.wgt.RDat	ENST00000559924.1	15	45263061	45267752	0.0359	rs10518980	-1.57	rs1365242	 1.58e-02	-3.60	 0.5196	 6	 3	enet	0.028	5.2e-06	-0.136562	0.891377
NA	/data/songy4/tes/output/weights_case//ENST00000365672.1.wgt.RDat	ENST00000365672.1	15	48325558	48325671	0.0455	rs12907018	 2.26	rs17352842	 3.95e-03	 3.48	-0.7133	12	 5	lasso	0.012	0.0023	-0.722653	0.469893
NA	/data/songy4/tes/output/weights_case//ENST00000559523.5.wgt.RDat	ENST00000559523.5	15	34233259	34337760	0.0328	rs1429751	 2.57	rs10431811	 1.71e-04	-3.33	-0.2019	48	13	enet	0.0098	0.0049	 1.121440	0.262101
NA	/data/songy4/tes/output/weights_case//ENST00000561094.2.wgt.RDat	ENST00000561094.2	15	48188153	48191382	0.0406	rs12907018	 2.26	rs10519170	 1.78e-02	 4.05	 0.3202	13	 8	enet	0.022	5.1e-05	 1.149772	0.250238
NA	/data/songy4/tes/output/weights_case//ENST00000559575.5.wgt.RDat	ENST00000559575.5	15	40416155	40419373	0.0266	NA	   NA	NA	       NA	   NA	     NA	19	 0	top1	0.016	0.00043	       NA	      NA
NA	/data/songy4/tes/output/weights_case//ENST00000562702.2.wgt.RDat	ENST00000562702.2	15	83157351	83169231	0.0227	rs7182320	 1.12	rs7174089	 9.16e-03	 2.75	 0.0316	 3	 3	enet	0.017	0.00027	 0.096277	0.923300
NA	/data/songy4/tes/output/weights_case//ENST00000560820.1.wgt.RDat	ENST00000560820.1	15	48437622	48445412	0.0320	rs12907018	 2.26	rs17352842	 2.09e-02	-4.31	-0.7133	13	 1	top1	0.021	6.8e-05	 0.713287	0.475668
NA	/data/songy4/tes/output/weights_case//ENST00000561089.5.wgt.RDat	ENST00000561089.5	15	69414325	69447915	0.0352	rs17313232	-2.66	rs2958405	-6.17e-04	 3.20	 0.2240	16	 8	enet	0.0044	0.043	-0.877470	0.380232
NA	/data/songy4/tes/output/weights_case//ENST00000561098.1.wgt.RDat	ENST00000561098.1	15	58257448	58331464	0.0459	rs6494006	-2.09	rs2922220	-1.11e-03	 3.23	 0.2449	44	13	enet	0.004	0.051	 0.189754	0.849502
NA	/data/songy4/tes/output/weights_case//ENST00000560167.1.wgt.RDat	ENST00000560167.1	15	70684357	70703275	0.0312	rs631864	-1.82	rs10152562	 5.10e-04	-2.59	 1.1119	21	 3	lasso	0.00078	0.21	-1.399670	0.161612
NA	/data/songy4/tes/output/weights_case//ENST00000395720.2.wgt.RDat	ENST00000395720.2	15	64921927	64951261	0.0186	rs832878	 1.16	rs1471834	 1.23e-02	 3.50	 0.7951	 4	 2	enet	0.013	0.0013	 0.798293	0.424701
NA	/data/songy4/tes/output/weights_case//ENST00000560177.5.wgt.RDat	ENST00000560177.5	15	41332913	41381050	0.0345	rs16971844	-1.88	rs316617	 3.31e-02	 4.98	-1.6900	 4	 1	top1	0.033	6.9e-07	-1.690000	0.091028
NA	/data/songy4/tes/output/weights_case//ENST00000559434.1.wgt.RDat	ENST00000559434.1	15	52236789	52243559	0.0249	rs2693467	 2.91	rs2278296	 4.88e-04	-2.89	-1.4773	 8	 4	enet	0.0063	0.02	-0.771201	0.440588
NA	/data/songy4/tes/output/weights_case//ENST00000561148.5.wgt.RDat	ENST00000561148.5	15	45369329	45402218	0.0379	rs17594910	-1.16	rs950027	 3.19e-02	-5.23	-0.7041	 5	 1	top1	0.032	1.1e-06	 0.704082	0.481382
NA	/data/songy4/tes/output/weights_case//ENST00000559494.1.wgt.RDat	ENST00000559494.1	15	77046084	77071034	0.0381	rs12904384	 2.27	rs8029854	 3.70e-03	-3.91	 0.4586	 2	 2	enet	0.029	3.2e-06	 1.127103	0.259699
NA	/data/songy4/tes/output/weights_case//ENST00000560164.5.wgt.RDat	ENST00000560164.5	15	34233262	34299658	0.0329	rs1429751	 2.57	rs10431811	-9.42e-05	-3.28	-0.2019	48	15	enet	0.0065	0.018	 0.999453	0.317575
NA	/data/songy4/tes/output/weights_case//ENST00000561127.5.wgt.RDat	ENST00000561127.5	15	48191664	48230430	0.0611	rs12907018	 2.26	rs17352842	 4.76e-03	 3.65	-0.7133	14	10	enet	0.032	9.5e-07	 0.131908	0.895057
NA	/data/songy4/tes/output/weights_case//ENST00000491145.5.wgt.RDat	ENST00000491145.5	15	64911902	64932756	0.0663	rs832878	 1.16	rs1471834	 4.57e-02	 5.85	 0.7951	 4	 2	lasso	0.054	2.9e-10	 0.359425	0.719278
NA	/data/songy4/tes/output/weights_case//ENST00000561031.1.wgt.RDat	ENST00000561031.1	15	48207720	48221445	0.0413	rs12907018	 2.26	rs17352842	 9.34e-04	 3.18	-0.7133	12	 9	enet	0.0092	0.0063	 0.191205	0.848365
NA	/data/songy4/tes/output/weights_case//ENST00000559723.2.wgt.RDat	ENST00000559723.2	15	48225851	48234925	0.0508	rs12907018	 2.26	rs17352842	 5.05e-03	 3.62	-0.7133	12	10	enet	0.026	1.1e-05	 0.094621	0.924616
NA	/data/songy4/tes/output/weights_case//ENST00000560131.1.wgt.RDat	ENST00000560131.1	15	63063804	63066093	0.0238	rs4775609	 2.64	rs4775609	-1.31e-03	 2.66	 2.6392	27	 6	enet	0.0032	0.072	 0.589469	0.555547
NA	/data/songy4/tes/output/weights_case//ENST00000559596.6.wgt.RDat	ENST00000559596.6	15	41332881	41381046	0.0347	rs16971844	-1.88	rs316617	 3.32e-02	 4.98	-1.6900	 4	 1	top1	0.033	6.6e-07	-1.690000	0.091028
NA	/data/songy4/tes/output/weights_case//ENST00000561083.1.wgt.RDat	ENST00000561083.1	15	58434890	58498735	0.0823	rs6494006	-2.09	rs7162855	 9.78e-03	 4.01	 1.3616	37	18	enet	0.039	6.7e-08	-0.028006	0.977657
NA	/data/songy4/tes/output/weights_case//ENST00000561080.5.wgt.RDat	ENST00000561080.5	15	34233263	34338057	0.0326	rs1429751	 2.57	rs10431811	-9.36e-06	-3.17	-0.2019	48	13	enet	0.013	0.0016	 1.183433	0.236637
NA	/data/songy4/tes/output/weights_case//ENST00000559608.1.wgt.RDat	ENST00000559608.1	15	70049801	70051505	0.0331	rs17313232	-2.66	rs2899755	-1.04e-03	-3.29	 0.3388	27	15	enet	-0.00026	0.37	-2.054916	0.039887
NA	/data/songy4/tes/output/weights_case//ENST00000559610.1.wgt.RDat	ENST00000559610.1	15	32810895	32888254	0.0484	rs11634255	 2.58	rs345829	 2.45e-02	 4.52	-0.7821	27	14	enet	0.028	4.9e-06	-1.489598	0.136330
NA	/data/songy4/tes/output/weights_case//ENST00000396307.6.wgt.RDat	ENST00000396307.6	15	55202966	55270394	0.0328	rs2414407	 2.25	rs10851586	 2.82e-03	 3.12	-1.2014	13	 5	enet	0.009	0.0066	 0.404238	0.686038
NA	/data/songy4/tes/output/weights_case//ENST00000559641.5.wgt.RDat	ENST00000559641.5	15	48191765	48285127	0.0621	rs12907018	 2.26	rs17352842	 6.73e-03	 3.90	-0.7133	14	10	enet	0.036	2.4e-07	 0.264028	0.791758
NA	/data/songy4/tes/output/weights_case//ENST00000558805.1.wgt.RDat	ENST00000558805.1	15	48232725	48235344	0.0528	rs12907018	 2.26	rs10519170	 7.36e-03	 3.79	 0.3202	12	10	enet	0.029	2.9e-06	 0.102904	0.918039
NA	/data/songy4/tes/output/weights_case//ENST00000558035.1.wgt.RDat	ENST00000558035.1	15	82347242	82349437	0.0752	rs12443185	 1.45	rs2665120	 4.49e-02	 5.88	-0.4625	13	 8	enet	0.061	1.7e-11	 0.249294	0.803133
NA	/data/songy4/tes/output/weights_case//ENST00000558022.5.wgt.RDat	ENST00000558022.5	15	80152490	80168079	0.0318	rs6495469	-2.72	rs8026959	 1.41e-02	-3.41	 0.9406	18	14	enet	0.021	8e-05	-1.634191	0.102219
NA	/data/songy4/tes/output/weights_case//ENST00000260359.10.wgt.RDat	ENST00000260359.10	15	41332694	41381050	0.0353	rs16971844	-1.88	rs316617	 3.39e-02	 5.03	-1.6900	 4	 1	top1	0.034	5.2e-07	-1.690000	0.091028
NA	/data/songy4/tes/output/weights_case//ENST00000560446.1.wgt.RDat	ENST00000560446.1	15	77043680	77045160	0.2636	rs12904384	 2.27	rs12904384	 1.78e-01	11.38	 2.2737	 2	 2	enet	0.24	9.6e-45	 1.785875	0.074120
NA	/data/songy4/tes/output/weights_case//ENST00000560574.2.wgt.RDat	ENST00000560574.2	15	77204578	77205100	0.0139	rs12904384	 2.27	rs12904384	 1.37e-02	 3.35	 2.2737	 2	 1	top1	0.014	0.0011	 2.273684	0.022985
NA	/data/songy4/tes/output/weights_case//ENST00000396659.8.wgt.RDat	ENST00000396659.8	15	45361124	45378544	0.0919	rs17594910	-1.16	rs950027	 9.09e-02	-8.21	-0.7041	 5	 2	lasso	0.091	1.6e-16	 0.774118	0.438861
NA	/data/songy4/tes/output/weights_case//ENST00000260356.6.wgt.RDat	ENST00000260356.6	15	39581079	39599466	0.0367	rs12594730	-2.04	rs997752	 2.48e-02	-4.51	 0.9300	34	 1	top1	0.025	1.6e-05	-0.930000	0.352371
NA	/data/songy4/tes/output/weights_case//ENST00000562431.1.wgt.RDat	ENST00000562431.1	15	34365099	34366981	0.0404	rs1429751	 2.57	rs937302	 5.41e-04	-2.81	-0.6600	41	20	enet	0.0024	0.1	-0.014446	0.988474
NA	/data/songy4/tes/output/weights_case//ENST00000558182.5.wgt.RDat	ENST00000558182.5	15	59178424	59206761	0.0531	rs11631023	-2.59	rs1001839	 2.21e-02	-4.76	-0.5941	24	12	enet	0.032	1e-06	 0.490908	0.623492
NA	/data/songy4/tes/output/weights_case//ENST00000489435.2.wgt.RDat	ENST00000489435.2	15	78264145	78266039	0.0464	rs16969691	-2.70	rs4516196	 2.32e-02	-4.47	-1.0244	22	 1	top1	0.023	2.9e-05	 1.024390	0.305651
NA	/data/songy4/tes/output/weights_case//ENST00000504245.6.wgt.RDat	ENST00000504245.6	15	40039296	40067496	0.0716	rs8041057	 2.20	rs8041057	 8.50e-02	-7.83	 2.1981	17	 1	top1	0.085	1.7e-15	-2.198113	0.027941
NA	/data/songy4/tes/output/weights_case//ENST00000560623.1.wgt.RDat	ENST00000560623.1	15	48189387	48191691	0.0363	rs12907018	 2.26	rs10519170	 1.38e-02	 3.75	 0.3202	13	 1	top1	0.014	0.001	 0.320225	0.748798
NA	/data/songy4/tes/output/weights_case//ENST00000396577.7.wgt.RDat	ENST00000396577.7	15	48206302	48304078	0.0581	rs12907018	 2.26	rs17352842	 6.64e-03	 3.86	-0.7133	12	 9	enet	0.034	5e-07	 0.036551	0.970843
NA	/data/songy4/tes/output/weights_case//ENST00000558163.1.wgt.RDat	ENST00000558163.1	15	45366462	45378519	0.0854	rs17594910	-1.16	rs950027	 8.55e-02	-7.95	-0.7041	 5	 1	top1	0.085	1.4e-15	 0.704082	0.481382
NA	/data/songy4/tes/output/weights_case//ENST00000648451.1.wgt.RDat	ENST00000648451.1	15	55826997	55993660	0.0217	rs2414407	 2.25	rs10851586	 5.39e-03	 3.71	-1.2014	14	 1	top1	0.0054	0.028	-1.201389	0.229600
NA	/data/songy4/tes/output/weights_case//ENST00000558225.1.wgt.RDat	ENST00000558225.1	15	31393575	31435665	0.0496	rs898212	 2.28	rs898212	 1.93e-02	-4.77	 2.2830	17	 7	enet	0.04	5.9e-08	-0.918849	0.358174
NA	/data/songy4/tes/output/weights_case//ENST00000562067.5.wgt.RDat	ENST00000562067.5	15	75355792	75356885	0.0178	rs2290573	-3.36	rs34838371	 1.39e-02	 3.57	 0.1149	 4	 1	top1	0.014	0.00099	 0.114907	0.908519
NA	/data/songy4/tes/output/weights_case//ENST00000558192.1.wgt.RDat	ENST00000558192.1	15	78280950	78282190	0.0315	rs16969691	-2.70	rs4516196	 6.91e-03	-3.82	-1.0244	22	 2	lasso	0.014	0.0011	-0.205476	0.837200
NA	/data/songy4/tes/output/weights_case//ENST00000558197.1.wgt.RDat	ENST00000558197.1	15	33062667	33068162	0.1681	rs11634255	 2.58	rs2444961	 9.86e-02	 8.42	 0.0758	33	16	enet	0.14	2e-25	-0.920232	0.357452
NA	/data/songy4/tes/output/weights_case//ENST00000561684.1.wgt.RDat	ENST00000561684.1	15	30882267	30883231	0.0276	rs10400821	 1.88	rs2241495	 8.34e-04	 3.52	 0.2080	 5	 5	enet	0.02	9.7e-05	 0.112989	0.910039
NA	/data/songy4/tes/output/weights_case//ENST00000560692.5.wgt.RDat	ENST00000560692.5	15	48224326	48304078	0.0579	rs12907018	 2.26	rs17352842	 6.14e-03	 3.78	-0.7133	12	10	enet	0.034	5.7e-07	 0.076021	0.939402
NA	/data/songy4/tes/output/weights_case//ENST00000560441.5.wgt.RDat	ENST00000560441.5	15	70656932	70702308	0.0218	rs631864	-1.82	rs10152562	-1.08e-03	-3.03	 1.1119	21	 1	top1	-0.0011	0.63	-1.111888	0.266186
NA	/data/songy4/tes/output/weights_case//ENST00000618348.1.wgt.RDat	ENST00000618348.1	15	82430020	82436762	0.0291	rs12443185	 1.45	rs2665120	 3.73e-03	 3.21	-0.4625	13	10	enet	0.013	0.0014	-0.170692	0.864466
NA	/data/songy4/tes/output/weights_case//ENST00000560438.5.wgt.RDat	ENST00000560438.5	15	45252234	45264683	0.0355	rs10518980	-1.57	rs269866	 5.08e-03	 3.44	 0.1275	 6	 3	lasso	0.023	3.2e-05	 0.031320	0.975014
NA	/data/songy4/tes/output/weights_case//ENST00000260363.9.wgt.RDat	ENST00000260363.9	15	69414246	69448427	0.0361	rs17313232	-2.66	rs2958405	-8.89e-04	 2.85	 0.2240	16	11	enet	0.0045	0.042	-0.664594	0.506310
NA	/data/songy4/tes/output/weights_case//ENST00000560626.6.wgt.RDat	ENST00000560626.6	15	77100656	77420144	0.0636	rs12904384	 2.27	rs12904384	 3.90e-02	 5.51	 2.2737	 4	 4	enet	0.06	2.4e-11	 1.795568	0.072563
NA	/data/songy4/tes/output/weights_case//ENST00000558118.1.wgt.RDat	ENST00000558118.1	15	45369383	45378484	0.0578	rs17594910	-1.16	rs950027	 5.78e-02	-6.62	-0.7041	 5	 3	enet	0.059	4.5e-11	 0.833204	0.404730
NA	/data/songy4/tes/output/weights_case//ENST00000558123.5.wgt.RDat	ENST00000558123.5	15	41332694	41380747	0.0337	rs16971844	-1.88	rs316617	 3.30e-02	 4.96	-1.6900	 4	 1	top1	0.033	7.3e-07	-1.690000	0.091028
NA	/data/songy4/tes/output/weights_case//ENST00000570794.1.wgt.RDat	ENST00000570794.1	15	55417698	55418764	0.0354	rs2414407	 2.25	rs2439048	 2.79e-02	 4.67	 0.6465	16	 1	top1	0.028	4.8e-06	 0.646465	0.517978
NA	/data/songy4/tes/output/weights_case//ENST00000560660.1.wgt.RDat	ENST00000560660.1	15	40414406	40415461	0.0379	rs8041057	 2.20	rs7165012	 1.39e-02	-3.66	-0.0447	19	 8	enet	0.015	0.00066	 0.578873	0.562675
NA	/data/songy4/tes/output/weights_case//ENST00000616417.4.wgt.RDat	ENST00000616417.4	15	32765545	33194733	0.1507	rs11634255	 2.58	rs2444961	 9.97e-02	 8.46	 0.0758	44	17	enet	0.13	7.7e-24	-0.870898	0.383810
NA	/data/songy4/tes/output/weights_case//ENST00000560525.6.wgt.RDat	ENST00000560525.6	15	70048976	70097019	0.0309	rs17313232	-2.66	rs2899755	-1.39e-03	-3.04	 0.3388	28	17	enet	-0.00029	0.37	-2.217432	0.026594
NA	/data/songy4/tes/output/weights_case//ENST00000491554.6.wgt.RDat	ENST00000491554.6	15	40411608	40435947	0.0491	NA	   NA	NA	       NA	   NA	     NA	19	 0	top1	0.044	1.2e-08	       NA	      NA
NA	/data/songy4/tes/output/weights_case//ENST00000569493.5.wgt.RDat	ENST00000569493.5	15	55205353	55270909	0.0294	rs2414407	 2.25	rs10851586	 2.73e-03	 3.01	-1.2014	13	 5	enet	0.0074	0.013	 0.611841	0.540643
NA	/data/songy4/tes/output/weights_case//ENST00000506154.1.wgt.RDat	ENST00000506154.1	15	55827335	55917108	0.0215	rs2414407	 2.25	rs10851586	 1.16e-02	 3.71	-1.2014	14	 1	top1	0.012	0.0024	-1.201389	0.229600
NA	/data/songy4/tes/output/weights_case//ENST00000560664.1.wgt.RDat	ENST00000560664.1	15	58541748	58548572	0.0473	rs6494006	-2.09	rs7162855	 2.21e-02	 4.37	 1.3616	31	 7	enet	0.024	1.8e-05	 0.291242	0.770866
NA	/data/songy4/tes/output/weights_case//ENST00000408722.1.wgt.RDat	ENST00000408722.1	15	34382069	34382150	0.0363	rs1429751	 2.57	rs2467565	-1.23e-03	 3.10	-1.8604	36	 5	enet	0.0024	0.099	 0.510940	0.609393
NA	/data/songy4/tes/output/weights_case//ENST00000648603.1.wgt.RDat	ENST00000648603.1	15	56795460	56918385	0.0187	rs3848114	-1.72	rs7164193	 1.17e-03	 3.13	 0.7123	 4	 3	lasso	0.0012	0.18	 0.648097	0.516922
NA	/data/songy4/tes/output/weights_case//ENST00000672206.1.wgt.RDat	ENST00000672206.1	15	32774310	33119381	0.1635	rs11634255	 2.58	rs2444961	 1.01e-01	 8.53	 0.0758	39	18	enet	0.14	5.5e-25	-0.814032	0.415627
NA	/data/songy4/tes/output/weights_case//ENST00000648591.1.wgt.RDat	ENST00000648591.1	15	50355476	50372158	0.1176	rs2278167	-2.57	rs2278167	 7.39e-02	 7.35	-2.5700	16	 8	enet	0.092	1.2e-16	-1.265558	0.205671
NA	/data/songy4/tes/output/weights_case//ENST00000560640.1.wgt.RDat	ENST00000560640.1	15	41309762	41332487	0.0641	rs16971844	-1.88	rs316617	 4.06e-02	 5.51	-1.6900	 4	 4	enet	0.059	4.4e-11	-1.257060	0.208732
NA	/data/songy4/tes/output/weights_case//ENST00000489563.1.wgt.RDat	ENST00000489563.1	15	66379337	66379915	0.0243	rs9783681	 2.12	rs12592540	-6.52e-04	-2.81	 1.7117	14	10	enet	0.00097	0.2	-1.241553	0.214401
NA	/data/songy4/tes/output/weights_case//ENST00000560538.1.wgt.RDat	ENST00000560538.1	15	45376609	45397259	0.0616	rs17594910	-1.16	rs950027	 6.72e-02	-7.02	-0.7041	 5	 1	top1	0.067	1.7e-12	 0.704082	0.481382
NA	/data/songy4/tes/output/weights_case//ENST00000557715.2.wgt.RDat	ENST00000557715.2	15	93896181	93899387	0.0554	rs4777693	 2.63	rs11074160	-1.30e-03	-2.87	 0.9326	49	21	enet	0.014	0.00085	 0.750963	0.452675
NA	/data/songy4/tes/output/weights_case//ENST00000561773.1.wgt.RDat	ENST00000561773.1	15	66379270	66386707	0.0217	rs9783681	 2.12	rs12442231	-9.11e-04	-2.70	 0.9487	14	 8	enet	0.00079	0.21	-1.025967	0.304907
NA	/data/songy4/tes/output/weights_case//ENST00000562423.5.wgt.RDat	ENST00000562423.5	15	28789827	28808298	0.0155	NA	   NA	NA	       NA	   NA	     NA	 2	 0	top1	0.0098	0.0049	       NA	      NA
NA	/data/songy4/tes/output/weights_case//ENST00000668616.1.wgt.RDat	ENST00000668616.1	15	41284007	41380790	0.0175	rs16971844	-1.88	rs316617	 1.47e-02	 3.40	-1.6900	 4	 1	top1	0.015	0.00074	-1.690000	0.091028
NA	/data/songy4/tes/output/weights_case//ENST00000563202.1.wgt.RDat	ENST00000563202.1	15	28815346	28833337	0.0190	NA	   NA	NA	       NA	   NA	     NA	 2	 0	enet	0.01	0.0046	       NA	      NA
NA	/data/songy4/tes/output/weights_case//ENST00000395392.6.wgt.RDat	ENST00000395392.6	15	69414293	69448132	0.0357	rs17313232	-2.66	rs1491633	-7.84e-04	 2.97	-1.1457	16	 9	enet	0.0062	0.02	-0.876203	0.380920
NA	/data/songy4/tes/output/weights_case//ENST00000508342.5.wgt.RDat	ENST00000508342.5	15	55826922	55917131	0.0212	rs2414407	 2.25	rs10851586	 2.36e-03	 3.68	-1.2014	14	 2	lasso	0.0024	0.1	-1.116780	0.264088
NA	/data/songy4/tes/output/weights_case//ENST00000463717.5.wgt.RDat	ENST00000463717.5	15	57592033	57714745	0.0390	rs1972284	 2.03	rs7174390	 2.64e-03	-3.48	 0.4804	36	 7	enet	0.0058	0.024	-0.820393	0.411992
NA	/data/songy4/tes/output/weights_case//ENST00000623252.1.wgt.RDat	ENST00000623252.1	15	79989905	79990606	0.0730	rs6495469	-2.72	rs12914081	 3.13e-02	 5.11	-0.0667	20	14	enet	0.036	2.2e-07	 0.064281	0.948747
NA	/data/songy4/tes/output/weights_case//ENST00000508871.5.wgt.RDat	ENST00000508871.5	15	55826922	55915654	0.0234	rs2414407	 2.25	rs10851586	 5.54e-03	 3.73	-1.2014	14	 1	top1	0.0055	0.027	-1.201389	0.229600
NA	/data/songy4/tes/output/weights_case//ENST00000560489.2.wgt.RDat	ENST00000560489.2	15	49365124	49366685	0.0466	rs7175415	-2.17	rs11634375	 2.72e-02	 4.85	-1.0686	16	 1	top1	0.027	6.4e-06	-1.068627	0.285238
NA	/data/songy4/tes/output/weights_case//ENST00000647715.1.wgt.RDat	ENST00000647715.1	15	69414349	69448427	0.0356	rs17313232	-2.66	rs1491633	-8.86e-04	 2.90	-1.1457	16	 8	enet	0.0041	0.048	-0.961041	0.336532
NA	/data/songy4/tes/output/weights_case//ENST00000557840.5.wgt.RDat	ENST00000557840.5	15	41342396	41375751	0.0437	rs16971844	-1.88	rs316617	 4.15e-02	 5.55	-1.6900	 4	 1	top1	0.041	2.9e-08	-1.690000	0.091028
NA	/data/songy4/tes/output/weights_case//ENST00000558230.1.wgt.RDat	ENST00000558230.1	15	48642847	48644832	0.0300	rs12907018	 2.26	rs11631110	 1.50e-02	-4.55	-1.1923	10	 2	lasso	0.03	2e-06	 1.337767	0.180972
NA	/data/songy4/tes/output/weights_case//ENST00000562965.1.wgt.RDat	ENST00000562965.1	15	73919040	73927960	0.0268	rs1036673	-2.62	rs1550437	 2.52e-02	-4.66	-0.1406	15	 1	top1	0.025	1.3e-05	 0.140625	0.888166
NA	/data/songy4/tes/output/weights_case//ENST00000558589.5.wgt.RDat	ENST00000558589.5	15	34233881	34337757	0.0325	rs1429751	 2.57	rs10431811	 2.24e-04	-3.32	-0.2019	48	10	enet	0.01	0.004	 1.132110	0.257588
NA	/data/songy4/tes/output/weights_case//ENST00000558591.1.wgt.RDat	ENST00000558591.1	15	48797717	48810594	0.0315	rs12907018	 2.26	rs7175415	-1.42e-03	-2.74	-2.1742	20	 6	enet	0.0076	0.012	 1.990722	0.046512
NA	/data/songy4/tes/output/weights_case//ENST00000558593.1.wgt.RDat	ENST00000558593.1	15	50356471	50367439	0.1034	rs2278167	-2.57	rs2278167	 6.07e-02	 6.73	-2.5700	16	 9	enet	0.071	3.5e-13	-1.228324	0.219325
NA	/data/songy4/tes/output/weights_case//ENST00000560323.1.wgt.RDat	ENST00000560323.1	15	48312353	48331856	0.0480	rs12907018	 2.26	rs17352842	 2.04e-02	 4.10	-0.7133	12	 1	top1	0.02	8.5e-05	-0.713287	0.475668
NA	/data/songy4/tes/output/weights_case//ENST00000562948.1.wgt.RDat	ENST00000562948.1	15	76348197	76354651	0.0372	rs16967626	-2.66	rs2935969	 1.53e-02	-4.14	-0.4068	 7	 1	top1	0.015	0.00059	 0.406780	0.684170
NA	/data/songy4/tes/output/weights_case//ENST00000503468.5.wgt.RDat	ENST00000503468.5	15	55826922	55916469	0.0232	rs2414407	 2.25	rs10851586	 1.16e-02	 3.75	-1.2014	14	 1	top1	0.012	0.0024	-1.201389	0.229600
NA	/data/songy4/tes/output/weights_case//ENST00000558628.1.wgt.RDat	ENST00000558628.1	15	32908159	32926261	0.1063	rs11634255	 2.58	rs2444961	 5.96e-02	 6.65	 0.0758	27	12	enet	0.088	5.3e-16	-0.837489	0.402317
NA	/data/songy4/tes/output/weights_case//ENST00000560344.6.wgt.RDat	ENST00000560344.6	15	45251583	45279229	0.0522	rs10518980	-1.57	rs1365242	 1.94e-02	-3.87	 0.5196	 6	 3	lasso	0.034	4.7e-07	-0.021829	0.982584
NA	/data/songy4/tes/output/weights_case//ENST00000558537.5.wgt.RDat	ENST00000558537.5	15	45369327	45378075	0.0834	rs17594910	-1.16	rs950027	 8.42e-02	-7.81	-0.7041	 5	 2	lasso	0.085	1.9e-15	 0.769116	0.441825
NA	/data/songy4/tes/output/weights_case//ENST00000560355.1.wgt.RDat	ENST00000560355.1	15	48640989	48645721	0.0309	rs12907018	 2.26	rs11631110	 7.42e-03	-4.21	-1.1923	10	 2	lasso	0.02	9.2e-05	 1.320515	0.186663
NA	/data/songy4/tes/output/weights_case//ENST00000657169.1.wgt.RDat	ENST00000657169.1	15	93899235	93973719	0.0410	rs4777693	 2.63	rs11074155	-1.08e-03	-2.79	 0.3772	49	24	enet	-0.00088	0.54	 0.988366	0.322973
NA	/data/songy4/tes/output/weights_case//ENST00000558571.1.wgt.RDat	ENST00000558571.1	15	59227483	59372527	0.0344	rs11631023	-2.59	rs1001839	 1.21e-02	-4.10	-0.5941	22	 1	top1	0.012	0.002	 0.594059	0.552472
NA	/data/songy4/tes/output/weights_case//ENST00000560341.2.wgt.RDat	ENST00000560341.2	15	40039349	40057000	0.0493	rs8041057	 2.20	rs8041057	 4.77e-02	-5.94	 2.1981	16	 1	top1	0.048	2.7e-09	-2.198113	0.027941
NA	/data/songy4/tes/output/weights_case//ENST00000560339.2.wgt.RDat	ENST00000560339.2	15	48187121	48191560	0.0355	rs12907018	 2.26	rs10519170	 1.45e-02	 3.86	 0.3202	13	 1	top1	0.014	8e-04	 0.320225	0.748798
NA	/data/songy4/tes/output/weights_case//ENST00000558646.1.wgt.RDat	ENST00000558646.1	15	59272246	59372871	0.0337	rs11631023	-2.59	rs1001839	 1.73e-03	-3.34	-0.5941	19	 7	enet	0.0056	0.026	-0.639579	0.522446
NA	/data/songy4/tes/output/weights_case//ENST00000560606.5.wgt.RDat	ENST00000560606.5	15	64739892	64761217	0.0323	rs16947645	 1.46	rs11858605	 2.84e-02	 4.64	-0.4242	 7	 1	top1	0.028	4e-06	-0.424242	0.671389
NA	/data/songy4/tes/output/weights_case//ENST00000558757.1.wgt.RDat	ENST00000558757.1	15	85701109	85702771	0.0244	rs7175477	-1.35	rs12910476	-1.26e-03	-2.79	 0.1092	10	 8	enet	0.011	0.003	 0.000364	0.999709
NA	/data/songy4/tes/output/weights_case//ENST00000560747.5.wgt.RDat	ENST00000560747.5	15	41332886	41381050	0.0346	rs16971844	-1.88	rs316617	 3.32e-02	 4.98	-1.6900	 4	 1	top1	0.033	6.6e-07	-1.690000	0.091028
NA	/data/songy4/tes/output/weights_case//ENST00000569089.1.wgt.RDat	ENST00000569089.1	15	57599411	57625809	0.1252	rs1972284	 2.03	rs11636335	 1.02e-01	 8.75	-0.2574	34	 3	lasso	0.1	1.8e-18	-0.250991	0.801821
NA	/data/songy4/tes/output/weights_case//ENST00000558745.5.wgt.RDat	ENST00000558745.5	15	77046332	77083984	0.0417	rs12904384	 2.27	rs8029854	 4.29e-03	-4.00	 0.4586	 2	 2	enet	0.032	8.8e-07	 1.168209	0.242722
NA	/data/songy4/tes/output/weights_case//ENST00000560611.5.wgt.RDat	ENST00000560611.5	15	34233259	34336844	0.0335	rs1429751	 2.57	rs10431811	 3.40e-04	-3.37	-0.2019	48	14	enet	0.0089	0.007	 1.100729	0.271014
NA	/data/songy4/tes/output/weights_case//ENST00000562920.1.wgt.RDat	ENST00000562920.1	15	41895185	41895943	0.0266	rs11070349	-3.28	rs11070349	 1.38e-02	-3.38	-3.2796	12	 1	top1	0.014	0.001	 3.279570	0.001040
NA	/data/songy4/tes/output/weights_case//ENST00000561418.2.wgt.RDat	ENST00000561418.2	15	32836983	32837326	0.0402	rs11634255	 2.58	rs345829	 2.40e-02	 4.55	-0.7821	27	 1	top1	0.024	2.1e-05	-0.782051	0.434184
NA	/data/songy4/tes/output/weights_case//ENST00000561429.1.wgt.RDat	ENST00000561429.1	15	48411201	48416716	0.0269	rs12907018	 2.26	rs17352842	 2.30e-02	-4.29	-0.7133	13	 1	top1	0.023	3.2e-05	 0.713287	0.475668
NA	/data/songy4/tes/output/weights_case//ENST00000618734.1.wgt.RDat	ENST00000618734.1	15	45702640	45703183	0.1044	rs2028589	-1.93	rs16946635	 4.80e-02	 6.12	 0.5492	11	11	enet	0.079	1.7e-14	-0.238607	0.811410
NA	/data/songy4/tes/output/weights_case//ENST00000558783.2.wgt.RDat	ENST00000558783.2	15	64300607	64373764	0.0164	rs16947645	 1.46	rs332271	 1.50e-02	-3.74	 0.8651	 5	 1	top1	0.015	0.00066	-0.865079	0.386995
NA	/data/songy4/tes/output/weights_case//ENST00000560749.1.wgt.RDat	ENST00000560749.1	15	59171897	59208781	0.0421	rs11631023	-2.59	rs1001839	 1.80e-02	-4.60	-0.5941	25	 1	top1	0.018	0.00021	 0.594059	0.552472
NA	/data/songy4/tes/output/weights_case//ENST00000558667.5.wgt.RDat	ENST00000558667.5	15	34233712	34338057	0.0330	rs1429751	 2.57	rs10431811	 2.10e-04	-3.33	-0.2019	48	14	enet	0.0088	0.0073	 1.101399	0.270723
NA	/data/songy4/tes/output/weights_case//ENST00000562097.5.wgt.RDat	ENST00000562097.5	15	82262827	82264881	0.0440	rs1564641	-2.59	rs2654210	 6.50e-03	-4.41	-0.2079	17	 2	lasso	0.0093	0.0059	-0.012623	0.989928
NA	/data/songy4/tes/output/weights_case//ENST00000560317.5.wgt.RDat	ENST00000560317.5	15	32899795	32926260	0.1320	rs11634255	 2.58	rs2444961	 9.24e-02	 8.16	 0.0758	27	13	enet	0.12	4.9e-21	-0.718061	0.472720
NA	/data/songy4/tes/output/weights_case//ENST00000558676.5.wgt.RDat	ENST00000558676.5	15	87926656	88256179	0.0282	rs6496412	-2.06	rs12907837	 4.86e-04	 3.18	-0.2921	23	 6	enet	0.011	0.0033	-0.324315	0.745700
NA	/data/songy4/tes/output/weights_case//ENST00000616754.1.wgt.RDat	ENST00000616754.1	15	39588357	39588882	0.0609	rs12594730	-2.04	rs997752	 1.01e-02	-3.60	 0.9300	34	 4	lasso	0.024	1.8e-05	-1.857927	0.063179
NA	/data/songy4/tes/output/weights_case//ENST00000558656.1.wgt.RDat	ENST00000558656.1	15	76336808	76342388	0.0268	rs16967626	-2.66	rs2935969	 1.17e-02	-3.87	-0.4068	 7	 1	top1	0.012	0.0023	 0.406780	0.684170
NA	/data/songy4/tes/output/weights_case//ENST00000560318.1.wgt.RDat	ENST00000560318.1	15	41365747	41377288	0.0398	rs16971844	-1.88	rs316617	 3.98e-02	 5.47	-1.6900	 4	 1	top1	0.04	5.6e-08	-1.690000	0.091028
NA	/data/songy4/tes/output/weights_case//ENST00000558711.1.wgt.RDat	ENST00000558711.1	15	32899807	32902040	0.0468	rs11634255	 2.58	rs345829	 3.45e-02	 5.19	-0.7821	26	 1	top1	0.034	4.1e-07	-0.782051	0.434184
NA	/data/songy4/tes/output/weights_case//ENST00000668273.1.wgt.RDat	ENST00000668273.1	15	41320794	41381021	0.0342	rs16971844	-1.88	rs316617	 3.40e-02	 5.05	-1.6900	 4	 1	top1	0.034	4.8e-07	-1.690000	0.091028
NA	/data/songy4/tes/output/weights_case//ENST00000558348.5.wgt.RDat	ENST00000558348.5	15	59372693	59492302	0.0250	rs11631023	-2.59	rs1001839	-7.58e-04	-3.24	-0.5941	12	 6	enet	0.01	0.0045	-0.970343	0.331875
NA	/data/songy4/tes/output/weights_case//ENST00000558336.5.wgt.RDat	ENST00000558336.5	15	45363631	45378547	0.0909	rs17594910	-1.16	rs950027	 9.60e-02	-8.38	-0.7041	 5	 1	top1	0.096	2.3e-17	 0.704082	0.481382
NA	/data/songy4/tes/output/weights_case//ENST00000558362.5.wgt.RDat	ENST00000558362.5	15	45361126	45378544	0.0901	rs17594910	-1.16	rs950027	 8.85e-02	-8.15	-0.7041	 5	 1	top1	0.089	4.3e-16	 0.704082	0.481382
NA	/data/songy4/tes/output/weights_case//ENST00000558372.1.wgt.RDat	ENST00000558372.1	15	50359450	50360194	0.0948	rs2278167	-2.57	rs2278167	 5.68e-02	 6.56	-2.5700	16	 5	enet	0.069	8.6e-13	-1.516267	0.129452
NA	/data/songy4/tes/output/weights_case//ENST00000558239.5.wgt.RDat	ENST00000558239.5	15	58013858	58473913	0.0524	rs6494006	-2.09	rs1869138	-9.92e-04	-3.07	-0.1364	62	22	enet	0.0023	0.11	-0.591326	0.554302
NA	/data/songy4/tes/output/weights_case//ENST00000560715.5.wgt.RDat	ENST00000560715.5	15	77046030	77055934	0.0714	rs12904384	 2.27	rs12904384	 9.73e-03	 4.87	 2.2737	 2	 2	enet	0.06	2.8e-11	 1.364890	0.172288
NA	/data/songy4/tes/output/weights_case//ENST00000558249.1.wgt.RDat	ENST00000558249.1	15	76191469	76204962	0.0408	rs16967626	-2.66	rs2955732	 1.61e-02	 3.70	 0.9293	 7	 1	top1	0.016	0.00043	 0.929293	0.352737
NA	/data/songy4/tes/output/weights_case//ENST00000558252.5.wgt.RDat	ENST00000558252.5	15	48222328	48304076	0.0563	rs12907018	 2.26	rs10519170	 5.71e-03	 3.76	 0.3202	12	10	enet	0.032	9.3e-07	 0.159637	0.873167
NA	/data/songy4/tes/output/weights_case//ENST00000618267.4.wgt.RDat	ENST00000618267.4	15	82473785	82513950	0.0349	rs12443185	 1.45	rs4778655	 2.49e-02	 4.43	 1.2000	13	 1	top1	0.025	1.5e-05	 1.200000	0.230139
NA	/data/songy4/tes/output/weights_case//ENST00000644354.1.wgt.RDat	ENST00000644354.1	15	48178122	48203710	0.0575	rs17418632	-2.42	rs10519170	 6.51e-03	 3.86	 0.3202	16	 8	enet	0.031	1.6e-06	 0.216751	0.828402
NA	/data/songy4/tes/output/weights_case//ENST00000361627.8.wgt.RDat	ENST00000361627.8	15	32615504	32639941	0.0225	rs11634255	 2.58	rs11635997	 1.05e-02	 3.94	 0.4151	18	 4	enet	0.011	0.0026	 0.616242	0.537735
NA	/data/songy4/tes/output/weights_case//ENST00000668306.1.wgt.RDat	ENST00000668306.1	15	40039305	40065705	0.0677	rs8041057	 2.20	rs8041057	 6.47e-02	-6.82	 2.1981	17	 1	top1	0.065	4.3e-12	-2.198113	0.027941
NA	/data/songy4/tes/output/weights_case//ENST00000249806.11.wgt.RDat	ENST00000249806.11	15	68206992	68229728	0.0228	NA	   NA	NA	       NA	   NA	     NA	 0	 0	enet	0.002	0.12	       NA	      NA
NA	/data/songy4/tes/output/weights_case//ENST00000668321.1.wgt.RDat	ENST00000668321.1	15	50355460	50371343	0.1253	rs2278167	-2.57	rs2278167	 7.66e-02	 7.49	-2.5700	16	 8	enet	0.097	1.8e-17	-1.205823	0.227886
NA	/data/songy4/tes/output/weights_case//ENST00000558291.1.wgt.RDat	ENST00000558291.1	15	90234263	90240939	0.0289	rs875640	-1.82	rs875640	 3.81e-03	 3.02	-1.8195	15	 1	top1	0.0038	0.055	-1.819549	0.068828
NA	/data/songy4/tes/output/weights_case//ENST00000618824.1.wgt.RDat	ENST00000618824.1	15	64943240	64943672	0.0186	rs832878	 1.16	rs1471834	 1.86e-02	 3.90	 0.7951	 4	 1	top1	0.019	0.00017	 0.795082	0.426566
NA	/data/songy4/tes/output/weights_case//ENST00000618167.1.wgt.RDat	ENST00000618167.1	15	63890030	63890317	0.0783	rs2729812	 1.67	rs16947645	 7.86e-02	-7.56	 1.4587	 5	 3	lasso	0.08	1.3e-14	-1.225026	0.220566
NA	/data/songy4/tes/output/weights_case//ENST00000563246.1.wgt.RDat	ENST00000563246.1	15	76348453	76354547	0.0352	rs16967626	-2.66	rs2935969	 1.51e-02	-3.85	-0.4068	 7	 7	enet	0.022	4.6e-05	-0.491626	0.622984
NA	/data/songy4/tes/output/weights_case//ENST00000560359.1.wgt.RDat	ENST00000560359.1	15	50355328	50356370	0.0253	rs2278167	-2.57	rs2278167	 5.89e-03	 3.69	-2.5700	16	 2	lasso	0.0086	0.0079	-2.799649	0.005116
NA	/data/songy4/tes/output/weights_case//ENST00000647232.1.wgt.RDat	ENST00000647232.1	15	48178438	48303786	0.0594	rs17418632	-2.42	rs17352842	 6.48e-03	 3.86	-0.7133	16	11	enet	0.027	7e-06	 0.055696	0.955584
NA	/data/songy4/tes/output/weights_case//ENST00000616244.1.wgt.RDat	ENST00000616244.1	15	32583612	32584312	0.1678	rs3812934	-1.93	rs8041254	 7.61e-02	 7.45	-0.0680	13	13	enet	0.14	2.3e-25	 0.249107	0.803278
NA	/data/songy4/tes/output/weights_case//ENST00000558412.5.wgt.RDat	ENST00000558412.5	15	78283235	78285900	0.0291	rs16969691	-2.70	rs4516196	-1.25e-03	-2.75	-1.0244	22	 9	enet	-0.00086	0.53	 1.105516	0.268936
NA	/data/songy4/tes/output/weights_case//ENST00000560394.5.wgt.RDat	ENST00000560394.5	15	59372995	59492375	0.0460	rs11631023	-2.59	rs1001839	 3.47e-02	-5.17	-0.5941	12	 2	lasso	0.035	3.3e-07	 1.194972	0.232098
NA	/data/songy4/tes/output/weights_case//ENST00000558391.1.wgt.RDat	ENST00000558391.1	15	82726307	82727425	0.0483	rs7175143	 1.27	rs7175143	 1.33e-02	-3.49	 1.2680	 9	 9	enet	0.022	4.2e-05	-1.667671	0.095381
NA	/data/songy4/tes/output/weights_case//ENST00000562993.5.wgt.RDat	ENST00000562993.5	15	55182045	55196914	0.0310	rs2414407	 2.25	rs10851586	 6.18e-03	 3.20	-1.2014	13	 4	enet	0.0093	0.006	-0.777727	0.436730
NA	/data/songy4/tes/output/weights_case//ENST00000558437.1.wgt.RDat	ENST00000558437.1	15	76337438	76338514	0.0559	rs16967626	-2.66	rs2935969	 3.03e-02	-5.12	-0.4068	 7	 1	top1	0.03	2e-06	 0.406780	0.684170
NA	/data/songy4/tes/output/weights_case//ENST00000558453.5.wgt.RDat	ENST00000558453.5	15	78277835	78289637	0.0306	rs16969691	-2.70	rs11857176	-8.45e-04	-3.17	 0.1395	22	16	enet	-0.00081	0.51	 0.269212	0.787767
