PANEL	FILE	ID	CHR	P0	P1	HSQ	BEST.GWAS.ID	BEST.GWAS.Z	EQTL.ID	EQTL.R2	EQTL.Z	EQTL.GWAS.Z	NSNP	NWGT	MODEL	MODELCV.R2	MODELCV.PV	TWAS.Z	TWAS.P
NA	/data/songy4/tes/output/weights_case//ENST00000466932.1.wgt.RDat	ENST00000466932.1	10	33194372	33213561	0.0299	rs16933862	 2.095	rs17296436	 0.001183	-3.46	-0.2893	10	 6	enet	0.0065	0.018	-0.39697	0.69139
NA	/data/songy4/tes/output/weights_case//ENST00000539722.5.wgt.RDat	ENST00000539722.5	10	6427143	6580301	0.0384	rs7072398	-2.590	rs4750167	-0.000381	 2.70	 1.1795	66	 1	top1	-0.00038	0.39	 1.17949	0.23820
NA	/data/songy4/tes/output/weights_case//ENST00000667309.1.wgt.RDat	ENST00000667309.1	10	95875175	95908178	0.0227	rs1935960	-1.563	rs11187736	 0.014719	-3.80	 0.0000	15	 1	top1	0.015	0.00073	 0.00000	1.00000
NA	/data/songy4/tes/output/weights_case//ENST00000433113.1.wgt.RDat	ENST00000433113.1	10	95833508	95873758	0.0258	rs1935960	-1.563	rs11187736	 0.014418	-3.68	 0.0000	16	 1	top1	0.014	0.00082	 0.00000	1.00000
NA	/data/songy4/tes/output/weights_case//ENST00000666021.1.wgt.RDat	ENST00000666021.1	10	31602916	31606218	0.0382	rs2050888	 2.181	rs12781751	 0.030483	 4.95	-0.4356	 8	 1	top1	0.03	1.8e-06	-0.43564	0.66310
NA	/data/songy4/tes/output/weights_case//ENST00000669330.1.wgt.RDat	ENST00000669330.1	10	3486631	3502866	0.0673	rs7919625	-2.508	rs7920115	 0.037437	 5.45	-2.0463	56	 1	top1	0.037	1.3e-07	-2.04630	0.04073
NA	/data/songy4/tes/output/weights_case//ENST00000418675.5.wgt.RDat	ENST00000418675.5	10	33194367	33202995	0.0204	rs16933862	 2.095	rs17296436	-0.001095	-2.94	-0.2893	 8	 8	enet	0.0031	0.075	-0.61178	0.54068
NA	/data/songy4/tes/output/weights_case//ENST00000481592.5.wgt.RDat	ENST00000481592.5	10	20813740	20819480	0.0540	rs11012415	-2.427	rs608788	 0.005987	 3.49	-0.2807	23	14	enet	0.011	0.0035	-0.77399	0.43894
NA	/data/songy4/tes/output/weights_case//ENST00000468003.5.wgt.RDat	ENST00000468003.5	10	22928085	22968342	0.0268	rs11013118	-1.685	rs7083521	 0.002732	-3.54	-1.3529	14	 1	top1	0.0027	0.087	 1.35294	0.17607
NA	/data/songy4/tes/output/weights_case//ENST00000374362.6.wgt.RDat	ENST00000374362.6	10	45727219	45792961	0.0228	rs7917926	-1.835	rs2279434	 0.017764	 3.67	-1.3483	 7	 1	top1	0.018	0.00023	-1.34831	0.17756
NA	/data/songy4/tes/output/weights_case//ENST00000465774.2.wgt.RDat	ENST00000465774.2	10	110835178	110836258	0.0249	rs10884698	-1.287	rs17708917	 0.015019	 3.46	 0.4316	 9	 2	lasso	0.021	5.8e-05	 0.36376	0.71603
NA	/data/songy4/tes/output/weights_case//ENST00000409983.7.wgt.RDat	ENST00000409983.7	10	22928037	23037589	0.0330	rs11013118	-1.685	rs7083521	 0.018396	-4.08	-1.3529	14	 1	top1	0.018	0.00018	 1.35294	0.17607
NA	/data/songy4/tes/output/weights_case//ENST00000669283.1.wgt.RDat	ENST00000669283.1	10	95873085	95907775	0.0267	rs1935960	-1.563	rs11187736	 0.009502	-3.68	 0.0000	15	 2	lasso	0.012	0.002	-0.21021	0.83350
NA	/data/songy4/tes/output/weights_case//ENST00000669251.1.wgt.RDat	ENST00000669251.1	10	16526187	16528795	0.0897	rs11254269	 2.087	rs11254053	 0.061762	 6.71	 0.1651	21	 8	enet	0.073	1.5e-13	 0.67628	0.49886
NA	/data/songy4/tes/output/weights_case//ENST00000666057.1.wgt.RDat	ENST00000666057.1	10	6824289	6987720	0.0709	rs2147289	 2.109	rs2892380	 0.029415	 4.85	 0.4371	50	 1	top1	0.029	2.8e-06	 0.43709	0.66205
NA	/data/songy4/tes/output/weights_case//ENST00000479046.1.wgt.RDat	ENST00000479046.1	10	17171908	17202054	0.0774	rs11254269	 2.087	rs7911974	 0.028664	-4.80	-0.5556	35	 1	top1	0.029	3.7e-06	 0.55556	0.57851
NA	/data/songy4/tes/output/weights_case//ENST00000537517.6.wgt.RDat	ENST00000537517.6	10	45727236	45792620	0.0234	rs7917926	-1.835	rs2279434	 0.018270	 3.72	-1.3483	 7	 1	top1	0.018	0.00019	-1.34831	0.17756
NA	/data/songy4/tes/output/weights_case//ENST00000666104.1.wgt.RDat	ENST00000666104.1	10	7008964	7118414	0.0710	rs2147289	 2.109	rs2892380	 0.029782	 4.85	 0.4371	52	14	enet	0.048	2.3e-09	-0.35385	0.72345
NA	/data/songy4/tes/output/weights_case//ENST00000460124.5.wgt.RDat	ENST00000460124.5	10	4989789	5004023	0.0420	rs12415117	-2.662	rs11818567	 0.002192	 3.16	 0.2967	42	10	enet	0.0036	0.06	-0.66870	0.50369
NA	/data/songy4/tes/output/weights_case//ENST00000480697.6.wgt.RDat	ENST00000480697.6	10	5094414	5098176	0.0407	rs9423407	-2.535	rs9423407	 0.014754	-3.50	-2.5347	41	 1	top1	0.015	0.00072	 2.53465	0.01126
NA	/data/songy4/tes/output/weights_case//ENST00000416305.1.wgt.RDat	ENST00000416305.1	10	24629524	24721866	0.0397	rs2065355	 1.664	rs220343	-0.000171	-2.46	-0.5664	40	 1	top1	-0.00017	0.35	 0.56643	0.57110
NA	/data/songy4/tes/output/weights_case//ENST00000643330.1.wgt.RDat	ENST00000643330.1	10	18400687	18520075	0.0245	rs10829239	 2.571	rs4748474	 0.017686	-3.91	-2.3918	26	 1	top1	0.018	0.00023	 2.39175	0.01677
NA	/data/songy4/tes/output/weights_case//ENST00000529198.1.wgt.RDat	ENST00000529198.1	10	21125763	21146559	0.2450	rs11012415	-2.427	rs1841530	 0.163859	10.98	 0.6567	27	 4	lasso	0.18	1.1e-31	 0.67897	0.49716
NA	/data/songy4/tes/output/weights_case//ENST00000540872.6.wgt.RDat	ENST00000540872.6	10	45727235	45792804	0.0229	rs7917926	-1.835	rs2279434	 0.017894	 3.69	-1.3483	 7	 1	top1	0.018	0.00022	-1.34831	0.17756
NA	/data/songy4/tes/output/weights_case//ENST00000432950.1.wgt.RDat	ENST00000432950.1	10	4871901	4891975	0.0550	rs1679444	-3.108	rs9423546	 0.019591	 4.97	 0.4917	41	 4	lasso	0.024	1.9e-05	 0.66289	0.50740
NA	/data/songy4/tes/output/weights_case//ENST00000644004.1.wgt.RDat	ENST00000644004.1	10	18140881	18527663	0.0393	rs10829239	 2.571	rs4748474	 0.011225	-4.19	-2.3918	26	10	enet	0.013	0.0013	 1.01204	0.31152
NA	/data/songy4/tes/output/weights_case//ENST00000371489.5.wgt.RDat	ENST00000371489.5	10	93397185	93482317	0.0260	rs17347197	-2.224	rs6583757	 0.028612	 4.64	 0.5248	14	 1	top1	0.029	3.7e-06	 0.52475	0.59976
NA	/data/songy4/tes/output/weights_case//ENST00000609742.2.wgt.RDat	ENST00000609742.2	10	32887255	32889311	0.0412	rs16933862	 2.095	rs2666279	 0.026850	-4.68	 0.7600	 4	 1	top1	0.027	7.3e-06	-0.76000	0.44725
NA	/data/songy4/tes/output/weights_case//ENST00000498424.2.wgt.RDat	ENST00000498424.2	10	20831146	20831583	0.0570	rs11012415	-2.427	rs608788	 0.004461	 3.87	-0.2807	23	 7	enet	0.016	0.00052	-1.02010	0.30768
NA	/data/songy4/tes/output/weights_case//ENST00000432689.2.wgt.RDat	ENST00000432689.2	10	5275206	5285925	0.1006	rs9423407	-2.535	rs9423407	 0.032978	-6.05	-2.5347	41	 3	lasso	0.074	1.2e-13	 2.38655	0.01701
NA	/data/songy4/tes/output/weights_case//ENST00000460652.1.wgt.RDat	ENST00000460652.1	10	20813740	20826471	0.0536	rs11012415	-2.427	rs608788	 0.003072	 3.42	-0.2807	23	14	enet	0.009	0.0066	-0.78151	0.43450
NA	/data/songy4/tes/output/weights_case//ENST00000425092.1.wgt.RDat	ENST00000425092.1	10	21110682	21113388	0.1675	rs11012415	-2.427	rs1841530	 0.108253	 8.92	 0.6567	28	 5	lasso	0.11	1.5e-19	 0.62921	0.52921
NA	/data/songy4/tes/output/weights_case//ENST00000302316.12.wgt.RDat	ENST00000302316.12	10	32567836	32876553	0.0383	rs16933862	 2.095	rs2475193	 0.038355	-5.41	-0.1475	 4	 1	top1	0.038	9.5e-08	 0.14754	0.88271
NA	/data/songy4/tes/output/weights_case//ENST00000669799.1.wgt.RDat	ENST00000669799.1	10	6824301	6828012	0.0561	rs2147289	 2.109	rs2892380	 0.024933	 4.56	 0.4371	49	13	enet	0.029	3.2e-06	 0.45941	0.64594
NA	/data/songy4/tes/output/weights_case//ENST00000419441.1.wgt.RDat	ENST00000419441.1	10	32281686	32282829	0.0259	rs1004004	 1.690	rs10740846	-0.001382	-2.42	-0.8468	 6	 6	enet	0.006	0.023	-0.75515	0.45016
NA	/data/songy4/tes/output/weights_case//ENST00000436383.2.wgt.RDat	ENST00000436383.2	10	6779570	6842906	0.0531	rs2147289	 2.109	rs2892380	 0.019864	 4.02	 0.4371	50	 1	top1	0.02	1e-04	 0.43709	0.66205
NA	/data/songy4/tes/output/weights_case//ENST00000371207.8.wgt.RDat	ENST00000371207.8	10	95755652	95866654	0.0269	rs1935960	-1.563	rs1147647	 0.005246	-3.45	 0.3717	18	 1	top1	0.0052	0.03	-0.37168	0.71013
NA	/data/songy4/tes/output/weights_case//ENST00000371206.6.wgt.RDat	ENST00000371206.6	10	95823236	95846396	0.0273	rs1935960	-1.563	rs1147647	 0.005211	-3.49	 0.3717	18	 1	top1	0.0052	0.031	-0.37168	0.71013
NA	/data/songy4/tes/output/weights_case//ENST00000371205.5.wgt.RDat	ENST00000371205.5	10	95756163	95877266	0.0314	rs1935960	-1.563	rs1147647	 0.005071	-3.53	 0.3717	18	 9	enet	0.0075	0.012	-0.18161	0.85589
NA	/data/songy4/tes/output/weights_case//ENST00000619991.1.wgt.RDat	ENST00000619991.1	10	16514467	16521145	0.1651	rs11254269	 2.087	rs11254053	 0.132145	 9.76	 0.1651	21	14	enet	0.15	4.6e-27	 0.06838	0.94548
NA	/data/songy4/tes/output/weights_case//ENST00000433455.1.wgt.RDat	ENST00000433455.1	10	15237492	15241767	0.0439	rs896435	-7.277	rs11259349	 0.005823	-3.32	-0.2871	32	10	enet	0.017	0.00026	 0.02880	0.97703
NA	/data/songy4/tes/output/weights_case//ENST00000668294.1.wgt.RDat	ENST00000668294.1	10	6862181	6934208	0.0640	rs2147289	 2.109	rs2892380	 0.025417	 4.54	 0.4371	50	 1	top1	0.025	1.3e-05	 0.43709	0.66205
NA	/data/songy4/tes/output/weights_case//ENST00000635624.2.wgt.RDat	ENST00000635624.2	10	11092276	11105498	0.0447	rs2093623	-3.724	rs1291828	 0.010482	 4.14	 1.0459	32	12	enet	0.012	0.0021	 0.49482	0.62073
NA	/data/songy4/tes/output/weights_case//ENST00000474119.5.wgt.RDat	ENST00000474119.5	10	4826177	4848062	0.0623	rs1679444	-2.806	rs2924279	 0.013490	-5.00	 0.9009	38	 8	enet	0.056	9.9e-11	 0.01201	0.99042
NA	/data/songy4/tes/output/weights_case//ENST00000533295.5.wgt.RDat	ENST00000533295.5	10	4786629	4837583	0.0726	rs1679444	-2.845	rs2924279	 0.037224	-5.29	 0.9009	39	 8	enet	0.063	6.9e-12	-0.20819	0.83508
NA	/data/songy4/tes/output/weights_case//ENST00000635677.1.wgt.RDat	ENST00000635677.1	10	95755747	95845488	0.0247	rs1935960	-1.563	rs1147647	 0.004711	-3.38	 0.3717	18	 1	top1	0.0047	0.038	-0.37168	0.71013
NA	/data/songy4/tes/output/weights_case//ENST00000381312.6.wgt.RDat	ENST00000381312.6	10	1177313	1737525	0.3165	rs1912334	-2.458	rs3793735	 0.278997	14.07	 1.0185	47	 1	top1	0.28	4e-52	 1.01852	0.30843
NA	/data/songy4/tes/output/weights_case//ENST00000463345.5.wgt.RDat	ENST00000463345.5	10	4826234	4848062	0.0655	rs1679444	-2.806	rs2924279	 0.012985	-4.97	 0.9009	38	 8	enet	0.062	1.2e-11	 0.03647	0.97091
NA	/data/songy4/tes/output/weights_case//ENST00000381305.1.wgt.RDat	ENST00000381305.1	10	1183151	1200385	0.2719	rs1912334	-2.458	rs3793735	 0.237787	13.05	 1.0185	25	 1	top1	0.24	1.3e-43	 1.01852	0.30843
NA	/data/songy4/tes/output/weights_case//ENST00000381310.7.wgt.RDat	ENST00000381310.7	10	1182134	1200360	0.2307	rs1912334	-2.458	rs3793735	 0.203516	12.08	 1.0185	25	 1	top1	0.2	7.4e-37	 1.01852	0.30843
NA	/data/songy4/tes/output/weights_case//ENST00000409049.7.wgt.RDat	ENST00000409049.7	10	22928064	23014489	0.0341	rs11013118	-1.685	rs7083521	 0.015336	-3.70	-1.3529	14	 1	top1	0.015	0.00057	 1.35294	0.17607
NA	/data/songy4/tes/output/weights_case//ENST00000431157.6.wgt.RDat	ENST00000431157.6	10	19721588	19728550	0.0188	rs7075937	 2.033	rs7907715	 0.004490	-3.14	-0.5600	16	 4	enet	0.015	7e-04	 0.71957	0.47179
NA	/data/songy4/tes/output/weights_case//ENST00000417845.1.wgt.RDat	ENST00000417845.1	10	21174354	21174923	0.1203	rs11012415	-2.427	rs1841530	 0.066732	 7.05	 0.6567	26	10	enet	0.073	1.9e-13	 0.87356	0.38236
NA	/data/songy4/tes/output/weights_case//ENST00000473616.5.wgt.RDat	ENST00000473616.5	10	20813740	20817650	0.0580	rs11012415	-2.427	rs608788	 0.006464	 3.76	-0.2807	23	 9	enet	0.0081	0.0097	-1.23252	0.21776
NA	/data/songy4/tes/output/weights_case//ENST00000473940.5.wgt.RDat	ENST00000473940.5	10	35195127	35212154	0.0173	rs7911185	-1.530	rs7911185	 0.009766	-3.04	-1.5297	 5	 2	lasso	0.011	0.0032	 1.38781	0.16520
NA	/data/songy4/tes/output/weights_case//ENST00000603888.2.wgt.RDat	ENST00000603888.2	10	48010132	48031640	0.1752	rs10788705	-1.658	rs7899683	 0.086379	 7.86	-0.7985	14	14	enet	0.13	6.9e-24	-1.42165	0.15513
NA	/data/songy4/tes/output/weights_case//ENST00000635076.1.wgt.RDat	ENST00000635076.1	10	95756179	95866696	0.0273	rs1935960	-1.563	rs1147647	 0.004790	-3.37	 0.3717	18	 1	top1	0.0048	0.037	-0.37168	0.71013
NA	/data/songy4/tes/output/weights_case//ENST00000604507.5.wgt.RDat	ENST00000604507.5	10	4995834	5017955	0.0500	rs12415117	-2.662	rs11818567	 0.021891	 4.06	 0.2967	42	 1	top1	0.022	4.7e-05	 0.29665	0.76673
NA	/data/songy4/tes/output/weights_case//ENST00000380448.5.wgt.RDat	ENST00000380448.5	10	5195463	5218949	0.0616	rs9423407	-2.535	rs9423594	 0.037040	 5.42	 1.2090	44	 2	lasso	0.052	5.7e-10	 2.25126	0.02437
NA	/data/songy4/tes/output/weights_case//ENST00000469824.1.wgt.RDat	ENST00000469824.1	10	100496258	100498239	0.0201	rs11189551	-2.198	rs942800	 0.013674	 3.54	-1.8241	15	 1	top1	0.014	0.0011	-1.82407	0.06814
NA	/data/songy4/tes/output/weights_case//ENST00000659699.1.wgt.RDat	ENST00000659699.1	10	3486631	3502857	0.0600	rs7919625	-2.508	rs7920115	 0.039556	 5.44	-2.0463	56	 1	top1	0.04	6e-08	-2.04630	0.04073
NA	/data/songy4/tes/output/weights_case//ENST00000380859.1.wgt.RDat	ENST00000380859.1	10	4963789	4969941	0.0424	rs1679444	-3.415	rs4880687	 0.027935	-4.71	-0.9909	43	 5	lasso	0.036	2.4e-07	 0.47175	0.63711
NA	/data/songy4/tes/output/weights_case//ENST00000380872.9.wgt.RDat	ENST00000380872.9	10	4963415	4983283	0.0479	rs1679444	-3.415	rs2924279	 0.018013	-4.88	 0.9009	43	 2	lasso	0.048	3e-09	 0.02129	0.98301
NA	/data/songy4/tes/output/weights_case//ENST00000604184.1.wgt.RDat	ENST00000604184.1	10	5000303	5003861	0.0775	rs12415117	-2.662	rs11818567	 0.021244	 4.12	 0.2967	41	 1	top1	0.021	6.1e-05	 0.29665	0.76673
NA	/data/songy4/tes/output/weights_case//ENST00000421196.7.wgt.RDat	ENST00000421196.7	10	4989434	5003860	0.0561	rs12415117	-2.662	rs11818567	-0.000900	 3.20	 0.2967	42	19	enet	0.0032	0.071	-0.77345	0.43926
NA	/data/songy4/tes/output/weights_case//ENST00000668409.1.wgt.RDat	ENST00000668409.1	10	7008453	7118432	0.0523	rs2147289	 2.109	rs2892380	 0.025856	 4.59	 0.4371	52	11	enet	0.032	8.7e-07	-0.19561	0.84492
NA	/data/songy4/tes/output/weights_case//ENST00000474762.5.wgt.RDat	ENST00000474762.5	10	1182845	1186566	0.2399	rs1912334	-2.458	rs3793735	 0.217346	12.47	 1.0185	25	 1	top1	0.22	1.5e-39	 1.01852	0.30843
NA	/data/songy4/tes/output/weights_case//ENST00000380753.8.wgt.RDat	ENST00000380753.8	10	4987400	5004023	0.0515	rs12415117	-2.662	rs2924279	 0.013623	-4.11	 0.9009	42	 3	lasso	0.024	2.5e-05	-0.18696	0.85169
NA	/data/songy4/tes/output/weights_case//ENST00000602440.2.wgt.RDat	ENST00000602440.2	10	48050282	48060016	0.0436	rs10788705	-1.658	rs7899683	 0.008187	 3.46	-0.7985	16	 9	enet	0.023	3.1e-05	-1.45580	0.14545
NA	/data/songy4/tes/output/weights_case//ENST00000434381.1.wgt.RDat	ENST00000434381.1	10	20880874	20899691	0.0405	rs11012415	-2.427	rs608788	 0.003710	 3.34	-0.2807	26	12	enet	0.0073	0.013	-0.95579	0.33918
NA	/data/songy4/tes/output/weights_case//ENST00000659369.1.wgt.RDat	ENST00000659369.1	10	3486631	3502866	0.0715	rs7919625	-2.508	rs7920115	 0.041246	 5.61	-2.0463	56	 4	lasso	0.045	7.4e-09	-1.79213	0.07311
NA	/data/songy4/tes/output/weights_case//ENST00000464074.6.wgt.RDat	ENST00000464074.6	10	16593153	16817413	0.0347	rs11254269	 2.087	rs4088455	 0.008879	 3.34	-0.8864	28	 8	enet	0.023	2.6e-05	-1.88579	0.05932
NA	/data/songy4/tes/output/weights_case//ENST00000661142.1.wgt.RDat	ENST00000661142.1	10	95824094	95876661	0.0275	rs1935960	-1.563	rs11187736	-0.000172	-3.18	 0.0000	18	10	enet	-0.00013	0.34	-0.64132	0.52132
NA	/data/songy4/tes/output/weights_case//ENST00000464278.1.wgt.RDat	ENST00000464278.1	10	21171547	21173838	0.2300	rs11012415	-2.427	rs1841530	 0.142409	10.30	 0.6567	26	22	enet	0.16	2.8e-28	 0.45407	0.64978
NA	/data/songy4/tes/output/weights_case//ENST00000422161.2.wgt.RDat	ENST00000422161.2	10	95844575	95846220	0.0240	rs1935960	-1.563	rs1147647	 0.004979	-3.44	 0.3717	16	 4	enet	0.0055	0.027	-0.04592	0.96337
NA	/data/songy4/tes/output/weights_case//ENST00000305623.12.wgt.RDat	ENST00000305623.12	10	5275173	5288470	0.1091	rs9423407	-2.535	rs9423594	 0.036916	 6.10	 1.2090	41	16	enet	0.071	3.7e-13	 1.45852	0.14470
NA	/data/songy4/tes/output/weights_case//ENST00000534331.6.wgt.RDat	ENST00000534331.6	10	21125764	21146559	0.2486	rs11012415	-2.427	rs1841530	 0.167445	11.08	 0.6567	27	 4	lasso	0.18	3.8e-32	 0.65799	0.51054
NA	/data/songy4/tes/output/weights_case//ENST00000608259.1.wgt.RDat	ENST00000608259.1	10	72766560	72767052	0.0329	rs10823717	-2.155	rs2541232	-0.000375	-3.37	-0.2316	43	 6	enet	0.002	0.12	 0.01073	0.99144
NA	/data/songy4/tes/output/weights_case//ENST00000417816.2.wgt.RDat	ENST00000417816.2	10	20783906	21174187	0.2438	rs11012415	-2.427	rs1841530	 0.148037	10.45	 0.6567	33	23	enet	0.18	1.6e-31	 0.21408	0.83049
NA	/data/songy4/tes/output/weights_case//ENST00000263125.10.wgt.RDat	ENST00000263125.10	10	6427148	6580276	0.0383	rs7072398	-2.590	rs4750167	-0.000326	 2.69	 1.1795	66	 2	lasso	0.0037	0.057	 0.12397	0.90134
NA	/data/songy4/tes/output/weights_case//ENST00000263126.3.wgt.RDat	ENST00000263126.3	10	5196837	5218949	0.0555	rs9423407	-2.535	rs9423594	 0.038255	 5.47	 1.2090	44	 2	lasso	0.05	1.2e-09	 2.18305	0.02903
NA	/data/songy4/tes/output/weights_case//ENST00000668159.1.wgt.RDat	ENST00000668159.1	10	95874028	95878826	0.0259	rs1935960	-1.563	rs1147647	 0.003381	-3.39	 0.3717	15	 7	enet	0.006	0.023	-0.07231	0.94236
NA	/data/songy4/tes/output/weights_case//ENST00000472663.1.wgt.RDat	ENST00000472663.1	10	23104144	23120954	0.0455	rs11013118	-1.685	rs4237359	 0.026525	 4.53	-0.7845	14	 1	top1	0.027	8.2e-06	-0.78448	0.43276
NA	/data/songy4/tes/output/weights_case//ENST00000471102.1.wgt.RDat	ENST00000471102.1	10	45786370	45792601	0.0254	rs7917926	-1.835	rs2279434	 0.018943	 3.79	-1.3483	 7	 1	top1	0.019	0.00015	-1.34831	0.17756
NA	/data/songy4/tes/output/weights_case//ENST00000417542.1.wgt.RDat	ENST00000417542.1	10	16278701	16295858	0.0298	rs780637	 1.627	rs780637	 0.014909	 3.49	 1.6268	17	 1	top1	0.015	0.00068	 1.62676	0.10379
NA	/data/songy4/tes/output/weights_case//ENST00000477751.1.wgt.RDat	ENST00000477751.1	10	7729865	7732473	0.0491	rs2147289	 2.109	rs11255412	 0.025295	-4.60	-1.5682	36	 1	top1	0.025	1.3e-05	 1.56818	0.11684
NA	/data/songy4/tes/output/weights_case//ENST00000477661.1.wgt.RDat	ENST00000477661.1	10	4963253	4977950	0.0751	rs1679444	-3.415	rs2924279	 0.018148	-4.77	 0.9009	43	13	enet	0.064	4.9e-12	 0.35648	0.72148
NA	/data/songy4/tes/output/weights_case//ENST00000376528.8.wgt.RDat	ENST00000376528.8	10	22928024	23038523	0.0337	rs11013118	-1.685	rs7083521	 0.018482	-4.07	-1.3529	14	 1	top1	0.018	0.00017	 1.35294	0.17607
NA	/data/songy4/tes/output/weights_case//ENST00000376495.4.wgt.RDat	ENST00000376495.4	10	23439458	23442390	0.0284	rs2137157	-1.719	rs4237359	 0.011005	 3.19	-0.7845	12	 1	top1	0.011	0.0031	-0.78448	0.43276
NA	/data/songy4/tes/output/weights_case//ENST00000376510.8.wgt.RDat	ENST00000376510.8	10	23095579	23122013	0.0507	rs11013118	-1.685	rs4237359	 0.028591	 4.69	-0.7845	14	 1	top1	0.029	3.8e-06	-0.78448	0.43276
NA	/data/songy4/tes/output/weights_case//ENST00000669017.1.wgt.RDat	ENST00000669017.1	10	11072026	11098475	0.0558	rs2093623	-3.724	rs1291828	 0.035244	 5.61	 1.0459	33	 1	top1	0.035	3.1e-07	 1.04587	0.29562
NA	/data/songy4/tes/output/weights_case//ENST00000433770.1.wgt.RDat	ENST00000433770.1	10	31693084	31707388	0.0205	NA	    NA	NA	       NA	   NA	     NA	 7	 0	enet	0.0077	0.011	      NA	     NA
NA	/data/songy4/tes/output/weights_case//ENST00000661375.1.wgt.RDat	ENST00000661375.1	10	95847302	95907903	0.0239	rs1935960	-1.563	rs11187736	 0.009658	-3.35	 0.0000	16	10	enet	0.0097	0.0052	-0.24116	0.80943
NA	/data/songy4/tes/output/weights_case//ENST00000397176.6.wgt.RDat	ENST00000397176.6	10	6427143	6580301	0.0391	rs7072398	-2.590	rs4750167	-0.000271	 2.71	 1.1795	66	 1	top1	-0.00027	0.37	 1.17949	0.23820
NA	/data/songy4/tes/output/weights_case//ENST00000668930.1.wgt.RDat	ENST00000668930.1	10	3475365	3502851	0.0458	rs7919625	-2.508	rs7920115	 0.037301	 5.39	-2.0463	56	 1	top1	0.037	1.4e-07	-2.04630	0.04073
NA	/data/songy4/tes/output/weights_case//ENST00000666263.1.wgt.RDat	ENST00000666263.1	10	16521714	16539710	0.0439	rs11254269	 2.087	rs11254053	 0.038607	 5.38	 0.1651	22	 1	top1	0.039	8.6e-08	 0.16514	0.86884
NA	/data/songy4/tes/output/weights_case//ENST00000531714.1.wgt.RDat	ENST00000531714.1	10	95037182	95039375	0.0250	rs701878	 1.557	rs12415204	 0.011480	 3.68	 0.0160	15	 1	top1	0.011	0.0025	 0.01600	0.98723
NA	/data/songy4/tes/output/weights_case//ENST00000377119.5.wgt.RDat	ENST00000377119.5	10	20867759	20897215	0.0571	rs11012415	-2.427	rs10828151	-0.000976	 2.71	-0.2010	26	18	enet	0.0066	0.018	-0.95919	0.33746
NA	/data/songy4/tes/output/weights_case//ENST00000377122.8.wgt.RDat	ENST00000377122.8	10	20779973	20897602	0.0627	rs11012415	-2.427	rs608788	-0.000863	 2.94	-0.2807	29	21	enet	0.012	0.0023	-1.43150	0.15229
NA	/data/songy4/tes/output/weights_case//ENST00000468633.1.wgt.RDat	ENST00000468633.1	10	23119144	23120893	0.0445	rs11013118	-1.685	rs4237359	 0.024228	 4.40	-0.7845	14	 1	top1	0.024	2e-05	-0.78448	0.43276
NA	/data/songy4/tes/output/weights_case//ENST00000639992.1.wgt.RDat	ENST00000639992.1	10	95756162	95866753	0.0275	rs1935960	-1.563	rs1147647	 0.004961	-3.40	 0.3717	18	 1	top1	0.005	0.034	-0.37168	0.71013
NA	/data/songy4/tes/output/weights_case//ENST00000666945.1.wgt.RDat	ENST00000666945.1	10	95871817	95907891	0.0281	rs1935960	-1.563	rs1147647	 0.007978	-3.66	 0.3717	15	 5	enet	0.011	0.0032	-0.09637	0.92323
NA	/data/songy4/tes/output/weights_case//ENST00000375025.10.wgt.RDat	ENST00000375025.10	10	32567723	32882874	0.0298	rs16933862	 2.095	rs2475193	 0.028514	-4.72	-0.1475	 4	 1	top1	0.029	3.9e-06	 0.14754	0.88271
NA	/data/songy4/tes/output/weights_case//ENST00000375028.8.wgt.RDat	ENST00000375028.8	10	32686019	32877139	0.0352	rs16933862	 2.095	rs2475193	 0.031198	-4.97	-0.1475	 4	 1	top1	0.031	1.4e-06	 0.14754	0.88271
NA	/data/songy4/tes/output/weights_case//ENST00000669099.1.wgt.RDat	ENST00000669099.1	10	95873018	95907903	0.0285	rs1935960	-1.563	rs11187736	 0.007171	-3.66	 0.0000	15	 5	enet	0.011	0.0028	-0.05647	0.95497
NA	/data/songy4/tes/output/weights_case//ENST00000375940.8.wgt.RDat	ENST00000375940.8	10	27155370	27186919	0.0485	rs703009	-2.592	rs10764690	 0.051749	 6.24	 0.6238	13	 1	top1	0.052	6e-10	 0.62376	0.53278
NA	/data/songy4/tes/output/weights_case//ENST00000375946.8.wgt.RDat	ENST00000375946.8	10	27154824	27186919	0.0494	rs703009	-2.592	rs10764690	 0.051786	 6.24	 0.6238	13	 1	top1	0.052	5.9e-10	 0.62376	0.53278
NA	/data/songy4/tes/output/weights_case//ENST00000461927.1.wgt.RDat	ENST00000461927.1	10	95839300	95842413	0.0233	rs1935960	-1.563	rs1147647	 0.003931	-3.29	 0.3717	16	 1	top1	0.0039	0.052	-0.37168	0.71013
NA	/data/songy4/tes/output/weights_case//ENST00000639290.1.wgt.RDat	ENST00000639290.1	10	32567836	32876553	0.0370	rs16933862	 2.095	rs2475193	 0.037063	-5.27	-0.1475	 4	 1	top1	0.037	1.5e-07	 0.14754	0.88271
NA	/data/songy4/tes/output/weights_case//ENST00000543964.6.wgt.RDat	ENST00000543964.6	10	95755752	95866558	0.0266	rs1935960	-1.563	rs1147647	 0.004889	-3.40	 0.3717	18	 1	top1	0.0049	0.035	-0.37168	0.71013
NA	/data/songy4/tes/output/weights_case//ENST00000476100.1.wgt.RDat	ENST00000476100.1	10	4965491	4967048	0.0408	rs1679444	-3.415	rs11818567	-0.000308	-4.26	 0.2967	43	 9	enet	0.025	1.5e-05	 0.32819	0.74277
NA	/data/songy4/tes/output/weights_case//ENST00000607898.1.wgt.RDat	ENST00000607898.1	10	3065424	3066001	0.0324	rs7920115	-2.046	rs7920115	 0.001332	-3.08	-2.0463	40	 5	enet	0.0033	0.068	 1.91816	0.05509
NA	/data/songy4/tes/output/weights_case//ENST00000469517.1.wgt.RDat	ENST00000469517.1	10	35196399	35211865	0.0229	rs7911185	-1.530	rs7086375	 0.006943	-3.16	-0.0877	 5	 2	lasso	0.019	0.00013	 1.13413	0.25674
NA	/data/songy4/tes/output/weights_case//ENST00000462718.7.wgt.RDat	ENST00000462718.7	10	4786709	4839819	0.0656	rs1679444	-2.845	rs2924279	 0.021329	-4.74	 0.9009	39	10	enet	0.059	3.2e-11	 0.09423	0.92492
NA	/data/songy4/tes/output/weights_case//ENST00000420848.3.wgt.RDat	ENST00000420848.3	10	45727288	45751553	0.0245	rs7917926	-1.835	rs2279434	 0.018649	 3.77	-1.3483	 7	 1	top1	0.019	0.00016	-1.34831	0.17756
NA	/data/songy4/tes/output/weights_case//ENST00000469464.1.wgt.RDat	ENST00000469464.1	10	1215676	1240530	0.4361	rs1912334	-2.458	rs3793735	 0.412698	17.08	 1.0185	27	 1	top1	0.41	1.6e-83	 1.01852	0.30843
NA	/data/songy4/tes/output/weights_case//ENST00000660919.1.wgt.RDat	ENST00000660919.1	10	3489922	3502865	0.0458	rs7919625	-2.508	rs7920115	 0.034464	 5.20	-2.0463	54	 2	lasso	0.036	2.5e-07	-2.32399	0.02013
NA	/data/songy4/tes/output/weights_case//ENST00000607940.1.wgt.RDat	ENST00000607940.1	10	73230473	73231306	0.0385	rs10823717	-2.155	rs17545059	 0.002476	-3.45	 0.8367	48	13	enet	0.003	0.079	-0.83492	0.40376
NA	/data/songy4/tes/output/weights_case//ENST00000469555.1.wgt.RDat	ENST00000469555.1	10	13445316	13480976	0.0347	rs7921121	-2.691	rs7089579	 0.003144	-3.34	-0.3571	41	12	enet	0.0049	0.036	-0.51457	0.60685
NA	/data/songy4/tes/output/weights_case//ENST00000379587.4.wgt.RDat	ENST00000379587.4	10	7703400	7749339	0.1135	rs2147289	 2.109	rs11255412	 0.105501	-8.69	-1.5682	36	 6	enet	0.13	2e-22	 1.04426	0.29637
NA	/data/songy4/tes/output/weights_case//ENST00000431840.2.wgt.RDat	ENST00000431840.2	10	47523358	47553514	0.0127	rs7905496	-0.688	rs7100993	-0.000591	 2.56	 0.2000	 2	 2	enet	0.0033	0.067	-0.29815	0.76559
NA	/data/songy4/tes/output/weights_case//ENST00000377911.1.wgt.RDat	ENST00000377911.1	10	16593313	16817463	0.0360	rs11254269	 2.087	rs4088455	 0.014779	 3.53	-0.8864	28	 8	enet	0.025	1.6e-05	-1.84130	0.06558
NA	/data/songy4/tes/output/weights_case//ENST00000477034.2.wgt.RDat	ENST00000477034.2	10	27169944	27186718	0.0314	rs703009	-2.592	rs10764690	 0.034661	 5.18	 0.6238	13	 1	top1	0.035	3.8e-07	 0.62376	0.53278
NA	/data/songy4/tes/output/weights_case//ENST00000378116.9.wgt.RDat	ENST00000378116.9	10	15211643	15371289	0.0501	rs896435	-7.277	rs10906857	 0.000420	-3.45	-0.2059	34	17	enet	0.0072	0.014	-0.56935	0.56912
NA	/data/songy4/tes/output/weights_case//ENST00000477161.1.wgt.RDat	ENST00000477161.1	10	15214171	15248707	0.0464	rs896435	-7.277	rs10906857	 0.005441	-3.78	-0.2059	32	14	enet	0.02	8.8e-05	 0.03828	0.96946
NA	/data/songy4/tes/output/weights_case//ENST00000477140.1.wgt.RDat	ENST00000477140.1	10	1199446	1200371	0.0994	rs1912334	-2.458	rs3793735	 0.089194	 8.21	 1.0185	25	 1	top1	0.089	3.3e-16	 1.01852	0.30843
NA	/data/songy4/tes/output/weights_case//ENST00000532248.5.wgt.RDat	ENST00000532248.5	10	4826296	4847296	0.0567	rs1679444	-2.806	rs11818567	 0.014632	-4.63	 0.2967	38	 8	enet	0.053	4.1e-10	-0.03513	0.97198
NA	/data/songy4/tes/output/weights_case//ENST00000659887.1.wgt.RDat	ENST00000659887.1	10	3489922	3502866	0.0409	rs7919625	-2.508	rs7920115	 0.033336	 5.10	-2.0463	54	 2	lasso	0.033	6e-07	-2.31803	0.02045
NA	/data/songy4/tes/output/weights_case//ENST00000668764.1.wgt.RDat	ENST00000668764.1	10	3486631	3502851	0.0600	rs7919625	-2.508	rs7920115	 0.039556	 5.44	-2.0463	56	 1	top1	0.04	6e-08	-2.04630	0.04073
NA	/data/songy4/tes/output/weights_case//ENST00000666348.1.wgt.RDat	ENST00000666348.1	10	1159833	1202982	0.3381	rs1912334	-2.458	rs3793735	 0.290674	14.37	 1.0185	25	 1	top1	0.29	1.3e-54	 1.01852	0.30843
NA	/data/songy4/tes/output/weights_case//ENST00000656403.1.wgt.RDat	ENST00000656403.1	10	3486631	3502866	0.0636	rs7919625	-2.508	rs7920115	 0.029824	 5.04	-2.0463	56	16	enet	0.032	1.1e-06	-2.05128	0.04024
NA	/data/songy4/tes/output/weights_case//ENST00000455654.1.wgt.RDat	ENST00000455654.1	10	15248639	15371062	0.0492	rs896435	-7.277	rs10906857	 0.008260	-3.51	-0.2059	34	 1	top1	0.0083	0.009	 0.20588	0.83688
NA	/data/songy4/tes/output/weights_case//ENST00000345253.9.wgt.RDat	ENST00000345253.9	10	4826296	4847745	0.0590	rs1679444	-2.806	rs11818567	 0.014846	-4.73	 0.2967	38	 8	enet	0.058	6.4e-11	-0.01405	0.98879
NA	/data/songy4/tes/output/weights_case//ENST00000415473.1.wgt.RDat	ENST00000415473.1	10	15154802	15155320	0.0328	rs896435	-7.277	rs10906857	 0.031542	-5.13	-0.2059	36	 1	top1	0.032	1.2e-06	 0.20588	0.83688
NA	/data/songy4/tes/output/weights_case//ENST00000656575.1.wgt.RDat	ENST00000656575.1	10	31317659	31319024	0.0216	rs2050888	 2.181	rs2793103	 0.007897	 2.86	 1.7878	 4	 4	enet	0.0083	0.009	-0.35134	0.72533
NA	/data/songy4/tes/output/weights_case//ENST00000574795.1.wgt.RDat	ENST00000574795.1	10	27251104	27251795	0.0418	rs703009	-2.592	rs10764690	 0.043600	 5.73	 0.6238	12	 1	top1	0.044	1.3e-08	 0.62376	0.53278
NA	/data/songy4/tes/output/weights_case//ENST00000671110.1.wgt.RDat	ENST00000671110.1	10	95873085	95907883	0.0281	rs1935960	-1.563	rs11187736	 0.010028	-3.76	 0.0000	15	 2	lasso	0.013	0.0013	-0.20338	0.83884
NA	/data/songy4/tes/output/weights_case//ENST00000574842.1.wgt.RDat	ENST00000574842.1	10	27243130	27250804	0.0359	rs703009	-2.592	rs10764690	 0.030640	 5.07	 0.6238	13	 1	top1	0.031	1.7e-06	 0.62376	0.53278
NA	/data/songy4/tes/output/weights_case//ENST00000342386.10.wgt.RDat	ENST00000342386.10	10	27155370	27186924	0.0474	rs703009	-2.592	rs10764690	 0.050764	 6.19	 0.6238	13	 1	top1	0.051	8.7e-10	 0.62376	0.53278
NA	/data/songy4/tes/output/weights_case//ENST00000656002.1.wgt.RDat	ENST00000656002.1	10	5215408	5217014	0.0660	rs9423407	-2.535	rs9423407	 0.026883	-5.25	-2.5347	42	 6	enet	0.055	1.6e-10	 2.49776	0.01250
NA	/data/songy4/tes/output/weights_case//ENST00000652683.1.wgt.RDat	ENST00000652683.1	10	1159811	1180923	0.1695	rs1912334	-2.458	rs3793735	 0.126333	 9.57	 1.0185	25	 2	lasso	0.15	3.4e-26	 0.73003	0.46537
NA	/data/songy4/tes/output/weights_case//ENST00000671323.1.wgt.RDat	ENST00000671323.1	10	95871507	96090212	0.0268	rs1935960	-1.563	rs1147647	 0.005295	-3.64	 0.3717	16	 5	enet	0.012	0.0021	-0.10551	0.91597
NA	/data/songy4/tes/output/weights_case//ENST00000623982.1.wgt.RDat	ENST00000623982.1	10	10394670	10395737	0.0584	rs4747842	 2.017	rs1885740	 0.052953	 6.25	-0.1053	20	 1	top1	0.053	3.8e-10	-0.10526	0.91617
NA	/data/songy4/tes/output/weights_case//ENST00000665216.1.wgt.RDat	ENST00000665216.1	10	6824275	6987726	0.0594	rs2147289	 2.109	rs2892380	 0.028554	 4.74	 0.4371	50	 1	top1	0.029	3.8e-06	 0.43709	0.66205
NA	/data/songy4/tes/output/weights_case//ENST00000490172.1.wgt.RDat	ENST00000490172.1	10	1183043	1188246	0.2745	rs1912334	-2.458	rs3793735	 0.243734	13.21	 1.0185	25	 2	lasso	0.25	3.4e-45	 0.94263	0.34587
NA	/data/songy4/tes/output/weights_case//ENST00000494070.1.wgt.RDat	ENST00000494070.1	10	95839290	95844553	0.0257	rs1935960	-1.563	rs1147647	 0.004424	-3.32	 0.3717	16	 1	top1	0.0044	0.043	-0.37168	0.71013
NA	/data/songy4/tes/output/weights_case//ENST00000427165.1.wgt.RDat	ENST00000427165.1	10	5122087	5135226	0.0842	rs9423407	-2.535	rs11253042	 0.031222	 5.88	 1.4898	42	 8	enet	0.064	6e-12	 2.37097	0.01774
NA	/data/songy4/tes/output/weights_case//ENST00000485750.1.wgt.RDat	ENST00000485750.1	10	21170262	21172452	0.2400	rs11012415	-2.427	rs1841530	 0.157704	10.76	 0.6567	26	19	enet	0.18	7.5e-33	 0.46917	0.63895
NA	/data/songy4/tes/output/weights_case//ENST00000298943.4.wgt.RDat	ENST00000298943.4	10	16513734	16521879	0.1722	rs11254269	 2.087	rs11254053	 0.136092	 9.89	 0.1651	21	13	enet	0.16	8.1e-29	 0.18133	0.85611
NA	/data/songy4/tes/output/weights_case//ENST00000492325.5.wgt.RDat	ENST00000492325.5	10	20813740	20815825	0.0669	rs11012415	-2.427	rs608788	 0.002141	 3.58	-0.2807	23	15	enet	0.029	3.2e-06	-1.37464	0.16924
NA	/data/songy4/tes/output/weights_case//ENST00000525572.1.wgt.RDat	ENST00000525572.1	10	4833400	4841857	0.0588	rs1679444	-2.806	rs2924279	 0.030716	-4.83	 0.9009	38	10	enet	0.05	1.2e-09	 0.01501	0.98802
NA	/data/songy4/tes/output/weights_case//ENST00000525627.1.wgt.RDat	ENST00000525627.1	10	4826286	4837566	0.0630	rs1679444	-2.806	rs11818567	 0.015694	-4.70	 0.2967	38	11	enet	0.056	1.1e-10	-0.02528	0.97983
NA	/data/songy4/tes/output/weights_case//ENST00000490659.5.wgt.RDat	ENST00000490659.5	10	95823238	95844847	0.0273	rs1935960	-1.563	rs1147647	 0.001178	-3.35	 0.3717	18	10	enet	0.0037	0.057	-0.29410	0.76868
NA	/data/songy4/tes/output/weights_case//ENST00000649682.2.wgt.RDat	ENST00000649682.2	10	31602862	31606218	0.0242	rs2050888	 2.181	rs12781751	 0.021447	 4.16	-0.4356	 8	 1	top1	0.021	5.6e-05	-0.43564	0.66310
NA	/data/songy4/tes/output/weights_case//ENST00000663599.1.wgt.RDat	ENST00000663599.1	10	28263703	28265175	0.0305	rs2255018	 1.688	rs4082298	-0.000231	 3.37	-1.2252	14	 5	enet	0.0098	0.0048	-1.22153	0.22188
NA	/data/songy4/tes/output/weights_case//ENST00000456019.1.wgt.RDat	ENST00000456019.1	10	69930453	69958927	0.0220	rs10997908	 3.788	rs7096613	 0.012944	 3.51	-0.8371	 6	 1	top1	0.013	0.0014	-0.83708	0.40255
NA	/data/songy4/tes/output/weights_case//ENST00000525281.5.wgt.RDat	ENST00000525281.5	10	4826255	4846199	0.0724	rs1679444	-2.806	rs4880687	 0.016227	-5.43	-0.9909	38	 4	lasso	0.064	4.9e-12	-0.15690	0.87532
NA	/data/songy4/tes/output/weights_case//ENST00000656604.1.wgt.RDat	ENST00000656604.1	10	95873259	96090235	0.0276	rs1935960	-1.563	rs1147647	 0.007878	-3.70	 0.3717	16	 2	lasso	0.01	0.004	-0.25662	0.79747
NA	/data/songy4/tes/output/weights_case//ENST00000663606.1.wgt.RDat	ENST00000663606.1	10	11082125	11096474	0.0701	rs2093623	-3.724	rs1291828	 0.035598	 5.39	 1.0459	33	13	enet	0.048	2.1e-09	 1.84271	0.06537
NA	/data/songy4/tes/output/weights_case//ENST00000516340.1.wgt.RDat	ENST00000516340.1	10	48040462	48040577	0.0257	rs10788705	-1.658	rs7905496	 0.000349	 3.30	-0.6882	14	 6	enet	0.012	0.0024	-1.47990	0.13890
NA	/data/songy4/tes/output/weights_case//ENST00000670890.1.wgt.RDat	ENST00000670890.1	10	10369809	10462280	0.0330	rs2093623	-3.724	rs1885740	 0.029848	 4.76	-0.1053	22	 1	top1	0.03	2.3e-06	-0.10526	0.91617
NA	/data/songy4/tes/output/weights_case//ENST00000492368.1.wgt.RDat	ENST00000492368.1	10	5882703	5887970	0.0324	NA	    NA	NA	       NA	   NA	     NA	41	 0	lasso	-0.00097	0.57	      NA	     NA
NA	/data/songy4/tes/output/weights_case//ENST00000650205.1.wgt.RDat	ENST00000650205.1	10	6779608	6877888	0.0618	rs2147289	 2.109	rs2892380	 0.001616	 3.84	 0.4371	50	 5	enet	0.013	0.0012	 0.20728	0.83579
NA	/data/songy4/tes/output/weights_case//ENST00000670953.1.wgt.RDat	ENST00000670953.1	10	3486631	3502851	0.0670	rs7919625	-2.508	rs7920115	 0.035031	 5.20	-2.0463	56	 1	top1	0.035	3.3e-07	-2.04630	0.04073
NA	/data/songy4/tes/output/weights_case//ENST00000486183.1.wgt.RDat	ENST00000486183.1	10	17684785	17688157	0.0403	rs12570539	 1.536	rs11254509	 0.009072	 2.99	-0.3204	13	 7	enet	0.017	0.00027	 0.38136	0.70293
NA	/data/songy4/tes/output/weights_case//ENST00000662079.1.wgt.RDat	ENST00000662079.1	10	95873088	95907901	0.0263	rs1935960	-1.563	rs11187736	 0.009585	-3.66	 0.0000	15	 2	lasso	0.012	0.0018	-0.21129	0.83266
NA	/data/songy4/tes/output/weights_case//ENST00000650412.1.wgt.RDat	ENST00000650412.1	10	6779588	6834510	0.0506	rs2147289	 2.109	rs2892380	 0.014695	 4.33	 0.4371	50	 1	top1	0.015	0.00073	 0.43709	0.66205
NA	/data/songy4/tes/output/weights_case//ENST00000654037.1.wgt.RDat	ENST00000654037.1	10	6920116	6987644	0.0912	rs2147289	 2.109	rs2892380	 0.025747	 4.59	 0.4371	44	 1	top1	0.026	1.1e-05	 0.43709	0.66205
NA	/data/songy4/tes/output/weights_case//ENST00000448648.2.wgt.RDat	ENST00000448648.2	10	27246350	27251793	0.1400	rs703009	-2.592	rs10764690	 0.131739	 9.80	 0.6238	13	 2	lasso	0.14	1.2e-25	 0.37310	0.70907
NA	/data/songy4/tes/output/weights_case//ENST00000671624.1.wgt.RDat	ENST00000671624.1	10	11092280	11105498	0.0336	rs2093623	-3.724	rs1291828	 0.019170	 4.15	 1.0459	32	 1	top1	0.019	0.00013	 1.04587	0.29562
NA	/data/songy4/tes/output/weights_case//ENST00000655193.1.wgt.RDat	ENST00000655193.1	10	95873024	95908138	0.0291	rs1935960	-1.563	rs11187736	 0.007464	-3.73	 0.0000	15	 2	lasso	0.012	0.0019	-0.22379	0.82292
NA	/data/songy4/tes/output/weights_case//ENST00000451503.1.wgt.RDat	ENST00000451503.1	10	43732334	43732584	0.0255	rs10899857	 1.740	rs1335892	 0.017288	-3.93	-1.0200	12	 1	top1	0.017	0.00027	 1.02000	0.30773
NA	/data/songy4/tes/output/weights_case//ENST00000664601.1.wgt.RDat	ENST00000664601.1	10	11092280	11105515	0.0353	rs2093623	-3.724	rs1291828	 0.019540	 4.02	 1.0459	32	 1	top1	0.02	0.00012	 1.04587	0.29562
NA	/data/songy4/tes/output/weights_case//ENST00000664549.1.wgt.RDat	ENST00000664549.1	10	6824618	7118469	0.0807	rs2147289	 2.109	rs2892380	 0.038405	 5.42	 0.4371	60	 4	lasso	0.044	1.2e-08	-0.08910	0.92901
NA	/data/songy4/tes/output/weights_case//ENST00000653870.1.wgt.RDat	ENST00000653870.1	10	95860148	95907903	0.0253	rs1935960	-1.563	rs11187736	 0.004306	-3.52	 0.0000	16	 8	enet	0.0085	0.0081	-0.24681	0.80505
NA	/data/songy4/tes/output/weights_case//ENST00000451364.5.wgt.RDat	ENST00000451364.5	10	95861313	96090155	0.0234	rs1935960	-1.563	rs11187736	 0.005151	-3.49	 0.0000	17	 1	top1	0.0052	0.031	 0.00000	1.00000
NA	/data/songy4/tes/output/weights_case//ENST00000493005.5.wgt.RDat	ENST00000493005.5	10	20809867	20835561	0.0601	rs11012415	-2.427	rs10828151	 0.001427	 3.08	-0.2010	24	19	enet	0.0057	0.025	-1.00100	0.31683
NA	/data/songy4/tes/output/weights_case//ENST00000284414.4.wgt.RDat	ENST00000284414.4	10	27247301	27250562	0.1285	rs703009	-2.592	rs10764690	 0.115360	 9.22	 0.6238	13	 4	lasso	0.12	3.3e-22	 0.37439	0.70812
NA	/data/songy4/tes/output/weights_case//ENST00000412991.1.wgt.RDat	ENST00000412991.1	10	20804293	20804577	0.0328	rs11012415	-2.427	rs10828151	-0.001029	 2.81	-0.2010	19	 6	enet	0.0049	0.035	-0.52166	0.60191
NA	/data/songy4/tes/output/weights_case//ENST00000623400.3.wgt.RDat	ENST00000623400.3	10	45727264	45792936	0.0223	rs7917926	-1.835	rs2279434	 0.017542	 3.65	-1.3483	 7	 1	top1	0.018	0.00025	-1.34831	0.17756
NA	/data/songy4/tes/output/weights_case//ENST00000334019.4.wgt.RDat	ENST00000334019.4	10	4826296	4847745	0.0586	rs1679444	-2.806	rs2924279	 0.014397	-4.72	 0.9009	38	 8	enet	0.056	1.1e-10	-0.00896	0.99285
NA	/data/songy4/tes/output/weights_case//ENST00000449419.6.wgt.RDat	ENST00000449419.6	10	95873778	95907890	0.0248	rs1935960	-1.563	rs11187736	 0.009901	-3.66	 0.0000	15	 2	lasso	0.012	0.0017	-0.20298	0.83915
NA	/data/songy4/tes/output/weights_case//ENST00000449457.1.wgt.RDat	ENST00000449457.1	10	5266033	5271236	0.0942	rs9423407	-2.535	rs9423407	 0.040938	-6.16	-2.5347	41	 2	lasso	0.08	1.1e-14	 2.40108	0.01635
NA	/data/songy4/tes/output/weights_case//ENST00000654694.1.wgt.RDat	ENST00000654694.1	10	6848870	6987684	0.0601	rs2147289	 2.109	rs2892380	 0.028323	 4.68	 0.4371	50	 1	top1	0.028	4.2e-06	 0.43709	0.66205
NA	/data/songy4/tes/output/weights_case//ENST00000448835.2.wgt.RDat	ENST00000448835.2	10	6618716	6625346	0.0369	rs10905976	-2.157	rs10906922	 0.010011	 3.91	-0.2710	58	 1	top1	0.01	0.0045	-0.27103	0.78637
NA	/data/songy4/tes/output/weights_case//ENST00000614090.1.wgt.RDat	ENST00000614090.1	10	48064308	48119455	0.0530	rs10788705	-1.658	rs7899683	 0.047980	 6.01	-0.7985	16	 2	lasso	0.052	6.3e-10	-1.24088	0.21465
NA	/data/songy4/tes/output/weights_case//ENST00000336378.8.wgt.RDat	ENST00000336378.8	10	45727236	45792961	0.0223	rs7917926	-1.835	rs2279434	 0.017512	 3.65	-1.3483	 7	 1	top1	0.018	0.00025	-1.34831	0.17756
NA	/data/songy4/tes/output/weights_case//ENST00000439097.1.wgt.RDat	ENST00000439097.1	10	21174014	21175048	0.2188	rs11012415	-2.427	rs1841530	 0.126407	 9.61	 0.6567	26	17	enet	0.16	3.1e-28	 0.41368	0.67911
NA	/data/songy4/tes/output/weights_case//ENST00000489042.1.wgt.RDat	ENST00000489042.1	10	5917062	5917621	0.0324	rs10905976	-2.157	rs2274027	 0.000662	-3.53	-1.8788	44	 3	lasso	0.0032	0.07	 0.94530	0.34451
NA	/data/songy4/tes/output/weights_case//ENST00000664887.1.wgt.RDat	ENST00000664887.1	10	95873071	95907897	0.0279	rs1935960	-1.563	rs11187736	 0.006900	-3.56	 0.0000	15	 2	lasso	0.011	0.0031	-0.23758	0.81220
NA	/data/songy4/tes/output/weights_case//ENST00000487985.1.wgt.RDat	ENST00000487985.1	10	4839784	4847345	0.0509	rs1679444	-2.806	rs11818567	 0.013390	-4.40	 0.2967	38	 8	enet	0.048	2.8e-09	 0.06749	0.94619
NA	/data/songy4/tes/output/weights_case//ENST00000664866.1.wgt.RDat	ENST00000664866.1	10	3486631	3502874	0.0726	rs7919625	-2.508	rs7920115	 0.041063	 5.61	-2.0463	56	 4	lasso	0.045	6.7e-09	-1.85188	0.06404
NA	/data/songy4/tes/output/weights_case//ENST00000653050.1.wgt.RDat	ENST00000653050.1	10	11092276	11105504	0.0386	rs2093623	-3.724	rs1291828	 0.007985	 3.82	 1.0459	32	 1	top1	0.008	0.01	 1.04587	0.29562
NA	/data/songy4/tes/output/weights_case//ENST00000492675.1.wgt.RDat	ENST00000492675.1	10	13492692	13496929	0.0363	rs7921121	-2.691	rs7089579	-0.000865	-3.45	-0.3571	40	14	enet	0.016	0.00049	-0.59920	0.54904
NA	/data/songy4/tes/output/weights_case//ENST00000664907.1.wgt.RDat	ENST00000664907.1	10	10326875	10337876	0.0549	rs4747842	 2.017	rs1885740	 0.056690	 6.53	-0.1053	21	 1	top1	0.057	9.1e-11	-0.10526	0.91617
NA	/data/songy4/tes/output/weights_case//ENST00000622442.4.wgt.RDat	ENST00000622442.4	10	5953806	5977611	0.0423	rs10905976	-2.157	rs4750167	 0.008229	 3.80	 1.1795	45	 1	top1	0.0082	0.0091	 1.17949	0.23820
NA	/data/songy4/tes/output/weights_case//ENST00000453258.6.wgt.RDat	ENST00000453258.6	10	95711779	95869695	0.0296	rs1935960	-1.563	rs1147647	 0.004719	-3.44	 0.3717	20	 9	enet	0.0056	0.026	-0.24556	0.80602
NA	/data/songy4/tes/output/weights_case//ENST00000447081.5.wgt.RDat	ENST00000447081.5	10	22928085	22961966	0.0406	rs11013118	-1.685	rs7083521	 0.018207	-3.99	-1.3529	14	 1	top1	0.018	0.00019	 1.35294	0.17607
NA	/data/songy4/tes/output/weights_case//ENST00000655941.1.wgt.RDat	ENST00000655941.1	10	16526083	16539737	0.0692	rs11254269	 2.087	rs11254053	 0.054435	 6.34	 0.1651	22	 1	top1	0.054	2.2e-10	 0.16514	0.86884
NA	/data/songy4/tes/output/weights_case//ENST00000665049.1.wgt.RDat	ENST00000665049.1	10	95872114	95907891	0.0283	rs1935960	-1.563	rs1147647	 0.006808	-3.63	 0.3717	15	 2	lasso	0.012	0.002	-0.24671	0.80513
NA	/data/songy4/tes/output/weights_case//ENST00000512551.1.wgt.RDat	ENST00000512551.1	10	73247342	73248268	0.0360	rs10823717	-2.155	rs17545059	-0.001413	-3.06	 0.8367	46	18	enet	6.2e-05	0.31	-0.03877	0.96907
NA	/data/songy4/tes/output/weights_case//ENST00000652889.1.wgt.RDat	ENST00000652889.1	10	6859213	6987726	0.0546	rs2147289	 2.109	rs2892380	 0.024936	 4.55	 0.4371	50	 1	top1	0.025	1.5e-05	 0.43709	0.66205
NA	/data/songy4/tes/output/weights_case//ENST00000438179.1.wgt.RDat	ENST00000438179.1	10	17577362	17578212	0.0400	rs6602177	 1.655	rs12768463	 0.000701	 3.03	-0.7037	15	10	enet	0.0023	0.11	-0.88838	0.37433
NA	/data/songy4/tes/output/weights_case//ENST00000664039.1.wgt.RDat	ENST00000664039.1	10	3487551	3502857	0.0611	rs7919625	-2.508	rs7920115	 0.033646	 5.22	-2.0463	55	 1	top1	0.034	5.6e-07	-2.04630	0.04073
NA	/data/songy4/tes/output/weights_case//ENST00000438429.5.wgt.RDat	ENST00000438429.5	10	24239195	24527942	0.0457	rs2065355	 1.664	rs11014059	 0.005391	 3.32	-0.8932	35	 1	top1	0.0054	0.029	-0.89320	0.37175
NA	/data/songy4/tes/output/weights_case//ENST00000452981.1.wgt.RDat	ENST00000452981.1	10	20841375	20841560	0.0501	rs11012415	-2.427	rs608788	 0.001129	 3.20	-0.2807	24	17	enet	0.0012	0.17	-1.27883	0.20096
NA	/data/songy4/tes/output/weights_case//ENST00000452942.6.wgt.RDat	ENST00000452942.6	10	95875282	95907882	0.0253	rs1935960	-1.563	rs11187736	 0.009198	-3.86	 0.0000	15	 4	enet	0.011	0.0026	-0.12308	0.90204
NA	/data/songy4/tes/output/weights_case//ENST00000358415.9.wgt.RDat	ENST00000358415.9	10	7703316	7749520	0.0896	rs2147289	 2.109	rs11255412	 0.083918	-7.79	-1.5682	36	 7	enet	0.098	1.2e-17	 0.96859	0.33275
NA	/data/songy4/tes/output/weights_case//ENST00000496741.5.wgt.RDat	ENST00000496741.5	10	22928077	22981453	0.0397	rs11013118	-1.685	rs7083521	 0.019086	-4.00	-1.3529	14	 1	top1	0.019	0.00014	 1.35294	0.17607
NA	/data/songy4/tes/output/weights_case//ENST00000662998.1.wgt.RDat	ENST00000662998.1	10	31608500	31620862	0.0349	rs2050888	 2.181	rs12781751	 0.031814	 5.18	-0.4356	 8	 1	top1	0.032	1.1e-06	-0.43564	0.66310
NA	/data/songy4/tes/output/weights_case//ENST00000661890.1.wgt.RDat	ENST00000661890.1	10	11071541	11105498	0.0547	rs2093623	-3.724	rs1291828	 0.038545	 5.56	 1.0459	33	 1	top1	0.039	8.8e-08	 1.04587	0.29562
NA	/data/songy4/tes/output/weights_case//ENST00000665584.1.wgt.RDat	ENST00000665584.1	10	3495945	3502854	0.0484	rs7919625	-2.508	rs7920115	 0.012663	 4.33	-2.0463	53	 4	lasso	0.019	0.00016	-2.54276	0.01100
NA	/data/songy4/tes/output/weights_case//ENST00000585227.6.wgt.RDat	ENST00000585227.6	10	48009873	48031599	0.1772	rs10788705	-1.658	rs7899683	 0.089777	 8.03	-0.7985	14	14	enet	0.13	5.6e-24	-1.42357	0.15457
NA	/data/songy4/tes/output/weights_case//ENST00000413993.2.wgt.RDat	ENST00000413993.2	10	3486631	3502915	0.0635	rs7919625	-2.508	rs7920115	 0.034366	 5.20	-2.0463	56	 1	top1	0.034	4.3e-07	-2.04630	0.04073
NA	/data/songy4/tes/output/weights_case//ENST00000440932.1.wgt.RDat	ENST00000440932.1	10	30553854	30554483	0.0444	rs10826721	 2.818	rs2489863	 0.017770	 3.83	 2.6741	35	 4	lasso	0.023	3.4e-05	 3.16807	0.00153
NA	/data/songy4/tes/output/weights_case//ENST00000414006.2.wgt.RDat	ENST00000414006.2	10	95873761	95907842	0.0261	rs1935960	-1.563	rs11187736	 0.010361	-3.73	 0.0000	15	 2	lasso	0.013	0.0013	-0.19780	0.84320
NA	/data/songy4/tes/output/weights_case//ENST00000648637.1.wgt.RDat	ENST00000648637.1	10	6779580	6840873	0.0597	rs2147289	 2.109	rs2892380	 0.024702	 4.46	 0.4371	50	 1	top1	0.025	1.6e-05	 0.43709	0.66205
NA	/data/songy4/tes/output/weights_case//ENST00000661794.1.wgt.RDat	ENST00000661794.1	10	95873167	95907903	0.0293	rs1935960	-1.563	rs11187736	 0.007551	-3.69	 0.0000	15	 5	enet	0.012	0.0018	-0.06274	0.94998
NA	/data/songy4/tes/output/weights_case//ENST00000428920.2.wgt.RDat	ENST00000428920.2	10	5234358	5263408	0.0463	rs9423407	-2.535	rs9423594	 0.016686	 4.40	 1.2090	41	 2	lasso	0.03	2.2e-06	 2.34733	0.01891
NA	/data/songy4/tes/output/weights_case//ENST00000482754.1.wgt.RDat	ENST00000482754.1	10	20835513	20845495	0.0633	rs11012415	-2.427	rs608788	-0.000249	 3.13	-0.2807	24	15	enet	0.033	8e-07	-0.76663	0.44330
NA	/data/songy4/tes/output/weights_case//ENST00000358038.7.wgt.RDat	ENST00000358038.7	10	101825975	101843920	0.0183	rs6584294	 1.660	rs12573409	 0.018668	 3.85	 1.4264	12	 1	top1	0.019	0.00016	 1.42636	0.15377
NA	/data/songy4/tes/output/weights_case//ENST00000441452.1.wgt.RDat	ENST00000441452.1	10	5207169	5207742	0.0381	rs9423407	-2.535	rs9423594	 0.010625	 4.07	 1.2090	42	12	enet	0.016	0.00044	 1.46310	0.14344
NA	/data/songy4/tes/output/weights_case//ENST00000425630.2.wgt.RDat	ENST00000425630.2	10	1159768	1165112	0.0425	rs1912334	-2.458	rs1912334	 0.013783	-3.69	-2.4583	23	14	enet	0.021	6.1e-05	 2.83665	0.00456
NA	/data/songy4/tes/output/weights_case//ENST00000442997.5.wgt.RDat	ENST00000442997.5	10	4963449	4972747	0.0634	rs1679444	-3.415	rs2924279	 0.011452	-4.55	 0.9009	43	 4	lasso	0.03	2.6e-06	-0.09502	0.92430
NA	/data/songy4/tes/output/weights_case//ENST00000647558.1.wgt.RDat	ENST00000647558.1	10	21126086	21146508	0.2414	rs11012415	-2.427	rs1841530	 0.164755	11.00	 0.6567	27	13	enet	0.18	1e-31	 0.42248	0.67268
NA	/data/songy4/tes/output/weights_case//ENST00000359860.7.wgt.RDat	ENST00000359860.7	10	45727200	45792961	0.0240	rs7917926	-1.835	rs2279434	 0.018446	 3.74	-1.3483	 7	 1	top1	0.018	0.00018	-1.34831	0.17756
NA	/data/songy4/tes/output/weights_case//ENST00000483596.5.wgt.RDat	ENST00000483596.5	10	22928086	22962067	0.0318	rs11013118	-1.685	rs7083521	-0.000204	-3.67	-1.3529	14	 2	lasso	0.0035	0.062	 1.50561	0.13217
NA	/data/songy4/tes/output/weights_case//ENST00000647993.1.wgt.RDat	ENST00000647993.1	10	1159812	1164789	0.0530	rs1912334	-2.458	rs1912334	 0.016517	-3.96	-2.4583	23	16	enet	0.029	3.3e-06	 2.58074	0.00986
NA	/data/songy4/tes/output/weights_case//ENST00000425669.1.wgt.RDat	ENST00000425669.1	10	18513115	18545651	0.0293	rs10829239	 2.571	rs4748474	 0.028499	-4.80	-2.3918	26	 1	top1	0.028	3.9e-06	 2.39175	0.01677
NA	/data/songy4/tes/output/weights_case//ENST00000483213.6.wgt.RDat	ENST00000483213.6	10	95756159	95847531	0.0277	rs1935960	-1.563	rs1147647	 0.004883	-3.40	 0.3717	18	 1	top1	0.0049	0.035	-0.37168	0.71013
NA	/data/songy4/tes/output/weights_case//ENST00000457632.1.wgt.RDat	ENST00000457632.1	10	6891457	6920472	0.0391	rs2147289	 2.109	rs2892380	 0.018138	 4.20	 0.4371	47	 1	top1	0.018	2e-04	 0.43709	0.66205
NA	/data/songy4/tes/output/weights_case//ENST00000457608.1.wgt.RDat	ENST00000457608.1	10	50025135	50027363	0.0472	rs4838429	 4.591	rs2292200	 0.003204	-3.02	-0.5369	25	14	enet	0.022	4e-05	 0.91715	0.35907
NA	/data/songy4/tes/output/weights_case//ENST00000584548.1.wgt.RDat	ENST00000584548.1	10	48985512	48985587	0.0226	rs12262083	 1.025	rs4545491	 0.002057	-2.93	-0.9742	 8	 1	top1	0.0021	0.12	 0.97425	0.32993
NA	/data/songy4/tes/output/weights_case//ENST00000658498.1.wgt.RDat	ENST00000658498.1	10	1201406	1208389	0.4013	rs1912334	-2.458	rs3793735	 0.365474	16.08	 1.0185	25	 1	top1	0.37	1.1e-71	 1.01852	0.30843
NA	/data/songy4/tes/output/weights_case//ENST00000658499.1.wgt.RDat	ENST00000658499.1	10	11072026	11105504	0.0717	rs2093623	-3.724	rs1291828	 0.043548	 5.94	 1.0459	33	 1	top1	0.044	1.3e-08	 1.04587	0.29562
NA	/data/songy4/tes/output/weights_case//ENST00000441590.5.wgt.RDat	ENST00000441590.5	10	4833355	4845811	0.0534	rs1679444	-2.806	rs2924279	 0.012419	-4.51	 0.9009	38	 9	enet	0.049	1.8e-09	-0.15245	0.87883
NA	/data/songy4/tes/output/weights_case//ENST00000648995.1.wgt.RDat	ENST00000648995.1	10	6737418	6840712	0.0526	rs2147289	 2.109	rs2892380	 0.006823	 3.68	 0.4371	54	 7	enet	0.014	0.00086	 0.90591	0.36498
NA	/data/songy4/tes/output/weights_case//ENST00000657446.1.wgt.RDat	ENST00000657446.1	10	95873046	95907903	0.0287	rs1935960	-1.563	rs11187736	 0.007277	-3.66	 0.0000	15	 5	enet	0.012	0.0025	-0.05922	0.95278
NA	/data/songy4/tes/output/weights_case//ENST00000298032.10.wgt.RDat	ENST00000298032.10	10	22928053	23038523	0.0335	rs11013118	-1.685	rs7083521	 0.017579	-4.03	-1.3529	14	 1	top1	0.018	0.00024	 1.35294	0.17607
NA	/data/songy4/tes/output/weights_case//ENST00000428853.3.wgt.RDat	ENST00000428853.3	10	11030334	11030868	0.0419	rs2093623	-3.724	rs10795849	 0.020318	 4.06	-0.4206	36	 1	top1	0.02	8.6e-05	-0.42063	0.67402
NA	/data/songy4/tes/output/weights_case//ENST00000661975.1.wgt.RDat	ENST00000661975.1	10	16523819	16539716	0.0547	rs11254269	 2.087	rs11254053	 0.047313	 5.97	 0.1651	22	 1	top1	0.047	3.2e-09	 0.16514	0.86884
NA	/data/songy4/tes/output/weights_case//ENST00000649437.1.wgt.RDat	ENST00000649437.1	10	21125763	21146559	0.2484	rs11012415	-2.427	rs1841530	 0.167356	11.07	 0.6567	27	 4	lasso	0.18	4.3e-32	 0.65856	0.51018
NA	/data/songy4/tes/output/weights_case//ENST00000649291.1.wgt.RDat	ENST00000649291.1	10	27564430	27594588	0.0442	rs2808284	 1.673	rs2808284	 0.023834	-4.24	 1.6733	11	 1	top1	0.024	2.3e-05	-1.67327	0.09427
NA	/data/songy4/tes/output/weights_case//ENST00000517068.1.wgt.RDat	ENST00000517068.1	10	47532352	47532467	0.0139	rs7905496	-0.688	rs7905496	 0.007457	 3.40	-0.6882	 2	 1	top1	0.0075	0.012	-0.68823	0.49131
NA	/data/songy4/tes/output/weights_case//ENST00000298375.12.wgt.RDat	ENST00000298375.12	10	4826207	4848062	0.0654	rs1679444	-2.806	rs2924279	 0.016159	-5.11	 0.9009	38	 8	enet	0.062	1.1e-11	-0.02778	0.97784
